55676.458498 0.00293028700809 16.1139 0.093
56245.686282 0.00370974335908 16.0899 0.084
54226.430259 0.0040218189202 15.9695 0.094
54998.370711 0.0110984620495 16.0265 0.089
54917.492053 0.0134177842113 16.0596 0.088
56356.603062 0.0217090312981 16.074 0.086
54241.45346 0.0263125121714 16.0836 0.099
54917.498476 0.0322390176538 16.0407 0.087
56421.446789 0.0324397423161 16.0094 0.083
54226.440075 0.0327855161745 16.0032 0.095
54998.379411 0.0365919590057 16.0232 0.089
54198.45947 0.0415822377782 16.0454 0.111
56245.700538 0.0454839149155 16.0385 0.082
56356.611935 0.0477094679075 16.0572 0.085
53690.661624 0.048151941244 15.8799 0.106
55595.595238 0.0503701685124 16.0898 0.093
54917.504899 0.0510602510963 16.1317 0.09
54241.46437 0.0582819434306 15.9781 0.096
56421.455793 0.0588240465254 16.0702 0.085
54226.449874 0.0614993985542 16.0153 0.096
54198.467927 0.0663636749851 15.9891 0.109
53690.668052 0.0669878261265 15.9415 0.108
54917.511327 0.0698961359787 16.0641 0.088
54062.648485 0.0764174897061 16.0253 0.095
56245.71385 0.0844918955602 16.0972 0.083
56421.464856 0.0853812376627 16.0034 0.083
53690.674492 0.0858588744436 16.0178 0.11
54174.586805 0.0878221667404 15.9758 0.094
54226.459679 0.0902308626619 15.9688 0.094
54198.476378 0.0911275304854 16.0485 0.112
55593.562763 0.0946350840396 16.1293 0.085
53690.680901 0.104639083875 15.956 0.108
55595.616568 0.112873190359 16.061 0.097
56088.401161 0.113163288784 16.0826 0.082
54174.595579 0.113532504945 16.0218 0.095
54198.484868 0.116005667175 15.9778 0.109
54062.662658 0.117948447465 16.0761 0.096
55649.538902 0.120787895572 16.0416 0.083
55633.499906 0.121926312066 15.9538 0.089
56245.72697 0.122937261101 16.0416 0.082
56301.694387 0.123532109363 16.0376 0.083
56088.409633 0.137988680311 16.0597 0.082
54174.604346 0.139222331133 15.9167 0.092
56301.70225 0.146572956096 15.9875 0.082
54062.67682 0.159447172056 15.9727 0.092
56088.418138 0.162910771299 16.0143 0.081
54780.696503 0.163195009134 16.0627 0.089
54394.727711 0.163858719142 15.9943 0.112
54864.647604 0.164015489492 16.0121 0.087
54174.613113 0.164912157321 15.934 0.093
53731.653419 0.165876221754 16.0596 0.119
56301.710066 0.169476079335 15.8992 0.08
56088.426677 0.187932492058 15.8611 0.079
54394.737396 0.192238548797 15.9901 0.111
56301.718029 0.192809954782 15.9234 0.08
53731.663314 0.194871411675 16.0674 0.114
55649.56429 0.19518202211 15.9063 0.081
54780.708673 0.198856602014 15.9915 0.087
54062.690984 0.200951757223 15.9701 0.092
54864.660486 0.201763446724 15.9203 0.084
55355.40226 0.21600757187 15.8862 0.104
54394.747205 0.220981734056 15.9034 0.107
55633.533923 0.221605885198 15.8214 0.086
53731.67341 0.224455589313 15.8786 0.114
54780.720097 0.232332200772 15.911 0.085
53865.453748 0.239241817541 15.8952 0.096
54864.673374 0.239528985662 15.8693 0.083
54394.756962 0.249572544383 15.9566 0.109
53731.683166 0.253043469351 15.9508 0.108
53865.459707 0.256703397821 15.922 0.096
53837.477314 0.260260766252 15.8085 0.093
53904.366228 0.263976370164 15.8984 0.089
53849.425766 0.272654415139 15.8953 0.083
53865.465687 0.274226514127 15.7709 0.092
54864.686278 0.277341409209 15.7859 0.081
53904.373368 0.284898619398 15.8381 0.088
53837.485862 0.285308859581 15.6908 0.089
54967.410273 0.288129260826 15.7375 0.091
55739.348927 0.289937247902 15.7516 0.078
53865.471824 0.292209685479 15.8493 0.095
55922.610344 0.29848636025 15.8019 0.085
55658.472904 0.29997787634 15.8023 0.092
53904.380516 0.305844310915 15.8239 0.088
55739.355375 0.308831738523 15.7376 0.078
53849.438369 0.309584822296 15.8184 0.082
53837.494329 0.310119599668 15.8235 0.093
54967.417953 0.310633865025 15.7714 0.092
53904.38765 0.326748978421 15.8085 0.087
55739.361734 0.327465433598 15.679 0.077
54967.425533 0.332845440552 15.8112 0.093
53837.502807 0.334962572902 15.8329 0.094
55739.368206 0.34643025111 15.7534 0.078
53849.450955 0.346465414557 15.7856 0.081
54419.702762 0.347926162632 15.8228 0.09
54247.366205 0.352352361149 15.7221 0.101
54967.433101 0.355021852623 15.7305 0.092
55922.634088 0.368063094938 15.7469 0.083
54419.711473 0.373451892756 15.7971 0.089
54247.37648 0.382461060147 15.6697 0.099
53849.463502 0.383231725629 15.7522 0.08
55206.672887 0.396258316524 15.7219 0.076
54419.720332 0.399411305333 15.8005 0.092
55299.497719 0.399657449447 15.7562 0.078
55922.64648 0.40437521154 15.7721 0.085
55658.510251 0.409415305182 15.8663 0.092
54247.386748 0.412549247129 15.7196 0.101
54206.435151 0.412616643732 15.7185 0.099
54419.729076 0.42503373494 15.7344 0.088
54832.658002 0.425300391038 15.5612 0.092
54206.443604 0.437386359808 15.6949 0.099
53823.54736 0.44149755247 15.7247 0.075
54247.397003 0.442599340388 15.7405 0.102
54832.670336 0.461442551 15.6279 0.078
54206.452081 0.462226402775 15.7497 0.101
53823.556681 0.468810757676 15.7002 0.074
54206.460578 0.48712505146 15.6492 0.097
55708.363207 0.492884530583 15.7703 0.083
53823.565989 0.496085869139 15.6912 0.074
54832.682605 0.497394242286 15.7352 0.078
55708.369061 0.510038430708 15.7838 0.084
54950.423514 0.512050072751 15.7473 0.09
55206.71288 0.513449284789 15.7045 0.076
53823.575302 0.52337563202 15.6914 0.074
55708.37505 0.527587919607 15.7807 0.084
54832.694726 0.532912251096 15.6549 0.076
54950.432315 0.537839528689 15.7524 0.09
54939.513067 0.54130898851 15.7258 0.074
54632.37669 0.543574100359 15.6955 0.088
55708.381003 0.545031918159 15.8158 0.085
55244.604035 0.545408460023 15.7436 0.083
54939.518342 0.556766252481 15.7444 0.074
54632.382604 0.560903817721 15.7347 0.089
56454.388948 0.562420241251 15.7059 0.079
55134.723411 0.563643636074 15.7425 0.092
54950.441154 0.563740335549 15.7413 0.09
55602.596805 0.566970976977 15.7628 0.095
54939.523597 0.572164910692 15.7506 0.075
54181.578894 0.576649714953 15.7051 0.088
56454.394279 0.578041601286 15.7538 0.08
54632.388523 0.578248186524 15.6854 0.088
53885.364032 0.582088327636 15.7439 0.081
54939.528832 0.587504963185 15.8011 0.075
55134.731667 0.587836085607 15.727 0.093
54950.449997 0.589652863561 15.8115 0.092
56454.399827 0.594298833604 15.752 0.08
54632.394474 0.5956863245 15.7041 0.089
54181.588689 0.605351876181 15.7538 0.089
56454.405293 0.610315782391 15.7945 0.081
55134.739928 0.612043186579 15.785 0.093
53885.374355 0.612337680415 15.7986 0.082
54883.576113 0.629979473349 15.7903 0.081
54181.598502 0.634106782592 15.7654 0.09
55602.619905 0.634660606833 15.7781 0.096
55134.748238 0.636393871599 15.7966 0.095
53885.384678 0.642587033195 15.8222 0.083
55298.557378 0.644188435031 15.5445 0.075
53712.709031 0.653382210517 15.815 0.088
54883.584829 0.655519854892 15.8467 0.082
54181.608328 0.662899782727 15.8339 0.092
55321.429886 0.667201444041 15.849 0.08
54616.379902 0.66839407086 15.737 0.078
53885.395003 0.672842246529 15.8057 0.083
56277.652417 0.673659796603 15.8375 0.081
53712.718149 0.680100567452 15.8535 0.089
54883.593505 0.680943024957 15.8141 0.081
54616.386986 0.689152224009 15.8261 0.08
54589.430767 0.699693931518 15.7878 0.08
54774.737762 0.702373678982 15.793 0.083
56277.662796 0.704073245446 15.9228 0.083
54883.602181 0.706366195044 15.8683 0.082
53712.727318 0.706968369011 15.7874 0.088
54616.394049 0.709848841153 15.8271 0.08
54589.436163 0.715505760208 15.8187 0.08
54774.744278 0.721467429124 15.83 0.141
54616.401108 0.730533737123 15.8638 0.081
54589.441564 0.731332240339 15.8501 0.081
53712.736515 0.733918218612 15.9258 0.091
56277.674082 0.737144464609 15.9006 0.083
55928.562773 0.740811718799 15.939 0.089
54589.447018 0.74731402567 15.9039 0.082
56051.423047 0.756676292651 15.8198 0.07
56277.684041 0.766327192919 15.9663 0.084
55928.574601 0.775471153524 15.9551 0.089
56051.434301 0.78965374264 15.8437 0.07
55321.472308 0.791510079446 15.9749 0.083
54895.579672 0.803852448329 15.9995 0.087
55928.586572 0.810549619284 16.0337 0.09
56051.445588 0.822727892091 15.7903 0.07
54895.592475 0.841368912873 16.0464 0.087
55928.598594 0.84577752969 16.0268 0.09
56051.456838 0.855693620908 15.9438 0.072
54906.518949 0.859073706968 15.9621 0.096
54424.657261 0.866030208331 15.9398 0.136
54906.52735 0.883691048111 16.0183 0.097
54491.552925 0.889525249562 15.9859 0.094
53653.751368 0.890508360835 16.0587 0.13
54424.666418 0.892862846455 16.0699 0.113
53761.591468 0.892952220203 16.0017 0.11
55676.422904 0.89862965128 16.0511 0.091
53653.754864 0.900752644226 16.1214 0.133
54600.421267 0.905013281521 16.0869 0.086
54137.668241 0.905833761887 16.0145 0.114
54906.535796 0.908440252171 16.0709 0.099
53653.758336 0.910926600704 16.0571 0.129
55266.570753 0.914196801007 15.9721 0.083
54424.675504 0.919487434195 16.0886 0.113
53653.761855 0.921238280676 16.0997 0.131
54491.564082 0.92221846168 16.0215 0.095
54600.429424 0.928915632648 15.8541 0.081
53761.604306 0.930571244805 16.0172 0.111
54137.676777 0.930846691782 16.0196 0.114
54906.544202 0.933072244754 16.0826 0.099
54424.684632 0.946235093988 16.0838 0.112
54600.437588 0.95283849577 16.0821 0.086
54491.575314 0.955131445355 15.9936 0.094
54137.685308 0.955844970237 16.0042 0.114
53761.61324 0.956750428918 16.048 0.112
54998.353502 0.960671152932 16.0212 0.089
54241.431676 0.962479140021 15.9587 0.094
56356.584896 0.968477437525 16.0741 0.086
54600.445794 0.976884430945 16.1334 0.088
54137.693875 0.980948739017 16.0135 0.114
53761.622063 0.982604351192 16.1317 0.116
54998.362045 0.985704594843 16.0081 0.088
54491.586538 0.988020986726 16.0572 0.096
54241.44256 0.994372383814 15.968 0.095
56356.593978 0.995090304113 16.0268 0.085
55593.528921 0.995468311137 15.8726 0.089
56421.43425 0.995696873527 16.0324 0.084
