56411.622619 0.00110227472442 15.9339 0.076
55690.607993 0.0121250220001 15.8251 0.079
54273.564125 0.0136501040191 15.9186 0.09
53818.694891 0.0194305368474 15.8133 0.092
53818.704162 0.0309256875857 15.7676 0.091
53818.713722 0.0427791705986 15.7907 0.091
53818.723018 0.0543053189314 15.8077 0.092
55690.65507 0.0704959864259 15.9145 0.082
54198.660773 0.140678277127 16.0236 0.111
53578.452646 0.142090527869 15.9403 0.097
53578.460189 0.151443124352 15.9732 0.098
54198.671012 0.153373655007 16.0966 0.115
53578.467732 0.160795720834 15.9784 0.098
54198.681246 0.166062833374 16.0749 0.114
53578.475299 0.170178075016 15.9797 0.099
54198.69148 0.178752011741 16.1114 0.116
55657.72811 0.244223906829 16.2127 0.095
54266.493449 0.246690076052 16.2353 0.114
54266.502873 0.258374932107 16.2758 0.116
56058.585974 0.269525389512 16.2118 0.085
54266.512229 0.269975474692 16.3072 0.117
54266.521744 0.28177316202 16.2297 0.114
56058.598691 0.285293249708 16.2379 0.086
54907.704296 0.286636065833 16.2881 0.108
55657.762385 0.286721619212 16.3175 0.093
53954.4063 0.288560396965 16.2549 0.116
54907.713236 0.297720808317 16.2393 0.107
53954.413995 0.298101458869 16.1786 0.113
56058.611444 0.301105746456 16.2897 0.087
53912.481399 0.305704550686 16.3102 0.115
54675.444212 0.306410056115 16.3198 0.109
53954.421688 0.307640040964 16.2401 0.116
54907.722201 0.308836548395 16.1999 0.105
54325.419461 0.309292833098 16.3014 0.117
56092.494374 0.312688930381 16.1919 0.089
54675.449294 0.31271124865 16.2329 0.106
53912.489886 0.31622761663 16.3102 0.115
56058.624198 0.3169194831 16.2142 0.086
53954.429356 0.317147625455 16.2865 0.118
54675.454365 0.318998802245 16.2591 0.107
54203.644347 0.319832017791 16.3623 0.127
54325.428014 0.319897732703 16.313 0.118
54907.731275 0.320087438028 16.1418 0.104
54675.459431 0.325280156325 16.2654 0.107
56092.505717 0.32675316237 16.1082 0.088
53912.498432 0.326823836903 16.1822 0.11
54203.652837 0.330358803439 16.3292 0.125
54325.436629 0.330579506368 16.2701 0.117
53912.506981 0.33742377689 16.2945 0.115
56092.517105 0.340873190043 16.1056 0.084
54203.661334 0.34089426841 16.2626 0.122
54325.445285 0.341312116091 16.0932 0.11
53600.397023 0.351013125616 16.2908 0.121
54203.669881 0.351491728597 16.2969 0.124
56092.528522 0.355029174938 16.1274 0.084
53600.403685 0.359273366604 16.4236 0.127
54187.546152 0.359614340233 16.3575 0.126
56362.720477 0.367136838292 16.3782 0.094
53600.410442 0.367651398483 16.3205 0.123
54187.55691 0.372953228332 16.2334 0.12
53600.41715 0.375968675059 16.3722 0.125
54536.78005 0.376149701055 15.6546 0.094
56362.731202 0.380434809561 16.3359 0.093
54187.56761 0.386220201998 16.1359 0.115
56362.741899 0.393698063513 16.3215 0.092
55325.566086 0.395174789271 15.5986 0.081
55270.725053 0.397554165207 15.9179 0.089
54187.578254 0.399417741038 16.2295 0.12
56362.752819 0.407237816078 16.2819 0.091
54233.570195 0.425013080983 16.054 0.113
54233.579552 0.436614863472 16.0004 0.111
55325.602642 0.440500722856 15.811 0.086
54642.489594 0.445844709446 15.9111 0.082
54233.588989 0.448315838286 15.9062 0.107
54642.500511 0.459380742298 15.9126 0.082
54233.59839 0.459972176546 15.9673 0.11
54642.511352 0.472822542444 15.8861 0.081
53938.434207 0.484697103825 15.8778 0.101
54642.522242 0.486325097884 15.8348 0.081
53938.443107 0.495732250147 15.8413 0.1
53938.452038 0.506805833499 15.8085 0.1
55355.500717 0.511245930013 15.8859 0.103
56443.496633 0.521822311823 15.9363 0.082
56443.505555 0.532884736035 15.8955 0.081
56384.63811 0.542899441293 15.8666 0.08
56443.514553 0.544041392953 15.8666 0.081
55355.532357 0.550476495128 16.0037 0.107
56443.523557 0.555205489298 15.8655 0.081
56384.650692 0.558499914445 15.8652 0.08
53871.554828 0.560682145624 15.8024 0.093
53871.564623 0.572827006095 15.8044 0.093
56384.663202 0.574011114499 15.8293 0.079
53871.574411 0.584963187244 15.8985 0.096
53854.640726 0.588818049028 15.9277 0.096
56384.676029 0.589915364144 15.8993 0.08
54158.69958 0.592631993984 15.7237 0.113
54158.69958 0.592631993984 15.7237 0.113
53871.584282 0.597202280431 15.8565 0.095
53854.652115 0.602939316606 15.9432 0.097
54158.708903 0.604191619729 15.59 0.111
56481.473989 0.610101002579 15.8415 0.079
54158.718323 0.615871516175 16.5183 0.303
53854.663427 0.616965111573 15.9739 0.098
56481.485948 0.624929015487 15.8291 0.079
54158.727474 0.627217878419 15.9821 0.11
54158.727474 0.627217878419 15.9821 0.11
53854.674753 0.631008265194 16.0122 0.099
56481.497881 0.639724790888 15.8693 0.079
54158.7452 0.649196418157 16.2823 0.166
55676.607541 0.652907451071 16.0771 0.084
56481.509722 0.654406495111 15.8494 0.08
54158.753731 0.659774039871 16.0609 0.114
54158.753731 0.659774039871 16.0609 0.114
54475.715116 0.661488827218 16.1008 0.115
54706.382515 0.666938205652 16.095 0.088
54158.762235 0.670318184182 16.0795 0.114
54158.762235 0.670318184182 16.0795 0.114
54475.722664 0.670847623223 16.1404 0.116
54706.390717 0.67710789893 16.1204 0.09
54475.730246 0.680248575964 16.0883 0.113
53834.552073 0.680815212129 15.9942 0.071
54706.398928 0.68728875134 16.2037 0.092
54475.73792 0.689763599882 16.1127 0.114
54706.407131 0.697459684513 16.2183 0.093
53834.567647 0.700125478292 16.1453 0.074
53846.667717 0.703051651915 16.1809 0.103
55676.655145 0.711931844943 16.2325 0.089
53846.678166 0.716007409659 16.1181 0.101
53834.583052 0.719226200658 15.9721 0.071
55394.385188 0.724260211225 16.2988 0.097
53846.68861 0.72895696788 16.1648 0.103
53834.598408 0.738266167721 16.29 0.076
53846.699035 0.741882967926 16.1587 0.103
53610.403769 0.758418328749 16.1327 0.128
55394.419496 0.766798840439 16.3617 0.099
53610.411513 0.768020145955 16.2355 0.135
53610.419246 0.777608324212 16.1474 0.131
55685.583763 0.782561741021 16.1629 0.093
53610.426966 0.787180383719 16.2477 0.138
56398.546958 0.788536838783 16.1734 0.079
54951.661285 0.789086116295 16.2031 0.091
54964.570207 0.794911185662 16.1634 0.106
54951.669375 0.799116940305 16.1883 0.095
56423.559653 0.801879446596 16.2138 0.073
56398.558447 0.802782096775 16.2034 0.08
54964.579085 0.805919054094 16.2185 0.109
55331.543514 0.806612160474 16.2184 0.097
54951.677533 0.809232077803 16.2325 0.1
56423.570981 0.815925080027 16.2185 0.073
54964.588016 0.816992637446 16.1546 0.106
56398.569986 0.817089349965 16.1995 0.08
54951.685678 0.819331096543 16.0894 0.092
55685.61944 0.82679779892 16.1081 0.092
54964.596911 0.828021584245 16.0292 0.102
56423.582372 0.830048827414 16.2348 0.073
56398.581438 0.831288731499 16.1795 0.079
56423.593714 0.844111819507 16.1681 0.073
55331.575475 0.846240734809 16.0085 0.091
53738.722422 0.861239854478 16.1253 0.117
55023.503166 0.86612755637 15.9169 0.1
53738.727518 0.867558405676 16.151 0.118
53738.73259 0.873847199175 16.0308 0.112
55023.509434 0.873899275146 15.8946 0.1
54298.456675 0.878024436026 16.183 0.097
53738.737658 0.880131033056 15.9512 0.109
55023.515738 0.881715630476 15.9061 0.1
54298.464876 0.88819288939 16.108 0.095
55023.522077 0.889575382445 15.931 0.102
54298.47309 0.898377461514 16.0475 0.093
54956.594277 0.905523028729 15.9521 0.073
54130.723963 0.905550306619 16.1439 0.115
54298.481309 0.908568233159 16.0322 0.093
56128.463661 0.911154673071 15.9794 0.077
54130.730069 0.913121160938 16.096 0.113
54130.736306 0.920854442694 16.1607 0.116
54956.608407 0.923042873398 15.888 0.072
56128.476367 0.926908894326 15.9588 0.077
54130.742594 0.92865095956 16.0205 0.11
54956.62257 0.940603634897 15.8657 0.071
54918.717014 0.941350057156 15.8779 0.094
56128.491453 0.945614087292 15.9641 0.078
55795.40381 0.948886194163 15.8919 0.084
54918.726837 0.953529634944 15.8504 0.093
55795.410933 0.957718030927 15.8734 0.084
54956.636712 0.958138358411 15.8348 0.072
56128.504131 0.96133359123 15.9534 0.078
54918.736771 0.965846842087 15.8565 0.094
55795.417984 0.966460594603 15.8461 0.083
56411.594786 0.966592024437 16.0318 0.078
54273.529651 0.97090565073 15.874 0.088
55795.425027 0.975193239042 15.839 0.084
56411.604059 0.978089654976 15.9923 0.077
54918.746645 0.978089654978 15.8678 0.094
54273.541118 0.985123630832 15.8392 0.087
56411.613362 0.98962448264 15.972 0.077
54273.552638 0.999407325845 15.7934 0.086
