53865.453748 0.0261873454617 13.2858 0.058
53865.459707 0.0262001811477 13.2923 0.058
53865.465687 0.0262130620677 13.3 0.058
53865.471824 0.0262262811657 13.3076 0.058
55266.570753 0.0441933735104 13.2432 0.055
55739.348927 0.062557560063 13.4117 0.055
55739.355375 0.062571449055 13.4159 0.055
55739.361734 0.062585146341 13.4219 0.056
55739.368206 0.062599087029 13.43 0.056
53885.364032 0.0690740971875 13.2934 0.056
53885.374355 0.0690963329295 13.3029 0.056
53885.384678 0.0691185686715 13.3174 0.056
53885.395003 0.0691408087215 13.3023 0.056
54832.658002 0.10954530808 13.3221 0.059
54832.670336 0.109571875516 13.328 0.056
54832.682605 0.109598302942 13.2739 0.055
54832.694726 0.109624411576 13.3105 0.055
53904.366228 0.110004827362 13.1935 0.056
53904.373368 0.110020206922 13.1863 0.056
53904.380516 0.110035603714 13.1911 0.056
53904.38765 0.11005097035 13.1811 0.056
55298.557378 0.113092563744 13.3064 0.055
55299.497719 0.115118058257 13.3167 0.055
56245.686282 0.153208222472 13.3951 0.055
56245.700538 0.153238929896 13.4021 0.055
56245.71385 0.153267603944 13.4187 0.055
56245.72697 0.153295864424 13.4405 0.055
55321.429886 0.162359945964 13.3548 0.055
55321.472308 0.162451322952 13.3845 0.055
54394.727711 0.166243461491 13.1295 0.059
54394.737396 0.166264322981 13.1492 0.059
54394.747205 0.166285451567 13.1515 0.059
54394.756962 0.166306468145 13.146 0.059
54864.647604 0.178450910771 13.3514 0.056
54864.660486 0.178478658599 13.3439 0.056
54864.673374 0.178506419351 13.3395 0.056
54864.686278 0.178534214567 13.37 0.056
54883.576113 0.219222919148 13.374 0.056
54883.584829 0.219241693412 13.3603 0.056
54883.593505 0.219260381516 13.3409 0.056
54883.602181 0.21927906962 13.3619 0.056
54419.702762 0.220039721332 13.2236 0.057
54419.711473 0.220058484826 13.2273 0.057
54419.720332 0.220077567112 13.1822 0.057
54419.729076 0.220096401688 13.2294 0.057
56277.652417 0.222063277246 13.3945 0.056
56277.662796 0.222085633612 13.4013 0.056
56277.674082 0.222109943656 13.3978 0.056
56277.684041 0.222131395342 13.4174 0.056
54424.657261 0.230711712176 13.241 0.064
54424.666418 0.230731436354 13.2188 0.059
54424.675504 0.230751007598 13.2269 0.059
54424.684632 0.23077066931 13.2539 0.059
55355.40226 0.235536439543 13.3115 0.059
54895.579672 0.245078585227 13.4012 0.056
54895.592475 0.245106162889 13.3605 0.056
54906.518949 0.26864178788 13.3664 0.058
54906.52735 0.268659883634 13.369 0.058
54906.535796 0.268678076318 13.3584 0.058
54906.544202 0.268696182842 13.3928 0.058
56301.694387 0.273849680614 13.3211 0.055
56301.70225 0.273866617516 13.3143 0.055
56301.710066 0.27388345318 13.3197 0.055
56301.718029 0.273900605482 13.3006 0.055
54917.492053 0.29227785389 13.2972 0.056
54917.498476 0.292291689032 13.3019 0.056
54917.504899 0.292305524174 13.3113 0.056
54917.511327 0.292319370086 13.2916 0.056
54939.513067 0.339711118035 13.1878 0.054
54939.518342 0.339722480385 13.1885 0.054
54939.523597 0.339733799655 13.1872 0.054
54939.528832 0.339745075845 13.2074 0.054
54950.423514 0.363212220867 13.2101 0.057
54950.432315 0.363231178221 13.2026 0.057
54950.441154 0.363250217427 13.2028 0.057
54950.449997 0.363269265249 13.1912 0.057
54491.552925 0.374804972397 13.0808 0.056
54491.564082 0.374829004575 13.0845 0.056
54491.575314 0.374853198303 13.0903 0.056
54491.586538 0.374877374799 13.0837 0.056
56356.584896 0.392083836971 13.0621 0.054
56356.593978 0.392103399599 13.0637 0.054
56356.603062 0.392122966535 13.0511 0.054
56356.611935 0.392142078977 13.0696 0.054
54967.410273 0.399801699744 13.1577 0.057
54967.417953 0.399818242464 13.1632 0.057
54967.425533 0.399834569784 13.1473 0.057
54967.433101 0.399850871256 13.1747 0.057
54062.648485 0.450944808858 12.962 0.055
54062.662658 0.4509753375 12.9682 0.055
54062.67682 0.451005842448 12.9779 0.055
54062.690984 0.451036351704 12.9702 0.055
55922.610344 0.457302652187 12.9774 0.055
55922.634088 0.457353796763 12.9971 0.055
55922.64648 0.457380489131 13.0308 0.055
54998.353502 0.466453414995 13.0014 0.055
54998.362045 0.466471816617 12.9927 0.055
54998.370711 0.466490483181 12.9868 0.055
54998.379411 0.46650922298 12.9961 0.055
55928.562773 0.47012418425 13.048 0.055
55928.574601 0.470149661762 13.0568 0.055
55928.586572 0.470175447296 13.0704 0.055
55928.598594 0.470201342684 13.047 0.055
56421.43425 0.531769345454 13.0696 0.054
56421.446789 0.53179635446 13.0759 0.054
56421.455793 0.531815749076 13.0799 0.054
56421.464856 0.531835270778 13.0715 0.054
53653.751368 0.570180419051 12.8414 0.059
53653.754864 0.570187949435 12.8331 0.059
53653.758336 0.570195428123 12.8509 0.059
53653.761855 0.570203008049 12.8208 0.059
54589.430767 0.585633844015 12.9427 0.054
54589.436163 0.585645466999 12.9465 0.054
54589.441564 0.585657100753 12.9558 0.054
54589.447018 0.585668848669 12.9584 0.054
56454.388948 0.602753764929 13.0244 0.054
56454.394279 0.602765247903 13.0217 0.054
56454.399827 0.602777198295 13.0113 0.054
56454.405293 0.602788972059 13.0193 0.054
54600.421267 0.609307381009 13.0274 0.054
54600.429424 0.609324951187 13.0336 0.054
54600.437588 0.609342536443 13.0195 0.054
54600.445794 0.609360212167 13.0249 0.054
54137.668241 0.612537363244 12.9646 0.058
54137.676777 0.612555749788 12.9636 0.058
54137.685308 0.612574125562 12.9816 0.058
54137.693875 0.61259257888 12.9881 0.058
54616.379902 0.643682280791 13.0339 0.054
54616.386986 0.643697539727 13.0378 0.054
54616.394049 0.643712753429 13.0351 0.054
54616.401108 0.643727958515 13.0369 0.054
53690.661624 0.649685110456 12.9448 0.058
53690.668052 0.649698956368 12.9433 0.058
53690.674492 0.649712828128 12.9314 0.057
53690.680901 0.649726633114 12.9396 0.057
54632.37669 0.678139362135 13.0043 0.056
54632.382604 0.678152100891 13.0218 0.056
54632.388523 0.678164850417 12.9913 0.056
54632.394474 0.678177668871 12.9937 0.056
54174.586805 0.692059950081 12.93 0.055
54174.595579 0.692078849277 12.9396 0.055
54174.604346 0.692097733395 12.9292 0.055
54174.613113 0.692116617513 12.9379 0.055
53712.709031 0.697175225122 12.893 0.055
53712.718149 0.697194865294 12.893 0.055
53712.727318 0.69721461532 12.8936 0.055
53712.736515 0.697234425658 12.8956 0.055
54181.578894 0.707120909783 12.9902 0.056
54181.588689 0.707142008213 12.9695 0.056
54181.598502 0.707163145415 12.9762 0.056
54181.608328 0.707184310619 12.9868 0.056
56051.423047 0.734765214382 13.0098 0.052
56051.434301 0.734789455498 13.0322 0.052
56051.445588 0.734813767696 13.0158 0.053
56051.456838 0.734838000196 13.0046 0.053
53731.653419 0.737981436865 12.8397 0.058
53731.663314 0.738002750695 12.818 0.057
53731.67341 0.738024497479 12.8461 0.058
53731.683166 0.738045511903 12.8635 0.057
54198.45947 0.743481670478 12.9521 0.058
54198.467927 0.743499886856 12.9508 0.058
54198.476378 0.74351809031 12.9391 0.057
54198.484868 0.74353637777 12.9444 0.057
55593.528921 0.748461267214 13.1097 0.056
55593.562763 0.748534162882 12.9461 0.054
55595.595238 0.752912114031 12.954 0.055
55595.616568 0.752958058851 12.9618 0.055
55134.723411 0.76019419891 12.9305 0.056
55134.731667 0.760211982334 12.9568 0.056
55134.739928 0.760229776528 12.9486 0.056
55134.748238 0.760247676268 12.9517 0.056
54206.435151 0.760661287348 12.9272 0.057
54206.443604 0.76067949511 12.9167 0.057
54206.452081 0.760697754568 12.9352 0.057
54206.460578 0.760716057106 12.9213 0.057
55602.596805 0.767993489345 12.9449 0.057
55602.619905 0.768043246745 12.9433 0.057
53761.591468 0.802467994395 12.9871 0.058
53761.604306 0.802495647447 12.9688 0.058
53761.61324 0.802514891283 13.0027 0.058
53761.622063 0.802533896025 12.9879 0.058
54226.430259 0.80373074997 12.9121 0.055
54226.440075 0.803751893634 12.9191 0.055
54226.449874 0.80377300068 12.9117 0.055
54226.459679 0.80379412065 12.9291 0.055
56088.401161 0.814416071919 12.9276 0.053
56088.409633 0.814434320607 12.9275 0.053
56088.418138 0.814452640377 12.92 0.053
56088.426677 0.814471033383 12.9057 0.053
55633.499906 0.834558768884 13.0163 0.055
55633.533923 0.834632041502 13.0101 0.055
54241.431676 0.83604380218 12.9294 0.055
54241.44256 0.836067246316 12.9355 0.056
54241.45346 0.836090724916 12.9345 0.056
54241.46437 0.836114225056 12.9356 0.056
54247.366205 0.848826777643 12.9889 0.058
54247.37648 0.848848909993 12.984 0.058
54247.386748 0.848871027265 12.9941 0.058
54247.397003 0.848893116535 12.9747 0.058
55649.538902 0.869106766259 12.9745 0.054
55649.56429 0.869161452011 12.9887 0.054
55658.472904 0.888350606563 12.9911 0.056
55658.510251 0.888431052001 12.9116 0.055
55206.672887 0.915173370177 12.9786 0.054
55206.71288 0.915259515099 12.9772 0.054
55676.422904 0.927014906553 13.0928 0.055
55676.458498 0.927091576029 13.0929 0.055
53823.54736 0.935920985731 13.1324 0.054
53823.556681 0.935941063165 13.1304 0.054
53823.565989 0.935961112597 13.1265 0.054
53823.575302 0.935981172799 13.1234 0.054
53837.477314 0.96592610664 13.1259 0.057
53837.485862 0.965944519032 13.1311 0.057
53837.494329 0.96596275695 13.115 0.057
53837.502807 0.965981018562 13.1166 0.057
54774.737762 0.98478511115 12.9863 0.055
54774.744278 0.984799146614 13.0526 0.064
53849.425766 0.991663072242 13.1105 0.055
53849.438369 0.991690219104 13.1208 0.055
53849.450955 0.991717329348 13.1266 0.055
53849.463502 0.991744355586 13.106 0.055
55708.363207 0.995814319199 13.2164 0.056
55708.369061 0.995826928715 13.205 0.056
55708.37505 0.995839829021 13.2179 0.056
55708.381003 0.995852651783 13.2082 0.056
55244.604035 0.99687706295 13.0277 0.055
54780.696503 0.997620239261 12.997 0.055
54780.708673 0.997646453441 13.0017 0.055
54780.720097 0.997671060737 13.0226 0.055
