55821.466744 0.0763146077867 17.4796 0.146
55821.480829 0.0849667581717 17.411 0.141
55821.4949 0.0936103086173 17.3834 0.14
55821.508965 0.102250173379 17.401 0.142
56415.715407 0.112082972187 17.5602 0.176
56415.725086 0.1180285997 17.5482 0.176
55007.580568 0.121356160837 17.3915 0.207
56415.735126 0.124195982721 17.8128 0.276
55007.588603 0.126291910097 17.426 0.207
55007.596424 0.131096203189 17.595 0.231
55007.604335 0.135955781584 17.5698 0.246
55126.47165 0.153909991833 17.5024 0.165
55645.783003 0.157099339705 17.791 0.192
55126.481019 0.159665192184 17.3975 0.157
55113.460209 0.161226694936 17.3695 0.157
55126.490023 0.165196179905 17.4417 0.16
55113.471408 0.168106029842 17.4323 0.162
55645.804346 0.170209942874 17.3408 0.156
55126.499052 0.170742524656 17.3321 0.156
56176.51302 0.17455905361 17.4387 0.128
55113.482568 0.174961407782 17.4303 0.162
55113.493773 0.181844428376 17.2532 0.151
56176.525743 0.18237455303 17.4499 0.129
56176.538477 0.190196809545 17.4777 0.129
56176.551284 0.198063908583 17.4945 0.132
54348.45549 0.23322720602 17.5449 0.179
54348.466974 0.240281611062 17.3659 0.164
54742.429125 0.243815570675 17.5303 0.201
54348.478454 0.247333558975 17.4817 0.174
54592.666778 0.247624728254 17.5698 0.194
54742.438564 0.249613770705 17.4835 0.196
54592.675513 0.252990474341 17.5142 0.189
54348.48991 0.254370764143 17.6029 0.184
54742.448043 0.255436541986 17.4932 0.198
54592.684271 0.25837034889 17.4713 0.183
54742.457431 0.261203413683 17.5362 0.226
54592.693029 0.263750223444 17.6176 0.196
53804.783366 0.265674766373 17.7264 0.233
54242.69559 0.266911314383 17.498 0.164
53804.785885 0.267222140655 17.3121 0.189
53804.788422 0.268780572003 17.6945 0.227
54016.420068 0.270117247846 17.719 0.247
53804.790941 0.270327946289 17.5463 0.212
53604.561548 0.273180668076 17.6513 0.235
54242.708796 0.275023511609 17.5046 0.164
54016.42859 0.275352152042 17.6499 0.239
53604.570589 0.278734384204 17.8792 0.263
54016.437089 0.280572927766 17.5063 0.223
54242.722346 0.283347021565 17.4641 0.161
53604.579398 0.284145587095 17.7005 0.24
54016.44559 0.285794932057 17.9038 0.274
53835.747387 0.286290042686 17.4928 0.142
53604.588227 0.289569075609 17.7649 0.249
54242.736045 0.291762059411 17.4297 0.158
53835.76193 0.295223533847 17.6067 0.147
56155.551108 0.298051070106 17.3759 0.122
54672.523089 0.301853470595 17.5318 0.196
53835.776561 0.304211081752 17.6394 0.148
56155.563764 0.305825412686 17.4494 0.125
54672.531933 0.307286173326 17.4834 0.191
54773.466765 0.309653612983 18.003 0.275
54672.540812 0.3127403759 17.4642 0.188
53835.791349 0.313295071804 17.5872 0.145
56155.576512 0.313656269136 17.5115 0.129
55323.713535 0.315887338374 17.631 0.188
54773.478249 0.316708018025 17.7944 0.257
54672.549709 0.318205635535 17.537 0.196
54773.481683 0.318817459588 17.887 0.282
56155.589275 0.321496339802 17.3144 0.119
54021.40183 0.330319874637 17.6171 0.231
53609.545932 0.334993940114 17.4882 0.249
54021.410319 0.335534507551 17.5208 0.22
55323.749661 0.338078860188 17.563 0.18
53609.55449 0.340250958431 17.5806 0.261
54021.418832 0.340763883215 17.6493 0.235
54234.682719 0.344755482302 17.4836 0.232
53609.562988 0.345471119874 17.5594 0.259
54021.427315 0.345974830441 17.2985 0.197
54234.691432 0.350107714202 17.6597 0.254
53609.571514 0.350708481195 17.4886 0.25
54947.722068 0.351406304613 17.5991 0.209
54234.700339 0.355579116651 17.484 0.232
54947.730531 0.356604966216 17.5551 0.204
53583.541277 0.360823849339 17.6313 0.284
54234.709365 0.361123618558 17.3487 0.216
54947.738994 0.361803627819 17.5176 0.2
53583.547401 0.364585707274 17.5977 0.253
54947.747506 0.367032389201 17.5454 0.203
53583.553469 0.368313165455 17.5215 0.242
53583.559497 0.372016052395 17.4901 0.239
54952.729628 0.427456157215 17.4061 0.189
54952.73857 0.432949059503 17.4693 0.202
54952.747725 0.438572803682 17.3878 0.186
54952.757147 0.444360560933 17.8029 0.44
54682.523411 0.444863042939 17.4345 0.186
53920.659719 0.446337317765 17.4232 0.194
54682.531623 0.449907519968 17.4718 0.189
53920.671714 0.453705620484 17.4022 0.206
54682.539942 0.455017725083 17.5072 0.193
54682.548163 0.46006773064 17.2815 0.215
53920.683732 0.461088051674 17.4703 0.224
53920.695692 0.468434854558 17.3819 0.227
53668.395789 0.485353386746 17.3312 0.187
53668.403989 0.490390492398 17.3746 0.191
53668.412149 0.495403026809 17.4631 0.2
53668.420304 0.500412489808 17.4621 0.2
55032.645439 0.518234629607 17.4029 0.196
55032.653078 0.522927123523 17.5821 0.214
55032.660771 0.527652788621 17.2059 0.179
56445.701218 0.531802257973 17.4164 0.125
55032.668469 0.53238152512 17.5204 0.207
55032.676179 0.537117633001 17.3736 0.194
56445.714447 0.539928583667 17.4625 0.127
56445.726538 0.547355857385 17.3503 0.122
56445.738651 0.554796645285 17.4983 0.129
55662.740567 0.573811719131 17.4724 0.169
55662.772712 0.593557787577 17.4617 0.169
55467.455688 0.613986322414 17.3522 0.166
53860.710568 0.620702258527 17.6547 0.124
53860.724239 0.629100096503 17.4359 0.114
55273.761995 0.631596535206 17.3855 0.213
55467.48748 0.633515549606 17.3476 0.159
53691.432653 0.63646532782 17.5278 0.235
53860.738212 0.637683447391 18.0933 0.147
53691.440318 0.641173793043 17.4462 0.227
53691.447983 0.645882258266 17.2919 0.212
53860.752238 0.646299355187 17.4375 0.114
53691.45564 0.650585809243 17.2187 0.209
53621.48403 0.668342835237 17.4702 0.248
53621.493067 0.673894094239 17.5435 0.258
56048.721605 0.674698188297 17.4018 0.133
53621.501829 0.679276425914 17.4513 0.246
56048.735814 0.683426509547 17.5754 0.141
53621.510802 0.684788370916 17.4642 0.248
56048.750134 0.692223016009 17.4686 0.136
56123.63604 0.693225522888 17.34 0.108
56048.764527 0.701064364993 17.4982 0.135
56123.650109 0.701867844775 17.3156 0.106
56123.664277 0.710570980497 17.3929 0.109
56123.678469 0.719288858963 17.4802 0.114
54946.714992 0.73277847362 17.5681 0.172
54946.72352 0.7380170635 17.3292 0.153
55734.643947 0.742704643163 17.3436 0.169
54946.732071 0.743269781847 17.4703 0.165
55734.655906 0.750050831765 17.4301 0.181
55734.668175 0.75758744753 17.4956 0.189
55734.680155 0.764946536036 17.5884 0.208
55353.762077 0.774141096698 17.2635 0.192
53826.786442 0.781750197641 17.8243 0.158
53826.79113 0.784629947801 17.9398 0.166
54375.40244 0.78623137883 17.711 0.246
53826.795837 0.787521369303 17.8052 0.156
53826.800526 0.790401733744 18.0919 0.178
54375.411008 0.791494539961 17.6633 0.24
55695.658857 0.794897657683 17.9814 0.213
54375.41951 0.796717158529 17.9205 0.275
54375.427943 0.8018973917 18.0658 0.298
55695.670746 0.802200846602 17.8507 0.198
55353.808443 0.80262285777 18.224 0.325
55695.694609 0.816859438335 18.0682 0.219
54756.451625 0.857573380492 18.378 0.33
54624.594666 0.860325360164 18.3693 0.175
54212.733285 0.86163132195 18.1255 0.22
54212.74127 0.86653635715 17.7302 0.181
54212.749365 0.871508963283 17.8788 0.192
56382.76652 0.872201872448 18.1923 0.179
54212.757625 0.876582925806 17.6487 0.174
56382.775012 0.877418348207 18.1903 0.179
53893.69167 0.88037242639 17.6727 0.215
56382.783521 0.882645266745 18.1913 0.177
53893.698586 0.884620795012 17.6004 0.208
53893.705516 0.888877763573 17.5039 0.198
54186.73425 0.890913491395 17.5336 0.241
53893.712374 0.893090503888 17.6574 0.213
54186.742297 0.895856612026 17.5134 0.237
54186.750301 0.900773318572 17.6856 0.257
54186.758681 0.905920994838 17.4718 0.23
56068.634443 0.906779759926 17.5826 0.148
54424.438861 0.908381805236 17.4442 0.278
55098.400353 0.910240620076 17.4011 0.156
54424.442894 0.910859201223 17.806 0.386
54424.446917 0.913330454401 17.9727 0.426
56068.647275 0.914662215994 17.682 0.153
54424.450929 0.915794950483 17.4666 0.322
55098.411346 0.916993413061 17.5498 0.167
56068.660138 0.922563714777 17.4223 0.139
55098.422168 0.92364116396 17.304 0.149
55098.432893 0.930229329588 17.3994 0.156
56068.673028 0.930481799152 17.4101 0.136
55762.654826 0.949260374745 17.5566 0.154
55762.667694 0.957164944939 17.2504 0.134
55762.680525 0.965046786726 17.5364 0.152
55762.693373 0.972939071292 17.5005 0.15
54997.609633 0.996398469455 17.4381 0.201
