54356.397145 0.00428498946624 13.9007 0.062
56365.777687 0.0130135248757 13.9449 0.064
53876.570632 0.013952972152 13.8683 0.057
55054.447278 0.0139608999651 13.912 0.06
56365.77987 0.0216667459387 13.9038 0.064
56476.529779 0.0246198607744 13.8943 0.058
54303.424504 0.0253690402666 13.8818 0.064
54598.588236 0.0285877372528 13.9021 0.058
55274.687975 0.0288216080827 13.8645 0.064
54356.403679 0.0301851940045 13.8728 0.062
54889.715245 0.0305895130704 13.8281 0.065
56365.782136 0.0306489717673 13.9717 0.064
56365.784326 0.0393299402274 13.9204 0.064
53876.580109 0.0515189712942 13.8882 0.059
55054.456797 0.0516933834327 13.8837 0.06
56029.756174 0.0531243558716 13.8854 0.055
55320.609355 0.0571556549194 13.8856 0.065
54303.433489 0.0609847944421 13.8656 0.064
56476.539384 0.0626932407493 13.8478 0.058
55412.439496 0.0638031362436 13.8492 0.063
54265.594761 0.0715763687399 13.8408 0.064
54598.599894 0.0747990296302 13.8693 0.058
56182.3904 0.081846866117 13.8842 0.059
53876.589386 0.0882921879196 13.8375 0.062
55054.466382 0.08968748513 13.8599 0.06
55686.671709 0.0963111829978 13.8786 0.058
56476.548945 0.100592208542 13.8391 0.058
54265.603194 0.105004043202 13.8761 0.064
56182.396336 0.105376650961 13.8647 0.059
54241.640151 0.117597393329 13.9407 0.06
54598.611456 0.120629786419 13.9098 0.058
55695.507704 0.121422568945 13.9416 0.06
53876.598573 0.12470865244 13.8989 0.058
56182.402249 0.128815265815 13.8663 0.059
54265.611637 0.138471356775 13.8946 0.065
56182.408223 0.152495679329 13.8391 0.059
53832.710137 0.154786820791 13.7925 0.062
54957.611204 0.16423282437 13.9269 0.056
54598.622948 0.166183069323 13.9735 0.059
55412.465981 0.16878735988 13.9232 0.063
54241.653381 0.170039956224 13.8862 0.06
54265.620129 0.17213290207 13.9387 0.065
53967.43046 0.174364584832 13.8989 0.065
53901.587279 0.177753730039 13.9654 0.065
55320.640718 0.181475843926 13.9846 0.066
53832.719326 0.19121121311 13.968 0.063
54859.735302 0.192717499885 13.9553 0.059
53967.439107 0.208640536548 13.9262 0.065
53901.59581 0.211569867918 14.0125 0.065
54642.532543 0.219977326425 14.0488 0.06
54919.78388 0.220028857294 14.0286 0.064
54957.62532 0.220187413781 14.0729 0.056
54859.743449 0.225011495352 14.0085 0.06
53832.72852 0.227655424998 14.0283 0.063
55795.436267 0.229506572156 13.9741 0.06
53628.386033 0.231908703176 13.9678 0.063
55428.377818 0.241917582334 14.0678 0.059
53967.447616 0.242369468351 14.0253 0.066
53901.604352 0.245429608849 14.1388 0.067
54919.79313 0.256695048273 14.2766 0.08
54859.751614 0.25737684124 14.0961 0.06
55963.711543 0.257983319846 14.0424 0.059
56358.776447 0.26071049167 14.0899 0.064
55695.543695 0.264087745169 14.2483 0.063
55795.445074 0.26441674992 14.0724 0.06
53832.737834 0.264575306409 14.2238 0.065
54642.544754 0.268380662458 14.2239 0.061
56358.779331 0.272142415441 14.1392 0.064
53628.396863 0.274837875984 14.114 0.064
53967.456117 0.27606668887 14.1517 0.068
53901.612906 0.279336916718 14.3035 0.069
56358.782285 0.283851813098 14.1599 0.065
54964.706019 0.287458973495 14.3487 0.061
54859.759791 0.289789754066 14.2314 0.061
54233.610964 0.290602356147 14.3688 0.072
54663.489754 0.292528817652 14.3728 0.062
54919.802409 0.293476192755 14.3495 0.068
56358.785143 0.295180675137 14.2096 0.065
55795.453903 0.299414133732 14.2289 0.062
54710.418502 0.313981512313 14.3254 0.06
55963.726126 0.315789056436 14.2965 0.06
54642.556917 0.316593730682 14.4027 0.062
53628.407728 0.31790578572 14.3307 0.067
54663.498713 0.328041510095 14.4369 0.064
54964.716683 0.329730136829 14.3575 0.061
54919.811656 0.330130491993 14.3892 0.068
53919.537395 0.330443641089 14.3812 0.07
56152.432855 0.332758566011 14.3077 0.059
55795.462742 0.334451156683 14.3874 0.063
54233.62214 0.334903042697 14.3309 0.072
54202.592993 0.338078136637 14.3631 0.067
54710.426455 0.345506508747 14.4036 0.06
56429.691305 0.361005406778 14.3411 0.057
53628.41862 0.361080721102 14.3639 0.068
54663.507719 0.363740506434 14.2825 0.063
54642.569093 0.364858329759 14.2276 0.061
53919.546329 0.365857235714 14.2041 0.068
54953.626033 0.367363522493 14.2099 0.061
56395.636571 0.371018249864 14.3261 0.061
53959.408171 0.374712616352 14.2361 0.064
54710.434377 0.376908623879 14.2833 0.06
56152.44405 0.377134566896 14.328 0.059
55428.412306 0.378624998011 14.2981 0.061
54233.633387 0.379485167046 14.1272 0.069
55658.7406 0.379837955245 14.1852 0.066
55963.742663 0.381340278097 14.3599 0.06
54202.605629 0.388166135494 14.0919 0.064
56371.675867 0.392883191418 14.2937 0.059
54663.516706 0.399364188437 14.1561 0.063
53919.555265 0.401278758196 14.2012 0.144
56429.702687 0.406122659298 14.1865 0.056
55674.640794 0.406816344 14.0795 0.062
53772.732416 0.40834641424 14.0611 0.068
54710.442331 0.408437584226 14.1287 0.059
54979.620966 0.409004423735 14.0164 0.066
54953.636651 0.409452345846 14.0389 0.06
53959.419645 0.420194548834 14.0281 0.062
56152.45535 0.421926778594 14.1153 0.058
54233.644745 0.424507285662 13.9687 0.067
55021.504184 0.430417479259 13.9985 0.061
56395.651915 0.431840523879 14.0471 0.059
53871.631494 0.435641916001 13.9643 0.058
53919.564186 0.43664082197 13.9555 0.066
55963.756929 0.437889454418 14.0724 0.059
54202.618555 0.439403669001 13.966 0.062
56371.688495 0.442939478992 14.1161 0.058
54979.629617 0.443296231107 13.9407 0.065
54490.720308 0.449555249027 14.0212 0.063
54953.646964 0.450332175869 13.9365 0.059
56429.714127 0.451469818767 13.972 0.055
53772.743797 0.453459702876 13.9452 0.066
53982.388148 0.465331620916 13.9621 0.065
53959.431098 0.465593239154 13.9147 0.061
56152.466589 0.46647719166 13.9684 0.057
55021.513387 0.466897366373 13.9253 0.061
56395.662663 0.474444655864 13.9273 0.058
55045.481517 0.474468439329 13.9357 0.06
53871.642041 0.477449301555 13.8973 0.057
54979.638376 0.478016141062 13.8982 0.063
56451.669312 0.479902963414 13.9133 0.057
54490.729007 0.484037324207 13.9234 0.062
54491.738336 0.48492920453 13.9324 0.068
54953.657179 0.490823542476 13.8766 0.059
54202.632124 0.493189998269 13.8646 0.062
56371.701284 0.49363395647 13.9688 0.057
56429.725437 0.496301669604 13.9168 0.055
53982.396581 0.498759295378 13.9079 0.064
53772.755296 0.499040733177 13.8721 0.065
56124.472657 0.500979086391 13.9083 0.057
55021.522574 0.503313830893 13.8522 0.06
56451.676395 0.507979355952 13.8519 0.057
53959.44254 0.510948326422 13.8605 0.06
54979.64717 0.512874787917 13.8459 0.063
55000.586628 0.515054939817 13.8785 0.058
55045.492103 0.516430417467 13.8612 0.06
54490.737757 0.518721558938 13.8709 0.062
53871.652751 0.51990280487 13.8692 0.057
53938.505936 0.520081180934 13.8263 0.064
53982.40504 0.532290031544 13.8776 0.064
54491.750573 0.533435602267 13.8721 0.067
55658.779967 0.535885300235 13.8236 0.063
56451.683606 0.536563129266 13.8048 0.057
56059.647264 0.538790848116 13.878 0.055
55021.53179 0.539845248858 13.8451 0.06
56371.714075 0.544336361776 13.9347 0.057
53772.766752 0.544451315239 13.8277 0.065
56124.483957 0.545771298089 13.8257 0.057
54319.449197 0.54585057636 13.8414 0.064
55011.442498 0.546774167961 13.8063 0.065
54490.746462 0.553227417601 13.8417 0.061
55045.50273 0.558554916045 13.8556 0.06
53938.516189 0.560723176211 13.7991 0.064
53871.663412 0.562162076462 13.8187 0.057
56451.690751 0.564885284378 13.7863 0.057
54491.758697 0.565638427744 13.8171 0.067
53982.413509 0.565860406848 13.8294 0.064
55000.600487 0.569990803736 13.8355 0.058
55011.448961 0.57239293473 13.8458 0.064
54319.458571 0.583008292516 13.8301 0.064
56124.495333 0.590864767155 13.8411 0.057
55674.687386 0.59150295707 13.8114 0.06
54999.597233 0.593179692085 13.8416 0.067
56059.661247 0.594218237154 13.84 0.055
53598.45742 0.59750432066 13.7873 0.064
55011.455369 0.597793686292 13.8667 0.064
54491.766888 0.598106835364 13.8366 0.067
55045.513341 0.600615992001 13.8498 0.06
53938.52643 0.601317604521 13.7866 0.064
56395.695083 0.602954700402 13.6262 0.147
55446.380755 0.603985317661 13.8061 0.058
54907.771526 0.604108198944 13.8409 0.062
54319.468054 0.620598075113 13.8259 0.064
55011.461785 0.623226149136 13.8993 0.065
54999.605057 0.624193343801 13.8556 0.077
55000.61424 0.624506492899 13.8753 0.058
53598.465045 0.627729153773 13.8169 0.064
56418.659702 0.632695936186 13.8645 0.055
56124.506662 0.635771932327 13.8425 0.057
54907.780026 0.63780145555 13.8562 0.062
53938.536689 0.64198338328 13.8458 0.065
53912.552536 0.643073459238 13.8621 0.064
56059.675412 0.650367058289 13.9157 0.056
53615.374551 0.655532036344 13.8104 0.062
54319.477452 0.657850925174 13.8865 0.064
53598.472799 0.658465331632 13.8476 0.065
54907.788587 0.671736510816 13.8802 0.063
53912.561094 0.676996622734 13.9 0.064
55000.628032 0.679176774646 13.9433 0.059
53598.480636 0.689530514199 13.9045 0.065
56418.674641 0.691912825626 13.9269 0.055
53958.479569 0.693815503666 13.912 0.065
54907.797232 0.706004534705 13.9767 0.064
56059.689583 0.706539662906 13.9487 0.056
55446.406735 0.70696776545 13.8907 0.059
55762.508717 0.707578207982 13.9243 0.061
53615.388263 0.709885205096 13.9009 0.063
53912.569679 0.711026811905 13.9845 0.065
53958.488534 0.729351979564 14.014 0.066
55334.656455 0.738631498821 14.0987 0.063
53912.578253 0.745013398023 14.1275 0.067
55762.518206 0.745191774091 14.0641 0.062
56418.689852 0.752207899297 14.1164 0.056
53615.401898 0.763933152565 14.0913 0.065
53958.497534 0.765027192447 14.1848 0.069
54586.665931 0.769613439261 14.4846 0.111
53953.453913 0.772554662344 14.2267 0.069
55762.527719 0.782900474075 14.2682 0.064
53958.506571 0.800849070058 14.3704 0.071
56418.704901 0.811860819092 14.4116 0.058
53953.464521 0.814603846587 14.4701 0.073
53615.415627 0.818353707852 14.3952 0.068
55762.537214 0.820537823667 14.4939 0.066
54291.521662 0.843544372034 14.41 0.071
55334.683186 0.844590844955 14.4193 0.066
55083.417152 0.848007737564 14.458 0.064
53953.475127 0.856645102974 14.393 0.072
54675.491902 0.867993784591 14.3512 0.063
55083.423536 0.873313355222 14.4209 0.064
56029.710948 0.873852447319 14.3991 0.058
54586.692566 0.87519224975 14.2351 0.065
55083.429904 0.898555550258 14.3067 0.063
53953.48574 0.898714106758 14.1854 0.069
54675.502834 0.911327276471 14.0841 0.061
53761.761026 0.91871600945 14.1468 0.07
55083.436262 0.923758106212 14.1651 0.062
53761.762384 0.924099002685 14.0957 0.069
55686.628613 0.925482408159 14.0484 0.059
54889.689544 0.928712996879 14.0457 0.064
53761.763667 0.929184702466 14.0789 0.069
56029.725993 0.933489511487 14.0803 0.056
53761.764986 0.934413103117 14.0737 0.069
54356.383362 0.949650382916 14.0555 0.066
54303.406561 0.954244557561 13.9491 0.065
54675.513776 0.954700407489 13.9687 0.06
54889.698003 0.962243733045 13.9563 0.063
55054.437755 0.976212560842 13.9505 0.061
54356.390558 0.97817469755 13.9344 0.062
54586.719218 0.980838446774 13.577 0.11
56476.520234 0.986784315604 13.9321 0.058
54303.415541 0.989840492168 13.9137 0.064
56029.741134 0.993507111273 13.9403 0.056
54889.706592 0.996289777871 13.9063 0.063
54675.524733 0.998132997187 13.8919 0.059
