53963.650449 0.0027430447435 15.0302 0.071
54594.788671 0.0084249851423 14.9847 0.072
56446.68245 0.0150284436612 15.0426 0.064
55715.732713 0.0188786686574 15.0362 0.067
56446.692632 0.0380822460514 15.0613 0.064
53963.666289 0.0386075340312 15.0551 0.072
56400.761506 0.0420988877273 15.0586 0.067
55715.747084 0.051417088842 15.044 0.069
53561.759121 0.0515291653721 15.0352 0.066
53665.550425 0.0529250275938 15.0894 0.07
56400.773552 0.0693731072867 15.0267 0.067
54327.610818 0.07173011066 15.0533 0.083
53963.682191 0.0746124019998 15.0704 0.072
53665.565993 0.0881736620041 15.0931 0.071
54327.618385 0.0888631024819 15.0029 0.082
53561.775926 0.089578580931 15.0091 0.065
56400.785684 0.0968420456808 15.1108 0.068
55101.414923 0.0975529957716 15.0369 0.071
54327.625798 0.105647411766 14.8235 0.193
55101.426306 0.123326069113 15.0726 0.071
53665.581539 0.12337248464 15.0848 0.071
53561.79103 0.123776639399 15.0396 0.066
56400.797766 0.124197775454 15.06 0.067
55101.437768 0.149278012061 15.0693 0.071
53561.806234 0.158201115109 15.0055 0.065
53665.597072 0.158541873026 15.0767 0.071
55101.449108 0.174953725976 15.0741 0.071
55429.608444 0.184233436155 15.0905 0.067
54412.462596 0.190775762026 15.0823 0.082
54802.454991 0.200755101457 15.0936 0.079
54412.471074 0.209971414823 15.0678 0.082
54802.46003 0.212164265701 15.0795 0.079
53884.687099 0.2161129822 15.0739 0.07
56153.510006 0.222100585843 15.0423 0.063
54802.465076 0.223589279141 15.0823 0.079
54412.479583 0.229237256952 15.0504 0.083
53857.752215 0.230894631079 15.0436 0.084
54802.470115 0.23499844337 15.1021 0.08
53884.697977 0.24074264852 14.9982 0.069
53857.759308 0.246954405228 14.9818 0.081
56153.521217 0.247484221548 14.9867 0.063
54412.488065 0.248441966425 15.0534 0.082
56481.679102 0.253478617723 15.0324 0.066
53857.766418 0.263052670303 14.9756 0.08
53884.708889 0.265449296691 15.0616 0.07
56153.532592 0.273239181505 14.943 0.062
54951.769973 0.275601845302 15.03 0.077
56481.690012 0.278180737548 15.0007 0.066
53857.773569 0.279243766441 14.9377 0.078
55429.652008 0.282869838385 15.0897 0.067
53884.719776 0.290099340552 14.9116 0.068
54951.778519 0.294951461801 14.9709 0.08
56153.544095 0.299283955499 14.8946 0.062
56481.700945 0.302934933337 14.926 0.065
54951.786998 0.314149378771 14.9719 0.075
56481.711801 0.327514787866 14.9237 0.065
54951.795562 0.33353975037 14.9776 0.076
55326.770282 0.340915291645 14.9329 0.077
53610.474667 0.35191916905 14.774 0.08
54019.457334 0.359146407035 14.834 0.075
53610.482321 0.369249143863 14.7762 0.08
54019.467503 0.382170775192 14.8059 0.075
53610.490005 0.386647043836 14.7358 0.079
54650.612116 0.402323040772 14.824 0.066
53610.49776 0.404205700046 14.7638 0.08
54019.477776 0.405430617266 14.7592 0.074
55326.79941 0.406866102506 14.8292 0.077
54019.488001 0.428581779065 14.7523 0.074
54650.625439 0.432488608386 14.7488 0.065
55124.530886 0.436076189395 14.7172 0.07
56126.667512 0.446069113856 14.7483 0.059
55124.539179 0.454852970306 14.7156 0.07
54650.63917 0.463577958284 14.7516 0.065
55824.580398 0.46879234709 14.7229 0.062
55124.547688 0.474118812435 14.7329 0.071
56126.680797 0.47614864291 14.7557 0.059
55124.556017 0.49297710356 14.7152 0.07
54650.652759 0.494345795704 14.7316 0.064
55396.62105 0.495089576316 14.7654 0.066
55824.59387 0.49929527636 14.7259 0.063
54363.577108 0.505607788744 14.7408 0.074
56126.69412 0.506314210508 14.7699 0.059
54375.510937 0.525852885399 14.7201 0.074
54363.58735 0.528797441485 14.7196 0.074
55824.607367 0.52985480994 14.7271 0.063
56126.707499 0.536606571748 14.7712 0.059
54375.51942 0.545059859045 14.716 0.074
54363.597615 0.552039170174 14.715 0.074
55824.620867 0.56042113604 14.7235 0.063
54375.528013 0.564515891662 14.6865 0.074
55396.655765 0.573690317837 14.7748 0.067
54363.607836 0.575181275298 14.7211 0.074
54375.536554 0.583854187296 14.7079 0.074
55745.587947 0.616272606341 14.7451 0.064
53904.739776 0.618828856877 14.7173 0.067
54245.707794 0.629171595959 14.746 0.077
54245.716358 0.648561967557 14.7247 0.076
53904.752978 0.648720459616 14.724 0.067
55745.602921 0.650176322409 14.7366 0.064
54245.724955 0.66802705685 14.7344 0.076
53904.765825 0.677808281212 14.7259 0.067
54245.733625 0.687657430728 14.7662 0.077
53645.515517 0.690441230574 14.7831 0.082
53904.778501 0.706508929327 14.7689 0.067
55745.62862 0.708363286449 14.7818 0.064
53645.524161 0.710012735968 14.779 0.083
54326.570645 0.716599213196 14.7727 0.074
53645.532653 0.729240087172 14.801 0.083
54326.582044 0.74240851329 14.7754 0.074
55745.643819 0.742776441277 14.8653 0.081
54682.563711 0.746239492827 14.7378 0.065
53645.541169 0.748521778496 14.7902 0.083
54265.635999 0.750061415666 14.7928 0.075
56043.770909 0.753876545999 14.8518 0.072
54326.593119 0.76748422154 14.8318 0.075
54265.644903 0.770221605861 14.7418 0.075
56043.779711 0.773805790623 14.8393 0.072
54682.57799 0.778569609139 14.7674 0.065
54265.653829 0.790431607847 15.0197 0.083
54326.604247 0.792679930946 14.8275 0.075
56043.78859 0.793909376492 14.8533 0.073
54265.662676 0.810462740211 14.8418 0.075
54682.592928 0.812391815009 14.8147 0.065
56043.797526 0.814142020209 14.9862 0.079
54265.671998 0.83156935442 14.8639 0.076
54682.607564 0.845530240843 14.8476 0.066
54265.680903 0.851731808788 14.901 0.077
54265.690122 0.872605213253 14.5156 0.082
56090.643864 0.882323040775 15.0077 0.081
53622.638442 0.892801630207 14.969 0.076
54265.69955 0.893951829725 14.9028 0.336
53622.641204 0.899055274102 14.9628 0.076
53622.643867 0.905084764944 15.0207 0.077
56090.65453 0.906472702568 14.9423 0.079
53622.646515 0.911080293207 15.0236 0.077
54701.630065 0.915750148577 14.9128 0.072
54594.753309 0.92835932414 14.937 0.071
56090.665258 0.930762743043 15.0176 0.081
54701.638882 0.935713355781 14.9194 0.072
53707.460989 0.945663260969 15.0105 0.082
55715.704037 0.953951263694 14.9599 0.066
54594.765037 0.954913536911 14.952 0.072
56090.676115 0.955344861745 15.0341 0.082
54701.647711 0.955703733045 14.9523 0.072
53707.46699 0.959250558966 15.0432 0.083
53963.634663 0.967000820752 14.9895 0.071
56446.662263 0.969321597366 14.9925 0.064
53707.472999 0.972855970331 15.046 0.083
54701.656525 0.97566014773 14.9655 0.073
54594.776831 0.981617185071 14.9768 0.072
55715.718315 0.986279115833 14.96 0.066
53707.479021 0.986490815946 15.0231 0.083
56446.672248 0.991929357826 15.0224 0.064
