55778.418189 0.00580412419487 14.2885 0.06
53900.694645 0.00899490426886 14.3238 0.071
53845.766047 0.0133008699047 14.2978 0.068
54319.485793 0.022956551403 14.2843 0.071
53900.702903 0.0253813855099 14.3027 0.071
55687.719649 0.031243054877 14.3628 0.062
54861.744455 0.0354775851525 14.2822 0.064
55456.409028 0.0378845604235 14.2775 0.062
54319.495341 0.0419028002557 14.256 0.071
55778.437783 0.0446848112397 14.3257 0.06
54861.750911 0.0482883290384 14.2736 0.063
55020.496708 0.0501079467717 14.2976 0.059
54641.529032 0.0584976346782 14.2631 0.067
54319.504735 0.0605434644472 14.2666 0.071
54861.757418 0.0612002730296 14.2025 0.063
55020.507293 0.0711119312854 14.3166 0.059
54861.763913 0.0740884052355 14.2415 0.063
54641.537907 0.0761084388808 14.2382 0.067
54319.514136 0.0791980188407 14.2529 0.071
55242.757928 0.0865955487661 14.3228 0.071
55731.591924 0.0876988284458 14.4154 0.068
55020.517889 0.0921377432676 14.305 0.059
54641.546731 0.0936180429782 14.2165 0.067
54684.389462 0.107133219021 14.2255 0.069
54641.555532 0.111082007793 14.2472 0.067
56378.678318 0.111562212256 14.3338 0.06
55020.528498 0.113189351352 14.3372 0.059
55731.604844 0.113336190736 14.4197 0.069
53938.548684 0.123368892264 14.314 0.072
54684.398233 0.124537654365 14.2349 0.069
53921.415141 0.125005952929 14.2716 0.062
55731.618014 0.139469632013 14.4681 0.07
53938.556829 0.139531145811 14.3161 0.072
56378.692612 0.139926024684 14.3818 0.06
54684.407049 0.14203138393 14.2662 0.07
53921.426097 0.14674611867 14.316 0.063
55456.465547 0.150036114536 14.4297 0.063
53938.564956 0.155657681674 14.4014 0.076
54684.415676 0.159150077765 14.2567 0.068
55731.631085 0.165406626015 14.4564 0.071
53921.436933 0.168248166472 14.3329 0.063
56378.707094 0.16866288851 14.4029 0.061
53938.573112 0.17184176269 14.4554 0.078
54910.701308 0.181342667548 14.3611 0.07
53982.42567 0.18917277834 14.4402 0.073
53921.447635 0.189484315946 14.3933 0.063
54910.710253 0.199092373857 14.4164 0.071
53982.43413 0.205960091426 14.4399 0.073
53604.470725 0.207140759422 14.5824 0.082
55674.709083 0.21416920658 14.5645 0.068
54910.719225 0.216895656716 14.4141 0.071
54528.724406 0.218477156543 14.3339 0.062
53982.442645 0.222856541884 14.441 0.073
53604.479529 0.224610677186 14.5047 0.08
56421.573881 0.229912769449 14.5492 0.061
54965.656833 0.230468377928 14.4209 0.071
54910.728604 0.235506556173 14.4415 0.071
53982.45119 0.239812521813 14.4964 0.074
53604.488222 0.241860335891 14.5504 0.08
54528.737095 0.243656141834 14.3946 0.062
54965.665534 0.247733911151 14.4163 0.071
56421.587635 0.257205051267 14.5874 0.061
53604.496994 0.259266755552 14.5231 0.08
54965.673986 0.264505349705 14.425 0.071
54528.750002 0.269267708023 14.4714 0.062
56146.43809 0.273569705043 14.5462 0.061
53928.547533 0.277925278578 14.5623 0.075
56481.568972 0.279129758377 14.2117 0.061
54965.682437 0.281274803941 14.3935 0.071
56421.601625 0.284965631639 14.5817 0.061
54528.763281 0.295617439741 14.4372 0.063
55674.752181 0.299689256112 14.4605 0.068
53928.558623 0.299931342648 14.4944 0.074
56481.58025 0.301508873844 14.2408 0.061
56146.452776 0.302711369319 14.545 0.061
53928.569742 0.321994951885 14.5352 0.075
56481.591668 0.324165793555 14.5261 0.061
54247.572603 0.324465425265 14.505 0.077
55006.52566 0.327134330238 14.4454 0.066
56146.467543 0.332013763199 14.2436 0.061
53928.580916 0.344167698495 14.5061 0.075
56421.631661 0.344566546004 14.5823 0.061
54247.582815 0.344729259918 14.4611 0.076
56481.603064 0.346779058313 14.528 0.061
55006.536585 0.348812982178 14.4448 0.066
54908.771912 0.35281137884 14.4094 0.065
54350.394617 0.355829523429 14.5369 0.076
53599.508238 0.359998571283 14.5094 0.075
56146.482352 0.361399498348 14.2131 0.061
54247.592587 0.364119995539 14.4256 0.076
54350.400628 0.367757246714 14.5085 0.075
55602.722166 0.369380417167 14.5554 0.068
55006.547441 0.370354716313 14.3838 0.066
54908.781781 0.372394593117 14.4129 0.066
53920.533147 0.374851176292 14.4584 0.076
54350.406639 0.379684969984 14.5164 0.076
53599.518333 0.380030240961 14.5133 0.075
54247.602064 0.382925357954 14.417 0.075
56364.70865 0.391326951759 14.4397 0.069
54350.412639 0.391590865786 14.4412 0.075
54908.791543 0.391765485586 14.3963 0.066
53920.543516 0.395426548542 14.4269 0.075
53599.528591 0.400385354151 14.4373 0.074
55769.549161 0.406850255571 14.5204 0.062
54908.801343 0.411211782058 14.4533 0.076
56364.720079 0.414005698938 14.4128 0.069
53920.553906 0.416043591441 14.405 0.076
53599.53869 0.420424961096 14.4737 0.075
56097.628976 0.420865479237 14.3807 0.099
55769.556845 0.422097739451 14.4626 0.062
53875.70759 0.426782709447 14.3768 0.059
53871.676173 0.427177588327 14.347 0.061
54137.765418 0.43231498237 14.4214 0.078
53920.564282 0.436632853907 14.3709 0.076
56364.731802 0.437267835021 14.2759 0.076
55769.564646 0.437577388306 14.4804 0.061
53643.39225 0.439744261339 14.3867 0.081
54137.770601 0.442599692013 14.3605 0.076
53875.715628 0.442732641186 14.3337 0.059
56097.640236 0.44320887702 14.4977 0.113
53871.686831 0.448326427898 14.303 0.061
54137.775825 0.452965758624 14.3524 0.077
55769.572411 0.452985601791 14.4446 0.061
55602.764766 0.453912277346 14.4394 0.066
53643.39992 0.454963964815 14.4387 0.082
53875.723674 0.458698447459 14.3168 0.058
56364.743468 0.460416865085 14.5796 0.072
54137.780989 0.463212766279 14.371 0.076
56097.651623 0.465804282929 14.276 0.123
53871.697427 0.46935223988 14.2356 0.061
53643.407591 0.470185652593 14.4304 0.082
53875.731699 0.474622583096 14.3019 0.058
53643.415278 0.485439089424 14.336 0.08
54726.408911 0.486996777454 14.281 0.068
56097.662958 0.488296504416 14.3518 0.139
53871.70809 0.490511001034 14.2312 0.061
55750.441456 0.491126138984 14.3243 0.059
54726.414028 0.497150522256 14.2862 0.068
53967.465608 0.503682890417 14.3181 0.072
53583.454491 0.504292075415 14.2064 0.077
54726.419179 0.507371733795 14.2525 0.068
53863.656143 0.512904006717 14.2115 0.068
53583.460936 0.517080991833 14.1952 0.074
54726.424313 0.51755921198 14.2165 0.069
53967.474128 0.520589262459 14.2567 0.071
55750.457377 0.522718433485 14.3813 0.059
55041.397152 0.523192684999 14.2573 0.065
53583.467352 0.529812363067 14.2412 0.075
53863.666564 0.533582563403 14.1964 0.067
53967.482658 0.537515477652 14.2884 0.072
55041.405343 0.539446217083 14.2742 0.065
53583.473747 0.542502063667 14.1734 0.074
54957.755091 0.550915563371 14.2164 0.061
53863.676963 0.554217465137 14.1989 0.068
55750.473331 0.55437621042 14.3776 0.059
53967.491205 0.554475426214 14.2687 0.072
55041.413499 0.555630298113 14.2809 0.065
54957.765521 0.571611978907 14.2256 0.061
55041.42166 0.571824300713 14.301 0.065
53863.687406 0.574939676775 14.2185 0.068
55750.489348 0.586158999261 14.3609 0.059
55695.558633 0.586264168003 14.4469 0.066
55041.42978 0.587936946359 14.2741 0.065
54957.775984 0.592373876863 14.2599 0.061
54016.395279 0.595610296198 14.2897 0.074
54016.399156 0.603303489206 14.285 0.074
55695.570569 0.609948963385 14.3972 0.065
54016.40304 0.611010572416 14.2733 0.074
54957.786423 0.613088151234 14.322 0.062
54016.406927 0.618723608591 14.339 0.075
55806.460176 0.649966663478 14.4902 0.062
55695.5948 0.658030923563 14.4574 0.066
55806.469411 0.668291821425 14.4698 0.062
54283.526793 0.668938708429 14.3948 0.114
55320.662969 0.67481228369 14.5317 0.068
55806.478627 0.68657927737 14.43 0.062
54283.54117 0.69746721908 14.3965 0.073
55806.487852 0.704884592166 14.4065 0.062
54233.656661 0.710839524387 14.3611 0.075
54283.550457 0.715895561463 14.3952 0.073
53954.470489 0.717260770852 14.4208 0.073
54233.666264 0.729894910611 14.3626 0.075
53954.478994 0.734137378144 14.4044 0.073
55473.393787 0.741013032974 14.4684 0.069
54233.675919 0.749053481272 14.4018 0.076
53954.487503 0.751021922702 14.3918 0.073
55320.702901 0.754049988867 14.5048 0.069
54283.572636 0.759905705285 14.5616 0.08
53954.495988 0.76785884369 14.4434 0.073
54233.685608 0.76827951867 14.419 0.076
55962.746537 0.771488157586 14.4908 0.072
55473.409735 0.77265890401 14.5417 0.07
55962.752389 0.783100374626 14.5284 0.072
55962.758182 0.794595517014 14.4626 0.072
55962.763933 0.806007318147 14.5405 0.072
53619.387257 0.806253373327 14.4875 0.073
56029.790909 0.808705987863 14.5153 0.065
56029.795695 0.818202924075 14.5337 0.065
56029.800502 0.827741530921 14.5041 0.065
56176.45312 0.832872972011 14.5963 0.063
53619.401616 0.834746166293 14.4814 0.073
54492.750472 0.834825538925 14.5203 0.079
56029.805246 0.837155125877 14.4852 0.065
54492.754747 0.843308489681 14.5254 0.078
53901.622987 0.851118757333 14.4818 0.073
54492.759015 0.851777550235 14.4882 0.077
56176.465184 0.856811759837 14.5508 0.062
54492.763302 0.860284312776 14.4688 0.077
56399.718953 0.862830190168 14.5468 0.064
53619.41621 0.86370527351 14.4499 0.073
53901.631513 0.86803703526 14.3831 0.072
56176.477275 0.880804124183 14.5017 0.062
55412.486546 0.881802235119 14.557 0.072
53901.640073 0.885022779938 14.3974 0.072
56399.732847 0.890400276201 14.4842 0.063
53619.430688 0.892434200069 14.4788 0.073
55359.578588 0.895696415511 14.5053 0.059
53901.6486 0.901943042181 14.3738 0.072
56115.510723 0.903901562038 14.463 0.058
56176.489307 0.904679413905 14.4569 0.062
56399.746653 0.917795742441 14.4633 0.063
56115.524819 0.931872479901 14.5139 0.058
56399.760479 0.945230894985 14.3871 0.062
55412.521919 0.951993443803 14.3063 0.082
53845.737794 0.957237990907 14.3167 0.069
56115.538882 0.959777915344 14.4147 0.058
55687.685843 0.964161269311 14.3437 0.061
55083.447802 0.964968885916 14.3491 0.065
54377.411561 0.965982871372 14.3407 0.075
54377.415552 0.97390227639 14.3794 0.076
53845.747178 0.975858811932 14.3167 0.069
53900.678179 0.976321157561 14.3518 0.071
55083.45363 0.976533479372 14.335 0.065
55778.405476 0.980577515304 14.3029 0.06
54377.419584 0.981903038376 14.332 0.075
55359.62364 0.98509381844 14.3473 0.059
56115.553009 0.987810347008 14.3927 0.058
55083.459473 0.988127837563 14.3029 0.065
54377.423614 0.989899831714 14.3785 0.076
53900.686399 0.992632234799 14.3273 0.071
55778.41181 0.993146172632 14.2903 0.061
53845.756622 0.994598691926 14.2897 0.068
55083.465303 0.999696399637 14.2638 0.065
