54377.731233 0.0115764519853 15.9307 0.104
55102.711105 0.0120129442498 15.9511 0.088
53849.410905 0.0127278884558 15.9285 0.085
56058.367904 0.0154352693172 15.9285 0.086
56224.735535 0.024844311482 15.9417 0.075
56058.374057 0.0270117213164 15.9487 0.087
54377.7406 0.029199826896 16.0075 0.107
55102.722599 0.0336381253348 15.9746 0.088
55127.703597 0.0336908054332 15.9811 0.095
56224.742697 0.0383191285159 15.9397 0.075
56058.380253 0.0386690748979 15.9344 0.087
53701.667223 0.0430151831441 15.8813 0.104
54377.750024 0.0469304434478 15.9842 0.106
54492.5577 0.0497826945752 15.9844 0.107
55127.712394 0.050241764027 15.9456 0.094
56058.386484 0.0503922785994 15.8825 0.086
56224.74984 0.0517581983269 15.9335 0.075
53865.377401 0.0526067242273 15.8696 0.095
55102.734065 0.0552106263156 16.0068 0.089
53701.675385 0.0583714323314 15.9224 0.105
53832.428436 0.0613647908753 15.9492 0.096
53865.382751 0.0626723862082 15.9465 0.098
54377.759678 0.0650937893893 15.9302 0.104
56224.757135 0.0654832458389 15.945 0.075
55127.721003 0.0664390133672 15.9831 0.095
54533.494239 0.0691031212879 15.9138 0.102
54492.568337 0.0697954883127 15.9775 0.107
53865.388111 0.0727568625169 15.8472 0.096
53701.683393 0.0734379409522 15.9392 0.106
53832.436199 0.0759703486285 15.9199 0.095
53717.631046 0.0778649507975 15.8851 0.101
53865.393459 0.0828187616322 15.8994 0.097
54533.50229 0.0842505314911 15.8926 0.102
53701.691501 0.0886925927966 15.8823 0.104
54492.578977 0.0898139263485 15.9921 0.108
55127.73363 0.0901958570836 15.954 0.094
53832.443926 0.0905081748153 15.8931 0.094
53683.623526 0.0950236119719 15.9084 0.099
54533.510331 0.0993791273801 15.9233 0.103
53717.642974 0.100306673437 15.894 0.102
53832.451656 0.1050516453 15.9315 0.096
53683.631248 0.109552030995 15.8969 0.098
54492.589633 0.109862467309 15.9351 0.106
54533.518363 0.114490790388 15.8918 0.102
53717.654971 0.122878214897 15.9053 0.102
53683.638972 0.124084212897 15.9247 0.099
53683.646771 0.138757502203 15.9161 0.099
54088.660266 0.144166619622 15.9531 0.11
53717.667131 0.145756429791 15.8989 0.102
55266.490461 0.151758198335 15.9728 0.09
54088.666702 0.15627551692 15.9333 0.141
56362.468242 0.159586837498 16.0221 0.095
54088.673118 0.168346785564 15.9848 0.14
56362.476006 0.17419427667 16.0318 0.096
54088.679538 0.180425579938 15.958 0.111
56362.483695 0.188660608453 15.9651 0.094
56362.491409 0.203173976027 16.003 0.096
55644.448884 0.254885138556 15.9515 0.086
54169.510236 0.257899192862 15.9484 0.107
54169.517901 0.272320370257 15.9337 0.106
54169.525583 0.28677353201 16.0014 0.109
54729.73835 0.289082049248 16.031 0.103
54169.533254 0.301205998002 16.0595 0.112
54729.747802 0.30686534589 16.243 0.11
54729.757344 0.324817971428 16.3546 0.114
54729.767244 0.343444149684 16.0639 0.103
55100.761405 0.343784688893 16.1165 0.091
55100.769619 0.359238772544 16.0498 0.095
56294.580173 0.432791480872 16.0277 0.078
54860.566709 0.433762299853 15.9597 0.096
55569.605577 0.442281424617 15.984 0.081
54860.575313 0.449950142043 15.9071 0.094
56294.591421 0.453953829643 15.9371 0.076
54860.583943 0.466186901458 15.9807 0.097
56294.602892 0.475535737801 15.9723 0.077
54860.592573 0.482423660887 15.9209 0.095
54925.438851 0.486295648238 15.9771 0.079
55569.631039 0.490186449918 15.9385 0.081
56294.614363 0.497117645946 16.0248 0.078
54925.446657 0.500982107574 15.9586 0.079
55675.409269 0.504748734736 15.8895 0.088
54941.399326 0.514846381056 15.9609 0.084
54925.454476 0.515693025522 15.9614 0.08
54941.406752 0.52881789618 15.9847 0.085
54925.462283 0.53038136629 15.9681 0.08
54941.414202 0.542834565664 15.9607 0.085
55675.43066 0.544994449764 15.9175 0.09
56392.439197 0.547905025297 16.0046 0.082
54941.421653 0.55685311658 15.9388 0.084
56392.446414 0.561483321093 15.9306 0.081
55246.512366 0.564328046507 15.9235 0.099
56392.453571 0.574948730963 15.9379 0.081
54207.42268 0.587590073563 15.9455 0.109
56392.4608 0.588549603952 15.9077 0.081
54207.427988 0.597576715394 16.0013 0.111
54207.433305 0.607580290107 15.8903 0.107
54207.438609 0.617559406207 15.9077 0.109
54594.397857 0.655127843314 15.9933 0.105
56028.414409 0.659966886782 15.9434 0.083
54594.403977 0.666642208045 15.9738 0.105
56028.422683 0.675533856358 15.9804 0.084
54594.410111 0.678182912821 15.9165 0.103
54594.416262 0.689755601955 15.9446 0.105
56028.431407 0.6919474704 15.9983 0.084
53967.773067 0.703104363037 15.9452 0.105
56028.439774 0.707689413171 15.9704 0.084
53967.78125 0.718500122286 15.889 0.102
54767.706355 0.723307181423 15.8352 0.083
54064.522607 0.730799044223 15.9129 0.093
54964.369946 0.732509266044 15.9663 0.087
53967.789416 0.733863897191 15.9355 0.104
54108.642988 0.740302157995 15.9413 0.093
56423.369324 0.740840247588 15.9471 0.082
54964.374784 0.741611634768 15.9554 0.087
54767.718216 0.745622848107 15.9428 0.085
53967.797658 0.749370660946 15.9415 0.104
56423.374114 0.749852307566 15.94 0.082
55154.660126 0.750571014654 16.0153 0.087
54964.379616 0.750702714896 15.9147 0.086
54064.53569 0.755413820988 15.9371 0.094
56423.378952 0.75895467629 15.9534 0.082
54964.384448 0.759793795024 15.9073 0.086
54108.653907 0.760845515599 15.9651 0.094
54767.730079 0.767942277656 15.9375 0.086
56423.383785 0.768047637851 16.0012 0.083
55154.672236 0.773355157936 16.0952 0.09
54478.592406 0.775029632555 15.9816 0.093
54008.738501 0.776788771605 15.9562 0.102
54064.548745 0.779975917661 16.0011 0.095
54108.664815 0.781368177443 16.0398 0.097
54767.74089 0.788282440588 16.1473 0.091
54478.602229 0.793510940514 16.245 0.101
54008.749688 0.797836353031 16.1118 0.108
54108.675754 0.801949163703 16.2869 0.105
54064.561839 0.804611390186 16.3418 0.105
54600.355131 0.863334650322 16.1085 0.101
54478.644112 0.872310963101 16.0725 0.236
54600.361053 0.874476491499 15.9516 0.096
54600.366976 0.885620214095 15.9757 0.097
54478.653954 0.890828018283 16.066 0.131
54600.372918 0.896799683914 15.937 0.096
54905.461742 0.900720588504 16.0487 0.087
54478.663829 0.909407160718 15.9971 0.095
54905.471335 0.918769167086 16.0526 0.087
55325.367744 0.925371112489 15.9532 0.09
54904.415959 0.933150834404 16.0042 0.098
54905.480988 0.936930631595 15.9691 0.086
54905.490599 0.95501307594 15.9977 0.087
55325.389242 0.965818140757 15.9751 0.092
53849.386402 0.966627156578 15.9287 0.084
53849.394571 0.981996575781 15.9003 0.084
55102.699722 0.990596602122 15.995 0.089
53849.402744 0.997373520715 15.9295 0.085
