53701.6932895 0.00352713325906 13.072428 0.0581670709969
55170.6990046 0.00809550007091 13.081082 0.0548943202063
53849.4043659 0.00927010772385 13.079485 0.0548521824782
56422.4076038 0.0137601509801 13.105692 0.0546026428945
54169.5174837 0.0164238922323 13.090567 0.058484285101
53849.412515 0.0274211316328 13.092833 0.0549070902837
54169.5251608 0.0335236503384 13.07982 0.0584505476538
54169.5328323 0.0506107753082 13.067178 0.0584119663848
56058.3708433 0.172841496173 13.02818 0.0548906647651
55675.4110088 0.183424869381 13.005759 0.0552628238149
56058.3770613 0.186691370771 13.037199 0.0549496374558
56058.3832344 0.20044093599 13.008935 0.0548802750382
53832.4322747 0.206312979058 12.945846 0.0559816340829
56058.3894507 0.214286942773 12.981732 0.0548223349172
53832.4400094 0.223540886763 12.952987 0.0560402207431
55675.4324402 0.231160262564 12.961048 0.0552566903615
54905.4643937 0.235132825733 12.911881 0.0541003614457
54860.5684158 0.235627433726 12.950024 0.0559087829084
53832.4477431 0.240766757546 12.935739 0.0559713455362
55127.706763 0.248896285892 12.932358 0.055706201669
54860.5770409 0.254838645586 12.935857 0.0558697387489
54905.4740333 0.25660369943 12.937227 0.0542031966422
53832.455463 0.257961667805 12.932643 0.055989415456
55127.7154851 0.268323532071 12.912048 0.0556026550734
54860.5856582 0.274032585163 12.93209 0.0558879085436
54905.4836491 0.278021441693 12.932731 0.0544241919119
55127.723915 0.287100073069 12.919821 0.0556069252922
54941.4062259 0.290532141489 12.909933 0.0541086794515
54860.5942928 0.293264937122 12.931368 0.0557045656434
56294.5808674 0.297600627238 12.945587 0.0531106907861
54905.493259 0.29942631938 12.940665 0.0544677011928
54941.4136743 0.307122467611 12.913999 0.0541549461407
55127.7365497 0.315241942087 12.915129 0.0556518917221
54468.6629245 0.32101261934 12.948031 0.0554882409848
56392.4657378 0.322445528574 12.934657 0.0538575889722
56294.592132 0.32269111529 12.944569 0.0531195568072
54941.4211206 0.323707920942 12.942144 0.0542658365968
54010.7282416 0.335617630233 12.94534 0.0572016537596
56392.4728634 0.338316860461 12.950487 0.0539475920302
54941.4285763 0.34031448742 12.944304 0.0543764650886
56294.6035924 0.348217537802 12.963243 0.0531757979868
54468.6764829 0.351212037111 12.957293 0.0559931816802
56392.4800622 0.35435112037 12.955051 0.0539973977971
54010.738855 0.359257679726 12.959218 0.0572800984014
56392.4873158 0.370507599989 12.976262 0.0541172949734
55266.4910465 0.37145792495 12.958268 0.0550289181042
56294.6150636 0.373767934937 12.992589 0.0532663237428
54594.3993819 0.381368249443 12.946481 0.057098984362
54468.6900612 0.381455797154 12.993858 0.0559195399826
54010.7495119 0.382994401756 12.994952 0.0574089511754
54113.5654603 0.391125189447 13.041886 0.0597095907792
54594.4055104 0.395018820753 12.956539 0.0572006101638
54113.5727133 0.40728009765 13.042288 0.0594554112867
54594.4116452 0.408683056041 12.994781 0.0574069067258
54468.7036476 0.411717601268 13.020676 0.0562545962373
54767.7126012 0.412300406497 13.02508 0.0546934800765
54010.7666666 0.421204092551 13.020471 0.0575506217858
54594.4178087 0.422411508112 13.040037 0.0576716446235
54113.5800363 0.423590972302 13.071284 0.0597747381193
54108.6478623 0.437864065112 13.061408 0.0560899598512
54767.7248197 0.439515472147 12.984877 0.0546165526478
54113.5874857 0.440183643393 13.088565 0.0605707249841
54478.5940162 0.441129024731 13.053642 0.0559600035592
54207.4244509 0.448886403304 13.058827 0.0585915414345
56028.4173422 0.455611489623 13.069833 0.0545248279112
54207.4297618 0.460715593081 13.069137 0.0587215656983
54108.6587851 0.462192971802 13.076003 0.0562009223464
54478.6038426 0.463015981762 13.081467 0.0561459948703
54767.7357625 0.463888977248 13.007701 0.0547129943123
54207.4350696 0.472538053567 13.062029 0.0587386502581
56028.4256812 0.474185403007 13.069446 0.0545335164779
54964.3884193 0.48015052589 13.064429 0.0550894032535
54207.4403882 0.484384514737 13.091217 0.0589478439483
54108.6696982 0.486500481347 13.094806 0.0563655261278
54767.7465404 0.487895097587 13.024036 0.0547668945525
54964.393261 0.490934556838 13.068137 0.0551170712234
56028.4343817 0.493564440202 13.112711 0.0547164143118
54964.3980914 0.501693581865 13.094663 0.055304501663
53717.6314647 0.503580872558 13.116502 0.0580494283905
54478.6234298 0.50664377654 13.099814 0.0561607645714
56362.4687179 0.5082832634 13.079875 0.056272876536
54108.6806364 0.510863674668 13.094909 0.0564365123378
56028.4427619 0.512230129944 13.104119 0.054713936588
54964.4029658 0.512550828594 13.099667 0.0553562107114
55569.6062723 0.518187018285 13.095913 0.0542140990127
54951.3868744 0.521029418095 13.068151 0.0566641794941
56362.4764833 0.52557974529 13.081461 0.056320287011
53717.6434068 0.530180269386 13.112843 0.0580367366319
54951.3927412 0.534096855197 13.07375 0.0567349102852
56362.4841835 0.542730828893 13.071346 0.0563104117427
54830.6277877 0.5470701496 13.083305 0.0569634269217
54951.398583 0.547108581572 13.054263 0.0566474789112
54492.5594632 0.547207152279 13.092329 0.0583747222011
55102.7002925 0.550484253462 13.065183 0.0553429305635
53717.655398 0.556888997071 13.114033 0.0579970903495
56362.4918857 0.559886295732 13.045903 0.0562038782334
54951.404423 0.560116441267 13.060944 0.0567213088359
54830.6350884 0.563331526957 13.077492 0.0569571671073
54492.5701026 0.570904947638 13.073916 0.0583068997211
55569.6317445 0.574922930003 13.069814 0.0541827220677
55102.7116421 0.57576393949 13.061067 0.0552210737399
54478.6555712 0.578234194445 12.915923 0.0588833584012
54830.642445 0.579717162712 13.058759 0.0569211289179
53717.6675648 0.583988877902 13.076187 0.0578296997086
53865.3787435 0.589959719318 13.080953 0.0569361471269
54492.5807505 0.594621562631 13.054481 0.0582411461768
54830.6497968 0.596092255036 13.041053 0.0568268388535
54478.665449 0.600235639105 13.04484 0.0559886644679
55102.7231259 0.601342436337 13.036456 0.0551206007715
53865.3840937 0.601876507598 13.081526 0.0569730565642
53865.3894428 0.613790821049 13.076147 0.0569690180967
54492.5914023 0.618346943172 13.024821 0.0580828153834
53865.3947877 0.625695957574 13.068065 0.0569425064241
55102.7345921 0.626881748124 13.014506 0.0549196192151
53967.7726031 0.657946856526 13.027027 0.0578167523499
54600.3606241 0.659200669337 13.019961 0.0563610615461
54600.3665533 0.672407315765 13.004094 0.0563256955657
53967.7807995 0.676203139247 13.01433 0.0576625398693
54600.3724865 0.685622701487 12.988173 0.056289472498
53967.7889973 0.694462515986 12.984558 0.057425255373
54600.3784255 0.698851002543 12.966784 0.056191039879
53967.7971842 0.712697659725 12.9726 0.0573572798438
54533.4955633 0.726638947841 12.95678 0.0572117456779
54925.4407868 0.729751725541 12.978685 0.0535468841643
54533.5036191 0.744582266207 12.94243 0.0571521886694
54925.4485968 0.747147432748 12.960835 0.0535333269639
53683.6251391 0.759251478529 12.955354 0.0566966618198
54065.6920748 0.759861275134 12.951606 0.0578020434066
54533.5116562 0.762483795957 12.950087 0.0571863784431
54925.4564124 0.764555539446 12.973115 0.0535991991383
54065.6985653 0.774317769883 12.925608 0.0577008401875
53683.6328608 0.776450616543 12.958946 0.0566809047141
54533.5196949 0.780388702831 12.940654 0.0571621329141
54925.4642636 0.782043048859 12.96001 0.0535972813275
54377.7316489 0.784326736339 12.965454 0.0573892127684
54065.7052219 0.789144459448 12.956517 0.0578591750946
53683.6405904 0.793667155582 12.96307 0.0567043376059
54065.7117313 0.803643207445 12.863124 0.0841419503095
54377.7410214 0.805202590865 12.943934 0.0572852645192
53683.6483863 0.811031489526 12.978763 0.0567778229829
54377.7504652 0.826237506296 12.952518 0.0573313590602
54729.7414758 0.836934551258 12.988687 0.05693740184
54377.7601209 0.847744187929 12.981085 0.0575041630739
54729.7509477 0.85803187888 12.997645 0.0568692066213
55246.5127762 0.872657827617 12.978393 0.0566816235548
54729.7604514 0.879200073958 13.010038 0.0568662380488
54729.7706224 0.901854542045 13.033327 0.0569617762537
54904.4180324 0.904509503705 12.98941 0.0563385301572
55170.6619414 0.925542526095 13.018044 0.0546218772292
53701.6690018 0.94942961076 13.051753 0.0580849267289
55170.6743045 0.953079578451 13.03824 0.0547095686524
56422.3860101 0.965663301353 13.071336 0.0542973099396
53701.6771483 0.967574681379 13.044721 0.0580084153753
53849.3880126 0.972845320999 13.060828 0.0547228963571
55170.6866827 0.980650170852 13.079757 0.0548612710082
56422.3931783 0.981629502498 13.102668 0.0547546330538
53701.6852031 0.985515756129 13.080921 0.0582190268799
53849.3961865 0.991051540456 13.079033 0.0547985334477
56422.4003419 0.997585391863 13.092388 0.0546444422816
54169.5098173 0.999348085154 13.066979 0.0583325629265
