56364.700206 0.00346086298125 13.3695 0.056
54641.526833 0.00600629040124 13.2916 0.059
53604.487712 0.0107326928209 13.3312 0.063
53900.685964 0.0120297989962 13.2913 0.06
55806.458081 0.0138233639733 13.3929 0.055
54492.733832 0.014141901116 13.2869 0.062
55769.5206 0.0141878163948 13.1681 0.055
54861.762297 0.0165897586037 13.3345 0.057
53920.551207 0.0193963290655 13.3431 0.062
56115.552077 0.0220881113912 13.2949 0.054
54684.394278 0.022883019387 13.2374 0.07
55320.698141 0.0265992860198 13.4145 0.058
54492.739566 0.0305967836259 13.2777 0.062
54641.535646 0.0312969913927 13.2769 0.059
53928.570159 0.0314146492723 13.2832 0.06
54377.397842 0.0339945131217 13.2876 0.062
53900.694221 0.0357249446088 13.2678 0.06
53604.496565 0.0361381819888 13.3167 0.063
55806.467292 0.0402562071731 13.3278 0.055
54377.401839 0.0454647198546 13.2837 0.062
55769.531956 0.0467761745667 13.1615 0.055
54492.745282 0.0470000114889 13.283 0.062
54684.403063 0.0480933686822 13.2946 0.06
55674.749193 0.0483057267907 13.153 0.058
53920.561579 0.0491608985648 13.28 0.062
55731.551542 0.0542316654645 13.3401 0.056
55328.722947 0.0554168532032 13.3733 0.058
54641.544527 0.0567828322779 13.2718 0.058
54377.40585 0.0569751024566 13.2665 0.062
53900.702483 0.059434438746 13.2804 0.06
53928.581344 0.0635122880676 13.2137 0.06
55806.476498 0.0666747018482 13.2838 0.055
55320.712148 0.0667952294004 13.2946 0.062
54377.409854 0.0684653971031 13.289 0.062
54684.411793 0.0731458842686 13.2649 0.059
55769.543301 0.0793329660052 13.3381 0.055
54641.553333 0.0820534453766 13.2513 0.058
55731.562136 0.0846333092292 13.2634 0.056
55806.485732 0.0931735482197 13.3021 0.055
56378.674764 0.106305313553 13.2774 0.055
55731.572729 0.115032083289 13.3227 0.056
55032.552743 0.134609203715 13.3135 0.06
55731.583404 0.14566617307 13.2439 0.056
56378.689029 0.147241640555 13.2963 0.055
54965.65285 0.151721248432 13.317 0.06
55032.561237 0.158984469167 13.3363 0.06
55687.685149 0.170669903685 13.2795 0.056
55083.443073 0.174790798588 13.2891 0.057
54965.661748 0.17725587428 13.3444 0.06
55032.569737 0.183376952828 13.3187 0.06
56378.703438 0.188591204922 13.3643 0.055
55083.448889 0.191480996818 13.3105 0.057
54965.6702 0.201510612167 13.354 0.06
55032.57825 0.207806742653 13.3833 0.061
55083.45473 0.208242937652 13.3095 0.057
54980.656905 0.208917318099 13.3733 0.054
54890.752175 0.208957493949 13.3576 0.06
56421.57317 0.212030946897 13.3537 0.055
55473.393199 0.216212105554 13.3496 0.059
55083.460562 0.224979051162 13.3675 0.057
54965.678631 0.22570508627 13.3682 0.06
54890.758976 0.228474350578 13.3641 0.06
56378.71804 0.230494622174 13.5859 0.061
55032.586776 0.232273838621 13.3857 0.061
54980.665771 0.234360113411 13.3819 0.054
54130.752716 0.235499385891 13.3428 0.062
53875.675493 0.23938209535 13.4024 0.054
53609.447508 0.243878921443 13.3153 0.063
54890.765721 0.247830503815 13.3684 0.06
54130.757088 0.248045731598 13.3505 0.062
56421.586926 0.25150659459 13.3442 0.055
53875.681317 0.256095251221 13.3946 0.054
55658.792266 0.256649104069 13.4236 0.058
54980.674633 0.259791429923 13.401 0.054
54130.761443 0.260543292363 13.3822 0.062
55473.409149 0.26198388374 13.4379 0.059
54890.772516 0.267330142215 13.3733 0.06
55687.71895 0.267668767296 13.4359 0.056
53875.687133 0.272785449451 13.3998 0.054
54130.765792 0.273023634877 13.3746 0.062
53609.457704 0.273138423041 13.378 0.064
54936.772364 0.273276168821 13.3956 0.06
54980.683532 0.285328925476 13.4219 0.055
54528.720542 0.2853461437 13.3625 0.056
53875.692953 0.289487126502 13.4398 0.054
56421.600906 0.291625055958 13.1763 0.055
55658.805188 0.293731418662 13.4297 0.058
54936.781706 0.300084943242 13.4132 0.06
53609.467901 0.302400794344 13.4227 0.064
54528.733111 0.321415452786 13.3685 0.056
55219.7461 0.324127323016 13.4594 0.062
53845.73822 0.328271175543 13.4519 0.06
53609.478094 0.331651686807 13.3903 0.064
55602.719222 0.343612612922 13.5151 0.059
55219.7549 0.349380717885 13.4434 0.062
53845.747595 0.355174650185 13.4413 0.06
55242.756682 0.357685641147 13.4047 0.061
54528.746066 0.3585924676 13.3967 0.056
53954.470906 0.35889091682 13.4158 0.062
55012.422773 0.367554553068 13.4323 0.061
56481.565459 0.372140339996 13.5156 0.055
56421.630954 0.37785392059 13.51 0.055
53845.757038 0.3822732647 13.4136 0.06
53954.479412 0.38330061871 13.4195 0.062
55012.432104 0.394331760734 13.4123 0.061
54528.759155 0.39615402275 13.3957 0.056
56481.57669 0.404369985197 13.4789 0.055
53954.487922 0.40772179942 13.4068 0.061
53845.766464 0.40932309423 13.4223 0.06
55412.48218 0.41961959204 13.4513 0.06
55012.441225 0.420506330574 13.3685 0.061
53954.496406 0.432068367823 13.3837 0.061
56481.588109 0.437139134717 13.3764 0.055
55012.450682 0.447645120936 13.2524 0.06
54910.699113 0.450764489142 13.4081 0.06
55602.761724 0.465580770698 13.3549 0.058
55456.405495 0.466530642696 13.2584 0.056
56481.599502 0.469833671951 13.4377 0.055
54247.573031 0.475220106294 13.3318 0.062
54910.70806 0.476439730469 13.3724 0.06
54957.752491 0.480029730131 13.3391 0.056
53921.410307 0.484759002256 13.3628 0.056
54262.561711 0.488294477548 13.3047 0.063
56097.594374 0.488796675736 13.3319 0.065
56399.716612 0.490179873034 13.3685 0.056
54910.717095 0.502367505768 13.3222 0.059
54247.583248 0.504539871674 13.3141 0.062
55778.403399 0.505191294473 13.3635 0.055
54957.762915 0.509943524224 13.3139 0.056
55962.745098 0.51129515479 13.2859 0.06
54262.570737 0.514196425502 13.3105 0.063
53921.421301 0.516308527618 13.3106 0.056
56097.604334 0.517378927199 13.3414 0.067
55412.517482 0.520925881295 13.4227 0.061
55778.409689 0.523241732383 13.3277 0.055
55962.750938 0.528054225919 13.3222 0.06
54910.72641 0.529098798176 13.3005 0.059
56399.730384 0.529701436006 13.4087 0.056
54247.593007 0.532545312635 13.2851 0.062
55749.490795 0.534577063024 13.3342 0.054
54233.656243 0.538158453567 13.2737 0.062
54957.77338 0.539974976178 13.2896 0.055
54262.579751 0.540063936997 13.2924 0.062
55778.416069 0.541550443653 13.3205 0.055
55962.756724 0.544658333043 13.311 0.059
56097.614299 0.545975527167 13.2349 0.069
53921.43221 0.547614128124 13.312 0.056
55778.422438 0.55982758819 13.3821 0.055
54247.602517 0.559836197296 13.2525 0.061
55962.762473 0.561156261127 13.2862 0.059
54233.665819 0.565638738712 13.2718 0.062
54262.588753 0.565897012075 13.2409 0.062
56399.744245 0.569478402613 13.3349 0.056
54957.783823 0.569943294644 13.2943 0.056
56097.624223 0.574454469274 13.2487 0.077
55749.505835 0.577737410619 13.2663 0.054
53921.442994 0.578561015638 13.3085 0.056
53982.425254 0.579594109076 13.2557 0.06
54726.406812 0.586418265095 13.244 0.059
54233.675502 0.59342608216 13.2443 0.061
54726.411922 0.601082452332 13.2497 0.059
53982.433712 0.603866065172 13.2594 0.06
56399.758099 0.609235281285 13.3431 0.056
54726.417046 0.615786815439 13.2559 0.059
55749.520861 0.620857582324 13.3482 0.054
54233.685189 0.621224904449 13.2502 0.061
55338.677851 0.623044296751 13.3688 0.056
53982.442228 0.628304464111 13.2687 0.06
55456.46198 0.628625870955 13.2672 0.056
54726.422195 0.630562921127 13.2963 0.06
53967.465193 0.648647795504 13.2787 0.061
56146.435993 0.64978419826 13.3991 0.055
53583.454064 0.650389705791 13.2719 0.064
54283.526349 0.650599194186 13.5035 0.072
53643.39099 0.651623678501 13.3017 0.064
53982.450773 0.652826084452 13.2879 0.06
53938.549101 0.668024036631 13.3072 0.061
53583.460513 0.668896426639 13.2742 0.062
55749.537738 0.669289576085 13.3522 0.054
53967.473701 0.673063236804 13.2919 0.061
53643.398652 0.673611350263 13.343 0.065
55020.545534 0.677473971777 13.2946 0.054
53583.466931 0.687314186676 13.3012 0.063
54283.540326 0.690709046461 13.3126 0.061
53938.557247 0.691400645101 13.3258 0.061
53643.406329 0.695642067558 13.3189 0.064
53967.482241 0.69757050862 13.2925 0.061
53901.622565 0.699797398894 13.3015 0.06
53583.473325 0.705663073795 13.3084 0.063
53938.565373 0.714719859493 13.1731 0.068
55020.558782 0.715491809865 13.3123 0.054
53643.414012 0.717690003102 13.3727 0.065
54283.550035 0.718571002216 13.3102 0.061
53967.490784 0.722086389572 13.3452 0.061
53901.63109 0.724261625178 13.3247 0.06
56146.465458 0.734340025479 13.4856 0.055
53863.655711 0.746166075506 13.3727 0.06
53901.63965 0.748826291072 13.3094 0.06
55338.722527 0.751251190922 13.4668 0.057
54349.422612 0.753366162753 13.3435 0.058
55020.572107 0.75373061515 13.3596 0.054
53871.675513 0.760623644071 13.368 0.056
53619.385103 0.761834659138 13.3691 0.06
55695.558038 0.763530654186 13.345 0.058
54349.429145 0.772113938731 13.3639 0.058
53901.648177 0.773296256766 13.3408 0.061
53863.666118 0.776031084636 13.3961 0.06
56146.480235 0.776745640928 13.5517 0.055
54283.572198 0.782172251115 13.4271 0.065
54349.435658 0.790804320632 13.3662 0.059
53871.686154 0.791160163925 13.3704 0.056
55020.585405 0.791891938422 13.3984 0.055
55695.569958 0.797737525397 13.3478 0.058
53619.399462 0.803040738321 13.373 0.06
53863.676546 0.805956357549 13.3851 0.06
54349.442173 0.809500441943 13.3799 0.059
53871.696773 0.821633550292 13.3995 0.056
53863.686955 0.835827106068 13.4116 0.06
54319.484459 0.839729903461 13.3872 0.061
53619.413934 0.844571094036 13.3985 0.061
53871.70742 0.852187288356 13.4119 0.056
54319.493995 0.86709540043 13.3907 0.061
55695.594197 0.867296279712 13.3435 0.058
53619.428422 0.88614736503 13.4051 0.061
56115.506562 0.891473535597 13.3803 0.054
54319.503386 0.89404479033 13.4045 0.061
56364.662124 0.894176796728 13.3962 0.057
54908.768141 0.909446491501 13.3974 0.058
55320.658277 0.912201407309 13.4017 0.058
54319.512807 0.921080271357 13.3696 0.061
55674.70616 0.924813756217 13.4188 0.058
54017.393911 0.929287624686 13.4078 0.062
56364.674705 0.930280542252 13.2911 0.057
54017.396579 0.936943994858 13.3779 0.062
54908.777939 0.937563850912 13.3974 0.058
56115.52389 0.941199765823 13.3362 0.054
54017.399237 0.94457166798 13.3741 0.062
54017.401898 0.952207950218 13.3784 0.062
53920.530452 0.959835623354 13.3099 0.061
53604.470303 0.960774016558 13.3633 0.063
54861.742858 0.96080558329 13.3722 0.057
54908.787746 0.965707037667 13.4166 0.062
56364.687493 0.96697831651 13.2122 0.057
53928.547949 0.967678524283 13.3405 0.061
55328.692634 0.968427517015 13.3644 0.058
54861.749319 0.979346740597 13.3671 0.057
56115.537946 0.981536324703 13.3249 0.054
55769.509311 0.98179172837 13.3349 0.055
53604.479105 0.986033150816 13.3336 0.063
53900.677762 0.988492487113 13.325 0.061
53920.540822 0.989594453444 13.3324 0.062
54908.797575 0.993913357889 13.3674 0.06
54684.38545 0.997549272822 13.3201 0.06
54492.72814 0.997807546171 13.3287 0.063
54861.755826 0.998019904268 13.336 0.057
53928.559041 0.999509280624 13.2751 0.06
