55626.6089524 0.00276507593971 15.763573 0.0699391778349
53903.4012454 0.00300403852652 15.930147 0.0885743207838
53883.4679842 0.00760399788747 15.873072 0.0837201314799
55690.4000466 0.00907767323798 15.760101 0.0753747334405
53761.6489324 0.0145935798951 15.823379 0.10655182864
56380.5704254 0.0149773833835 15.752563 0.0724751564259
54835.6653158 0.0221579045816 15.828085 0.139172626003
55163.6979138 0.035458496934 15.735402 0.0852565941579
54154.5807897 0.0373906145664 15.75523 0.0874771997332
55737.3638455 0.0429155526977 15.736436 0.0763649829753
53883.4768252 0.0475193266524 15.766543 0.0815212861375
53903.4127203 0.0548115164527 15.796919 0.0855585025705
53761.6581876 0.0563795870852 15.785882 0.103012916512
53846.4907192 0.0613261327719 15.722823 0.0890346370505
53872.4074052 0.0709062264283 15.718933 0.0900276472151
56380.5846089 0.0790137427169 15.651379 0.0710795589397
55737.3722463 0.0808441957426 15.616549 0.0743519661204
54835.6787684 0.0828942020474 15.625725 0.085909810148
54906.5563673 0.0836116649912 15.631128 0.0780843357109
54154.5919388 0.0877266966791 15.652039 0.0850398362737
55297.4937194 0.101544968232 15.57867 0.0895558132999
55658.5257021 0.101647389067 15.523842 0.0835771260042
53846.5005839 0.105863418544 15.611618 0.086237117407
53903.4241731 0.106519189863 15.661651 0.0826337169469
53872.4159297 0.109393164109 15.613588 0.0875025044234
55737.3807008 0.119014833494 15.541024 0.0732911829341
54835.6882115 0.125528150925 15.444112 0.0917272820359
54247.4059614 0.127794181722 15.571264 0.0957005347816
54181.6247428 0.136396803499 15.52529 0.0838029196501
54154.6028405 0.13694603644 15.522446 0.082168480416
54906.5692316 0.14169168188 15.554003 0.0768308533775
56380.598736 0.142795099597 15.508915 0.0692931438158
54600.4680058 0.144934451831 15.591935 0.0760865825392
53872.4244182 0.147717483717 15.599212 0.0871118932293
55595.6326246 0.149732803439 15.458626 0.0766295025077
53846.510473 0.150511016647 15.564309 0.0851734913008
55676.4784304 0.15526708143 15.488035 0.0776773097876
55737.3891731 0.157265942334 15.473495 0.0723563084297
53903.4356048 0.158131286456 15.546258 0.0804912962456
54247.4166547 0.176072876674 15.479937 0.0932865612308
56422.4681897 0.176501577929 15.517361 0.0730978962377
54181.6344575 0.180257231432 15.510579 0.0835381846909
53872.4329245 0.186121648198 15.532504 0.0856323131068
54154.6140654 0.187624962988 15.547544 0.0827185301577
54186.5101447 0.193183790384 15.539484 0.0926511471542
55626.6511857 0.193441116159 15.446943 0.0662746377218
54600.4788906 0.194077498072 15.564364 0.0757230127117
53716.7260521 0.195167956866 15.492328 0.104205070845
53846.5203862 0.195267408764 15.519214 0.0840529017859
54906.5821129 0.199848567915 15.482038 0.0755252499799
55690.4423448 0.200046863541 15.475232 0.0710961656688
54835.7075177 0.212692387099 15.595999 0.157121880101
56422.4766504 0.214700431615 15.470605 0.0723960286556
53716.7308261 0.216721490609 15.527449 0.104743267469
54181.6441695 0.224105065657 15.48301 0.0833642565879
56355.588154 0.224125446088 15.514743 0.075626103575
54247.4274498 0.224810947113 15.49251 0.0937319024689
53819.5056157 0.228015780727 15.510268 0.083634488799
54186.5196429 0.236066946 15.511777 0.0919128711143
53716.7355653 0.238118258003 15.556827 0.105616921557
54600.4897568 0.243136415306 15.546072 0.0754709449493
56422.4850251 0.252510510537 15.545707 0.0736542537452
54906.5949993 0.258028914817 15.560453 0.0769642775898
53716.7403136 0.259556307682 15.49429 0.103057141472
53819.5141132 0.266380597051 15.542786 0.0842615406421
56355.5978759 0.268018323467 15.606202 0.0776114222604
54181.6538977 0.268026579744 15.526372 0.0843628328868
55242.6006694 0.268440439405 15.592969 0.0886389599619
54247.4381278 0.273020143845 15.468774 0.0933244627161
54186.5291011 0.278768774492 15.563478 0.0935036619003
56422.4934338 0.290474738603 15.557837 0.073941919487
54600.5006551 0.29234059875 15.550708 0.0757132622267
55658.568192 0.293482499137 15.559494 0.0846290061024
53819.5226253 0.304811516441 15.61053 0.0857800644677
54198.4965322 0.309754855268 15.645588 0.0966985524101
56355.6074762 0.311361894791 15.678156 0.0784311696227
55676.5141769 0.316656680595 15.650681 0.0812765788934
54632.4009418 0.31689560076 15.643743 0.0771140574811
54186.5385484 0.321422004401 15.652375 0.0961600148685
54228.4015773 0.326121499657 15.614293 0.0860073639724
53819.5310847 0.34300415364 15.729272 0.0887970206736
54962.4304638 0.345980077386 15.763211 0.0712153870278
54206.4784074 0.346610086161 15.680558 0.0978488264801
55272.51942 0.346685051844 15.844989 0.0985320975266
54198.5050191 0.348071856771 15.707821 0.0987550087111
56355.6170785 0.354714926515 15.803116 0.0810177067813
54632.4096641 0.356274949431 15.756017 0.0793234169956
54228.4102925 0.365469024636 15.70529 0.0883273717832
54897.5407105 0.379401796464 15.835256 0.0815237888817
54198.513488 0.386307240007 15.80234 0.101965584938
54206.488584 0.392556011512 15.849919 0.103553253832
54632.4184871 0.396109437383 15.872252 0.0818124900952
54174.5949479 0.398027334622 15.906831 0.0910874372408
54228.4190083 0.404819476562 15.819776 0.101348419079
54897.5487494 0.415696374147 16.016178 0.0855994112708
54198.52196 0.424557303667 15.929191 0.106691142954
54962.4481026 0.42561613603 15.998037 0.0732022581241
54632.4271089 0.435035735393 15.987245 0.0844776380898
54174.6037252 0.43765541647 15.978204 0.0932275916231
54206.4987424 0.438419426889 15.940942 0.106870438082
54228.4276878 0.444006263887 15.93388 0.105472877624
54897.5567803 0.451954424546 15.95406 0.0841367722625
55357.3760156 0.46027652105 16.039693 0.0889973571207
54174.6124958 0.477253190642 15.978167 0.093291862323
53857.436868 0.481389889045 16.017959 0.0986457492139
54206.508946 0.48448710788 15.951484 0.107199255351
54897.564911 0.488663436625 15.826379 0.0813656551753
54978.4128281 0.503729609641 15.865264 0.0965458607244
54962.4657623 0.505346776868 15.860578 0.0720841817256
54174.6212973 0.516990487244 15.754635 0.0874685944235
53857.4464482 0.524643059785 15.822968 0.0929333562127
54493.5738674 0.535456844046 15.647651 0.109280065481
54978.4198984 0.535650804993 15.783593 0.0946008029547
54236.4235303 0.543921785444 15.705112 0.10117060647
55701.3716463 0.544048022502 15.695033 0.0801334145628
55207.6672513 0.54979556645 15.664218 0.079963856678
54978.4269141 0.567325878592 15.666594 0.0916062442659
53857.4560185 0.567851241572 15.720726 0.0899611249368
54493.584187 0.582048171954 15.596446 0.107240494013
54962.4834605 0.585251427581 15.520775 0.0668425574393
55701.3811171 0.586807332544 15.590817 0.0782017729003
54236.4340806 0.591554556382 15.599826 0.0972718939538
55004.3470598 0.592525999152 15.634368 0.0805081631579
54978.4339016 0.598872927701 15.548963 0.0887276819172
54883.6361935 0.602791554102 15.522254 0.0757899579393
53894.4546704 0.610687385111 15.641704 0.0903494904171
53857.4655928 0.611077762193 15.587738 0.0868647177153
55865.7359243 0.621766551392 15.585897 0.093891651203
54947.4302919 0.622667575366 15.514171 0.0843873896091
55004.3552139 0.6293405658 15.541436 0.0787441399173
54493.5947056 0.629537817172 15.446604 0.101860525735
55701.3906357 0.629781933005 15.470557 0.0760410791659
55357.4136634 0.630250419883 15.53712 0.0788197437072
55322.4184722 0.632710032875 15.523248 0.0898307299379
53894.4598217 0.633944589888 15.512346 0.0890405624567
54236.4446844 0.639428799255 15.511521 0.0948644468164
55922.6633165 0.639591918906 15.314446 0.0860563764743
55865.7413251 0.646150218532 15.479138 0.10539232689
53894.464969 0.657184027875 15.4401 0.0893136503479
53690.6927683 0.659167523904 15.529465 0.0936985689517
55266.6083865 0.659339757203 15.498082 0.0740289129965
54947.4387235 0.660734746642 15.493194 0.0840254814327
54883.6491934 0.661484054055 15.446912 0.0745717776579
55004.3632833 0.6657726243 15.479046 0.0777210880048
55865.7466931 0.670386003112 15.4798 0.0852878172148
55701.4000984 0.672504663827 15.43545 0.0754309328357
54493.6051191 0.676552985675 15.493851 0.10330568376
55922.6718987 0.678338979758 15.444384 0.0717959511326
55979.5962976 0.68265045916 15.473844 0.0695059314763
54236.4552591 0.687171880717 15.422642 0.0923459714773
56252.6979821 0.69189895571 15.508585 0.0752910806781
55304.4911539 0.693812525072 15.441572 0.078702497547
55865.7520594 0.69461394859 15.478959 0.0808620682444
54063.6939153 0.698080642637 15.409823 0.0814713432747
53690.701428 0.698264642505 15.382898 0.0894844357273
54947.4472536 0.699247133093 15.503988 0.0843321957095
54615.4307807 0.699405528426 15.442771 0.0729340538904
55004.3713107 0.702014946829 15.449383 0.0773065359716
55922.680467 0.717023858655 15.454204 0.0715774879713
54883.6621775 0.720105014636 15.487311 0.0752738327101
54615.4389291 0.736194018742 15.442143 0.0730550482792
53690.7101527 0.737654965885 15.475692 0.0919205887531
54947.4557962 0.737815483172 15.521073 0.0849551986706
55979.6089974 0.739987932762 15.493538 0.0698235266493
56252.709927 0.745828250234 15.47013 0.0744405185882
54865.727562 0.7482615896 15.505424 0.0843173384891
55922.6891181 0.756081786712 15.520268 0.072550531703
55647.5961224 0.756390383864 15.516557 0.073044066218
54063.7076356 0.760025600467 15.413524 0.0816159739144
55322.446977 0.76140448503 15.538018 0.0903123621196
53731.6925176 0.766301075439 15.478372 0.0922270601859
54937.4949818 0.766374275376 15.553194 0.0861969324157
54917.561708 0.770917380782 15.53722 0.0714722598304
56068.4345024 0.772553444379 15.51676 0.0765676330574
54615.4470928 0.773051957643 15.469036 0.0735341124499
53690.7188908 0.777106374038 15.473221 0.0915848894594
54883.6751445 0.778649109224 15.573191 0.0769908011174
54865.7352631 0.783030788484 15.567241 0.0858835781563
55979.6217727 0.79766611031 15.634302 0.0718256793337
56252.7219896 0.80028897884 15.596121 0.0762186569575
54917.569533 0.806245708652 15.615127 0.0727130090499
54615.4553259 0.810222903317 15.574285 0.0752825593129
53731.7022619 0.810295172732 15.568223 0.09443889415
56068.442974 0.810801418104 15.628511 0.0786595680772
54937.5053324 0.813105697727 15.660231 0.0888848437362
54865.7428277 0.817183954723 15.683123 0.0888678284464
54063.7214258 0.822286179189 15.51907 0.0836565825337
55647.613073 0.832919253075 15.721981 0.0766463472014
56290.605452 0.837899190964 15.756291 0.0799034139436
54137.703283 0.838219724424 15.616651 0.0984576719123
53865.4902089 0.840901410457 15.585161 0.0868197738103
54917.5773731 0.841642542844 15.712192 0.0742742235847
56068.4514112 0.848893672927 15.743007 0.081069768232
56408.4418754 0.849996202569 15.756534 0.0726464074218
54865.7504495 0.851595206169 15.764713 0.091103500798
56252.7339415 0.854249626187 15.722765 0.0783593279372
55207.7347366 0.854480405154 15.738492 0.0814418229091
53731.7122241 0.855272758829 15.641375 0.0966152838542
55979.6345556 0.855378825892 15.803078 0.0745457128803
54590.4370972 0.857029804234 15.680662 0.0775412173804
54937.5156636 0.859749282596 15.794381 0.0929303866267
54917.5852101 0.877025270005 15.833646 0.0764266953603
54137.7119145 0.877189915683 15.760411 0.103513057324
53865.4990664 0.880891359047 15.729818 0.0903014934315
56290.6155296 0.883397865376 15.8347 0.0812520386915
55163.6643491 0.883919286922 15.754725 0.0832648945403
54063.7352207 0.88456770991 15.662337 0.086883872843
56068.4598148 0.886834910962 15.824523 0.0827419642972
54413.6940433 0.891171180905 15.669994 0.102411245732
56408.4525479 0.898180891874 15.871931 0.0746946126744
54835.6378812 0.898295214732 15.885887 0.0929110907564
53731.721905 0.898980498611 15.750164 0.100000994509
54590.4464801 0.899391923405 15.797153 0.0797020256311
54937.5261057 0.90689352077 15.909198 0.0962892617071
54413.699233 0.914601662383 15.797668 0.104490265805
54137.7204874 0.915895120365 15.87846 0.108530259514
53865.507914 0.920837048309 15.807641 0.0929207379255
53883.4505553 0.928915321996 15.812949 0.0822583882915
56290.6256668 0.929165655646 15.973308 0.0841985894616
53761.6300683 0.929425643808 15.896427 0.106444670176
55163.6755039 0.934281497762 15.855306 0.0864638134761
54413.70442 0.938020126699 15.881379 0.106356452086
54835.6468762 0.938906161403 15.985368 0.0957782321804
54590.4558396 0.941648538562 15.936781 0.0826263500024
56408.4626216 0.943662269971 16.017082 0.0770857463888
56380.5564351 0.951813784712 15.93251 0.0753198899423
54137.7290258 0.954444607951 15.977587 0.112563690707
53865.5167615 0.960781742914 15.912123 0.0963043667461
54413.7096223 0.961508089694 15.936512 0.107184544718
53883.4592578 0.968205628651 15.934504 0.0849944839847
56290.6352327 0.97235408366 15.872178 0.081888672221
53761.6396121 0.972513951753 15.979947 0.109505472434
54835.6561487 0.980769820122 15.868277 0.145513533301
54590.4652119 0.983962687599 15.850478 0.0808376090039
55163.6866937 0.984801567566 15.891907 0.0884149729394
56408.4725712 0.988582953331 15.877478 0.07475464485
