54642.480681 0.00616453608595 17.3263 0.134
54503.73496 0.010496934051 17.4279 0.199
56443.501947 0.012239989283 17.728 0.157
54831.74506 0.0134366694732 17.7251 0.197
54536.741598 0.0213888022645 17.919 0.247
54187.518452 0.0277998010207 17.7484 0.247
56443.511004 0.039134114275 17.8623 0.169
53834.593027 0.0405535016904 17.7712 0.122
54503.745716 0.0424361201185 17.9614 0.289
55338.589058 0.0510682523176 17.2641 0.155
54536.751984 0.0522292993522 17.8668 0.241
54187.527828 0.0556411740903 17.8914 0.264
56443.51997 0.0657580211574 17.9188 0.174
54503.754841 0.0695321663351 17.9882 0.264
56365.731496 0.0783513726017 17.6157 0.135
54951.655907 0.0802696242018 18.1525 0.204
54187.537211 0.083503333175 17.5196 0.218
54951.66402 0.104360607517 18.2104 0.21
54198.661624 0.116665924293 18.3507 0.341
56365.745003 0.118459459853 18.1819 0.175
56411.547595 0.12603744448 17.8264 0.143
54951.672124 0.128424865978 18.4592 0.308
54918.673376 0.140961798265 18.2652 0.267
55030.483181 0.152319866961 18.4047 0.327
54951.680281 0.152646504224 18.1639 0.233
53805.670283 0.156497854568 18.0077 0.24
56411.558272 0.157742045628 18.2993 0.18
56365.758555 0.158701171423 18.1586 0.172
54918.683561 0.171205439972 18.1525 0.251
55030.490767 0.174845960824 17.827 0.242
54198.682092 0.17744421183 18.2562 0.328
54170.730691 0.177723338207 17.6498 0.23
53805.67881 0.181818181794 18.1058 0.252
55359.514305 0.187118613843 18.006 0.155
56411.56826 0.187400709676 18.3019 0.179
55030.498375 0.197437382141 18.1481 0.29
56365.772068 0.198827075237 18.0041 0.162
54918.693789 0.201576767156 17.5295 0.185
56132.395052 0.202179561397 17.8755 0.177
53805.687315 0.207073181587 17.7906 0.214
54198.692324 0.207827416737 17.5852 0.23
56411.578248 0.217059373723 17.8735 0.147
54918.703949 0.231746173137 17.3336 0.169
53805.695832 0.232363814505 17.519 0.188
56132.405845 0.23422861638 17.8485 0.177
54170.753704 0.246058824393 17.5452 0.22
56132.416635 0.26626876307 17.8386 0.176
54300.420012 0.281047614795 17.6906 0.181
54462.744377 0.291841491832 17.976 0.323
53578.400023 0.293433106161 17.428 0.177
54462.745744 0.295900702252 17.1865 0.214
54170.770654 0.296390658156 17.4205 0.207
56132.427591 0.298801835088 17.5915 0.157
54964.526889 0.299746113743 17.7623 0.216
54462.7471 0.299927248956 17.9047 0.309
54300.426645 0.300743842126 17.882 0.198
54462.748467 0.303986459376 17.6598 0.27
54160.673985 0.315041646238 17.8676 0.263
53912.482231 0.32707080604 17.7021 0.22
53578.411517 0.327563731369 17.3726 0.173
54170.781553 0.328754472688 16.9939 0.17
55359.562255 0.329502768967 17.6648 0.123
54964.537187 0.330325301013 17.3973 0.181
53737.703412 0.333651062304 17.7394 0.261
54160.684086 0.34503585585 17.7467 0.246
53737.709369 0.351339955134 17.1374 0.192
53912.490729 0.352305019796 17.3198 0.182
55325.558176 0.356779950389 17.1988 0.143
54964.547692 0.361519160228 17.7342 0.213
53578.422973 0.361581518254 17.6918 0.201
55686.572293 0.362828678727 17.4099 0.132
54300.449171 0.367633216024 17.4014 0.161
53737.715375 0.369174350048 17.8186 0.268
54160.694048 0.37461731472 17.7454 0.246
53912.499279 0.377693643928 17.2557 0.178
56386.713144 0.381880539828 17.5747 0.132
53737.721335 0.386872151192 17.2421 0.2
53938.435039 0.392110225225 17.6953 0.226
54964.558059 0.392303238153 17.7772 0.218
53912.507838 0.403108992894 17.7667 0.228
54160.703747 0.40341781359 17.4269 0.21
56386.723029 0.411233352618 17.2754 0.117
53938.443944 0.418552996876 17.3606 0.193
56096.434722 0.42050688163 17.2257 0.133
56386.733068 0.44104345759 17.1784 0.113
55795.374737 0.444039612169 17.6386 0.16
53938.452875 0.445072973726 17.215 0.181
55762.372253 0.445482755023 17.6626 0.181
56096.445389 0.452181788471 17.4187 0.15
55657.641305 0.454293052993 17.3711 0.154
55795.381774 0.464935489125 17.2972 0.139
56386.743076 0.47076151023 17.7834 0.145
53938.461815 0.471619675431 17.7165 0.232
55762.381069 0.471661247448 17.3172 0.18
55325.597872 0.474654432594 17.2827 0.15
55686.61094 0.477588229159 17.6124 0.144
56096.45599 0.483660712949 17.7578 0.15
55795.388848 0.485941234975 17.7203 0.165
54325.411501 0.491517823991 17.6682 0.178
55762.389934 0.497985241913 17.6186 0.173
56398.541043 0.503995367664 17.6919 0.133
54325.416053 0.505034668077 17.5311 0.207
55795.395881 0.506825234186 17.7613 0.171
56096.466583 0.515115881981 17.9089 0.161
53600.364793 0.516273959571 18.1798 0.299
55762.398748 0.524157795476 17.2809 0.148
55270.722701 0.526690719026 17.7473 0.187
54325.424629 0.530500497365 17.7004 0.225
54266.492604 0.535993942343 17.7407 0.229
53600.372004 0.537686517278 18.1745 0.298
56398.55274 0.538728787116 17.9136 0.147
54325.433181 0.555895060337 17.4802 0.204
53600.379152 0.558912000937 17.959 0.267
54907.701778 0.56157260997 18.0021 0.237
54266.502028 0.563977848045 18.0233 0.265
53821.636079 0.565807016756 17.3954 0.172
53854.639886 0.568292429413 18.1185 0.251
55657.680679 0.571211378829 18.0645 0.225
56398.564293 0.573034608694 18.1553 0.163
53600.386271 0.580051371126 18.37 0.335
54325.441888 0.581749884921 18.262 0.308
54325.441888 0.581749884921 18.2712 0.309
54907.710698 0.588059923082 17.9155 0.227
54154.704823 0.590034593839 18.0783 0.232
53821.644661 0.591290662606 17.7684 0.22
54266.511385 0.59176280193 17.9971 0.262
53854.651263 0.602075631357 18.2171 0.264
56398.575656 0.606776238608 18.203 0.165
54907.719674 0.61471352425 18.047 0.243
53821.653178 0.616581295546 18.1899 0.255
54266.520895 0.620002078588 18.1865 0.29
54154.719963 0.634991759825 18.4176 0.277
56037.573162 0.635241191913 18.0998 0.139
53854.662583 0.635689575792 17.3659 0.174
54907.728759 0.641690793259 18.6102 0.328
53821.661688 0.641851142471 17.8062 0.21
53854.673902 0.669300550819 18.0894 0.249
54154.733801 0.676082728301 18.2338 0.252
54868.675865 0.676866657733 18.1766 0.182
54233.537619 0.678482027516 18.374 0.346
55732.482411 0.689697563557 18.1389 0.219
56037.592924 0.693923062049 17.8747 0.128
53871.520591 0.694359568229 18.136 0.253
55400.434695 0.697340875678 18.0146 0.179
54233.546979 0.706275889694 17.4856 0.216
56426.562792 0.712609683283 17.7989 0.14
54868.689287 0.716722343459 17.3834 0.128
54154.747615 0.717102430461 17.9806 0.221
53871.529094 0.719608629139 18.0548 0.243
55732.493036 0.72124775435 17.8146 0.191
54623.527024 0.724612118233 17.7271 0.159
54233.556328 0.734037088156 18.0692 0.293
55676.596622 0.740774724188 17.3748 0.132
54623.533476 0.743770878776 17.3086 0.132
56426.573574 0.74462607455 17.2902 0.115
53871.537624 0.744937864656 17.7993 0.214
56037.612683 0.752596023914 17.3602 0.105
55732.503689 0.752881089161 17.3402 0.153
56481.469181 0.753273053893 17.8847 0.166
54233.565704 0.761878461226 17.4559 0.214
54623.53993 0.762935578202 17.7189 0.157
53871.54616 0.770284916759 17.7573 0.209
56426.584214 0.776220806783 17.7068 0.135
56481.481204 0.788974507438 17.7417 0.155
55400.467093 0.793544459767 17.9031 0.172
55007.463357 0.796570308656 17.8244 0.227
56426.594871 0.807866019316 17.6688 0.133
56037.632475 0.81136697695 17.5696 0.114
54868.721373 0.811999465486 17.312 0.123
55007.469708 0.815429156804 17.8584 0.23
53954.407138 0.820135702928 17.5048 0.207
56481.493109 0.824325568265 17.2517 0.127
54673.403977 0.830718750452 17.679 0.197
55007.476083 0.834359271288 17.8772 0.234
53954.414829 0.842973586909 17.4733 0.205
56344.774322 0.847496028362 17.7271 0.16
54868.734959 0.852342137679 17.2358 0.12
55007.482418 0.853170608566 17.5772 0.201
54673.411711 0.853684319911 17.6425 0.193
56344.777922 0.858185975369 17.7644 0.165
56481.504992 0.859611301637 17.2841 0.13
54593.60237 0.865455139324 17.6078 0.146
53954.422522 0.865817409751 18.1329 0.288
56344.781513 0.868849197499 17.3771 0.139
54673.419443 0.876643950508 17.7683 0.205
56344.785164 0.879690585407 17.7438 0.165
55676.644451 0.882799578323 17.6175 0.15
53954.430199 0.888613721724 17.8932 0.254
53846.666838 0.892886731078 17.3119 0.166
54673.427199 0.899674847422 17.5695 0.187
54593.614432 0.901272400624 17.3713 0.133
53834.546591 0.902665063153 17.7271 0.12
54642.448119 0.909473965509 17.6944 0.156
54203.64351 0.910026279441 17.1492 0.184
53846.677277 0.923884607951 17.5823 0.189
54203.652002 0.935242676634 17.4158 0.209
54593.626486 0.937065906478 17.3693 0.133
54642.458961 0.941668522533 17.8063 0.164
54831.72131 0.942912713598 17.3716 0.169
53834.562148 0.948860481319 17.5562 0.112
53846.687718 0.954888423664 17.7691 0.207
54536.720836 0.959737502396 17.1542 0.17
54203.660496 0.960465012667 17.0749 0.179
54831.729193 0.966320728084 17.2732 0.161
55338.562394 0.971891378244 17.7708 0.199
54593.638435 0.972547622214 17.2894 0.129
54642.469825 0.973928407032 17.8885 0.17
54503.725612 0.98273870502 17.2317 0.181
54203.669011 0.985749706746 17.1792 0.188
56443.493042 0.985797217632 17.3894 0.136
53846.698188 0.985978352846 17.7211 0.202
54831.737106 0.98981782547 17.3555 0.166
54536.731193 0.990491886015 17.7972 0.232
53834.577696 0.995029174631 17.908 0.128
54187.509061 0.999913886512 17.3647 0.203
