54349.418853 0.000620922694348 12.9141 0.056
56418.667166 0.00895283875661 13.0014 0.052
54349.42539 0.0111092214205 12.908 0.056
53832.738677 0.012394386991 12.95 0.057
56059.670679 0.0165402893849 12.9713 0.053
54349.431908 0.0215670355832 12.9037 0.056
54349.438424 0.0320216408421 12.8895 0.056
56418.682154 0.0330003561932 12.9881 0.052
56059.684853 0.0392817833799 13.062 0.053
54675.41452 0.0448219540286 12.8863 0.056
56418.697361 0.0573992484747 12.9932 0.052
56124.516648 0.0587453831884 12.952 0.054
54675.42424 0.0604172215418 12.94 0.055
56059.698998 0.0619767482921 13.0139 0.053
55963.718722 0.066289513625 13.0287 0.054
55963.718722 0.066289513625 13.0287 0.054
54675.428538 0.0673131536154 12.9341 0.055
55795.439774 0.0708974980181 12.9389 0.055
54675.432845 0.0742235257565 12.8138 0.059
55446.413745 0.0756001450411 12.957 0.054
56124.527197 0.0756707409104 12.9598 0.054
56395.64825 0.0762210677296 12.9836 0.054
56418.712428 0.0815735175673 12.9863 0.052
53618.378885 0.0825281661432 12.9032 0.055
54241.645404 0.0833608764216 12.9152 0.055
55795.44859 0.085042341474 12.9476 0.055
55963.733285 0.0896551392235 13.0593 0.054
56124.537803 0.092687552346 12.9712 0.054
56395.659099 0.0936277608565 12.9631 0.054
55795.457433 0.0992305051205 12.9142 0.055
54241.658652 0.104616648428 12.9424 0.065
53618.394487 0.107560816728 12.8995 0.055
54291.522512 0.108756133022 12.944 0.058
56124.548432 0.109741266176 12.9369 0.054
55795.466273 0.113413855399 12.9599 0.055
55963.7498 0.116152653921 13.0057 0.054
55963.7498 0.116152653921 13.0057 0.054
53598.456588 0.118171053775 12.9586 0.058
53982.388979 0.119029435272 12.9849 0.058
55687.645163 0.119684051436 13.0104 0.055
53967.431293 0.12014934234 12.9576 0.058
54291.531069 0.122485423556 12.9413 0.058
55446.443925 0.124022487992 12.9949 0.055
53598.46421 0.130400182265 12.9165 0.058
53982.397416 0.132566191644 12.9744 0.058
53618.410535 0.133309052642 12.9037 0.055
53967.439948 0.134035869116 12.9676 0.058
54291.539662 0.136272474359 12.9358 0.058
55963.764124 0.139134815636 13.0683 0.054
55963.764124 0.139134815636 13.0683 0.054
53598.471961 0.142836284996 12.9535 0.058
55963.76692 0.143620861724 13.0389 0.054
56395.691494 0.145603963637 12.9037 0.055
53982.405874 0.146136641494 13.0198 0.058
55963.769054 0.147044760981 13.0593 0.054
53967.448459 0.147691354896 12.9722 0.058
54291.548218 0.150000160453 12.9576 0.058
56365.77943 0.153151302981 13.073 0.058
53598.479801 0.15541518389 12.9803 0.058
56365.781645 0.15670516281 13.0553 0.058
53618.426344 0.15867382466 12.9288 0.055
53982.414343 0.159724740316 12.9919 0.058
56365.783881 0.160292716118 13.1 0.058
53967.456959 0.161329191716 12.9804 0.058
56395.702225 0.162821331506 13.1483 0.059
55687.672535 0.163601094876 13.0399 0.054
56365.78608 0.163820904717 13.094 0.058
54979.653691 0.18178273803 13.0108 0.055
54356.388337 0.182819213623 12.9931 0.056
54999.601116 0.186456504926 13.0528 0.06
54173.776695 0.19131638819 13.0563 0.057
54356.394921 0.193382921578 12.9958 0.057
54233.611814 0.193856234745 13.0712 0.06
54173.781163 0.198485076999 13.0589 0.057
54979.665069 0.200038185949 13.0605 0.056
54356.401446 0.203851966904 13.0469 0.057
54173.785602 0.205607236725 13.0843 0.057
54233.622979 0.211769934508 13.1317 0.06
54173.790048 0.212740627603 13.1189 0.057
54356.408004 0.214373959109 13.0956 0.057
54710.423754 0.215436105939 13.0937 0.054
54979.6766 0.218539114921 13.1205 0.056
54710.431688 0.228165823257 13.121 0.054
54233.634222 0.229808781486 13.1775 0.06
53633.431381 0.233526295359 13.1435 0.063
54303.443255 0.235008808437 13.1912 0.059
55320.613594 0.235373018909 13.2519 0.06
54979.688154 0.237076946287 13.1128 0.056
54710.439631 0.240909980654 13.1401 0.054
55762.513402 0.242134177058 13.22 0.057
53633.436914 0.242403724893 13.1872 0.063
54233.64562 0.248096318432 13.1854 0.061
54303.453157 0.250896086109 13.1844 0.059
53633.442419 0.251236229796 13.2166 0.064
54710.447565 0.253639697983 13.1653 0.055
55762.522949 0.25745187448 13.2941 0.057
53633.447938 0.260091197015 13.1869 0.064
55674.646693 0.264270792894 13.2718 0.057
54303.462999 0.266687096688 13.1862 0.059
55762.532494 0.272766362998 13.2789 0.057
53919.536556 0.275371992055 13.2058 0.06
54303.472805 0.282420347009 13.1914 0.059
55320.645009 0.28577685932 13.2251 0.06
55762.541948 0.287934846437 13.2919 0.057
53919.545469 0.28967246729 13.1856 0.06
54642.539012 0.297667448573 13.1412 0.055
53919.554422 0.304037120591 13.1349 0.122
54642.551248 0.317299515784 13.1023 0.055
53919.563342 0.318348826989 13.1419 0.059
56088.534775 0.327579235834 13.1692 0.056
56495.527615 0.32780706793 13.2491 0.055
54642.563405 0.336804831327 13.0562 0.055
55674.693385 0.339185837186 13.1653 0.056
55021.510674 0.339277290914 13.0802 0.056
53876.571935 0.340726110523 13.0372 0.054
56088.54491 0.343840350666 13.1077 0.055
56495.538261 0.344888057431 13.1769 0.054
55021.519858 0.354012572482 13.0197 0.056
55219.718727 0.354463423323 13.0744 0.059
53876.581426 0.35595395866 13.0309 0.056
54642.575561 0.356308542418 12.9857 0.055
54491.74566 0.357064239027 13.0833 0.061
56088.5552 0.360350155477 13.0818 0.055
55021.529071 0.368794383134 12.9826 0.056
54491.75377 0.370076339804 13.0392 0.061
53876.590697 0.3708288275 12.9545 0.055
54936.766779 0.371817169554 13.0066 0.057
56088.565462 0.376815035635 12.9617 0.055
54491.761973 0.383237654552 13.0013 0.06
55021.538305 0.383609887276 12.9447 0.056
55219.737505 0.384591811519 12.985 0.059
53876.599893 0.385583362481 12.9494 0.054
54936.775922 0.386486668616 12.9884 0.057
54491.770103 0.396281844355 12.9955 0.06
54936.785349 0.401611831865 12.9776 0.057
53580.562792 0.408445190333 12.9346 0.057
53871.6328 0.416124094689 12.9484 0.054
54936.794646 0.416528416444 12.9637 0.057
53580.572113 0.423400281747 12.924 0.057
56028.766111 0.431663206397 12.9842 0.053
53871.643385 0.433107212657 12.9592 0.054
53580.581466 0.438406715599 12.9232 0.057
53871.654099 0.450297304843 12.9592 0.054
53580.590855 0.453470909697 12.9636 0.057
56028.782123 0.457353682053 13.0034 0.053
53871.664742 0.467373480989 12.9643 0.054
53901.588126 0.477988531387 12.9425 0.058
56028.79825 0.483228669623 12.994 0.054
53901.596657 0.491676106194 12.952 0.058
54953.674176 0.498913786412 12.9163 0.055
53901.605211 0.505400583383 12.9506 0.058
56028.814392 0.50912772396 13.0099 0.054
54953.68502 0.516312457279 12.918 0.055
53901.613753 0.51910580715 12.9511 0.058
54890.745862 0.533492922772 12.926 0.057
54953.695845 0.533680643583 12.9157 0.055
54129.740206 0.536910404231 12.9524 0.059
54890.752632 0.544355058682 12.9088 0.057
54953.70678 0.551225319529 12.9351 0.055
54129.749185 0.551316773259 12.9384 0.059
54890.759434 0.55526853703 12.9142 0.057
54129.758174 0.565739186805 12.9547 0.059
54890.766178 0.566088957202 12.9091 0.057
55412.445362 0.574980826805 12.997 0.057
54129.76721 0.580237009558 12.9602 0.059
53863.654408 0.615181960837 12.9723 0.057
55412.471869 0.617510019802 13.0155 0.057
56371.684257 0.627159190461 13.0251 0.054
53863.664786 0.631832957361 12.9564 0.057
55274.747281 0.645103374811 12.9997 0.058
54965.607755 0.64576119987 12.9869 0.057
56371.697001 0.647606318974 12.9664 0.054
53863.675231 0.648591452128 12.9823 0.057
54965.617263 0.66101632369 12.9886 0.057
53863.685676 0.665349946896 12.9896 0.057
56371.709819 0.668172176895 13.1316 0.054
55083.420341 0.670328559553 12.9705 0.055
54965.626882 0.676449541605 13.0203 0.058
55083.426696 0.680524848144 12.9838 0.055
56371.722563 0.688619305408 13.0545 0.054
55083.433064 0.690741994587 13.0209 0.055
54965.636569 0.691991862228 13.0485 0.058
55083.439425 0.700947909878 13.0378 0.056
53938.505098 0.709475569023 13.0816 0.059
55329.642785 0.722271068849 13.1952 0.057
53938.515348 0.725921195769 13.1205 0.059
53772.733456 0.736934150111 13.0867 0.059
55695.512383 0.74225611537 13.212 0.056
53938.525581 0.742339546843 13.1172 0.059
55012.415294 0.746182207917 13.1014 0.058
56097.522751 0.748349821742 13.1835 0.056
53609.448758 0.754573488687 13.0825 0.061
53772.744995 0.755447914698 13.1009 0.06
53938.535844 0.758806031453 13.1328 0.059
55012.424233 0.760524398891 13.05 0.059
55695.5244 0.761536807725 13.1964 0.056
54490.754421 0.766669447714 13.1386 0.057
56097.535343 0.768553073655 13.1714 0.056
53953.501413 0.770334014689 13.1557 0.06
53609.458956 0.770935683967 13.0759 0.061
54490.757742 0.771997830786 13.147 0.057
55000.590523 0.77391194129 13.1019 0.055
53772.75663 0.774115706624 13.1016 0.059
55012.433625 0.775593406345 13.0738 0.058
55334.662332 0.775890229855 13.1478 0.057
54490.761039 0.777287707012 13.1514 0.057
55329.678649 0.779813113506 13.2383 0.057
53953.507955 0.780830335687 13.1737 0.06
54598.589352 0.78257437435 13.1027 0.055
54490.764344 0.782590418865 13.1299 0.057
54859.740704 0.78722407448 13.1364 0.056
53609.469154 0.787297879236 13.0814 0.061
56097.548086 0.788998597715 13.1595 0.058
55012.44284 0.790378425912 13.0979 0.058
53953.514381 0.791140540318 13.1748 0.06
53772.767864 0.792140113535 13.1226 0.06
55000.604405 0.796184935484 13.1146 0.055
55695.548512 0.800223339637 13.2123 0.056
54859.748856 0.800303562202 13.1289 0.055
54598.60097 0.801214890594 13.1173 0.055
53953.520791 0.801425073731 13.1231 0.06
53609.479367 0.803684141283 13.0784 0.061
55045.485723 0.806077982754 13.1385 0.056
55587.728205 0.807781910132 13.185 0.056
56097.560818 0.809426472805 13.2053 0.06
54859.757033 0.813423161223 13.1451 0.056
55000.618162 0.818257373256 13.0597 0.056
54598.612542 0.819781602083 13.0819 0.055
55045.496327 0.823091585297 13.1286 0.056
54859.765285 0.826663094092 13.0777 0.056
55243.701532 0.833708240142 13.0996 0.056
54598.62404 0.838229584164 13.0396 0.055
55045.506948 0.840132463512 13.075 0.056
55000.632051 0.840541598614 13.0395 0.055
55587.75367 0.848639264775 13.1827 0.055
54907.774916 0.855782282369 13.0334 0.057
55045.517567 0.857170132823 13.03 0.056
54907.783405 0.869402470218 13.0003 0.057
54907.792023 0.883229632297 12.949 0.057
54907.800736 0.89720921725 12.9712 0.057
56476.565956 0.904746929882 12.992 0.054
54319.451855 0.920029329372 12.9385 0.058
54663.494787 0.920189774518 12.9554 0.055
56358.778375 0.92029887721 13.0426 0.057
56152.477337 0.920311712813 12.9522 0.053
56476.577193 0.922776150149 12.9922 0.054
56358.781318 0.925020777649 13.0519 0.057
56358.78421 0.929660851064 13.0639 0.057
56152.485088 0.932747815543 12.9528 0.053
56358.787115 0.934321782354 13.074 0.057
54663.503783 0.934623419216 13.0043 0.056
54319.461249 0.93510154573 12.9312 0.058
56476.588532 0.940969024466 13.0035 0.054
56152.492874 0.945240074069 12.9503 0.053
54663.512775 0.949050646119 12.9627 0.055
54319.470742 0.950332602771 12.9233 0.058
56152.500687 0.957775652773 12.9724 0.053
56476.599818 0.959076862854 12.9502 0.054
54663.521694 0.963360748066 12.9835 0.056
54319.480123 0.965383961266 12.9073 0.058
53832.710968 0.967936643424 12.9706 0.057
53832.720197 0.982744125307 12.9312 0.057
56059.656584 0.993925547034 13.002 0.053
53832.729382 0.997481011316 12.9108 0.056
