54963.459627 0.00211132020871 18.9471 0.302
53819.553712 0.00409260189077 18.9318 0.362
54292.398611 0.00494327067912 18.9175 0.429
54236.479893 0.0106577421744 18.4361 0.357
54231.497072 0.0112302729682 19.1628 0.522
54292.403013 0.0128936826592 18.998 0.451
56265.725753 0.013059843011 19.1031 0.257
54424.733751 0.0142301898906 18.4974 0.346
54236.486311 0.0222492333141 19.0699 0.555
54883.741018 0.0230601681107 18.1955 0.205
53885.453357 0.0248391676048 18.4484 0.232
53819.565599 0.0255616039544 18.4202 0.274
54231.506564 0.0283736874275 18.8001 0.424
53865.528093 0.0380019578026 18.1233 0.244
55243.643756 0.0401060536498 18.1068 0.253
55741.405956 0.0438663348304 18.3478 0.207
53885.464223 0.044464150906 18.5375 0.244
53819.577505 0.0470649217428 18.3479 0.264
53865.536661 0.0534765442936 18.4752 0.294
55741.41644 0.0628013914126 18.1934 0.194
53885.475092 0.0640945524685 18.2719 0.214
53865.54532 0.0691154850559 18.2779 0.265
54978.446189 0.0692039835164 17.948 0.267
55741.427 0.0818737109073 17.9551 0.175
53885.485979 0.0837574636643 17.9095 0.18
54978.454719 0.0846099385576 18.2823 0.279
53865.553975 0.0847472014655 18.3425 0.276
55741.43763 0.101072456752 18.2464 0.205
54617.46498 0.104341481205 18.1844 0.186
55171.701056 0.105053081006 18.1851 0.205
54617.471468 0.116059398721 18.16 0.184
54947.467439 0.118766728915 18.2178 0.252
55171.711241 0.123448116422 17.9005 0.18
53691.719659 0.124177777138 18.0234 0.272
54617.478022 0.127896518222 18.2048 0.19
53691.726104 0.135818032734 18.7828 0.413
54947.478467 0.13868429893 18.0648 0.232
54617.48449 0.139578313909 18.1303 0.182
55268.615517 0.141375374308 18.2074 0.193
55171.721406 0.141807030021 18.3106 0.219
53691.732595 0.147541368512 17.8886 0.256
55212.703007 0.158302057852 18.1935 0.393
54947.489553 0.15870662221 18.2567 0.397
55171.731685 0.160371837983 18.1847 0.205
54596.458571 0.164858167689 18.3082 0.195
54596.469461 0.184526497159 18.16 0.182
54978.516297 0.195825401586 18.4506 0.316
55212.725537 0.19899328495 18.2893 0.274
55303.531189 0.202251472868 18.4289 0.25
54937.547807 0.203010031032 18.2751 0.261
54596.480377 0.204241784994 18.3538 0.211
54978.52485 0.211272896718 18.1347 0.263
54937.558132 0.221657919162 18.1776 0.247
54596.491241 0.223863156112 18.3778 0.204
54937.568423 0.240244400208 18.5253 0.299
54937.578726 0.258852554352 18.5335 0.301
54860.626726 0.276548632611 18.4786 0.279
53741.642528 0.289415223894 18.4167 0.203
54153.58229 0.290054580062 18.4904 0.275
54860.635216 0.29188234402 18.3208 0.256
54860.643787 0.307362348785 18.3194 0.256
54153.596583 0.315869036736 18.5775 0.288
53741.658113 0.317563149961 18.8392 0.25
54860.65239 0.322900148465 18.5919 0.296
54906.608862 0.324464223147 18.901 0.288
54153.610594 0.341174175785 18.7255 0.31
53818.633341 0.341818950228 18.6855 0.175
53741.673848 0.345981989658 18.5574 0.233
54906.621711 0.347670684615 18.3781 0.22
53818.637123 0.348649585863 18.7489 0.18
53818.640944 0.355550659039 18.556 0.165
53818.644739 0.362404773864 18.636 0.172
54153.624419 0.36614338194 18.6096 0.291
54906.634607 0.370962032357 18.5826 0.245
55658.535598 0.372470118229 18.4248 0.268
56461.375518 0.374312330905 18.9665 0.239
55322.459399 0.388318565528 18.2263 0.283
54906.647514 0.394273247091 18.3554 0.219
56461.386813 0.394712127172 18.6537 0.206
56355.642657 0.411158390549 18.4142 0.22
54803.673993 0.414738062635 18.3976 0.211
56461.3981 0.41509747472 18.7795 0.22
54138.705345 0.420940178661 18.6275 0.377
56355.652192 0.428379466915 18.53 0.232
54138.710486 0.430225291779 18.8055 0.417
55648.602957 0.433217984334 18.6634 0.232
56461.409406 0.435517137993 18.8095 0.233
54493.623736 0.435802500353 18.552 0.357
54803.687063 0.438343670188 18.7047 0.258
54138.715633 0.439521241433 18.6 0.372
56355.661673 0.445503014368 18.7235 0.257
54138.720829 0.448905689543 18.7529 0.407
55658.578217 0.449443904626 19.0128 0.363
54493.634382 0.455030143649 19.0435 0.469
54803.700145 0.461970950838 19.0536 0.286
56355.671128 0.462579603457 18.5995 0.242
54198.532546 0.474301133144 18.6176 0.372
54493.645117 0.474418529046 18.8891 0.43
56069.427029 0.479728436174 18.7187 0.225
54803.713265 0.485666862924 18.6106 0.222
55922.705444 0.487214682794 18.185 0.213
54198.54272 0.492676301554 18.7592 0.404
54493.655804 0.493720222079 18.8348 0.417
53857.477142 0.497252935805 18.2084 0.253
56069.437619 0.498854938387 18.8921 0.246
55922.712691 0.500303423264 18.7505 0.288
53893.471869 0.507000408177 18.6451 0.261
55648.645428 0.509924469285 18.6387 0.234
54198.552954 0.511159835426 18.8407 0.424
55922.720038 0.513572772817 18.7624 0.287
53857.486687 0.51449207306 18.7155 0.332
56069.448248 0.518051878154 18.9049 0.248
53893.478578 0.519117471764 18.7391 0.274
56380.620059 0.522615869759 18.5643 0.194
53872.442415 0.525895730757 18.525 0.3
55922.72728 0.52665248283 18.914 0.312
55678.554398 0.52824184279 18.8974 0.255
53893.485273 0.531209250071 18.7406 0.276
53857.49626 0.531781780876 18.4374 0.287
56069.458903 0.537295776272 18.8524 0.242
54112.748165 0.539914608018 19.0058 0.483
53872.450932 0.541278206622 18.6877 0.328
54112.752017 0.546871670017 19.2504 0.556
56380.634239 0.548226238163 18.8455 0.223
53857.505847 0.54909677396 18.7315 0.338
53923.396064 0.552815515042 18.4003 0.246
54112.755888 0.55386304774 19.3164 0.575
53872.459478 0.556713059114 18.9915 0.389
53872.468007 0.572117208077 19.3265 0.472
56380.648589 0.574143642011 18.9638 0.238
53938.364661 0.587461756024 18.7042 0.38
55678.588824 0.590418326761 18.6446 0.24
53938.369821 0.596781184867 19.0213 0.458
56380.662875 0.599945456058 19.0893 0.256
53938.374991 0.606118674611 18.6801 0.379
53938.380155 0.61544532782 18.7905 0.405
55031.375279 0.66394970398 19.2294 0.479
55031.379056 0.670771309158 18.9429 0.408
55031.382834 0.677594720427 18.8146 0.38
55031.38661 0.684414519527 19.0318 0.431
56297.671262 0.709551692131 19.1459 0.4
56297.681466 0.727981043272 18.667 0.305
56297.691389 0.74590288288 18.5203 0.281
56297.703032 0.766931198769 19.184 0.404
56037.494806 0.807232310246 18.972 0.248
55701.414702 0.816027972737 18.6944 0.282
53764.636138 0.81796410214 18.8394 0.495
54186.549312 0.831491722689 18.8023 0.406
56037.508877 0.832645814745 19.058 0.26
55701.424208 0.833196672451 18.7425 0.281
54247.459111 0.840123030902 18.4817 0.355
53764.648445 0.840191662359 18.9525 0.524
54471.704473 0.847621920159 18.6963 0.294
55701.43368 0.850303965094 18.8883 0.302
54186.559969 0.850739232991 18.751 0.396
56408.487993 0.85463677707 18.9544 0.236
56037.523028 0.858203806522 18.6418 0.21
53764.660657 0.862247643954 19.0578 0.557
55701.443197 0.867492531814 19.0318 0.327
54471.716237 0.86886877305 18.7193 0.298
56408.4964 0.869820582939 18.3169 0.173
54186.57062 0.869975906744 18.9391 0.44
53850.487052 0.872515270491 18.8597 0.196
54918.54483 0.881906942971 18.8259 0.344
56037.537303 0.883985753549 18.9324 0.244
53764.672807 0.884191647917 18.9669 0.527
56408.50485 0.885082050702 18.696 0.208
54186.581264 0.88919993787 18.9659 0.448
54471.727759 0.88967855195 18.9554 0.338
53850.4977 0.891746525983 18.9644 0.222
54918.553252 0.897117840199 18.8902 0.357
56423.461424 0.898013661272 18.7945 0.249
56408.513539 0.900775174195 18.4279 0.183
54247.497744 0.909897739135 18.6523 0.397
54471.739354 0.910620175474 19.0281 0.352
53850.508355 0.910990424102 18.7839 0.191
54918.561701 0.912377501884 19.094 0.402
54206.533112 0.924050267115 19.0526 0.474
54918.570134 0.927608266118 18.8522 0.351
55004.392415 0.930445634861 18.8856 0.309
53850.519129 0.93044924704 19.0041 0.204
56423.479489 0.930640692666 19.1391 0.3
54206.541612 0.939402039438 18.8819 0.431
54963.427417 0.943937133586 19.1638 0.337
56423.48854 0.946987621049 18.7892 0.25
55004.40205 0.947847320296 18.9445 0.324
54883.702297 0.953126523894 19.0105 0.306
54948.48388 0.954551529577 19.1947 0.425
54206.550134 0.954793545748 19.1507 0.505
56265.693555 0.954907329473 19.1039 0.263
54963.438161 0.963341773793 19.2482 0.354
54948.489745 0.965144252474 19.0087 0.381
55004.411699 0.965274291012 19.0152 0.342
56265.704282 0.974281266138 19.0834 0.259
54883.715186 0.976405228995 18.9266 0.292
54231.47835 0.977416639871 18.4661 0.349
53819.541771 0.982526070914 18.8505 0.346
54963.448899 0.982735577465 19.2481 0.355
55004.421437 0.982862003815 18.9171 0.33
54424.717089 0.984137103964 18.9746 0.459
54948.501646 0.986638539805 18.9027 0.362
54236.467093 0.987539779149 19.0122 0.485
54292.389809 0.989046058928 19.59 0.631
56265.715058 0.99374370126 19.0539 0.253
54231.487712 0.994325262517 19.5156 0.643
54068.706584 0.996817667901 19.3352 0.453
54292.394217 0.997007307444 19.0558 0.463
54236.473494 0.999100566746 18.9177 0.461
54883.728094 0.999718249821 19.0855 0.322
