55326.79941 0.00516752315948 17.125 0.174
56043.779711 0.00895333012517 16.9955 0.14
54701.647711 0.00951301262426 17.1268 0.144
55396.62105 0.0220724788968 17.062 0.125
56043.78859 0.0230710033622 16.9204 0.138
54701.656525 0.0235273354096 16.9875 0.136
53884.687099 0.0363205327293 16.93 0.119
53610.474667 0.0366003739825 17.1776 0.196
56043.797526 0.0372793070243 16.6704 0.136
54594.753309 0.0466523990117 17.1031 0.139
53610.482321 0.0487702885052 16.9646 0.176
53884.697977 0.0536166302173 17.041 0.124
54245.707794 0.0617972168637 17.0573 0.171
54594.765037 0.0653000025493 17.0265 0.135
53884.708889 0.0709667879427 16.925 0.118
53610.49776 0.0733184084732 17.0538 0.183
54245.716358 0.0754140378609 17.0421 0.17
55396.655765 0.0772695761823 17.1234 0.129
54594.776831 0.0840525465694 17.1265 0.14
53884.719776 0.0882771954881 17.0931 0.125
54245.724955 0.0890833290993 17.0803 0.172
54245.733625 0.102868690862 17.0252 0.168
54594.788671 0.102878230907 17.1149 0.139
54412.462596 0.203120229984 17.097 0.17
53857.752215 0.209663109301 16.8552 0.162
54412.471074 0.21660031038 17.0631 0.168
53857.759308 0.220941029826 17.0571 0.172
54412.479583 0.230129680991 17.0379 0.172
53857.766418 0.23224598047 17.0603 0.169
53857.773569 0.243616121405 17.1024 0.167
54412.488065 0.243616121406 16.9286 0.16
53707.460989 0.245543210042 17.0143 0.168
53707.46699 0.255084842791 17.0805 0.173
53707.472999 0.264639195589 17.3571 0.199
56481.679102 0.27210427904 17.0233 0.111
53707.479021 0.274214218488 17.2053 0.186
54327.610818 0.288188791097 16.96 0.164
56481.690012 0.28945125675 16.9983 0.11
54802.454991 0.29380628626 17.0184 0.152
54327.618385 0.300220374999 16.8435 0.158
54802.46003 0.301818332159 16.7865 0.14
56481.700945 0.306834804625 16.9131 0.107
54802.465076 0.3098415081 16.8713 0.144
54327.625798 0.312007097803 17.3784 0.792
54802.470115 0.317853553988 16.8834 0.145
54019.457334 0.321954182362 16.8428 0.145
56481.711801 0.324095921956 16.9057 0.106
54019.467503 0.3381229648 16.9048 0.149
54019.477776 0.354457107977 16.7728 0.141
55715.704037 0.366294711015 16.8518 0.107
54019.488001 0.370714930809 16.8515 0.146
53622.638442 0.377089269374 16.9145 0.144
53622.641204 0.381480869043 16.8371 0.139
53622.643867 0.385715058011 16.7992 0.137
55715.718315 0.388996832713 16.8048 0.106
53622.646515 0.389925396876 16.8234 0.138
55124.530886 0.396773557556 16.7644 0.128
55124.539179 0.409959486627 16.763 0.128
55715.732713 0.411889755272 16.8603 0.108
55124.547688 0.423488857238 16.7553 0.128
55715.747084 0.434739747647 16.7878 0.109
55124.556017 0.436732026573 16.7828 0.13
54375.510937 0.44971920475 16.8048 0.145
54375.51942 0.463207235173 16.7216 0.14
55429.608444 0.472263915748 16.7585 0.102
54363.577108 0.474846087316 16.7924 0.144
54375.528013 0.476870166392 16.7049 0.139
55824.580398 0.480484252576 16.8114 0.101
56153.510006 0.480904014455 16.7509 0.092
54375.536554 0.490450417225 16.8485 0.148
54363.58735 0.491130940279 16.6487 0.136
56153.521217 0.49872958432 16.7761 0.093
55824.59387 0.501904828538 16.849 0.102
54363.597615 0.507452363394 16.5982 0.133
56153.532592 0.51681591535 16.8263 0.094
56090.643864 0.523290424347 16.5362 0.134
55824.607367 0.523365154681 16.8708 0.103
54363.607836 0.523703826207 16.8427 0.148
56153.544095 0.53510576728 16.766 0.092
56090.65453 0.540249440327 16.7134 0.144
55429.652008 0.541530986064 16.7082 0.1
55824.620867 0.544830250846 16.7948 0.101
56090.665258 0.557307036747 16.8252 0.153
53963.634663 0.563509654528 16.7374 0.115
56090.676115 0.574569744085 16.8332 0.155
53561.759121 0.578535221851 16.9749 0.106
53963.650449 0.588609506981 16.7527 0.116
56446.662263 0.595080835969 16.8488 0.098
53561.775926 0.605255291556 16.8711 0.103
53665.550425 0.607447911378 17.2232 0.134
56446.672248 0.610957057101 16.842 0.096
56400.761506 0.612550244239 16.7998 0.105
53963.666289 0.613795219813 16.8533 0.121
56446.68245 0.627178309769 16.8814 0.098
53561.79103 0.629270759143 16.8789 0.103
56400.773552 0.631703470039 16.76 0.103
54326.570645 0.634306311701 16.7646 0.139
53963.682191 0.639079513085 16.8373 0.12
55101.414923 0.642227727184 16.8743 0.12
56446.692632 0.643367762295 16.8849 0.098
56400.785684 0.650993436464 16.9263 0.109
54326.582044 0.652430802903 16.803 0.142
53561.806234 0.653445227449 16.9218 0.105
53665.581539 0.656919393006 16.6254 0.108
55101.426306 0.660326778275 16.8732 0.119
54682.563711 0.665817072874 16.8787 0.111
54326.593119 0.670040131785 16.9173 0.147
56400.797766 0.670203902529 16.8856 0.107
55101.437768 0.678551439925 16.8347 0.118
53665.597072 0.681616973648 16.7247 0.112
54326.604247 0.687733731061 16.8784 0.145
54682.57799 0.688520784579 16.9062 0.112
55101.449108 0.696582120699 16.9502 0.123
54951.769973 0.70569127151 16.7686 0.135
54682.592928 0.712272310987 16.8996 0.112
54951.778519 0.719279472381 16.9642 0.16
54951.786998 0.732761142785 16.8722 0.136
54682.607564 0.735543655242 16.9659 0.114
54951.795562 0.746377963782 16.8751 0.14
54265.635999 0.747785120084 16.8582 0.147
53645.515517 0.75180147808 16.9892 0.187
54265.644903 0.761942543513 16.8462 0.15
53645.524161 0.765545499655 17.004 0.189
54265.653829 0.776134947098 16.8441 0.158
53645.532653 0.779047840147 17.0643 0.195
54265.662676 0.790201740113 16.9371 0.151
53645.541169 0.792588340799 16.9741 0.187
56126.667512 0.80114734915 16.9793 0.09
54265.671998 0.805023786513 16.8721 0.146
54265.680903 0.819182799949 17.0452 0.158
56126.680797 0.822270593783 17.0279 0.092
54265.690122 0.833841075617 16.958 0.206
56126.69412 0.843454258685 17.0058 0.091
54650.612116 0.862553424243 16.9849 0.116
56126.707499 0.864726963981 17.0719 0.093
55745.587947 0.881924481031 17.0884 0.117
54650.625439 0.883737089157 16.9725 0.115
54650.63917 0.905569476964 17.0137 0.116
55745.602921 0.905733247691 16.982 0.114
53904.739776 0.920219802597 16.9726 0.125
54650.652759 0.927176083753 16.9448 0.113
53904.752978 0.94121107663 17.0149 0.127
55745.62862 0.94659484076 16.9873 0.113
55326.770282 0.958853795671 17.1243 0.165
53904.765825 0.961637898151 17.0494 0.129
55745.643819 0.970761359016 16.8102 0.16
54701.630065 0.981455746927 17.0256 0.138
53904.778501 0.981792828442 17.0831 0.13
56043.770909 0.99495808742 16.9768 0.139
