54947.669176 0.00195960419053 15.658 0.09
54352.407595 0.00719104741738 15.7144 0.102
54352.412706 0.0250759346906 15.7672 0.104
53953.476386 0.0299469507428 15.5373 0.096
54947.678436 0.0343630586889 15.5967 0.089
54955.680465 0.0358082667417 15.592 0.08
54352.417828 0.0429993141506 15.7259 0.103
55334.617114 0.0462256624382 15.8048 0.081
54478.732262 0.0542320451386 15.9781 0.115
55011.413668 0.0626233501068 15.6865 0.096
53767.73435 0.0641140489774 15.735 0.083
55796.430335 0.0660631552533 15.6624 0.08
53953.486992 0.0670604538018 15.7975 0.105
54478.737435 0.0723338885838 15.8918 0.11
55676.694205 0.0742445026298 15.6937 0.079
55011.420297 0.085820164336 15.6704 0.096
55796.436893 0.089011519687 15.7171 0.081
54478.742667 0.0906421902924 15.9492 0.112
53767.743938 0.0976652716332 15.7452 0.083
54889.684959 0.0981866663074 15.7647 0.093
55011.426831 0.108684545731 15.7678 0.099
54478.747853 0.108789524538 16.0074 0.132
55796.443354 0.111620452698 15.6522 0.08
55422.369541 0.117691726291 15.7355 0.085
54889.693417 0.127783687723 15.8168 0.094
55011.433318 0.13138446037 15.7478 0.099
53767.753764 0.132049326059 15.7943 0.085
55796.449867 0.134411348938 15.6605 0.08
54889.701959 0.157674649734 15.7542 0.093
53767.763292 0.165390591131 15.738 0.083
55422.383389 0.166149937741 15.7912 0.086
55328.650415 0.166996766661 15.8345 0.088
56416.587291 0.177046736592 15.9402 0.082
53996.384617 0.178425458089 15.8199 0.105
55676.726445 0.187061713555 15.7089 0.079
54889.710558 0.187765071471 15.7945 0.094
55021.45449 0.198402922617 15.8181 0.086
53996.391663 0.203081477569 15.8192 0.105
55762.463096 0.204736643216 15.7722 0.086
56416.597558 0.212973979281 15.9245 0.089
54265.591716 0.212980977871 15.8812 0.103
55658.734133 0.226687709096 15.7768 0.094
53996.398731 0.227814481498 15.8138 0.106
55021.464199 0.232377559759 15.8327 0.087
55762.472519 0.237710482512 15.7081 0.085
54265.600156 0.242515011989 15.8916 0.104
56416.608047 0.249678065057 15.9452 0.091
53996.405799 0.252547485428 15.803 0.105
55021.473867 0.266208725859 15.8605 0.088
55328.678933 0.266789608529 15.8838 0.09
55762.482014 0.270936270897 15.7777 0.086
56364.60385 0.271748106901 15.8226 0.09
54265.608601 0.272066542578 15.924 0.105
54907.741858 0.284569516982 15.7735 0.093
56416.618222 0.28528337277 15.9586 0.083
55021.483528 0.300015396899 15.8837 0.089
54265.617078 0.30173005056 15.8823 0.104
55762.491451 0.303959100288 15.7355 0.085
54907.749916 0.312766821124 15.7695 0.094
55274.682289 0.316703525896 15.8063 0.101
56422.628588 0.317315902207 15.9188 0.076
56364.617159 0.318320199345 15.8621 0.084
53901.549631 0.323009252156 15.9566 0.104
54907.757995 0.341037610422 15.8194 0.095
56422.639264 0.354674355792 15.9085 0.076
53901.558842 0.355241241284 15.9555 0.104
55658.773454 0.364283414777 15.8093 0.099
56364.630603 0.365364696344 15.9398 0.084
53579.497282 0.367432778586 16.0334 0.103
54907.766005 0.369066948488 15.7408 0.093
56406.643955 0.382399255369 16.0252 0.078
53901.568081 0.387571210627 15.9429 0.103
56422.649928 0.391990817871 15.9085 0.076
54957.497915 0.395598589105 16.0048 0.075
53579.505469 0.39608149157 15.9617 0.101
56364.64406 0.41245468417 15.8954 0.084
53628.378756 0.418039556023 15.8004 0.094
53901.577305 0.41984869058 15.8945 0.102
54957.505142 0.420887980654 15.9123 0.073
56392.652347 0.421661324443 15.9811 0.077
56406.655233 0.421864283427 15.9776 0.077
53579.513633 0.424649720784 15.978 0.101
56422.660585 0.42928278489 15.8715 0.075
55084.390894 0.431329871374 15.7727 0.095
53958.449712 0.433072519376 15.8542 0.103
54964.656487 0.445540500839 16.0006 0.089
54957.512413 0.446331341078 15.9279 0.073
54231.652206 0.44868636537 15.955 0.112
55084.397132 0.453158462004 15.836 0.097
53579.521811 0.453266940093 15.9759 0.101
53958.456091 0.455394510328 15.9097 0.105
56406.665257 0.4569411979 15.9526 0.077
53628.389877 0.456955195075 15.753 0.093
56392.663699 0.461385300179 15.9726 0.077
54957.519716 0.47188667892 15.9145 0.073
55084.403346 0.474903069597 15.8812 0.099
53958.462706 0.478542334462 15.7946 0.101
54964.668036 0.485953837354 15.9633 0.089
54231.662937 0.486237280092 15.8395 0.108
56406.675129 0.491486219814 15.9863 0.078
53628.400721 0.494901529904 15.7799 0.094
55084.409559 0.496644177895 15.8845 0.099
53958.4691 0.50091681483 16.0206 0.11
56392.675159 0.501487199601 15.9614 0.077
53871.59591 0.506158755938 15.87 0.096
53938.469926 0.517944375248 15.7814 0.101
54231.673839 0.524386573941 15.864 0.109
54964.679614 0.526468653354 15.9286 0.088
53628.411598 0.53296334142 15.7926 0.095
53871.604482 0.536154696779 15.8638 0.096
56129.48913 0.536420643057 15.6209 0.074
56392.686495 0.541155186679 15.924 0.076
53938.478835 0.549119577871 15.7821 0.101
54641.47931 0.553861120082 15.8821 0.083
54231.684701 0.562395896043 15.8055 0.107
56056.625397 0.564859398434 15.5928 0.075
53871.613083 0.56625211708 15.9117 0.098
54964.691179 0.566937978553 15.9602 0.089
53744.734057 0.579346472037 15.9112 0.113
53938.487771 0.580389261389 15.7145 0.099
56129.502719 0.583972537555 15.7035 0.075
55054.429341 0.587072911301 15.906 0.089
54641.489937 0.591048108296 15.8177 0.081
53744.737961 0.593007712458 15.9832 0.116
53871.621654 0.596244558627 15.8287 0.095
53600.42635 0.604376915888 15.6676 0.098
53744.741858 0.606644457843 15.8958 0.112
56056.637942 0.608758030902 15.6332 0.075
53938.496726 0.611725431474 15.7581 0.1
53744.745738 0.620221715225 15.9382 0.114
55054.438845 0.62033019331 15.9343 0.09
54641.500572 0.628263090866 15.8019 0.081
56129.51552 0.628766989091 15.6917 0.075
53600.433624 0.629830774194 15.6211 0.097
54676.365764 0.63179037837 15.7748 0.11
54202.556835 0.635454138294 15.644 0.088
54187.698454 0.641623392086 15.579 0.098
54236.567358 0.648244054721 15.6644 0.102
54979.5757 0.652240247494 15.8028 0.096
56056.650536 0.652828128742 15.6612 0.076
55054.448366 0.653646963322 15.8777 0.088
53600.44101 0.655676553364 15.6333 0.098
53604.441952 0.65614545864 15.7524 0.125
54676.372881 0.656694847671 15.8158 0.094
54202.563483 0.65871743909 15.6683 0.089
54651.511592 0.659756729169 15.8396 0.077
54319.445126 0.661849306455 15.7001 0.097
54641.511158 0.665306608089 15.8204 0.081
53959.375265 0.671853785563 15.7015 0.085
56129.528231 0.673246504215 15.6705 0.075
54236.575877 0.678054533014 15.5934 0.1
54187.709573 0.680532032549 15.5612 0.097
53600.448508 0.681914253345 15.6625 0.099
54676.38011 0.681991237784 15.7571 0.086
54202.570149 0.682043727184 15.6145 0.088
53604.449594 0.682887056827 15.6232 0.105
54979.585027 0.684878154636 15.8198 0.097
55054.457885 0.686956734772 15.8394 0.088
54319.45457 0.694896630906 15.6527 0.096
56056.663138 0.696926220936 15.6486 0.076
54651.52236 0.697437117731 15.8029 0.078
53959.383383 0.700261047289 15.6724 0.084
54202.576865 0.705544979943 15.6298 0.088
56166.40206 0.70558347216 15.8239 0.076
54676.387253 0.706986688711 15.6828 0.094
54236.584439 0.708015480887 15.6753 0.103
53604.456943 0.708603362131 15.7468 0.109
54979.594441 0.717820500283 15.8009 0.097
54918.725036 0.717928978378 15.7907 0.094
54187.720697 0.719458169459 15.5107 0.096
53981.393377 0.719682124232 15.6763 0.099
54301.460335 0.727793485747 15.596 0.083
54319.46398 0.727824979375 15.6824 0.097
53959.391509 0.72869630337 15.6978 0.085
54651.53328 0.735649398853 15.758 0.08
53604.464814 0.736146298464 15.4415 0.099
56166.414875 0.750426913791 15.8825 0.077
54979.603931 0.751028792196 15.7651 0.097
54918.73495 0.752620970578 15.7503 0.093
53959.399633 0.757124560861 15.6498 0.084
54187.731755 0.758153353045 15.5245 0.096
54319.473466 0.761019274137 15.6345 0.096
54301.470168 0.762202035208 15.651 0.085
54651.54404 0.77330179306 15.7209 0.085
53981.410311 0.778939154309 15.696 0.101
56451.623951 0.78059082068 15.7068 0.075
54119.724941 0.782375460178 15.6539 0.102
54918.744842 0.787235978352 15.6684 0.09
56166.427581 0.794888932468 15.866 0.077
54301.480028 0.79670506559 15.5892 0.084
53981.418792 0.808616659443 15.5815 0.098
54119.733499 0.812322410899 15.7184 0.104
56451.634494 0.817483868272 15.7473 0.075
54706.425451 0.819446971741 15.7678 0.072
54918.754739 0.821868482599 15.6876 0.091
53912.553803 0.829832873788 15.6645 0.095
54301.489864 0.831124112959 15.5896 0.084
56166.440243 0.83919698222 15.9844 0.079
54119.742173 0.842675279609 15.779 0.106
54706.432447 0.843928026556 15.7577 0.072
56451.645181 0.854880814095 15.7397 0.075
56371.629531 0.856665453594 15.6067 0.078
53912.562351 0.859744831565 15.6305 0.094
54706.439474 0.868517559469 15.7369 0.072
56429.645454 0.871386979842 15.6203 0.072
54119.750864 0.873087636322 15.7401 0.104
56478.514545 0.878662010288 15.8583 0.075
53912.570955 0.889852749774 15.6659 0.095
55320.570036 0.891381940859 15.7066 0.099
56451.656004 0.892753663769 15.7731 0.076
54706.446497 0.893093095205 15.6838 0.072
56371.640226 0.894090393772 15.5866 0.078
56429.653883 0.900882521748 15.6522 0.072
56478.525835 0.918169029878 15.9476 0.077
53912.579546 0.919915177157 15.6619 0.095
54955.648016 0.922259703557 15.6417 0.08
55334.582937 0.926630320692 15.6439 0.078
56429.662375 0.930598519119 15.7412 0.073
56371.651049 0.931963243445 15.5846 0.077
54947.650248 0.935724983567 15.6407 0.089
53953.455175 0.955723443894 15.7691 0.103
56478.537209 0.957969990089 15.9746 0.077
54955.658774 0.959905099201 15.5615 0.079
56429.670943 0.960580462758 15.706 0.073
54947.659762 0.969017258544 15.6401 0.09
56371.661865 0.969811598084 15.6371 0.078
54352.400495 0.98234606612 15.6817 0.101
55320.599008 0.992763461792 15.7858 0.101
53953.465777 0.992822949775 15.7739 0.104
56478.548543 0.997630978553 15.9273 0.076
54955.669615 0.997840936147 15.6109 0.08
