54318.473159 0.000767444702299 14.0031 0.063
56097.593663 0.00669490861404 14.047 0.074
54016.402617 0.0100716653656 14.134 0.071
54980.675515 0.0142186575483 13.9978 0.057
53913.564493 0.0188903028256 14.0401 0.067
54016.406503 0.0209163568769 14.1099 0.071
54262.581084 0.0223033387799 14.008 0.07
54318.482542 0.026952658406 14.0423 0.063
56097.603616 0.0344708259217 14.0227 0.076
54980.684416 0.0390587499592 13.9387 0.057
56115.522938 0.0420671332611 14.0048 0.056
53643.390565 0.0423322505264 13.9711 0.072
54957.75315 0.0445899333322 13.9937 0.059
54262.590076 0.0473973856492 14.0189 0.07
53913.574735 0.0474727347712 14.0067 0.067
53619.384566 0.0485973901151 13.999 0.066
54318.49192 0.0531239185851 13.9819 0.063
53900.679906 0.0617695321424 13.9993 0.066
55412.482663 0.0619062768506 13.9686 0.065
56097.613575 0.0622634874833 14.0908 0.082
54890.751753 0.063251398119 13.9885 0.065
53643.398229 0.063720237078 13.8888 0.071
55687.684446 0.0697397943616 13.9782 0.059
55602.761127 0.0735491108576 14.0181 0.062
54957.76357 0.0736691113179 13.9631 0.059
53913.584973 0.0760440038605 13.9922 0.066
56115.537002 0.0813156513823 13.9865 0.056
54890.758559 0.0822449571784 13.9452 0.065
54350.394195 0.0830598439291 13.9652 0.067
53900.688089 0.0846058961997 13.966 0.066
53643.405906 0.0851445028467 13.8748 0.071
53619.398917 0.0886468414563 13.9894 0.065
56097.623504 0.0899724277952 13.9951 0.092
54965.653281 0.0915491778377 13.9717 0.065
55338.678549 0.0961705903756 13.967 0.06
54350.400206 0.0998347900619 13.9476 0.067
54890.765296 0.101045957357 13.9633 0.064
54957.774028 0.102854336185 13.9275 0.059
53913.59528 0.10480783183 13.9777 0.066
53643.413588 0.10658272216 13.849 0.071
53900.696359 0.107685051839 13.9505 0.066
54861.743389 0.109376220926 13.9233 0.06
53893.53221 0.114636705602 13.9527 0.06
54965.662164 0.116339037527 13.959 0.065
54350.406216 0.116606945506 13.9638 0.067
56431.59924 0.118750209295 13.8613 0.055
54890.772099 0.12003114429 13.9323 0.064
56115.551132 0.120748356257 13.9412 0.056
53871.677501 0.124524184255 13.9881 0.059
54861.749852 0.127412567102 13.9284 0.06
54130.75314 0.128997689279 13.9738 0.069
53619.413389 0.129033968485 13.9284 0.065
53900.704586 0.130644207031 13.9539 0.066
54957.784478 0.1320172354 13.8565 0.058
54350.412216 0.13335119384 13.939 0.067
54965.670633 0.139973544075 13.9671 0.065
54130.75752 0.141220990571 13.98 0.069
56399.716017 0.141982853869 13.9357 0.059
53893.54214 0.142348436623 13.9239 0.06
54247.574447 0.143160532671 13.9245 0.068
54861.756359 0.145571704433 13.943 0.06
56431.610499 0.150170791322 13.9311 0.056
54130.761868 0.153354989215 13.9254 0.068
53871.688142 0.154220108707 13.9678 0.058
54684.385952 0.156547559221 14.0012 0.066
55412.517972 0.160443387683 13.9518 0.065
54965.679047 0.163454561668 13.9522 0.065
54861.762834 0.163641539117 13.8935 0.06
55687.718238 0.164043401078 13.9608 0.059
54130.766217 0.165491778548 13.9311 0.068
53619.427883 0.169482491072 13.908 0.065
53893.552126 0.170216447307 13.8919 0.06
54247.584523 0.171279707064 13.9347 0.068
53954.472159 0.180243461347 13.9331 0.066
56399.729773 0.180371833922 13.9379 0.059
54684.394701 0.180963464026 13.9825 0.065
53871.698759 0.183849056163 13.9921 0.059
55219.746518 0.191593271028 13.8128 0.065
53982.426514 0.192687228584 13.936 0.066
53893.561955 0.1976463168 13.9323 0.06
54247.594284 0.198519808426 13.9273 0.068
53954.48068 0.204023084722 13.9221 0.066
54684.403486 0.205479834335 13.9816 0.066
53871.709399 0.213542189906 13.9899 0.059
55219.755311 0.216131966988 13.7825 0.065
53982.43498 0.216313363005 13.9503 0.066
56399.743633 0.21905104761 14.0051 0.06
55338.723239 0.220887333515 13.947 0.06
54247.603793 0.225056651363 13.9412 0.068
53954.489189 0.22776921959 14.0198 0.067
54684.412216 0.229842715669 13.9829 0.065
55778.402691 0.237877164185 13.9206 0.058
55328.696119 0.238122746487 14.0069 0.062
53982.443498 0.240084614253 13.9764 0.067
54190.636425 0.245763705142 13.9707 0.068
53954.497673 0.251445586752 13.9887 0.067
55778.408977 0.25541955503 13.9805 0.058
56399.757531 0.257836308219 14.0649 0.06
53982.452031 0.263897726117 14.0061 0.067
54190.644111 0.267213087292 13.9733 0.068
55778.415355 0.273218691022 13.9514 0.058
55020.546417 0.282266166549 13.9653 0.057
54190.651805 0.288684795093 14.0556 0.069
55778.421724 0.290992710653 13.9618 0.058
54492.728564 0.296730406414 14.0615 0.071
56146.435279 0.30938626746 14.0114 0.057
54190.659543 0.31027929405 14.0282 0.07
55104.406165 0.310340689624 14.0414 0.063
54233.66012 0.312336045886 14.0568 0.069
54492.734261 0.312629070225 14.048 0.071
56431.669665 0.315285824306 13.995 0.057
55020.559662 0.319229094788 14.0545 0.057
56445.646967 0.321855151073 14.0285 0.058
55328.726502 0.32291282942 14.1019 0.063
55104.410936 0.32365515777 14.0576 0.063
54492.739995 0.328630990248 14.0787 0.071
55104.415699 0.336947300245 14.0727 0.064
54233.669702 0.339076610499 14.0888 0.07
54908.76761 0.340248707893 14.1325 0.062
56431.680084 0.344362211562 14.0734 0.057
54492.745713 0.344588258907 14.1026 0.071
55104.42047 0.350261768391 14.0836 0.064
56146.449976 0.350401303811 14.0763 0.058
56445.658189 0.353172476908 14.1093 0.059
55020.572987 0.356415279667 14.116 0.058
54233.679383 0.366093455222 14.2048 0.071
54908.777402 0.367575321193 14.2007 0.063
56431.690545 0.373555808556 14.1829 0.058
56445.670542 0.387646093549 14.1415 0.059
56146.464745 0.39161727111 14.1382 0.059
54233.689031 0.393018206568 14.1999 0.071
55020.586284 0.393523324713 14.2171 0.058
56431.700976 0.40266568432 14.1655 0.057
55242.757091 0.407384771646 14.1832 0.068
56445.681801 0.419066675576 14.1786 0.059
56378.67406 0.420023888437 14.2732 0.059
55769.510009 0.42099784555 14.1618 0.06
54726.407233 0.425675072257 14.2712 0.068
56146.479524 0.432861145519 14.1751 0.058
53604.4724 0.433095564987 14.197 0.073
55658.791553 0.438110467378 14.2544 0.063
54726.412345 0.439941171849 14.2407 0.067
56364.70817 0.445302122032 14.158 0.066
53967.468993 0.450612839479 14.1959 0.069
55769.521305 0.45252168379 14.1754 0.059
54726.417475 0.454257504203 14.2502 0.068
53604.48121 0.45768170298 14.1571 0.073
56378.688318 0.459813803942 14.2498 0.059
54726.422623 0.468624069278 14.2177 0.068
53967.477507 0.474372927892 14.1959 0.07
56364.719573 0.477124566034 14.1492 0.066
54377.411139 0.479463179391 14.1818 0.072
53604.490025 0.482281794518 14.0972 0.072
54283.529249 0.482516213995 14.0476 0.076
55769.532661 0.484212964489 14.1136 0.059
54377.415129 0.490598104537 14.1784 0.072
55731.552247 0.491965551482 14.1138 0.061
54936.772823 0.494622305553 14.1116 0.065
53967.486045 0.49819999328 14.1326 0.069
56378.702723 0.500013953529 14.0836 0.059
54377.419161 0.50185023942 14.1578 0.071
53604.498682 0.506440954176 14.0085 0.071
56364.731325 0.509920967132 14.0028 0.07
54377.423183 0.513074467234 14.1277 0.071
55769.544007 0.515876338118 14.0576 0.059
54936.782129 0.520592634744 14.071 0.065
55731.562837 0.521519149815 14.0676 0.061
53967.494577 0.522010314434 14.0865 0.068
54283.543587 0.52252938614 14.0255 0.067
55806.458776 0.534219662194 14.0495 0.059
56378.717287 0.540657825685 13.8789 0.059
56364.742962 0.542396436797 13.8297 0.065
54283.552153 0.546434591359 13.9783 0.067
54936.791495 0.546730406415 14.0066 0.064
54641.527261 0.55045321098 13.9903 0.064
55731.57343 0.551081120276 13.9658 0.06
55749.491722 0.555802998316 13.9883 0.057
55806.467995 0.559947199784 13.9933 0.059
56481.566152 0.561814183476 13.9528 0.058
54936.800759 0.57258352587 13.9663 0.064
54641.536069 0.575033767555 13.941 0.063
55731.584145 0.580983557133 13.8942 0.06
55806.477201 0.585638458177 14.0017 0.059
56481.577394 0.59318732347 13.9118 0.057
55749.506746 0.597730596187 13.9902 0.057
54641.544952 0.599823627224 13.9559 0.063
54283.574325 0.608310170444 13.9913 0.067
55012.422353 0.610375294408 13.9606 0.066
55806.486433 0.611402274963 13.9286 0.059
53821.688516 0.619860911099 13.9658 0.064
54641.553755 0.624390230275 13.9403 0.063
56481.588813 0.625054418796 13.9145 0.057
55012.43168 0.636404228468 13.9434 0.065
55456.40619 0.639647031232 14.0484 0.06
55749.521799 0.639739124599 13.9358 0.057
53821.699123 0.649461951466 13.9443 0.064
56481.600216 0.656876862777 13.8538 0.057
55012.440765 0.661757811173 13.9759 0.066
53821.709811 0.6792890392 13.938 0.064
55962.744632 0.682417422936 13.9779 0.065
55749.538665 0.686807206707 13.9152 0.057
55012.450222 0.688149537282 13.9324 0.066
55962.750447 0.698645390287 13.9453 0.065
53901.626377 0.703093778938 13.9822 0.066
53821.72047 0.709035196394 13.9706 0.064
55962.756235 0.714798008536 13.9924 0.065
53901.63492 0.726934797871 13.9666 0.066
54910.698687 0.72932085326 13.9639 0.065
55962.76201 0.730914347567 14.0297 0.065
53845.738642 0.736741345988 13.9723 0.064
54528.719769 0.737676233206 13.8956 0.058
53863.65699 0.741619503693 13.9737 0.064
53938.550373 0.747186966256 13.9594 0.067
53901.643469 0.750792561079 13.9633 0.066
54910.707594 0.754177689945 13.9965 0.065
53845.748016 0.762901443331 13.969 0.064
53938.558522 0.769928446227 13.971 0.067
53863.667446 0.770799147142 13.9846 0.064
54528.732339 0.772755433497 13.8954 0.058
53583.45279 0.773500552552 13.9809 0.072
53901.652001 0.774602882233 14.021 0.067
54910.716648 0.779444760712 14.0041 0.065
53919.572785 0.786279204734 14.0061 0.067
53876.573808 0.788687585801 13.9776 0.059
53845.757461 0.789259680953 14.0336 0.065
55032.553163 0.789588984492 13.9755 0.066
53583.45925 0.791528526601 13.9848 0.07
53938.566646 0.792600158494 14.1122 0.08
55456.46268 0.797294129441 14.0318 0.06
53863.677807 0.799713673337 14.0401 0.065
54910.725973 0.805468113354 14.0247 0.065
55320.65886 0.808479287357 14.0474 0.063
54528.745235 0.80874440462 13.946 0.058
53583.465655 0.809403011716 13.9891 0.07
55083.443598 0.809936036949 13.9459 0.061
55032.561659 0.813298840162 14.0099 0.066
53876.583181 0.814844892435 14.1018 0.062
53938.574815 0.815397452625 14.0319 0.069
53845.766885 0.815559313685 14.0102 0.064
53919.584076 0.817789089429 14.0363 0.068
55083.449416 0.826172376447 14.0014 0.061
53583.472065 0.827291450375 14.0311 0.07
53863.688253 0.828865409716 14.0624 0.065
53928.549208 0.836855206877 14.0828 0.068
55032.570156 0.837011486542 14.0334 0.066
53876.592411 0.840603127803 14.0266 0.059
55083.455258 0.842475692921 14.0044 0.061
54528.758308 0.845227331053 13.9913 0.059
53919.595537 0.849773394492 14.1034 0.068
55674.706742 0.852756661409 14.0577 0.063
55083.461089 0.858748311596 14.0249 0.062
55032.578679 0.860796691315 14.0572 0.067
53876.60153 0.866051594594 14.1267 0.06
53928.560294 0.86779299643 14.15 0.068
53919.606918 0.881534442896 14.1681 0.069
55032.5872 0.884576314691 14.089 0.067
53928.571434 0.898881484187 14.1711 0.069
55320.698733 0.919753189755 14.1132 0.064
53928.582631 0.930129042317 14.1276 0.069
55602.718643 0.954988669709 14.1971 0.064
55320.712737 0.958834265417 14.1327 0.072
54980.657788 0.96474777578 14.0735 0.057
54262.563042 0.971953384 14.1438 0.072
55674.749796 0.972907806142 14.1358 0.064
54318.463751 0.974512463294 14.0697 0.064
54016.394857 0.988415770831 14.1499 0.071
54980.666653 0.989487402728 14.054 0.057
56115.505625 0.993751604634 14.066 0.056
54262.572026 0.997025105198 14.0519 0.071
54016.398726 0.999213020309 14.1508 0.071
