56404.708996 0.00181618454508 17.2509 0.117
56375.762361 0.00901135114984 17.2596 0.129
54682.542644 0.010047601608 17.1429 0.155
55338.802652 0.0126400585741 17.1568 0.168
55007.534235 0.0195349688659 17.3193 0.223
55762.66054 0.037129256665 17.2074 0.128
54918.782747 0.0415488831768 17.1057 0.156
56375.772517 0.0461991944184 17.2264 0.126
54918.78719 0.0578176492158 17.139 0.159
55007.546164 0.0632149395735 17.2364 0.143
56445.692692 0.0702746246611 17.1952 0.112
55467.448637 0.0708055657247 17.2874 0.15
55338.818872 0.0720322226348 17.1812 0.189
54918.791744 0.0744928597585 17.1622 0.16
56375.782842 0.0840058586546 17.2263 0.126
55762.673395 0.0841999267523 17.1374 0.125
54918.796306 0.0911973635835 17.0756 0.154
54234.684933 0.106309044288 17.0244 0.176
56445.704895 0.114957890885 17.2263 0.112
55762.686235 0.131215671912 17.1923 0.128
54234.693698 0.138403515199 16.9758 0.172
54021.403933 0.143291834491 17.0724 0.169
55112.439576 0.147477114592 17.2821 0.172
54742.392543 0.160172098132 17.0711 0.154
54376.438777 0.161028927137 17.1045 0.177
56445.718009 0.162976931507 17.2016 0.113
54234.702639 0.171142438671 17.1974 0.191
55659.73901 0.173233247878 17.2392 0.144
54021.412424 0.174383009887 17.0583 0.168
55112.44786 0.177810325882 17.023 0.155
55467.480393 0.187085316719 17.119 0.182
54742.400301 0.188579274989 17.1841 0.162
54376.447717 0.193764188945 17.1614 0.182
54234.711719 0.204390333201 17.1148 0.183
54021.420931 0.205532771874 17.1259 0.174
56445.730121 0.207326986447 17.2573 0.115
55112.456214 0.208399853519 17.1875 0.166
55272.766398 0.210172098125 17.4601 0.206
54318.556562 0.215898938104 17.4718 0.244
54742.408032 0.216887586955 17.1932 0.163
54376.456596 0.226276089351 17.1493 0.182
54021.429431 0.236656902215 17.2305 0.183
55112.464519 0.238809959718 17.2011 0.168
54742.415712 0.245009154156 17.287 0.17
55734.58808 0.245258147197 17.5485 0.154
54318.567439 0.255726839973 17.2715 0.227
54376.465518 0.258945441213 17.2623 0.193
56048.660408 0.272090809233 17.5136 0.135
54533.776911 0.280157451479 17.3006 0.196
54733.413184 0.28079091906 17.3591 0.169
55043.658344 0.293826437207 17.3381 0.186
54533.780949 0.294943244226 17.5485 0.222
55734.601655 0.294965214195 17.487 0.15
54733.417139 0.295272793832 17.3204 0.138
54318.578431 0.295975833028 17.3077 0.237
56380.75705 0.297876235805 17.6803 0.136
54178.754581 0.308242402048 17.4185 0.239
56048.670356 0.308517026732 17.399 0.128
54533.784976 0.309688758699 17.3702 0.202
55126.413354 0.314734529457 17.3571 0.144
55043.665698 0.320754302436 17.3799 0.191
53974.479414 0.321545221528 17.3465 0.188
54952.723989 0.322918344915 17.4647 0.192
54533.789035 0.324551446356 17.5292 0.218
54733.427056 0.331585499812 17.4201 0.143
54178.76159 0.333906993775 17.376 0.246
55821.45974 0.339948736714 17.4411 0.139
56380.769257 0.342574148656 17.529 0.128
54652.592649 0.34327718783 17.4323 0.202
56048.680377 0.345210545569 17.4827 0.133
55734.615475 0.345569388491 17.4002 0.144
53974.486191 0.346360307586 17.3107 0.188
55126.422876 0.349600878781 17.2846 0.141
54952.732664 0.354683266206 17.311 0.172
53610.447063 0.357975100688 17.2779 0.212
54178.768582 0.359509337221 17.6437 0.367
54262.612156 0.36637129257 17.1939 0.195
54733.43697 0.3678872208 17.5208 0.151
54652.60242 0.379055291106 17.1545 0.165
56048.690333 0.381666056378 17.4597 0.131
56068.627346 0.384276821674 17.4599 0.136
55126.432413 0.384522153059 17.5153 0.155
53610.454347 0.384646649568 17.1952 0.203
54178.77556 0.385060417429 17.4 0.243
56380.781522 0.387484437919 17.6072 0.133
54952.741697 0.387759062599 17.4601 0.184
55821.473786 0.391380446724 17.3795 0.136
55734.629031 0.395206883906 17.4467 0.146
54262.620723 0.397740754296 17.3133 0.208
56176.505993 0.399461735617 17.4929 0.127
54733.44687 0.404137678498 17.3189 0.138
53610.4614 0.410472354443 17.3259 0.217
55126.441952 0.419450750638 17.3711 0.147
54952.75093 0.421567191505 17.3201 0.17
54262.629373 0.429414134022 17.117 0.188
56068.640133 0.431098498714 17.4159 0.132
56380.793718 0.432142072497 17.4982 0.126
54756.395112 0.432852434992 17.3605 0.185
53610.468374 0.43600878797 17.2825 0.211
53561.585267 0.442574148665 17.1342 0.16
55821.487905 0.443079458073 17.5171 0.145
56176.518669 0.445876968127 17.3494 0.12
55411.566121 0.447898205791 16.8273 0.245
54756.40263 0.460380812871 17.1939 0.172
54262.638336 0.462233614067 17.1506 0.192
56068.652995 0.47819480042 17.2225 0.123
53561.595153 0.478773343098 17.2391 0.167
54730.464529 0.483811790535 17.1258 0.132
56155.50072 0.485243500529 17.3174 0.116
54756.410108 0.487762724257 17.1108 0.166
56176.531406 0.492515562065 17.4479 0.126
55821.501941 0.494474551448 17.3108 0.134
53893.6934 0.510435737805 17.1272 0.158
53561.604795 0.514079091898 17.1155 0.158
54756.417571 0.515089710715 17.0947 0.164
56068.665843 0.525239838889 17.2278 0.122
54730.476343 0.527070670085 17.1645 0.133
56155.51271 0.529146832665 17.3138 0.116
53805.761469 0.533390699361 17.0854 0.165
53893.700301 0.535704869994 17.1995 0.164
54413.410372 0.538528011705 17.1857 0.152
56176.544144 0.53915781764 17.3538 0.121
54997.572952 0.544679604542 17.0364 0.157
53561.613747 0.54685829367 17.4685 0.166
53805.767426 0.555203222251 17.1106 0.165
53665.395488 0.560556572684 17.1923 0.134
53893.707202 0.560974002182 17.0233 0.151
54413.418021 0.566536067359 17.1656 0.151
54997.579515 0.568711094821 17.2001 0.17
54730.488194 0.570465031109 17.1323 0.131
56155.524782 0.573350421086 17.237 0.113
53805.773356 0.576916880249 16.8734 0.148
53893.714079 0.58615525447 17.0857 0.155
54703.45588 0.587257414864 17.0886 0.149
54997.585875 0.59199926765 17.1648 0.167
54413.425602 0.594295129993 17.0998 0.15
53805.77929 0.598645184902 17.0577 0.159
53665.407175 0.603350421085 17.0479 0.126
54730.499979 0.61361772244 17.0993 0.13
56155.536821 0.61743317466 17.136 0.109
54703.46473 0.619663127052 17.0822 0.149
54997.593469 0.619805931884 17.1109 0.163
54413.433187 0.622068839255 17.1551 0.152
56123.585661 0.623072134732 17.1435 0.098
53974.565445 0.636561699005 17.1144 0.168
53665.418876 0.646195532777 17.1597 0.133
53621.450496 0.648831929681 17.0294 0.189
54703.473689 0.652467960442 17.1902 0.156
53974.572212 0.661340168426 17.1471 0.171
56123.596983 0.664529476387 17.1749 0.1
53604.52651 0.678908824612 16.9968 0.162
53621.459451 0.681622116443 17.2441 0.21
54703.482336 0.684130355178 17.1522 0.153
53974.578989 0.686155254484 17.0883 0.18
53665.430608 0.689154155989 17.0499 0.127
53568.483718 0.702372757237 16.9288 0.163
56123.608326 0.706063712924 17.2924 0.102
54209.723896 0.707418528016 17.3834 0.211
53974.585756 0.710933723905 17.2353 0.179
53604.535264 0.710963017197 17.2801 0.185
53621.467974 0.712830465022 17.2136 0.207
55690.747275 0.715031124129 17.2563 0.133
55098.393859 0.716803368735 17.0939 0.131
54773.409038 0.732105455863 17.1969 0.172
55323.707609 0.73968875868 17.1913 0.148
53604.543869 0.742471622113 16.9909 0.162
53621.476623 0.744500183085 17.1751 0.203
54209.734438 0.746019772968 17.2683 0.199
55353.75056 0.746832662023 17.3702 0.196
56123.619668 0.747594287797 17.2388 0.101
55098.404867 0.757110948354 17.39 0.149
54755.397717 0.780728670809 17.0743 0.136
54209.744897 0.784317099945 17.3637 0.208
55098.415782 0.797077993389 17.4236 0.151
55032.598873 0.797777370929 17.3164 0.177
53568.51145 0.803917978749 17.2047 0.184
54773.430606 0.811080190406 17.3146 0.183
54755.407199 0.815448553641 16.8229 0.145
54209.755544 0.823302819472 17.3433 0.206
55032.606581 0.826001464658 17.4335 0.187
53568.518083 0.82820578543 17.3768 0.201
55098.426563 0.836554375683 17.2933 0.143
54755.416671 0.850131819836 17.2394 0.142
53568.524814 0.852852434987 17.3194 0.195
54424.420496 0.85388502379 17.4773 0.269
55032.614223 0.853983888667 17.3239 0.178
54773.446436 0.869044306102 17.3645 0.195
54424.424979 0.870300256321 17.4442 0.267
55323.743657 0.871684364691 17.3596 0.158
53568.531665 0.877938484073 17.3342 0.196
55690.792602 0.881003295494 17.4372 0.145
55032.621936 0.882226290741 17.4508 0.19
54424.429474 0.886759428762 17.3614 0.256
54592.659378 0.88787257413 17.186 0.168
56404.679061 0.892204320764 17.4007 0.123
54773.454176 0.897385573041 17.4467 0.201
54016.422178 0.901786891244 17.229 0.184
54424.433964 0.903200292939 17.392 0.262
55032.629708 0.910684730862 17.3122 0.178
55353.797114 0.917297693149 17.3622 0.197
54682.517764 0.918945441211 17.2564 0.163
56404.688964 0.928465763453 17.2873 0.118
55007.50968 0.929622848777 17.1374 0.168
54016.430693 0.93296594654 17.2416 0.186
54682.526061 0.949326254101 17.1901 0.158
54592.676862 0.951893079452 17.1319 0.156
55007.517833 0.959476382264 17.1526 0.169
54016.439188 0.964071768564 17.3677 0.197
56404.698945 0.965012815798 17.2576 0.116
56375.751799 0.970336872925 17.2674 0.129
54682.534338 0.979633833745 17.1502 0.155
54592.685615 0.9839436104 17.1078 0.147
55007.526068 0.989630172088 17.1189 0.165
55762.647761 0.990336872934 17.3131 0.134
54016.447697 0.995228853905 17.1931 0.182
