53890.483323 0.0121826023117 13.6148 0.057
54624.363902 0.0122251909791 13.595 0.055
53735.677129 0.0126802173526 13.6198 0.063
55352.446485 0.0160066169445 13.6149 0.062
53818.659134 0.0176048129799 13.5963 0.059
53735.685013 0.0303522755931 13.6218 0.062
54624.37317 0.0329994979081 13.5988 0.055
53890.495274 0.0389708783231 13.5704 0.057
53818.669421 0.0406632177367 13.5976 0.059
54866.62623 0.0454533228255 13.5757 0.057
54915.702622 0.0506356920007 13.5893 0.056
54624.382361 0.0536012086383 13.5678 0.055
54598.50799 0.0559615177752 13.5562 0.058
55213.71995 0.059207223045 13.5699 0.056
53924.411758 0.0630805508862 13.5695 0.058
55267.70335 0.0634929885756 13.6209 0.056
53818.679782 0.0638874941788 13.5869 0.059
53890.507191 0.0656829430135 13.5866 0.057
54624.391566 0.0742343004748 13.5895 0.055
54598.516286 0.0745570777938 13.5523 0.058
55619.703831 0.0757966323628 13.8152 0.08
54915.715684 0.0799142847038 13.6004 0.056
53924.420465 0.0825973711729 13.5782 0.058
54598.524588 0.093166086872 13.5691 0.058
54882.708779 0.0946342753746 13.6082 0.057
53924.429165 0.10209850089 13.6177 0.058
54915.728785 0.109280296245 13.6101 0.056
54866.6554 0.110838145122 13.5896 0.057
54598.532803 0.111580084652 13.5899 0.058
54196.575408 0.12039594018 13.6072 0.062
53924.437875 0.121622045707 13.6153 0.058
55603.66438 0.123220241737 13.6476 0.058
54915.741874 0.138619409683 13.6676 0.056
55214.649802 0.143479001551 13.6189 0.06
54816.703988 0.14429042787 13.6385 0.061
54196.586858 0.146061220112 13.6387 0.063
55675.502403 0.148807068829 13.7454 0.058
55619.738183 0.152796955146 13.6857 0.056
54882.736277 0.156271294354 13.4109 0.059
54816.710364 0.15858229029 13.6489 0.061
55734.396434 0.16031721839 13.6905 0.056
54535.653254 0.166494817633 13.6531 0.061
54866.682042 0.170556432244 13.6816 0.057
54196.59833 0.17177581323 13.6856 0.063
54816.716711 0.172809148954 13.6655 0.061
55005.433052 0.182216762911 13.6735 0.058
54535.662145 0.186424075615 13.6797 0.062
54882.749759 0.186491320882 13.692 0.058
54816.723112 0.187157049106 13.6849 0.061
55603.69303 0.187439479266 13.7286 0.058
55734.409758 0.190183086481 13.7179 0.057
54196.609815 0.197519545976 13.6962 0.063
55005.441134 0.20033263997 13.6998 0.058
54866.696885 0.203827152748 13.7295 0.057
56090.426614 0.205228095989 13.7565 0.056
54535.6711 0.206496790166 13.7364 0.062
55005.449203 0.218419377399 13.7449 0.058
55214.683555 0.219136660347 13.7301 0.061
55734.423132 0.220161030035 13.7404 0.059
54963.514969 0.22244961089 13.7905 0.058
54535.680016 0.226482085864 13.7821 0.063
56090.437199 0.228954470475 13.8323 0.057
55675.53834 0.229360183631 13.8357 0.059
55005.457257 0.236472492212 13.7685 0.058
54896.604355 0.241695208566 13.8298 0.056
55658.593163 0.246590664566 13.8999 0.059
54963.526325 0.247904188938 13.8597 0.059
55734.436492 0.25010759245 13.8616 0.063
56090.447763 0.252633773268 13.8938 0.057
55980.703356 0.259539863004 13.9006 0.056
54896.614174 0.263704587038 13.8865 0.057
54963.537621 0.273224276456 13.9257 0.059
56090.458425 0.276532743968 13.9348 0.057
54896.62396 0.285639995698 13.9289 0.057
54980.4966 0.28693110498 13.9446 0.057
55980.716883 0.289860757462 13.9781 0.057
54662.409021 0.290708047922 13.9642 0.057
54963.54895 0.298618333753 13.9755 0.059
54896.633809 0.307716619452 13.9537 0.057
54662.416973 0.308532528788 14.0021 0.057
54980.510389 0.317839274842 13.9621 0.058
55980.730505 0.320394595281 13.9746 0.057
54662.4249 0.326300971923 13.9954 0.057
54490.665763 0.326621507731 13.9455 0.061
53871.445071 0.337766291301 13.9218 0.062
55658.635831 0.34223137755 13.9693 0.059
54662.432914 0.344264426355 13.9785 0.057
54980.524095 0.348561399429 13.9139 0.057
54097.637703 0.350623587858 13.9116 0.066
55980.744172 0.351029301014 13.9657 0.057
55646.594304 0.351038267049 13.9458 0.063
54490.677283 0.352443693292 13.8961 0.061
53871.453627 0.356944643704 13.8446 0.061
56383.600828 0.357915217171 13.8973 0.057
54097.646562 0.370481117539 13.8649 0.065
53871.462126 0.375995230074 13.8216 0.061
53854.50976 0.377111501642 13.8338 0.061
54490.688839 0.378346573194 13.8292 0.06
54980.537882 0.379465086255 13.8413 0.057
53765.731561 0.379964942806 13.8405 0.06
56383.612651 0.384416580011 13.8192 0.057
54097.655421 0.39033864722 13.7831 0.064
56443.398296 0.394487680673 13.8341 0.056
53871.470663 0.395130993804 13.7743 0.061
53854.51836 0.396388480449 13.7713 0.06
53765.740953 0.401017196868 13.8005 0.06
54490.700751 0.405047430335 13.742 0.06
54650.414738 0.405412796335 13.7546 0.057
54097.664306 0.410254456126 13.7338 0.064
56383.624497 0.410969497545 13.7392 0.057
53854.526844 0.415405444186 13.7228 0.06
56443.409569 0.419756213479 13.7817 0.056
55646.625577 0.421136983114 13.7392 0.061
53765.750357 0.422096349032 13.7191 0.06
55743.438501 0.428193253956 13.7592 0.057
54650.425685 0.429950597151 13.72 0.057
54244.45083 0.43359304954 13.7143 0.06
53854.535359 0.434491894714 13.6725 0.06
56383.6365 0.43787433204 13.6809 0.056
53938.409207 0.438490747052 13.7347 0.062
53765.759722 0.443088082358 13.703 0.059
56443.420997 0.445372180193 13.7408 0.055
53938.414358 0.450036760763 13.6974 0.062
55743.449509 0.452867786828 13.7257 0.057
54650.436666 0.454564609272 13.6825 0.057
53938.419483 0.461524495216 13.6741 0.062
54244.465084 0.465543521157 13.666 0.059
56443.432332 0.470779686549 13.717 0.055
53938.424593 0.472978607052 13.6892 0.062
55743.460022 0.476432772664 13.6943 0.057
54650.447664 0.479216727045 13.6574 0.057
54244.47932 0.497453645596 13.6219 0.059
55743.470592 0.500125524517 13.6631 0.057
53880.442439 0.505449108781 13.5285 0.069
55036.368084 0.523374457567 13.6174 0.06
53880.452595 0.528213875852 13.7637 0.062
55350.444485 0.528505272038 13.5937 0.059
54244.493552 0.529354804011 13.5399 0.059
55036.375661 0.54035837249 13.6095 0.06
53880.462805 0.55109968441 13.5085 0.063
55036.383236 0.557337804409 13.6032 0.06
54511.738038 0.5603190116 13.5906 0.058
55392.400528 0.573360111901 13.6548 0.058
53880.472968 0.573880142035 13.6039 0.059
55036.390818 0.574332926881 13.5822 0.06
54884.709196 0.578587311281 13.6167 0.057
54511.749167 0.585264767075 13.5959 0.058
54151.723882 0.585289423668 13.6108 0.059
54884.714566 0.590624215486 13.6157 0.057
54905.686347 0.599063497486 13.62 0.064
54884.719936 0.60266111969 13.6071 0.057
55765.378416 0.606713768254 13.6175 0.058
53846.582063 0.607106032362 13.6463 0.059
55350.479807 0.607679858711 13.6468 0.06
54511.760163 0.609912401828 13.6079 0.058
54151.734881 0.609943782951 13.6373 0.059
54884.725332 0.614756303136 13.6375 0.057
55321.485619 0.616941774565 13.645 0.061
53583.37163 0.618508589475 13.6902 0.067
54905.697151 0.623280762481 13.6289 0.064
55765.38682 0.625551411262 13.6268 0.057
55392.424092 0.626179033831 13.7303 0.088
53583.375907 0.628095524166 13.693 0.065
53846.59159 0.628460890165 13.6512 0.06
54151.745802 0.634423304526 13.6481 0.059
54511.771208 0.634669870535 13.6316 0.058
53583.380201 0.63772056451 13.6683 0.064
55244.760976 0.637951439949 13.661 0.058
55765.395279 0.644512337268 13.6534 0.06
53583.384502 0.647361295423 13.7331 0.065
54905.707955 0.647498027476 13.6715 0.064
53846.601208 0.650019725289 13.6956 0.06
54151.756758 0.658981278931 13.6676 0.059
55765.403775 0.663556199124 13.681 0.061
54944.529318 0.665938923369 13.6787 0.057
53846.610783 0.67148217552 13.7345 0.06
54905.718723 0.671634598147 13.7021 0.065
54504.651943 0.676772137147 13.6807 0.058
56394.45193 0.680759781961 13.7574 0.057
55321.514641 0.681994853507 13.7277 0.062
54525.625614 0.689447871464 13.7291 0.065
54944.540038 0.689967901596 13.7271 0.057
54504.663792 0.703331779227 13.7399 0.059
56394.46398 0.707769967373 13.7951 0.057
54525.635154 0.710831868896 13.7797 0.066
54944.550743 0.71396325719 13.7729 0.058
54504.676274 0.7313102966 13.8158 0.059
54525.644462 0.731695836173 13.8447 0.067
56410.536287 0.73399338308 13.8614 0.056
56394.476312 0.735412258372 13.8964 0.057
54944.561468 0.738003442966 13.8495 0.058
54207.562332 0.747686762555 13.9115 0.065
54525.653683 0.752364792169 13.908 0.067
56410.547553 0.7592462253 13.936 0.056
56368.61286 0.762247606079 13.967 0.054
54207.570935 0.766970465891 13.9714 0.065
53717.723736 0.769985295708 13.9969 0.065
54488.635199 0.775093695084 13.9574 0.061
53717.726385 0.775923053486 14.0513 0.066
54504.696624 0.77692500807 13.9558 0.06
54588.56883 0.777243302371 13.956 0.058
56394.49533 0.778041279637 14.0346 0.058
53717.729117 0.782046856522 14.0747 0.066
56410.559065 0.785050478798 14.0189 0.057
54207.579475 0.786112954135 14.0053 0.066
53717.731947 0.788390327449 14.0338 0.066
55686.49583 0.790674425285 14.0659 0.058
56474.358271 0.791555338381 14.0192 0.056
54488.645001 0.797064967904 14.0062 0.062
54588.579695 0.801597299439 14.0024 0.059
54287.444294 0.803836567094 13.9822 0.061
56368.631707 0.804493329279 14.0387 0.055
54207.587999 0.805219578253 14.0164 0.066
56063.480498 0.805262166914 14.0429 0.055
56410.570466 0.81060592476 14.0236 0.057
56474.369485 0.816691622151 14.0458 0.056
54488.65484 0.819119176574 14.0064 0.062
54588.590597 0.826034232341 13.9825 0.059
54287.457384 0.833177922042 13.9952 0.061
56063.494538 0.836732955571 14.0125 0.055
54488.664762 0.841359430487 13.9776 0.062
56474.380762 0.84196912098 14.0369 0.056
56368.650564 0.846761467577 13.9543 0.054
54588.601504 0.850482372777 13.9239 0.058
54186.643232 0.857332424788 13.8804 0.064
54936.587715 0.864763027663 13.8598 0.061
54287.471867 0.865641699252 13.9124 0.061
56474.392033 0.86723317075 13.9797 0.056
56063.508626 0.868311336671 13.8914 0.055
54233.493882 0.873493705856 13.851 0.064
54186.653898 0.881240361512 13.8218 0.064
54936.596104 0.883567048023 13.7952 0.06
56368.669403 0.888989258697 13.8099 0.054
55686.54058 0.890981960345 13.8648 0.057
54233.503233 0.894454058044 13.7885 0.064
54287.484952 0.894971846651 13.8201 0.06
56063.5227 0.899858336633 13.8002 0.055
54936.604529 0.902451762724 13.7493 0.06
54186.66464 0.905318652957 13.737 0.063
56355.740934 0.909707527896 13.7641 0.057
54936.613073 0.921603217023 13.6756 0.06
54186.67555 0.929773517922 13.7007 0.063
56355.750455 0.93104893664 13.7243 0.057
55352.417805 0.951720134135 13.6987 0.062
56355.76006 0.952578632151 13.7041 0.057
55306.474711 0.969853943277 13.6472 0.056
56355.769708 0.974204712557 13.6445 0.057
53735.661568 0.977800093262 13.6573 0.063
53890.471399 0.985454847052 13.6379 0.057
53818.648807 0.994456747843 13.5991 0.059
53735.669357 0.995259208125 13.6442 0.063
