56445.723706 0.00234087149209 15.1085 0.065
54533.783629 0.00833476213403 14.912 0.081
56176.51164 0.0130340003867 15.0429 0.064
54952.754808 0.0138387843047 14.8529 0.074
55323.71234 0.016687019555 14.8629 0.07
54533.787686 0.0225304506111 14.9381 0.081
53860.750384 0.0242904780285 14.9812 0.061
54318.588339 0.0269952518064 14.9506 0.094
56123.644481 0.0276460770651 15.0525 0.061
55762.691948 0.0328946678067 14.9231 0.067
54592.664584 0.0363587376985 14.9179 0.074
54533.791728 0.0366736531375 14.6131 0.075
56445.735762 0.0445255449058 15.0494 0.064
53583.540356 0.049630674181 15.1449 0.093
54756.427364 0.0522339752133 14.9639 0.078
53609.548488 0.0536580928285 15.1552 0.091
56176.524327 0.0574265809864 15.101 0.065
54742.425581 0.0591481187668 14.8926 0.075
54592.673312 0.0668985377646 14.9872 0.074
53583.546522 0.0712058812352 15.1347 0.089
56123.658655 0.077241760611 15.0722 0.062
53609.557004 0.0834560920716 15.1023 0.09
55467.485139 0.0864092991177 14.9321 0.07
54756.437938 0.0892330409638 15.0005 0.079
54742.435002 0.0921127677417 14.9431 0.076
53583.552599 0.0924696719265 15.1635 0.089
55044.516246 0.0926621202438 14.8704 0.066
54592.682063 0.0975188162241 15.0286 0.075
56176.537059 0.101976619311 15.1242 0.065
53609.565521 0.113257590351 15.1388 0.091
53583.558652 0.113649485137 15.1449 0.088
55044.525171 0.123891235233 14.8828 0.066
54742.444442 0.125143898889 14.9978 0.077
54756.448543 0.126340577576 15.0478 0.08
56123.672798 0.126728973296 15.1421 0.062
54592.690814 0.128139094684 15.0302 0.078
55323.748431 0.142971612148 14.9767 0.071
53609.57408 0.143206049196 15.2419 0.094
56176.549852 0.146740100297 15.1134 0.065
55353.758567 0.150253157043 14.935 0.079
54918.784911 0.151113925945 14.9651 0.076
55044.534256 0.155680199889 14.8741 0.066
54021.403095 0.157846118348 15.0869 0.082
54742.453862 0.158105048827 15.0314 0.079
54262.611311 0.159987543372 15.1021 0.087
54756.459129 0.163381632066 15.0878 0.081
54918.789463 0.167041649346 14.9234 0.075
54918.793991 0.182885395292 15.0167 0.077
55044.543224 0.18705977448 14.9501 0.067
54021.411583 0.187546143889 15.1308 0.083
56375.757966 0.18798352644 15.1196 0.069
54262.619878 0.189963994685 15.0789 0.087
54918.798477 0.198582180698 15.0168 0.077
54021.420096 0.217333645947 15.1012 0.083
54730.467912 0.218540821815 15.0839 0.071
54262.628503 0.220143391524 15.1166 0.088
56375.768327 0.224237292306 15.091 0.068
55273.759117 0.227337459923 15.0934 0.083
54021.428584 0.247033671489 15.0852 0.083
54177.757153 0.250154833448 14.7265 0.09
54262.637445 0.251431990537 15.1005 0.087
54730.479711 0.259826236681 15.0967 0.071
56375.778589 0.260144651192 15.0737 0.068
55662.735867 0.280519680503 15.1603 0.074
56375.788877 0.296142985631 14.9695 0.067
53893.694249 0.296867291158 15.0919 0.079
54358.390737 0.297993988645 15.086 0.074
54730.491551 0.301255113025 15.1023 0.071
55353.804861 0.312238663934 15.1093 0.083
55113.456004 0.317046373073 15.0933 0.072
53893.701136 0.320965320848 15.0749 0.078
54358.400427 0.331899884908 15.019 0.075
54730.503349 0.342537028829 15.1156 0.071
53893.708035 0.345105339253 15.0425 0.078
54424.423156 0.349423179892 15.0448 0.094
55113.467129 0.355973421152 15.1054 0.073
54346.405582 0.361211514732 15.0096 0.073
54358.409682 0.364283689847 15.0181 0.072
54424.427641 0.365116466261 15.0684 0.095
53568.484554 0.368468566223 14.9168 0.08
53893.714912 0.369168378327 14.9438 0.076
54424.432138 0.380851741321 15.0824 0.096
54346.414571 0.392664569593 14.9733 0.073
55662.767931 0.392713556444 15.1402 0.074
54358.418476 0.395054427908 15.1616 0.106
55113.47835 0.39523637905 15.0885 0.072
54424.436638 0.39659751359 14.9868 0.093
56404.684724 0.404459902538 14.6819 0.062
54346.424129 0.426108589866 14.9095 0.072
55113.489557 0.43445035011 15.0714 0.072
56404.694692 0.43933853762 14.6739 0.061
54234.685775 0.446847521459 14.8321 0.08
54682.521577 0.45141379542 15.0452 0.076
54376.439606 0.452078616917 14.9145 0.08
54346.433662 0.459465133648 14.8024 0.07
53568.512287 0.465508011116 14.65 0.075
55695.655318 0.467670430506 15.0433 0.072
54242.694286 0.469112043435 15.0777 0.072
56404.7047 0.474357135143 14.6067 0.061
54234.694568 0.477614760459 14.748 0.078
53604.525661 0.478482527465 14.6408 0.074
54682.529778 0.480109590588 14.9666 0.075
54376.44855 0.483374214052 14.8132 0.078
53568.518928 0.488745271911 14.6307 0.075
53665.403222 0.492751696198 14.7447 0.066
53604.534267 0.508595442158 14.5804 0.073
55695.66713 0.509001333174 14.94 0.07
54234.703546 0.509029325641 14.6548 0.077
54682.538096 0.509214775846 14.8558 0.073
53568.525776 0.512706838247 14.6894 0.076
54376.457432 0.51445286944 14.708 0.076
54242.707482 0.515285645822 15.0334 0.071
56404.716618 0.516058938196 14.6239 0.061
56155.507756 0.519173102045 14.6847 0.061
54632.531281 0.532343565789 14.6902 0.062
53835.746081 0.532721464303 14.6601 0.063
53665.414915 0.533666210652 14.7634 0.067
53568.532557 0.5364339675 14.6766 0.076
54682.546305 0.537938563534 14.7921 0.073
56068.632973 0.539051264761 14.7387 0.063
53604.543029 0.539254210271 14.6176 0.073
54234.712638 0.540842783728 14.6319 0.076
55032.641631 0.542665794255 14.8851 0.076
54376.466354 0.545671487219 14.6495 0.076
54632.537883 0.555444363204 14.6807 0.062
56155.519806 0.561336781089 14.6599 0.061
54242.721025 0.562673422208 14.9506 0.07
55032.649274 0.569409113689 14.8021 0.075
53604.552159 0.571200632652 14.5884 0.073
53691.433495 0.574251813404 14.7454 0.078
53665.426615 0.574605218512 14.7603 0.067
54632.544434 0.578366708575 14.5961 0.062
53835.760622 0.583601303081 14.6201 0.062
56068.645843 0.58408417342 14.7179 0.063
55695.69098 0.592453926145 14.7104 0.067
55032.656907 0.596117442482 14.71 0.073
53691.441158 0.601065114047 14.6391 0.077
54632.550993 0.601317046389 14.5947 0.061
56155.531871 0.603552946058 14.6484 0.061
54242.734712 0.610565063298 14.767 0.067
53665.438336 0.615617706668 14.744 0.067
55007.514822 0.622440874642 14.669 0.073
55032.664632 0.623147684872 14.6381 0.072
53691.448827 0.627899409034 14.6335 0.077
55098.398154 0.6287181892 14.6522 0.066
56068.658698 0.62906459618 14.69 0.063
53835.77524 0.634750569507 14.6209 0.062
53920.657082 0.641451270352 14.6012 0.071
56155.543935 0.645765611965 14.6883 0.061
55032.672336 0.650104446993 14.6245 0.072
54186.731103 0.650548827659 14.6587 0.077
55007.523039 0.651192654797 14.5983 0.072
53691.45648 0.65467771906 14.6415 0.078
54624.565235 0.658666648037 14.6127 0.06
54773.464646 0.666714487187 14.7341 0.075
55098.409185 0.667316325581 14.5965 0.065
55126.41703 0.668460518366 14.6481 0.066
56048.666088 0.673712608184 14.6776 0.062
56068.671591 0.674177983232 14.7226 0.063
54773.468058 0.678653281615 14.703 0.076
54186.73917 0.678775748739 14.6493 0.076
55007.531215 0.679800973474 14.7075 0.083
53920.669061 0.683366516117 14.6333 0.073
55821.465346 0.68457019292 14.6947 0.064
54624.572989 0.685798363166 14.5974 0.059
53835.790024 0.686480679969 14.6506 0.063
53621.449559 0.696225563463 14.7437 0.081
53805.787054 0.704273402618 14.7212 0.074
56380.764217 0.705158664937 14.7563 0.062
55098.420049 0.70533011889 14.642 0.066
54186.747201 0.706876703625 14.6642 0.077
55007.539381 0.708374301534 14.7208 0.074
56048.676095 0.708727706646 14.7336 0.063
54624.580752 0.71296156985 14.5751 0.059
53805.790389 0.715942769397 14.6752 0.073
54773.47954 0.718829494307 14.8 0.077
55734.595124 0.720407570592 14.6809 0.065
54703.462322 0.724347512716 14.5803 0.069
53920.681102 0.725498703631 14.6809 0.076
54016.421334 0.726362971563 14.6378 0.075
53621.458393 0.727136263941 14.8001 0.082
53805.793724 0.727612136177 14.7138 0.074
55821.479418 0.733808972326 14.6844 0.064
55126.4361 0.735187602151 14.6762 0.066
54186.755569 0.736156841916 14.6519 0.076
53805.797066 0.739305996362 14.758 0.074
54624.588491 0.740040799079 14.5865 0.059
54652.596067 0.740243744575 14.6135 0.071
55098.430785 0.74289603243 14.6139 0.066
56048.686085 0.743683321059 14.7533 0.063
56380.776519 0.74820410722 14.7953 0.062
55007.552715 0.755030774256 14.6118 0.066
54703.471214 0.755461158695 14.5809 0.069
54016.429854 0.756174967053 14.6899 0.075
53621.467133 0.757718052722 14.8467 0.084
53920.693059 0.76733697004 14.6932 0.078
55734.608833 0.768376191013 14.7096 0.065
55126.44565 0.768603629956 14.6752 0.066
54652.606012 0.775041901263 14.5546 0.095
56048.696074 0.77863543641 14.7828 0.063
55821.493486 0.783033755461 14.7423 0.064
54016.438353 0.785913482247 14.7232 0.076
54703.479969 0.786095433402 14.6135 0.069
53621.47578 0.787974428893 14.8556 0.084
56380.78868 0.790756181984 14.8595 0.063
54016.44685 0.815644999344 14.7075 0.076
54703.48859 0.816260833995 14.6404 0.07
55734.622586 0.816498770098 14.7477 0.065
55821.50754 0.832209551757 14.7822 0.065
54178.781098 0.833000339432 14.7448 0.082
56380.800962 0.833731643084 14.8986 0.063
54178.784634 0.845373017382 14.7546 0.081
54997.576501 0.847654404829 14.6657 0.073
54178.788229 0.857952139869 14.6975 0.079
55734.63613 0.863890045545 14.7582 0.066
54997.582842 0.869841947475 14.7155 0.073
54178.79181 0.870482275543 14.8123 0.082
53860.708798 0.878778547984 14.8469 0.061
54997.590506 0.896658747154 14.7235 0.074
55762.653414 0.898061870415 14.7929 0.065
54318.555482 0.91202662089 14.8127 0.083
56445.698398 0.913786648313 15.0445 0.064
54952.727507 0.918310933551 14.7743 0.073
54997.596801 0.918685333013 14.7462 0.074
53860.722447 0.926537224781 14.8594 0.061
55762.666266 0.94303179599 14.8422 0.066
54952.736382 0.949365095507 14.8099 0.073
54318.566356 0.95007540479 14.9057 0.087
56445.7109 0.957531902704 15.0791 0.065
55467.453342 0.975149672341 14.8277 0.069
53860.736421 0.975433096244 14.9294 0.061
56123.630422 0.97845278546 15.0057 0.061
54952.745432 0.981031593055 14.8299 0.073
55762.679094 0.987917744109 14.8855 0.066
54318.577357 0.988568569371 14.9421 0.088
54533.779591 0.994205555829 14.899 0.081
