53604.542601 0.000399981191308 16.5887 0.14
54212.748054 0.00519191255756 16.552 0.109
54376.466771 0.00784015393736 16.4815 0.139
56382.77429 0.00943223588367 16.5337 0.093
54186.741873 0.0183756058627 16.5724 0.148
56155.563052 0.0210761323708 16.5572 0.09
53604.551736 0.0242812103106 16.5636 0.138
55353.807845 0.0276666719147 16.3762 0.129
56382.782815 0.0317187687984 16.4596 0.091
54186.749856 0.0392452120072 16.5557 0.146
56155.575809 0.0544261969536 16.4997 0.089
54186.758234 0.0611474492839 16.5487 0.146
53609.548062 0.0859567393064 16.6769 0.164
56155.588559 0.0877579617377 16.5633 0.091
53583.540799 0.0963118075659 16.6829 0.172
53609.556586 0.108240657964 16.538 0.155
53583.54695 0.112392096602 16.6587 0.157
54675.638703 0.119876711688 16.5617 0.121
56415.714805 0.12437323213 16.5928 0.115
53583.553025 0.128273702167 16.715 0.161
53609.565104 0.130508891099 16.6877 0.166
55467.455103 0.13069973179 16.6439 0.117
53583.55907 0.144076880061 16.8088 0.168
56415.724468 0.149634788441 16.7502 0.122
53609.573651 0.152852937648 16.8011 0.176
53691.433911 0.156533810185 16.6977 0.156
54703.577207 0.158280133239 16.757 0.134
56415.734504 0.17587146227 16.839 0.149
53691.441576 0.176572082887 16.6119 0.15
54703.585274 0.179369336872 16.8933 0.176
53691.449244 0.196618198379 16.808 0.166
53621.449131 0.198398506751 16.9303 0.186
54703.59335 0.200482068837 16.4575 0.222
56415.744442 0.201851939013 16.7482 0.159
54592.666349 0.208897359088 16.7613 0.136
53691.456897 0.216625099997 16.8748 0.174
53621.457976 0.221521601604 16.8972 0.183
54592.67509 0.231748571313 16.8578 0.16
53621.46671 0.244354514049 16.9507 0.187
54592.683841 0.254625926107 16.8338 0.135
53621.475357 0.266959986216 16.8618 0.18
54592.692596 0.277513737929 16.8739 0.138
53820.77825 0.29575601673 16.888 0.146
54242.696247 0.297436983369 16.8443 0.123
53820.783437 0.309316162906 17.0942 0.318
53820.788695 0.323061921288 16.8287 0.235
55098.40096 0.328669500529 16.7313 0.117
54756.430005 0.329027653617 16.7286 0.143
54242.709454 0.331963463178 16.8497 0.123
53820.793894 0.336653438548 16.5142 0.232
54703.651116 0.35149718446 16.767 0.139
55323.712937 0.351871023066 16.744 0.123
54756.4406 0.356725696585 16.5182 0.13
54234.686191 0.357099535199 16.683 0.156
55098.411894 0.357253776297 16.7006 0.115
54262.610894 0.359423608829 16.5079 0.148
54242.723006 0.36739186131 16.8631 0.123
54234.694986 0.38009191726 16.7444 0.16
54262.619455 0.381804254975 16.7001 0.161
54756.451201 0.384439425093 16.6102 0.137
55098.422717 0.385547869658 16.7015 0.115
54242.736701 0.403194098071 16.9372 0.126
54234.703966 0.403567936686 16.5958 0.149
54262.628086 0.404367899031 16.6638 0.158
53920.659061 0.409771566313 16.6481 0.133
54756.461789 0.412119168262 16.5868 0.135
55098.43342 0.41352825228 16.516 0.108
54424.438433 0.418048301014 16.5024 0.17
54346.406114 0.421585389451 16.5362 0.116
55032.645018 0.425799570235 16.4746 0.128
54234.713121 0.427501450925 16.6162 0.15
54262.637021 0.427726276951 16.5379 0.149
54424.442471 0.428604666987 16.5762 0.198
53835.748046 0.430635943942 16.6023 0.1
54424.446484 0.439095676555 16.6288 0.204
53920.671052 0.44111911074 16.6403 0.141
54346.415123 0.445137222309 16.6007 0.12
55323.749063 0.446313637548 16.6185 0.115
54424.450506 0.449610214435 16.2408 0.17
54730.469593 0.461863232596 16.4644 0.104
55044.518206 0.465353264435 16.476 0.099
53835.762584 0.468641998548 16.5646 0.098
54346.424738 0.470273294344 16.4588 0.113
53920.683067 0.472529397316 16.5702 0.143
55044.527194 0.488850197916 16.4691 0.098
54730.481385 0.492690540062 16.5084 0.106
54346.434271 0.495194997367 16.5624 0.117
53920.695031 0.503806356844 16.7674 0.164
53835.777222 0.506909478773 16.5886 0.099
55044.536341 0.5127627981 16.5481 0.101
56445.700514 0.514694733322 16.5201 0.089
54730.493236 0.523672088651 16.5092 0.106
55044.545294 0.536168232626 16.5414 0.101
53835.792011 0.545571711663 16.5981 0.099
56445.713681 0.549116642892 16.5369 0.09
54730.505028 0.554499396117 16.511 0.106
56123.636966 0.558112297991 16.5455 0.082
56445.725825 0.580864168499 16.5846 0.091
56123.651035 0.594892266526 16.6028 0.084
55821.467438 0.60959222835 16.6164 0.102
54318.554947 0.611503249524 16.661 0.174
56445.737915 0.612470524269 16.5484 0.09
54624.570663 0.614943610505 16.587 0.088
55734.643352 0.629199148808 16.6862 0.124
56123.665226 0.631991174276 16.6765 0.085
54624.57843 0.635248537339 16.6538 0.09
54318.565822 0.639933284189 16.8504 0.191
55821.481532 0.646437553272 16.6871 0.105
54624.586161 0.655459350942 16.6625 0.09
55662.741153 0.658439602861 16.6427 0.118
55734.655319 0.660483951088 16.7099 0.129
54318.576822 0.668690100877 16.9425 0.219
56123.679405 0.669058710981 16.7923 0.088
54624.593896 0.675680621573 16.7397 0.092
55821.495602 0.683220136065 16.7947 0.109
53860.711455 0.691379229216 16.8894 0.094
55734.667519 0.692377875046 16.7732 0.133
54318.587796 0.697378946884 17.0448 0.242
55113.460735 0.698777573879 16.7908 0.122
56048.720897 0.708324837011 16.7231 0.099
55126.470496 0.70962412228 16.7347 0.119
55695.659457 0.715315357724 16.7457 0.121
55821.509677 0.720015790123 16.7557 0.108
55734.679552 0.723835218227 16.7026 0.136
54742.428696 0.726020736298 16.6316 0.132
53860.725125 0.727116109573 16.9271 0.095
55113.471935 0.728057241766 16.7244 0.118
55126.479905 0.734221657555 16.7451 0.118
55662.773273 0.742409507535 16.8836 0.127
56048.735088 0.74542374478 16.7836 0.101
55695.671346 0.746396248039 16.792 0.123
54742.438138 0.750704542014 16.7002 0.136
54358.391333 0.754016804448 16.8311 0.128
54016.420917 0.755784041555 16.8131 0.157
55113.483094 0.757229725156 16.7045 0.118
55126.488948 0.757862375111 16.8677 0.123
53860.739108 0.763671252087 16.9109 0.094
56068.633682 0.765443717692 16.8854 0.108
55273.762463 0.768541611123 16.8599 0.162
54742.447619 0.775490303732 16.7203 0.137
54016.429436 0.778054888928 16.8768 0.162
54021.402674 0.779372473979 16.8613 0.158
54358.401036 0.779382931018 16.8333 0.139
55126.49795 0.781395908171 16.7585 0.122
56048.749424 0.782901719673 16.7044 0.1
55113.494302 0.78653030708 16.7078 0.119
56176.512314 0.787811292551 16.8303 0.1
56068.646553 0.799091807453 16.8737 0.108
54742.457003 0.800022482622 16.7034 0.152
54016.437935 0.8002734512 16.8636 0.161
53860.753123 0.800310050786 16.9137 0.094
54021.411166 0.801572736453 16.8637 0.158
54358.41022 0.803392258671 16.8547 0.128
55695.695203 0.80876455489 16.8639 0.124
56048.763798 0.820479036292 16.7836 0.101
56176.525029 0.821051558361 16.7819 0.098
54016.446432 0.822486784939 16.8798 0.162
54021.419678 0.823825284046 16.8935 0.16
54358.419072 0.826533653322 16.9853 0.24
56068.659411 0.832705911892 16.7531 0.104
54997.609214 0.833236605861 16.8012 0.147
54021.428166 0.846015089492 16.6937 0.147
56176.537762 0.854338880796 16.7569 0.097
55762.65411 0.856493027799 16.5508 0.101
54773.466349 0.8663932155 16.6056 0.138
56068.672309 0.866424586571 16.6338 0.099
54652.598243 0.886214504951 16.5722 0.126
56176.55057 0.887822272426 16.6297 0.094
55762.666978 0.890133274789 16.5609 0.102
53568.545796 0.895534327804 16.6072 0.144
54773.477832 0.896412717836 16.5565 0.14
55007.580144 0.899800793699 16.5641 0.139
54773.481258 0.905369159109 16.6402 0.146
55353.761484 0.906467146662 16.5958 0.138
53568.553393 0.915394831109 16.6179 0.145
53893.694675 0.917962030553 16.6318 0.132
55007.588017 0.920382831674 16.4543 0.128
54675.562957 0.921857272093 16.5832 0.111
55762.679804 0.923663723025 16.5554 0.102
53668.39633 0.930398046648 16.5513 0.131
53568.560641 0.934342959026 16.5709 0.142
53893.701553 0.935942883742 16.7101 0.136
54376.440022 0.937911418566 16.5193 0.14
55007.596001 0.941255052056 16.6648 0.157
54675.574172 0.951176153815 16.5183 0.155
53668.404526 0.951824489312 16.4696 0.126
54703.498453 0.952397011394 16.5623 0.123
53893.708462 0.954004778878 16.5679 0.129
53568.568508 0.95490931146 16.5753 0.142
53604.525245 0.955026952984 16.5863 0.14
55762.692648 0.957241227867 16.457 0.099
54652.626188 0.959269890584 16.3594 0.251
54376.448967 0.961295939017 16.5342 0.141
55007.603884 0.961863232582 16.3921 0.137
54212.731942 0.963071018888 16.4958 0.107
56382.757336 0.965110138626 16.5029 0.093
53893.715344 0.971996089075 16.5871 0.13
53668.412688 0.973162047279 16.4969 0.128
54703.507004 0.974751514971 16.5654 0.123
53604.533845 0.977509555112 16.6402 0.143
54675.58521 0.98003231221 16.7483 0.528
54212.739941 0.983982453124 16.5814 0.11
54376.457849 0.984515761357 16.5688 0.144
56382.765809 0.987260730218 16.597 0.095
56155.550402 0.988005793205 16.5479 0.089
53668.420843 0.994481305466 16.4739 0.127
54703.515531 0.997043276399 16.8735 0.387
54186.733818 0.997317773294 16.5684 0.149
