54169.518324 0.00258652862918 17.4539 0.2
54532.504978 0.00846706800361 17.537 0.177
54887.480305 0.0146445551442 17.5114 0.143
54169.526004 0.0150485988296 17.5428 0.209
56042.375319 0.0228130527208 17.3781 0.137
55266.491601 0.0231570577879 17.4732 0.154
54887.486733 0.0250750482732 17.4032 0.137
53832.432704 0.0254174306721 17.3513 0.163
54169.533679 0.0275025557004 17.3579 0.191
54887.493168 0.0355169000637 17.4515 0.139
53832.440434 0.0379606341341 17.4529 0.171
56042.384797 0.0381926752888 17.4342 0.142
54887.499603 0.0459587518425 17.4078 0.137
53832.44817 0.0505135736035 17.3706 0.165
55613.46877 0.0510003732145 17.3545 0.142
54729.738778 0.0529280996972 17.6219 0.198
56042.394423 0.0538124523331 17.2896 0.133
53832.455886 0.0630340597542 17.3655 0.165
54729.748253 0.0683028542673 17.3956 0.176
56042.404122 0.0695506839556 17.563 0.147
54729.75777 0.0837457607833 17.5075 0.184
54729.767707 0.0998701867695 17.5261 0.185
56392.465176 0.101507456146 17.3925 0.131
56392.47225 0.112986191118 17.5244 0.139
54600.360203 0.114792217693 17.597 0.183
55305.374899 0.117738978051 17.4361 0.154
54600.366131 0.124411378136 17.4986 0.176
56392.479465 0.124693721905 17.4733 0.137
54600.372058 0.134028915901 17.571 0.182
56392.486722 0.136469404649 17.4524 0.136
54600.378003 0.143675661641 17.6995 0.194
55326.363344 0.174962273028 17.5546 0.2
54963.380803 0.175755756408 17.4401 0.146
54963.385633 0.183593230239 17.5296 0.152
54492.559042 0.189579242868 17.3696 0.19
54963.390501 0.191492365364 17.4764 0.15
54905.464925 0.197664984506 17.7709 0.161
54963.395322 0.199315235202 17.7391 0.169
55326.380463 0.202740681848 17.5733 0.204
54492.569682 0.20684440262 17.5322 0.205
54905.474566 0.213309101528 17.7088 0.157
54492.580328 0.224119298356 17.7967 0.235
54905.484181 0.228911029259 17.6102 0.155
54108.647325 0.229323186265 17.8346 0.197
54521.549749 0.231796128319 17.8021 0.19
54492.590979 0.241402307433 17.8502 0.242
54905.493791 0.24450484366 17.8716 0.174
55102.700819 0.24552387752 17.7337 0.171
54108.658237 0.247029711011 17.8781 0.202
55102.712188 0.263971960341 17.7251 0.169
54108.66916 0.264754085059 17.8957 0.204
54521.570975 0.266238823898 17.9387 0.206
56294.581561 0.269153130934 17.8086 0.138
54108.680099 0.282504421761 17.9396 0.209
55102.72366 0.282587177706 17.8145 0.176
54521.581612 0.283499115652 17.7483 0.189
56294.592885 0.287528193811 17.6485 0.13
55102.735134 0.301205640391 17.5648 0.156
56294.604295 0.306042805911 17.7816 0.137
54802.621007 0.316398656438 17.9768 0.2
56294.615801 0.324713193894 17.7514 0.135
54802.63321 0.336200042191 17.6184 0.157
54860.567123 0.343555584406 17.6695 0.187
54802.645302 0.355821312085 17.6342 0.158
54860.575736 0.357531601409 17.5562 0.178
54860.58436 0.371525467737 17.5569 0.178
55210.628056 0.375316014089 17.5361 0.133
54802.657446 0.375526960584 17.6419 0.161
54860.592986 0.385522579396 17.5802 0.181
55244.53355 0.3925876645 17.6668 0.161
54468.663462 0.415048598825 17.5979 0.173
55210.659031 0.425578074552 17.5205 0.135
56362.469181 0.428044525941 17.4991 0.169
53765.50857 0.429941421779 17.4548 0.161
54468.677026 0.437058432179 17.4529 0.168
56362.476958 0.440663994679 17.4545 0.166
54594.399018 0.441783633793 17.6195 0.206
53765.517356 0.444198159894 17.4797 0.164
54594.40514 0.451717591322 17.6002 0.206
56362.48465 0.453145536859 17.6121 0.179
53765.526154 0.458474370001 17.4873 0.164
54468.690599 0.459082869526 17.5011 0.17
54007.720809 0.459358722638 17.5868 0.202
54594.41128 0.461680756814 17.488 0.195
56362.492366 0.465666023009 17.4223 0.164
54594.417436 0.471669884961 17.3201 0.181
53765.534912 0.472685673494 17.3778 0.156
54007.730611 0.475264088793 17.359 0.18
54468.704186 0.481130024184 17.4939 0.174
53865.378316 0.485121781043 17.4719 0.177
54007.740483 0.491283041528 17.5036 0.192
53865.383665 0.493801418214 17.5032 0.181
54904.418449 0.499584597658 17.3617 0.166
53865.389016 0.502484300716 17.3988 0.173
54007.750361 0.507311730248 17.5391 0.195
54207.424028 0.510860499461 17.4547 0.205
53865.394365 0.511163937887 17.4727 0.179
54941.405695 0.517508559564 17.3152 0.132
54207.429334 0.519470362019 17.3983 0.2
55170.661411 0.522824411382 17.4075 0.139
54207.434646 0.528089960574 17.5473 0.217
54478.593475 0.52813701787 17.5071 0.165
54941.413142 0.529592548719 17.2456 0.129
54207.439963 0.536717672446 17.1888 0.182
53849.387471 0.537331039971 17.5218 0.146
54941.420588 0.541674915219 17.3996 0.138
55170.673778 0.542891914255 17.2658 0.131
54478.603305 0.544087818648 17.3316 0.153
53849.395642 0.550589838877 17.4202 0.14
54478.613087 0.559960731496 17.2712 0.422
53683.625682 0.561413017021 17.3163 0.17
55675.41043 0.561588264892 17.2876 0.144
55170.686156 0.562977266466 17.5787 0.15
53849.403827 0.563871355093 17.4828 0.144
53683.633404 0.573943239167 17.3793 0.175
54478.622891 0.575869342984 17.5397 0.168
53849.411977 0.577096078025 17.4405 0.142
55170.698477 0.582970126729 17.6044 0.152
53683.641139 0.586494555959 17.4514 0.181
55675.431844 0.596336021549 17.4151 0.155
53683.648925 0.59912862869 17.5063 0.186
54925.441434 0.612854755224 17.6456 0.137
54925.449245 0.625529394591 17.5068 0.13
54478.655031 0.628021808628 17.4648 0.235
54064.522068 0.628795820014 17.557 0.176
54925.45706 0.638210524611 17.7322 0.144
53967.776008 0.642312622717 17.4726 0.196
54478.664906 0.64404562935 17.4406 0.163
54064.535148 0.650020283324 17.8121 0.219
54925.464912 0.650951693259 17.6634 0.14
56422.385453 0.65210540835 17.6309 0.145
53967.784228 0.655650932218 17.6386 0.211
56422.392588 0.663683125909 17.4812 0.14
53967.792444 0.668982751067 17.5745 0.204
54767.711981 0.670730361695 17.6335 0.155
54064.548205 0.671207425318 17.4995 0.169
56422.399747 0.675299787438 17.6915 0.154
53967.800657 0.682309701918 17.6211 0.208
56422.406995 0.687060866177 17.6393 0.149
54767.724211 0.690575559417 17.4458 0.144
54064.561288 0.692436756614 17.6144 0.176
54767.735154 0.708332386784 17.6662 0.159
54767.745942 0.725837701012 17.7372 0.164
53717.63401 0.745549840172 17.8126 0.227
53717.645956 0.764934200921 17.7438 0.219
53717.658009 0.784492186866 17.6879 0.213
53717.670129 0.804158891394 17.6319 0.208
56003.433045 0.832532818406 17.6938 0.154
53701.667646 0.837483570518 17.7337 0.227
56003.443761 0.849921300735 17.6679 0.153
53701.675807 0.850726142764 17.634 0.215
53701.683827 0.863739919195 17.7894 0.233
54377.733421 0.866018141397 17.54 0.203
56003.454439 0.867248121769 17.6276 0.15
53701.691929 0.876886754185 17.5241 0.204
55569.60698 0.87799178931 17.6371 0.142
54377.742733 0.881128401513 17.7734 0.228
56003.465204 0.884716114692 17.617 0.15
54377.752194 0.896480438772 17.5577 0.204
54377.761972 0.912346860956 17.6132 0.209
55569.632447 0.919316208813 17.5181 0.137
53743.64973 0.960358284516 17.5145 0.133
54532.485381 0.976667694355 17.4766 0.165
54532.49192 0.987278303344 17.454 0.164
54169.510657 0.990145553086 17.5475 0.208
54532.498441 0.997859704358 17.342 0.158
