55045.560316 0.00606725382443 14.155 0.061
56382.771483 0.00732974157915 14.0287 0.057
54018.477899 0.0129023238741 14.0665 0.066
54652.677545 0.0151089890372 14.1381 0.064
54234.687036 0.0237893989787 14.07 0.068
53835.755918 0.0243744018276 14.0853 0.058
56382.779974 0.0255917239226 14.0087 0.057
55045.571371 0.029843748314 14.1306 0.061
55126.474393 0.0316761837079 14.1047 0.061
54018.487627 0.0338247787451 14.0942 0.067
54652.686887 0.0352012560412 14.0974 0.064
54592.709976 0.0401135593712 14.1587 0.063
54234.695854 0.042754675177 14.0378 0.067
56382.788469 0.0438623092521 13.9981 0.057
54187.739295 0.0511339807047 14.1053 0.069
55126.483678 0.0516458581928 14.1339 0.061
54018.497329 0.0546913142071 14.1389 0.067
53835.770517 0.0557731393283 14.0807 0.058
54592.719779 0.061197320167 14.1439 0.063
55734.649364 0.0614231484688 14.0571 0.063
54234.704808 0.062012452821 14.0828 0.068
54187.745917 0.0653762192026 14.1039 0.069
55126.492656 0.0709552537371 14.1083 0.061
54187.752647 0.0798507382442 14.1087 0.069
54234.713957 0.0816896258758 14.072 0.067
54592.729628 0.0823800152705 14.1634 0.063
55734.661286 0.0870643395628 14.0624 0.063
53835.785155 0.0872557559268 14.0713 0.058
53668.401751 0.0881074512518 14.1261 0.065
55126.501685 0.0903743373059 14.1206 0.061
54187.75937 0.0943102020603 14.1277 0.069
54592.739449 0.103502489488 14.1741 0.063
53668.409912 0.105659687501 14.141 0.065
55734.673558 0.113458291666 14.1443 0.064
53835.800084 0.119364239553 14.1074 0.058
53668.418062 0.123188265523 14.1831 0.066
54951.694323 0.124179759337 14.1723 0.067
54424.441099 0.136537944538 14.2618 0.08
55734.6855 0.139142497658 14.1296 0.066
53668.42623 0.140755556982 14.176 0.066
54951.702801 0.142413781976 14.2227 0.066
54262.640416 0.14440322182 14.23 0.07
54424.445139 0.145226957452 14.2652 0.08
54424.449168 0.153892312156 14.2759 0.081
54951.711328 0.160753191162 14.2358 0.066
54424.453171 0.162501747481 14.3194 0.081
54262.650729 0.166583862955 14.2578 0.071
54756.435287 0.171633814024 14.2636 0.067
54951.719849 0.179079695885 14.2577 0.067
54742.490932 0.180871267111 14.2404 0.062
53621.486678 0.185712595843 14.3034 0.073
54262.6612 0.189104321927 14.3417 0.071
54742.497063 0.194057489438 14.3034 0.063
54756.445893 0.194444623664 14.2989 0.068
53621.495724 0.205168242087 14.4099 0.074
54742.503298 0.207467389322 14.3446 0.063
55324.628821 0.211474228684 14.3235 0.069
54262.671919 0.212158165843 14.4617 0.073
55695.665343 0.216704842403 14.332 0.063
54756.456491 0.217238227347 14.3973 0.069
54742.509443 0.220683722085 14.4233 0.064
53621.504571 0.224195889918 14.4845 0.076
55891.418731 0.232476261137 14.3368 0.064
53581.523328 0.234706584513 14.4532 0.06
54756.467092 0.240038283271 14.5134 0.07
55695.677333 0.242492284197 14.4739 0.065
53621.513539 0.243483777997 14.6346 0.078
55891.424151 0.244133303219 14.3624 0.064
55891.429599 0.255850566188 14.4152 0.065
53581.533443 0.256461377982 14.4852 0.061
54242.702807 0.2636749793 14.2185 0.062
55891.434955 0.267369960525 14.4505 0.065
55324.656439 0.27087352539 14.6314 0.073
53581.543639 0.27839038187 14.4875 0.061
54242.716107 0.292279898053 14.3252 0.063
53581.553849 0.300349496194 14.5239 0.061
54318.508732 0.302947597082 14.6253 0.068
54242.729828 0.321790280785 14.5133 0.064
54703.50128 0.324042111593 14.5448 0.068
53568.546791 0.325474508285 14.53 0.073
54318.52056 0.328386618052 14.5341 0.067
56155.558794 0.33059973545 14.5152 0.06
55007.585292 0.331444978552 14.5461 0.072
54730.472368 0.331995569467 14.5044 0.064
55769.649618 0.338071426272 14.5212 0.061
53568.554475 0.342000838783 14.4368 0.071
54703.509795 0.342355711837 14.4552 0.067
55007.593327 0.34872622082 14.4402 0.071
54242.743659 0.351537245538 14.6551 0.066
54318.532366 0.35377832263 14.3869 0.067
53568.561517 0.357146390513 14.3917 0.071
54730.484159 0.357355012848 14.3749 0.062
56155.57152 0.357970126134 14.3832 0.059
54703.518229 0.360495101677 13.9183 0.098
55769.66174 0.364142766509 14.3717 0.06
55007.601162 0.36557731393 14.387 0.079
53568.569425 0.37415448807 14.3297 0.07
54318.544017 0.378836661611 14.334 0.072
55007.609078 0.382602617459 14.309 0.109
54730.496003 0.382828445762 14.2838 0.062
56155.584276 0.385405039199 14.3179 0.058
55769.673831 0.390147433621 14.2929 0.059
54730.507785 0.40816853244 14.2375 0.061
56155.597029 0.412833500007 14.1852 0.058
55769.685939 0.416188663423 14.2112 0.059
54675.649305 0.421524663673 14.2242 0.065
54675.658659 0.441642739619 14.1955 0.065
56445.745594 0.448632663374 14.1196 0.057
54675.668025 0.461786624508 14.1935 0.065
53851.769788 0.4661375832 14.0822 0.058
56445.757688 0.474643782725 14.0645 0.057
54675.677414 0.481979976551 14.1783 0.065
55467.497567 0.485825509991 14.118 0.062
53851.779201 0.486382553143 14.0665 0.058
54703.579883 0.493097181443 14.1217 0.064
56445.769719 0.500519405109 14.0344 0.057
56068.693111 0.504599369831 14.1237 0.058
54358.589207 0.505859706846 14.1128 0.062
53851.788658 0.506722155901 14.0575 0.058
53609.547219 0.506971642415 14.1293 0.07
54703.587955 0.510458001316 13.9872 0.082
54358.597396 0.523472163965 14.0989 0.064
53609.555748 0.525315353094 14.0922 0.07
56445.781961 0.526848834833 14.034 0.057
53851.798252 0.527356410835 14.0554 0.058
54703.596034 0.527833876399 14.1855 0.08
56068.707881 0.536365884873 14.0951 0.058
55663.732243 0.536725059409 14.1315 0.062
54358.605549 0.541007194243 14.1012 0.062
53609.564255 0.543611747366 14.0924 0.07
54358.613708 0.558555128983 14.131 0.063
56068.71934 0.561011280667 14.074 0.058
56048.726572 0.561650052153 14.1404 0.058
55467.53296 0.561946855063 14.1114 0.062
53609.572793 0.561974814764 14.1937 0.071
54346.533547 0.577199944077 14.0958 0.06
56068.730901 0.585876052525 14.0807 0.058
56048.740814 0.592280973419 14.1023 0.058
54346.543481 0.59856545257 14.0897 0.06
55663.769736 0.617362970613 14.1633 0.062
54346.553485 0.620081513256 14.1309 0.06
56048.755178 0.62317428568 14.2487 0.059
55035.630465 0.649482207958 14.1637 0.067
54346.567818 0.650908152407 14.1477 0.06
54703.653792 0.652056650636 14.1939 0.065
56048.769573 0.654134271052 14.2347 0.059
55035.637543 0.664705186515 14.1593 0.066
55035.644625 0.679936768074 14.2156 0.067
55035.651741 0.695241474983 14.2678 0.068
53604.564301 0.789981826193 14.4672 0.071
53604.573121 0.8089514039 14.4237 0.07
54212.73592 0.81251949113 14.4389 0.064
53820.780789 0.816679033446 14.4726 0.072
53820.786025 0.827940338313 14.4723 0.078
53604.582034 0.828121000953 14.3225 0.069
54212.743909 0.829701799091 14.4691 0.064
55098.485459 0.834594745733 14.4442 0.064
54632.601667 0.836999279504 14.5077 0.061
53820.791271 0.83922315063 14.4302 0.084
53604.59076 0.846888408552 14.2629 0.068
54212.752171 0.847471260658 14.355 0.063
53820.796451 0.850364013724 14.1827 0.091
55098.493995 0.852953511622 14.3902 0.063
54632.610486 0.855966706449 14.4386 0.061
54212.760291 0.864935316316 14.3169 0.062
56415.719518 0.870176683759 14.3295 0.065
55098.502543 0.871338086485 14.3209 0.063
54632.619348 0.875026615477 14.3899 0.06
55098.511115 0.889774279232 14.2919 0.062
56415.729291 0.891195922191 14.2253 0.067
54632.629289 0.896407179181 14.3112 0.059
55821.520985 0.900194642497 14.2621 0.061
54376.440853 0.900211848457 14.2067 0.068
53693.427396 0.911907603958 14.2047 0.073
56415.739346 0.912821670917 14.2781 0.069
54376.449802 0.919458872368 14.2001 0.068
53693.435101 0.928479100132 14.2209 0.074
55821.535002 0.930341645957 14.2061 0.06
56415.749282 0.934191480888 14.1608 0.065
54376.458684 0.938561796296 14.1704 0.068
53693.44285 0.945145229105 14.1798 0.073
55045.532354 0.945928100573 14.2445 0.062
54376.467606 0.957750750067 14.1483 0.068
55821.549173 0.960819864285 14.193 0.06
53693.450565 0.961738232729 14.1433 0.089
54652.659416 0.976118118961 14.4116 0.142
55045.549345 0.982471421963 14.1744 0.061
56382.762967 0.989013990605 14.0202 0.057
55821.563383 0.991381961695 14.0838 0.06
54018.468192 0.99202503468 14.1161 0.067
54652.668532 0.995724317412 14.1422 0.064
