56132.416013 0.000945818215216 14.6607 0.065
54525.756257 0.00537937886669 14.7194 0.073
56132.426997 0.00758407205981 14.6336 0.065
54593.601827 0.00830325651449 14.7714 0.064
54525.767567 0.0122146529918 14.7186 0.073
54593.613895 0.0155966330091 14.7914 0.065
54593.625943 0.022877922366 14.7548 0.064
54593.637897 0.030102402197 14.7851 0.065
55030.475971 0.0361133338004 14.7421 0.075
55030.483598 0.0407227622476 14.7443 0.075
55030.491184 0.0453074120711 14.717 0.075
55030.498814 0.049918653589 14.6946 0.075
53938.436296 0.0546338444576 14.7426 0.075
53938.445204 0.0600174538229 14.7524 0.075
53938.45413 0.0654119416034 14.7635 0.076
55657.641891 0.0680306191265 14.7087 0.068
53938.463078 0.0708197252355 14.8171 0.077
55657.681272 0.0918307897982 14.8886 0.072
54201.656832 0.133724795305 14.8979 0.072
54206.621494 0.134151471124 14.8928 0.08
54206.631822 0.140393266985 14.8041 0.078
54201.669947 0.141650933249 14.8137 0.071
54643.465844 0.143955345292 14.9427 0.067
54643.476653 0.150487836716 14.8517 0.066
53963.41606 0.15132124459 14.7897 0.07
53963.428547 0.158867846534 14.7415 0.069
53963.441015 0.166402965697 14.7426 0.07
53963.453506 0.173951985069 14.7505 0.07
54964.526472 0.179092643044 14.6982 0.072
56362.713429 0.182729057229 14.7682 0.066
54600.511254 0.18406166372 14.7435 0.065
54964.536765 0.185313286417 14.675 0.072
56362.724062 0.189155181876 14.7557 0.066
54600.522337 0.190759748879 14.7462 0.065
54964.547275 0.191665075192 14.6587 0.071
56362.734742 0.195609711287 14.7658 0.066
54600.533446 0.197473547308 14.715 0.065
54964.557642 0.197930440962 14.6479 0.071
56362.745562 0.202148850632 14.777 0.066
54600.544462 0.204131140565 14.7406 0.065
56367.729424 0.214179174834 14.7508 0.059
56367.744504 0.223292873669 14.7412 0.059
55270.722098 0.230466587535 14.7013 0.068
56367.759661 0.232453107962 14.7483 0.059
54673.403556 0.237011770449 14.7265 0.071
56367.774785 0.241593398492 14.735 0.059
54673.411289 0.241685260709 14.7243 0.071
54673.419021 0.246358146608 14.6982 0.07
54673.42677 0.251041306569 14.7113 0.071
56096.434015 0.254984733949 14.7948 0.069
56096.44471 0.261448328714 14.6528 0.078
53834.545678 0.267644193463 14.6623 0.059
56096.45528 0.267836378889 14.6544 0.063
56096.46587 0.274236516198 14.7081 0.063
53834.561238 0.277047983504 14.7133 0.059
53834.57681 0.286459025824 14.7222 0.059
55732.471198 0.291622649354 14.7705 0.117
53834.592144 0.295726231257 14.7081 0.059
55732.481844 0.29805663064 14.7115 0.068
56475.422407 0.299153538024 14.7103 0.061
55732.492467 0.304476711717 14.7154 0.068
56475.433634 0.305938650544 14.6943 0.061
55795.374146 0.307439872554 14.7338 0.066
55732.503085 0.310893771014 14.7073 0.068
55795.381177 0.311689104417 14.7541 0.066
56475.444903 0.312749146046 14.7057 0.061
55795.388251 0.315964323614 14.7474 0.066
54266.494723 0.318937758515 14.7306 0.075
56475.456219 0.319588046308 14.7059 0.061
55795.395282 0.320213555477 14.7336 0.066
54266.504144 0.324631402856 14.7195 0.074
54266.5135 0.330285764016 14.7343 0.075
54266.523018 0.336038030957 14.7376 0.075
54936.685373 0.353138303401 14.672 0.07
54936.695551 0.359289445755 14.7152 0.071
54845.691049 0.360110162137 14.7039 0.066
55762.371655 0.362163766159 14.7275 0.069
54936.705728 0.365439983755 14.6891 0.07
54160.675404 0.366324761945 14.7246 0.077
54845.702307 0.366914009713 14.7082 0.066
55762.380463 0.367486939853 14.6193 0.083
55325.557581 0.37065739503 14.6942 0.068
54936.71601 0.371653979203 14.6785 0.07
54160.685424 0.372380415944 14.6955 0.076
55762.389329 0.372845166233 14.7163 0.068
54845.713646 0.373766810179 14.7061 0.066
55762.398155 0.378179218351 14.7323 0.068
54160.695433 0.378429422018 14.7182 0.077
54845.724948 0.380597249453 14.7243 0.066
54160.70505 0.384241520269 14.7505 0.077
55325.597264 0.394640081421 14.7253 0.068
54951.655372 0.400357295673 14.7021 0.066
54951.663488 0.405262254539 14.7118 0.066
54976.484799 0.406187524626 14.6781 0.071
54976.489943 0.409296335423 14.7084 0.072
54951.671591 0.41015935677 14.571 0.07
54976.494994 0.412348941046 14.6943 0.072
53854.642853 0.413506284099 14.7163 0.071
54951.679747 0.415088489907 14.7445 0.069
54976.500112 0.415442038568 14.7223 0.072
53854.654221 0.420376610911 14.7017 0.071
54233.572288 0.422044031012 14.721 0.077
53854.665544 0.427219741675 14.7032 0.071
54233.581659 0.427707457521 14.7376 0.077
54233.591091 0.433407749788 14.7185 0.077
53854.676859 0.434058037581 14.7209 0.072
54233.600583 0.439144303454 14.7187 0.077
54170.731114 0.443560337764 14.7357 0.076
54170.75413 0.457470211259 14.7338 0.077
53578.400567 0.464633651062 14.7251 0.071
54170.771084 0.467716474521 14.7532 0.077
53821.639864 0.467929208073 14.7122 0.071
53578.412057 0.471577709392 14.7402 0.071
53821.648449 0.473117610229 14.7388 0.071
54170.781984 0.474303962405 14.7534 0.077
53821.656957 0.478259476917 14.722 0.071
53578.423511 0.478500010879 14.749 0.072
53821.665485 0.483413430738 14.7294 0.071
53578.437787 0.487127806936 14.7281 0.071
55307.549349 0.487261974119 14.7172 0.065
54463.727041 0.517607932059 14.7065 0.083
54463.732418 0.520857557963 14.711 0.083
55676.595907 0.523016924406 14.7365 0.064
54463.737753 0.524081800887 14.714 0.083
54463.743158 0.527348348775 14.7212 0.083
54890.675447 0.546731880783 14.709 0.071
54890.683046 0.551324387241 14.6915 0.071
55686.571582 0.551882812819 14.7549 0.064
55676.643729 0.551918469867 14.7511 0.065
54890.690599 0.555889093296 14.6858 0.071
54890.698214 0.560491269461 14.6964 0.071
53914.471766 0.571509900572 14.7528 0.074
53914.480273 0.576651162904 14.7299 0.074
53914.48878 0.581792425235 14.7758 0.075
54187.510328 0.584190512565 14.8525 0.079
53914.497291 0.586936104993 14.8064 0.075
54187.51972 0.589866630564 14.8486 0.079
53846.66901 0.594460950095 14.7914 0.072
54187.529096 0.595533078858 14.8564 0.079
53846.679425 0.600755324988 14.8253 0.073
54187.538474 0.601200735865 14.8611 0.079
53846.6899 0.607085961276 14.8338 0.073
53846.700333 0.613391214588 14.8286 0.073
53871.521852 0.614442190864 14.775 0.072
53871.530364 0.61958647498 14.7944 0.072
55400.434001 0.622722481828 14.8132 0.065
53871.538887 0.624737407021 14.7653 0.072
53871.54744 0.62990646976 14.7729 0.072
54536.721273 0.632160115845 14.7998 0.075
54536.731616 0.63841097705 14.8005 0.075
55400.466357 0.642277046773 14.8182 0.066
54536.74202 0.644698704016 14.7284 0.074
54536.752407 0.65097615692 14.7442 0.074
54905.780915 0.675822469016 14.7274 0.08
54905.789688 0.681124490223 14.6887 0.08
54905.798525 0.686465190262 14.7183 0.08
56386.712436 0.686689406595 14.6807 0.062
54503.725184 0.690753100956 14.7406 0.075
54905.80719 0.691701940951 14.6311 0.078
56386.722318 0.69266165937 14.6774 0.062
54503.734525 0.696398396762 14.7295 0.075
56411.548293 0.696405649042 14.7187 0.062
56386.732346 0.69872214822 14.687 0.062
56411.558979 0.702863804595 14.7075 0.062
54503.745288 0.702903087778 14.689 0.077
56386.742363 0.704775989149 14.6754 0.062
54503.754419 0.708421468681 14.7285 0.075
56411.568967 0.708900119178 14.7301 0.062
56411.578954 0.714935829405 14.74 0.062
54096.728234 0.719424990875 14.7502 0.079
54096.729984 0.720482615074 14.7654 0.079
54096.731749 0.721549304626 14.7602 0.079
54096.733553 0.722639564088 14.7536 0.079
54998.54313 0.737287357099 14.7101 0.067
53600.365315 0.739175971747 14.6419 0.074
53737.703843 0.740633680074 14.7396 0.079
53600.372428 0.743474760857 14.6552 0.075
54998.55392 0.743808365746 14.6943 0.067
53737.709792 0.744228998001 14.7189 0.079
53600.379576 0.74779470245 14.6158 0.074
53737.715799 0.747859368615 14.6798 0.078
54998.564624 0.750277399718 14.7017 0.067
53737.721758 0.751460730111 14.7027 0.078
53600.386695 0.752097117702 14.6721 0.075
54998.575365 0.756768794887 14.7172 0.067
54154.70428 0.757636046732 14.7405 0.07
54154.719425 0.766789028752 14.7453 0.07
54154.733259 0.775149699151 14.7531 0.07
55218.688013 0.783319392838 14.7052 0.073
54154.747077 0.783500699845 14.7117 0.07
55218.738028 0.813546292513 14.7253 0.073
54869.613949 0.818074737164 14.6628 0.081
53805.674039 0.81887611413 14.7082 0.072
54300.419472 0.821586653871 14.7035 0.068
53805.682575 0.824034902806 14.7266 0.072
54869.62578 0.825224881124 14.6714 0.081
54300.426106 0.825595956128 14.7044 0.068
53805.691095 0.829184021777 14.7107 0.072
54869.637703 0.832430625896 14.689 0.081
53805.699604 0.834326492822 14.7508 0.072
54300.442077 0.835248136768 14.7365 0.069
56398.541736 0.835805957989 14.731 0.061
54300.448633 0.839210299205 14.7209 0.069
54869.649774 0.839725815457 14.6822 0.081
56398.553435 0.842876326866 14.7525 0.061
56398.564995 0.849862690161 14.7222 0.061
56398.576446 0.856783178577 14.7341 0.061
53772.64917 0.860075713804 14.7208 0.077
53772.661672 0.867631381101 14.7475 0.077
53772.673846 0.8749888194 14.7123 0.076
53772.685858 0.882248351917 14.7447 0.077
54917.7156 0.888629149817 14.73 0.063
54917.720781 0.89176032181 14.7314 0.063
55359.515236 0.893193251511 14.7142 0.062
54917.725984 0.894904789646 14.7448 0.063
54917.731218 0.898067992545 14.7382 0.063
55359.563194 0.922176989483 14.7129 0.06
55248.702075 0.92251845101 14.7221 0.074
54325.410962 0.925360740507 14.7159 0.068
54325.415498 0.928102102437 14.715 0.074
54325.424208 0.933366049173 14.695 0.074
54325.432757 0.938532694489 14.7046 0.074
54325.441466 0.943796036868 14.7206 0.075
56443.452775 0.97809267447 14.6417 0.064
56443.462732 0.984110253999 14.6366 0.064
56132.394457 0.987918305482 14.6751 0.065
56443.472512 0.990020862393 14.6485 0.064
54525.733274 0.99148944914 14.7044 0.073
56132.405223 0.994424809568 14.6541 0.065
56443.482632 0.996136952059 14.639 0.064
54525.7448 0.998455264309 14.7229 0.073
