55128.6496431 0.00531174535015 16.648483 0.0927067970314
55804.7888278 0.0112865514927 16.680824 0.100268467321
54832.4632237 0.0131647117824 16.629504 0.0859838948561
55773.7301857 0.0159070736045 16.648379 0.0867323226401
55122.5591954 0.0248918644816 16.671423 0.0863093169425
55128.6607897 0.0254078779813 16.651118 0.0932132569635
54492.4642216 0.031659902211 16.704922 0.117331227976
54832.4744573 0.0334177621772 16.6679 0.0878252736191
54011.5728384 0.0363981739054 16.629299 0.106750277106
55773.7427987 0.0386469267737 16.622576 0.0859628988633
54492.4683399 0.0390847711864 16.613195 0.113310903286
55122.5676715 0.0401734199894 16.64548 0.0857410673665
54492.4723982 0.0464013826342 16.636899 0.115793815127
54832.4856822 0.0536549545175 16.557939 0.0957730438443
54492.4764687 0.053740092494 16.631125 0.121997545704
54011.584246 0.0569648737914 16.476143 0.101297302961
55122.5834925 0.068696925319 16.382936 0.0799483234171
54011.5955025 0.0772590321175 16.090895 0.0901735292586
55122.5919912 0.0840191706424 16.213634 0.0768843326104
54717.6879277 0.0856937912697 16.124224 0.0752540628334
54011.6064021 0.096909846426 16.053615 0.0889731395495
54717.7021242 0.1112885363 15.955309 0.0724688469854
54717.7162457 0.136748063698 15.748313 0.0695383772269
54717.7303798 0.162230336738 15.756547 0.0696007002709
54301.7459823 0.187258472621 15.840113 0.0751787146764
55031.6845289 0.187676213357 15.811345 0.0809668796089
53654.4563507 0.193914198108 15.959937 0.0858230283869
55031.6922707 0.201633937297 15.88344 0.0824495556429
53654.4606779 0.201715733603 15.950094 0.0854373839019
53654.4650768 0.209646413703 15.981604 0.0863507974181
54301.759094 0.210897496762 15.900354 0.0760744454618
55031.6999803 0.215533420795 15.891322 0.0825432554813
53654.4694013 0.217443003511 16.034876 0.0881020296832
55031.7076873 0.229428334863 15.882909 0.0823515477416
54301.7720935 0.23433411272 15.938902 0.0767411414047
54646.7773911 0.241649462148 15.922919 0.0795559041339
54646.7861022 0.257354633815 15.968424 0.0803088320174
54301.7849668 0.257543280516 15.991817 0.0776038337407
54646.795125 0.273621770563 15.978235 0.0804526860733
54646.8040667 0.289742817687 16.00863 0.0810566480586
53590.7254451 0.293969765226 16.113159 0.0979586947717
54740.5476009 0.299217249905 16.060508 0.0710833243417
54766.6218134 0.308208258047 16.09686 0.0787573805589
54740.5538453 0.310475329935 16.082677 0.071685857173
54325.6664141 0.313215261807 16.0967 0.0794202683272
53590.7376363 0.315949210251 16.152019 0.0989144295608
54766.6263576 0.316400879437 16.106694 0.0808315000816
54740.5602108 0.321951468128 16.112752 0.0720928859021
54766.6309134 0.324614596635 15.738163 0.0920805934877
54766.6354683 0.332826623976 16.136303 0.0789612328409
54740.5666971 0.333645665049 16.111627 0.0714674590605
53590.7496977 0.337694614123 16.231197 0.101619648793
54325.6816027 0.340598771448 16.113267 0.0797602654963
54110.480268 0.355818810644 15.723287 0.101848883755
53590.7613166 0.35864217496 16.227107 0.10131319163
54110.4867225 0.367455435447 16.212137 0.100999846774
54325.6970238 0.368401287258 16.21383 0.0822248378523
54110.4931475 0.379039037556 16.232213 0.101633472407
53950.7510426 0.381264821391 16.214036 0.0932192919134
54325.7117064 0.394872479591 16.259508 0.0871166264913
53950.7603043 0.397962669226 16.183953 0.0927332145711
54701.7799581 0.405341526069 16.160813 0.075692014306
53950.7694602 0.414469774152 16.211712 0.0938979119108
54701.78818 0.420164596021 16.215741 0.0767350722918
53950.7784645 0.430703502403 16.278196 0.0965972286401
54701.7965431 0.435242491596 16.243647 0.0771711382343
54054.5052367 0.438878623467 16.156115 0.100482517284
54054.5113359 0.449874804027 16.171265 0.11558275046
54701.8047623 0.450060782982 16.229455 0.0770161434196
54054.5175979 0.461164601805 16.355594 0.108778711053
54475.5084377 0.462211409076 16.318593 0.103631340672
54475.511113 0.467034730043 16.344981 0.104732672269
54475.5137707 0.471826354001 16.216758 0.100192929556
54054.5237005 0.472166854867 16.342746 0.0977672956704
54475.5164317 0.476623820415 16.343288 0.104628279553
54860.4580664 0.484844693116 16.330193 0.0930189621138
54860.4618722 0.491706158686 16.370412 0.0943279887732
54860.4656413 0.498501496704 16.349426 0.0937894074829
53628.5566243 0.499502899223 16.381564 0.0920770534794
54019.5962772 0.501792422143 16.322127 0.0970213679694
54860.4694099 0.505295770111 16.311578 0.0930092660518
53628.5647969 0.514237117598 15.996991 0.103065750162
54019.6066008 0.520404653624 16.386243 0.0989113905222
54019.6168814 0.538939447808 16.341036 0.0975019925974
53724.5376541 0.542940346927 16.487715 0.105059469334
54019.6271377 0.55743044345 16.406895 0.0996569391824
53724.546473 0.558839872888 16.499654 0.105702395937
53568.6904938 0.567330856505 16.366699 0.107008719697
53724.5551118 0.574414814821 16.512873 0.1061556389
53568.6972291 0.579473877446 16.511612 0.11354644964
53724.5637241 0.589941743394 16.504121 0.106255829652
53568.7039374 0.591568278369 16.474657 0.113607086487
53568.7106965 0.603754075454 16.470477 0.114588636036
55090.7173271 0.617440075079 16.455607 0.0736951694277
53609.7640992 0.618608378887 16.481922 0.112199732576
55090.7234436 0.628467347053 16.524071 0.0749473272039
53609.7751101 0.638459847691 16.519522 0.113960383919
55090.7295723 0.639516759455 16.474704 0.0741359267763
55090.7356763 0.650521704781 16.507827 0.0747168069755
53609.7863855 0.65878814486 16.510276 0.113700205249
54113.4258387 0.666364817896 16.52176 0.12457530342
53609.7974567 0.678748371503 16.516701 0.114496301337
54113.4330732 0.67940790747 16.6561 0.142050547542
54113.4403351 0.692500242491 16.551843 0.138424740744
55174.5192733 0.703304335374 16.504537 0.0854100793448
54113.4475839 0.705568997316 16.56648 0.13304935533
54393.5586921 0.715664948626 16.439854 0.103747717291
55174.5277497 0.718586328255 16.506259 0.0853659315848
54393.5671778 0.730963801968 16.53149 0.106694026885
55174.5362568 0.733923806938 16.469809 0.0968414734738
55219.4666159 0.738511999774 16.500802 0.105605914657
54393.5757084 0.746343431379 16.497897 0.105616921557
55429.6926617 0.753382989878 16.490611 0.0805572349257
55219.4778123 0.758697880542 16.564802 0.109257634642
54393.5842032 0.761658790741 16.532846 0.106676742662
56155.7568627 0.768773724911 16.524417 0.0744659282008
56155.7640232 0.781683454734 16.567914 0.0752288172086
56155.7711822 0.794590284076 16.526969 0.0745626182831
56155.7783242 0.807466626325 16.538445 0.0747739189988
55429.7281473 0.81735972144 16.518762 0.0812425863277
53737.5168817 0.943086983172 16.662031 0.115865906892
53737.5228435 0.953835371015 16.702002 0.118069131985
55804.7598702 0.959079158133 16.558404 0.095876232434
53737.528844 0.964653662202 16.716595 0.119119251417
55128.6272244 0.964893283859 16.675844 0.0870803882719
55773.7052379 0.970928839532 16.604144 0.0855532776783
53737.5348005 0.975392575843 16.673036 0.117248736746
55804.7694317 0.97631745605 16.583949 0.0969642833516
55128.63841 0.985059737752 16.6691 0.0888373602498
54832.4520082 0.992944441925 16.657102 0.0860691460758
55773.7176119 0.993237771744 16.672531 0.0871983331914
55804.7791331 0.99380805518 16.62013 0.098206645305
