54947.667002 0.000774304211349 16.5914 0.128
55032.516178 0.00427002282891 16.4944 0.129
53580.588681 0.00571522252869 16.4418 0.126
53863.679509 0.00707214649894 16.5005 0.123
54318.450889 0.0148530209289 16.4916 0.114
56406.738959 0.0188254284662 16.488 0.091
55032.523269 0.0221546842902 16.3752 0.123
54947.676279 0.0241724151043 16.4861 0.123
53863.689964 0.0334413660054 16.4802 0.123
56395.643432 0.034092084191 16.4257 0.097
54349.384898 0.0354817962845 16.4892 0.115
55032.530361 0.0400418679159 16.5658 0.133
54233.614351 0.0432324047562 16.5455 0.146
54947.685677 0.0478757077937 16.5118 0.124
54953.634487 0.0517472287887 16.5765 0.107
56358.777406 0.0519464797014 16.4532 0.118
54129.739367 0.0535379648793 16.4784 0.142
54349.393078 0.0561130938225 16.5563 0.118
55032.537454 0.057931573706 16.4515 0.127
56358.780299 0.059243098734 16.4387 0.118
55334.659963 0.0602998852455 16.5352 0.115
56395.654288 0.0614726912778 16.4543 0.098
56358.783232 0.0666406043229 16.5218 0.12
54957.605834 0.0681337251222 16.3902 0.083
53871.634114 0.0698866287593 16.5892 0.098
54233.625517 0.0713948825394 16.5123 0.145
56358.7861 0.0738741692647 16.5205 0.121
54129.748341 0.0761718602264 16.5717 0.146
54349.401227 0.0766662042835 16.5216 0.117
54953.644762 0.0776624588744 16.5325 0.106
54491.740461 0.0794885052511 16.6131 0.161
56418.661554 0.0895595041472 16.5587 0.082
53821.686723 0.0943995359272 16.5804 0.127
53871.644703 0.0965938181806 16.6697 0.101
54349.409399 0.0972773244883 16.5429 0.118
54129.757328 0.0988385437101 16.5086 0.142
54291.523371 0.0992496563708 16.5734 0.139
54233.636805 0.0998650642651 16.5121 0.144
54953.655045 0.103597866257 16.5728 0.107
54957.620001 0.103865215598 16.6389 0.089
56029.716541 0.106639595457 16.4986 0.084
54491.75217 0.109020517808 16.5066 0.153
53958.481237 0.112531369417 16.7196 0.149
54291.531976 0.120952873379 16.7015 0.147
53821.697322 0.121131946992 16.5691 0.126
54173.776142 0.12148504989 16.5368 0.121
54129.766354 0.121603591568 16.6318 0.149
53871.655405 0.123586012083 16.5437 0.097
56418.676513 0.127288548121 16.606 0.084
55334.686753 0.127868645737 16.6654 0.122
54233.648223 0.12866312723 16.6773 0.155
54953.665237 0.129303756774 16.6659 0.111
54491.760302 0.129530751493 16.7412 0.17
56476.565361 0.132428717364 16.5743 0.103
54173.780609 0.132751554295 16.6158 0.125
53958.490209 0.135160220453 16.7113 0.149
54957.634122 0.139480686549 16.7029 0.091
54291.540512 0.142482061119 16.654 0.145
56395.686613 0.143001626799 16.6671 0.105
54173.785064 0.143987792745 16.6248 0.125
56029.731657 0.14476461909 16.6371 0.087
53821.707964 0.147972811088 16.6033 0.128
54491.768503 0.150215014446 16.6323 0.16
53871.666076 0.150500018928 16.6507 0.1
54173.789486 0.15514079979 16.7613 0.132
55219.717907 0.157640263823 16.5631 0.142
53958.499226 0.157902568831 16.9795 0.171
56476.576595 0.160762702251 16.6184 0.106
54291.549072 0.164071780786 16.8605 0.16
54303.44412 0.165327818211 16.7186 0.147
56418.691711 0.165620389177 16.7009 0.086
56395.697438 0.170304046827 16.8423 0.115
55762.511065 0.170737858941 16.7624 0.121
54957.648208 0.175007881766 16.8369 0.095
53821.718707 0.175068413693 16.7829 0.137
53958.508269 0.180710493465 16.4965 0.136
56029.746738 0.182801367025 16.7559 0.09
54614.693009 0.185918761127 16.7235 0.099
56476.587947 0.189394302441 16.7465 0.109
54303.454003 0.190254360196 16.9176 0.16
55762.520596 0.194776599381 16.7842 0.123
54909.682698 0.198148731983 16.6636 0.137
54614.699031 0.201107229781 16.8785 0.104
56418.706765 0.203589038693 16.9193 0.092
56124.515246 0.204474318085 16.8592 0.105
55219.736676 0.204978750782 16.6603 0.146
54303.463844 0.215074971314 16.9374 0.16
54614.704992 0.216141846482 17.0188 0.11
56476.599224 0.217836740359 16.8911 0.115
55762.5301 0.218747241401 16.9251 0.132
55795.438594 0.21935003847 16.8684 0.121
54909.691666 0.220767494362 16.9481 0.155
56029.761846 0.220906213361 16.8802 0.093
54859.736378 0.225362876287 16.882 0.119
56124.525779 0.231040266357 16.9084 0.108
54614.710957 0.23118655184 16.9799 0.109
56182.413309 0.232856224086 16.9251 0.121
54303.473653 0.239814873209 16.8652 0.157
55021.50854 0.241207107471 16.8041 0.127
55795.447409 0.241582909829 16.9989 0.127
55762.539586 0.242672484463 16.9761 0.134
55412.44341 0.242871735383 16.9889 0.154
54909.700764 0.243714137999 17.0364 0.161
54859.744534 0.24593364188 16.8991 0.12
56182.418761 0.246607059546 16.7868 0.116
54965.606907 0.248148101453 17.0796 0.162
56124.536375 0.257765110929 16.9669 0.109
56182.424054 0.259956871019 16.8955 0.12
55795.456248 0.263876313115 16.8833 0.122
55021.517729 0.264383267974 16.8707 0.131
54859.752687 0.266496840999 17.0104 0.125
54909.709937 0.266849943889 16.9387 0.154
54663.493087 0.267694868673 16.8129 0.115
54965.616429 0.272164142413 16.8863 0.15
56182.429383 0.273397480373 16.8915 0.12
56124.54701 0.284588319874 16.8348 0.105
55795.465112 0.286232770474 16.8413 0.122
54859.760874 0.287145793669 17.016 0.125
55021.526938 0.287609871763 16.8087 0.128
54663.50209 0.290401906768 17.0371 0.132
54965.626045 0.296417266733 16.6986 0.139
55021.536161 0.310871785835 16.69 0.123
54663.511014 0.312909693952 16.7903 0.121
54965.635708 0.320788932759 16.7245 0.14
54675.412302 0.329904031679 16.6973 0.112
54663.52001 0.335599076897 16.833 0.129
55587.726799 0.336239706419 16.8247 0.117
55687.642358 0.339616883364 16.8218 0.114
54675.41668 0.340946063547 16.5145 0.236
56451.673565 0.351249101481 16.4914 0.095
54675.426387 0.36542870475 16.5934 0.107
56451.680661 0.369146373764 16.5484 0.097
54675.430693 0.376289140838 16.6041 0.107
56451.68788 0.387353872154 16.446 0.094
55329.640434 0.400226994726 16.4964 0.113
55587.752245 0.40041867916 16.8255 0.111
56451.695024 0.40537220829 16.3796 0.093
55445.417193 0.408144065991 16.553 0.116
55687.669707 0.408595533259 16.5916 0.1
54642.535772 0.409919669108 16.5408 0.103
53982.389817 0.413879465821 16.5138 0.134
56431.484493 0.431108364773 16.4586 0.08
53982.398256 0.435164003691 16.482 0.132
54642.548006 0.440775817498 16.5106 0.102
55658.741748 0.447552870862 16.4409 0.122
55445.435319 0.453860801795 16.4853 0.112
56088.534171 0.454319835562 16.5323 0.107
53959.410317 0.45582304502 16.458 0.111
53982.406715 0.456498984831 16.4948 0.133
56431.496735 0.461984690478 16.4647 0.081
54642.560164 0.471440281487 16.5097 0.102
53982.41519 0.4778743206 16.621 0.141
55000.589218 0.479256466207 16.4717 0.099
56088.544293 0.479849174628 16.4334 0.105
53959.421791 0.484762349153 16.4725 0.112
55329.676231 0.490512881953 16.2529 0.104
56431.509352 0.493806827508 16.4244 0.081
54642.572322 0.502104745459 16.4858 0.101
56088.554583 0.505802237161 16.4794 0.106
54936.76593 0.506488265646 16.4853 0.121
53959.433248 0.51365877651 16.464 0.111
55000.603099 0.514266617913 16.4852 0.1
54490.723544 0.514657553258 16.3862 0.117
54586.673224 0.515439423942 16.5653 0.156
54940.737767 0.524110622097 16.53 0.097
56431.52162 0.524748729467 16.5287 0.081
54936.775044 0.529475263894 16.5737 0.126
56088.564855 0.531709900753 16.502 0.107
53876.576536 0.535483057376 16.5532 0.103
54490.732248 0.536610464465 16.3536 0.115
53959.444691 0.542519893565 16.4912 0.113
55000.616852 0.54895393269 16.5081 0.103
54936.784465 0.553236566327 16.4959 0.123
55674.643152 0.553493827005 16.5509 0.113
53953.50225 0.554712031983 16.6088 0.148
54940.750982 0.557441012903 16.4686 0.095
54490.740987 0.558651651388 16.55 0.123
53876.58585 0.558974488332 16.525 0.136
53628.38818 0.563867485542 16.4818 0.121
53953.508794 0.571217070014 16.2664 0.13
54190.607014 0.571696281081 16.461 0.139
54598.59045 0.572632003749 16.508 0.1
54936.793761 0.576682598343 16.5092 0.123
54348.411037 0.579245116464 16.5634 0.117
54490.749719 0.580675183179 16.5378 0.122
53876.595034 0.582138038012 16.6034 0.135
54586.699862 0.582624815578 16.2282 0.207
55000.630746 0.583996872532 16.5037 0.101
53953.515223 0.587432059234 16.4917 0.142
54940.764101 0.590529276023 16.5167 0.097
56371.67866 0.591018575737 16.5694 0.095
53628.399013 0.591190082866 16.5523 0.125
54190.61555 0.593225468821 16.5811 0.146
54979.621846 0.596115868205 16.6097 0.143
54348.419199 0.599831015062 16.6194 0.12
56059.649116 0.601488076482 16.5552 0.087
54598.602053 0.601896666975 16.5413 0.102
53953.521639 0.603614260317 16.6109 0.15
53876.604145 0.605117469767 16.6012 0.106
54190.624131 0.614868153903 16.702 0.154
53599.466003 0.61740797257 16.7149 0.151
54979.63047 0.617867006317 16.6393 0.139
53628.409894 0.618633744025 16.5543 0.126
54348.427375 0.620452223924 16.5978 0.119
56371.69131 0.622923944173 16.611 0.096
54940.777238 0.623662938083 16.5976 0.099
53901.590657 0.625186324839 16.5836 0.136
53772.734562 0.629045235005 16.5758 0.146
55320.612646 0.630669508316 16.6095 0.142
54598.613624 0.631080620959 16.6205 0.104
54710.422442 0.63120168482 16.5534 0.096
54190.632741 0.636583981751 16.6297 0.15
56059.663123 0.636816020787 16.6769 0.089
55963.714416 0.638488215206 16.4787 0.095
54979.639245 0.639998991139 16.7373 0.141
54348.435543 0.64105325549 16.6252 0.121
53628.420775 0.646077405203 16.549 0.126
53901.599198 0.646728123401 16.7377 0.145
54710.430381 0.65122514093 16.5774 0.096
56371.704142 0.655288346358 16.6893 0.098
53772.746191 0.658375474486 16.6848 0.152
54598.625111 0.660052713229 16.7084 0.107
54979.648037 0.662173852737 16.6533 0.137
53607.414036 0.663646796235 16.5914 0.131
53901.607751 0.668300187917 16.644 0.14
55674.689739 0.670993858543 16.648 0.119
54710.438319 0.671246074893 16.7472 0.102
56059.677288 0.672542466934 16.7195 0.091
55963.728989 0.675243704065 16.654 0.101
53772.75768 0.687352611084 16.7942 0.159
56371.71689 0.68744088681 16.8287 0.104
53901.616303 0.689869730269 16.8983 0.157
54710.446261 0.691277097496 16.6761 0.1
53967.433415 0.691388072696 16.7092 0.147
54265.596533 0.707524874855 16.9011 0.159
56059.691463 0.708294134724 16.8179 0.094
55320.644049 0.709873009081 16.6996 0.147
56365.77853 0.709925974518 16.801 0.146
55045.48467 0.712927349083 16.7956 0.121
53967.44204 0.713141732991 16.7482 0.15
56365.78074 0.715499955876 16.803 0.147
53772.768965 0.715815226317 16.9087 0.167
55963.745522 0.716942633393 16.8645 0.108
56365.78299 0.721174823772 16.8453 0.15
53938.503418 0.725205241064 16.8884 0.16
56365.785188 0.726718539176 16.9013 0.152
54265.604964 0.72878923541 17.036 0.169
56152.47805 0.731238256179 16.8402 0.102
53967.450572 0.734660832074 16.7998 0.154
53913.52985 0.737783270495 16.906 0.156
55045.495272 0.739667326641 16.7035 0.118
54265.613408 0.750086384102 16.9367 0.162
56152.4858 0.750785023407 16.8177 0.102
53938.513658 0.751032195434 16.9901 0.168
55963.759831 0.753032271098 16.9398 0.109
53967.459057 0.756061389468 16.8781 0.16
53913.538371 0.759274625788 17.0184 0.164
55045.505898 0.766467836126 16.9015 0.127
56152.493592 0.770437721483 16.831 0.101
55103.394398 0.770730292445 16.8207 0.129
54265.621909 0.771527296126 16.9312 0.162
54889.691211 0.776349672751 16.8844 0.145
53938.523886 0.776828883831 16.9549 0.166
53913.546874 0.780720582123 16.8612 0.154
55103.399178 0.782786234039 16.7853 0.131
56152.5014 0.790130774189 16.8362 0.103
55045.516503 0.793215380159 16.7096 0.119
55103.403941 0.794799298839 16.7585 0.127
54889.699682 0.797714919863 16.7288 0.136
53913.555407 0.80224220337 16.7253 0.145
53938.534146 0.802706281452 16.749 0.152
55103.408717 0.806845151776 16.7528 0.127
55274.691806 0.810802426336 16.7516 0.148
54889.708266 0.819365171456 16.7282 0.135
54889.716941 0.841244939915 16.7453 0.172
55011.444166 0.857210234951 16.5773 0.14
55011.45063 0.873513499887 16.5468 0.138
55011.457054 0.889715878285 16.6333 0.144
53919.539088 0.894064088177 16.6536 0.144
55011.46346 0.905872857743 16.5426 0.138
53919.548016 0.916581964018 16.6006 0.144
56406.699646 0.919671614322 16.3822 0.088
53580.560599 0.934887826778 16.5569 0.13
53919.556962 0.9391452388 16.1764 0.218
54318.426463 0.953246654997 16.4981 0.114
56406.713323 0.95416724468 16.6034 0.095
53863.658664 0.954497648096 16.5383 0.125
53580.569944 0.958457444811 16.4954 0.128
53919.565874 0.961622760011 16.4604 0.135
54318.434584 0.973729144875 16.5487 0.117
54947.657556 0.976949947669 16.4504 0.121
53863.669161 0.98097279847 16.5811 0.127
53580.579289 0.982027062825 16.4748 0.127
54999.599823 0.98384049838 16.4688 0.178
55032.509055 0.986304652145 16.5201 0.13
56406.726188 0.986614878252 16.5043 0.092
54318.442745 0.99431252129 16.5119 0.115
