54208.437065 0.000905877810391 12.5248 0.056
56294.573289 0.0157088122657 12.6277 0.052
54767.685031 0.0183581336025 12.6023 0.053
53865.357249 0.0225697228973 12.5272 0.054
53726.64234 0.0266417179014 12.5775 0.055
53865.36124 0.0344233567973 12.5394 0.054
53865.365268 0.0463868840865 12.5556 0.054
53726.649668 0.0484065460807 12.6115 0.056
54767.695304 0.0488698803128 12.6463 0.053
56294.585083 0.0507380676584 12.6707 0.052
53865.369262 0.058249428263 12.578 0.055
55613.464672 0.0610116130674 12.6842 0.054
53726.656971 0.0700971219769 12.6314 0.056
55644.444775 0.0747423446059 12.7253 0.054
56294.596512 0.0846832397702 12.7042 0.052
55304.39202 0.0870533725417 12.6974 0.054
53726.664273 0.0917847278026 12.6793 0.056
56294.607828 0.118292791594 12.8048 0.053
55613.496534 0.155644658291 12.9237 0.054
55644.473162 0.159054322979 12.936 0.054
55244.490782 0.174914609886 12.9335 0.056
54729.697598 0.192218361105 12.9563 0.057
54200.424266 0.202162226391 12.9237 0.056
53967.774759 0.211913035735 12.9589 0.057
54729.706958 0.220018414578 12.9269 0.056
54200.434079 0.231307731149 12.8851 0.055
55270.43547 0.233003653208 12.9657 0.055
53967.782927 0.236172740509 12.9234 0.057
55100.746966 0.242674270102 12.8996 0.057
54729.716336 0.247871929667 12.8448 0.056
54088.661544 0.256687160308 12.7826 0.057
54200.44389 0.260447295744 12.8084 0.057
53967.791143 0.260575009664 12.8401 0.056
55100.755257 0.267299296085 12.7779 0.054
54729.725704 0.275695743855 12.7326 0.055
54088.667963 0.275752175597 12.731 0.058
53967.799363 0.284989159167 12.7439 0.056
54169.476866 0.285562386762 12.6826 0.056
54200.45372 0.289643292047 12.6952 0.055
55100.763662 0.292262912469 12.6942 0.054
54088.674386 0.294829071254 12.7338 0.062
54169.485334 0.31071311889 12.6324 0.056
54088.680807 0.313900026727 12.6126 0.056
55100.77195 0.316879028198 12.6594 0.058
54594.394425 0.329457364342 12.664 0.056
54899.436259 0.331518607632 12.6113 0.057
54169.493828 0.335941073392 12.5855 0.056
54594.400551 0.347652142922 12.6341 0.056
53595.77989 0.35323294425 12.5155 0.056
55154.656741 0.359621610385 12.5511 0.053
54169.502309 0.361130416718 12.5567 0.055
54899.446927 0.363203540346 12.5746 0.057
54594.406677 0.365846921503 12.5947 0.055
53595.786644 0.373292940098 12.5044 0.056
54594.412815 0.384077341189 12.604 0.055
53595.793256 0.392931182984 12.4849 0.056
54899.457599 0.39490035345 12.5307 0.056
55154.668893 0.395714158435 12.5094 0.053
53595.803714 0.423992396576 12.4702 0.056
54899.468277 0.426614987085 12.5212 0.056
55154.680921 0.431438415162 12.4855 0.053
53652.706926 0.431720573824 12.4943 0.056
53652.716262 0.459449345105 12.4936 0.056
55181.627059 0.463925272507 12.4903 0.053
55154.692885 0.466972586054 12.4807 0.053
53652.72553 0.486976150183 12.5094 0.056
55181.639869 0.501972140546 12.5171 0.053
54021.74497 0.508360806681 12.5161 0.055
53652.7348 0.514508895423 12.5348 0.057
53743.641589 0.515961270013 12.5406 0.053
54064.515044 0.539380438984 12.5465 0.054
55181.652774 0.540301167257 12.5733 0.053
55827.76265 0.545546348269 12.6017 0.055
55827.766532 0.55707624225 12.6288 0.055
53743.658737 0.566892393595 12.6267 0.053
55827.770488 0.568825922967 12.6369 0.055
54064.528106 0.578175769995 12.6296 0.055
55181.665558 0.578270812921 12.6372 0.053
53849.383701 0.579675666045 12.6108 0.053
55827.774469 0.580649855967 12.6672 0.055
54108.63812 0.588939380454 12.6542 0.054
55686.368986 0.593471739592 12.6768 0.054
53849.39186 0.60390864001 12.6579 0.053
55210.630016 0.605352104323 12.68 0.053
54064.541186 0.617024562666 12.7498 0.055
54108.649013 0.621292583693 12.7518 0.055
53849.400034 0.628186165316 12.7303 0.054
53820.451822 0.649356975272 12.802 0.055
53849.408213 0.652478541104 12.8292 0.054
54108.659941 0.653749740116 12.8438 0.055
54064.554253 0.655834744138 12.8648 0.056
56362.463928 0.657097032876 12.8188 0.055
55569.559147 0.657598978294 12.9208 0.053
53820.458875 0.670305028359 12.8571 0.055
56392.433882 0.670593127207 12.8354 0.053
56362.47166 0.68006177791 12.8907 0.055
54108.670866 0.686197986284 12.9125 0.055
53820.465956 0.691336244028 12.8943 0.055
56392.441036 0.691841159519 12.8713 0.053
55210.660993 0.697356618847 12.9048 0.053
56362.479382 0.702996822001 12.9092 0.055
54474.658612 0.703175027476 12.9123 0.057
53820.473035 0.712361519512 12.8918 0.056
56392.448265 0.713311948679 12.8864 0.053
54474.664016 0.719225400232 12.8883 0.057
56362.487061 0.725804152192 12.8858 0.055
56392.455504 0.734812438741 12.8607 0.053
54474.669419 0.735272802874 12.8236 0.057
54529.551993 0.74152187473 12.8466 0.055
55569.588795 0.745656241662 12.9148 0.053
54529.555211 0.751079628147 12.8074 0.055
54474.67482 0.751314265354 12.7951 0.056
53701.6354 0.75374974012 12.761 0.056
54529.558442 0.760675992762 12.7823 0.055
54802.615936 0.766331046374 12.7058 0.056
54529.561669 0.770260477009 12.7542 0.055
53610.737537 0.778808399426 12.702 0.057
53701.644328 0.7802667142 12.6688 0.056
56048.374578 0.783088300824 12.8118 0.054
56048.380801 0.801571178238 12.7535 0.054
54802.628235 0.802860197803 12.6456 0.056
53701.653146 0.806456978225 12.6158 0.056
53610.747933 0.809685467345 12.6326 0.057
54887.47873 0.816567168625 12.6277 0.053
56048.387018 0.820036235121 12.6935 0.053
53701.661788 0.83212450622 12.6073 0.056
54887.485154 0.835647034374 12.593 0.053
56048.393256 0.838563663919 12.6517 0.053
54802.640389 0.838958686037 12.6023 0.054
53610.75833 0.840565505357 12.5746 0.056
54007.71955 0.851584543655 12.5825 0.055
54492.55374 0.853336897457 12.5953 0.056
54375.722377 0.853535893552 12.5842 0.055
54887.491588 0.854756601024 12.5681 0.053
54468.653173 0.866473610741 12.5758 0.054
54860.561986 0.87138317147 12.5582 0.054
53610.768764 0.871555436758 12.5311 0.056
54887.498018 0.873854287327 12.5503 0.053
54802.65247 0.874840357607 12.5463 0.053
54007.729343 0.880670646591 12.5452 0.055
54492.564368 0.884903026526 12.5545 0.055
54860.570572 0.896884374346 12.5322 0.054
54468.666773 0.906866850809 12.5442 0.054
54007.739221 0.910009207298 12.5241 0.055
54492.57501 0.916510736886 12.5468 0.055
54942.393116 0.917300781137 12.4894 0.053
54860.57921 0.922540021994 12.5211 0.054
54375.74972 0.93474709674 12.5314 0.055
54007.749097 0.939341827799 12.5133 0.055
54468.680335 0.947147227417 12.6447 0.055
54860.587817 0.948103596785 12.5175 0.054
54492.585666 0.948160028515 12.5508 0.055
54942.404558 0.951284564447 12.4889 0.053
54208.421152 0.953642816847 12.506 0.056
54767.666436 0.963129288073 12.5547 0.053
54375.75982 0.964745017675 12.5313 0.055
54208.426454 0.969390240287 12.5024 0.056
54942.41576 0.98455552587 12.5133 0.053
54208.431751 0.985122813265 12.5237 0.056
54468.693911 0.987469185315 12.5862 0.054
54767.675652 0.9905016484 12.5797 0.053
54375.769745 0.99422317265 12.5564 0.055
