54717.777514 0.00805516707048 15.5347 0.083
55119.675216 0.00808507269537 15.4287 0.082
55911.539288 0.0190921005104 15.488 0.092
55119.681888 0.0198221495016 15.4569 0.073
54019.722922 0.0223887554805 15.5715 0.091
54717.785961 0.0229147425869 15.5299 0.083
55119.688416 0.0313059081071 15.4936 0.074
54408.553186 0.0347802376498 15.5203 0.091
54717.794315 0.0376107167586 15.4854 0.082
54019.732519 0.0392713583191 15.5097 0.09
55119.694961 0.042819572344 15.4833 0.074
55911.553882 0.0447651968861 15.3962 0.081
55213.491646 0.0456518106059 15.3968 0.07
54408.561867 0.0500514552472 15.5119 0.092
54717.802605 0.0521941050618 15.4058 0.08
54019.742227 0.0563492272886 15.5569 0.091
55911.563605 0.0618694531647 15.4829 0.078
55496.591707 0.0623127600168 15.4228 0.077
54408.570699 0.0655883051417 15.5753 0.098
54019.751896 0.0733584892339 15.5563 0.091
55911.573097 0.0785673448138 15.4811 0.077
54408.579911 0.0817936336149 15.5286 0.091
55644.406847 0.0919369167201 15.6131 0.105
55213.530456 0.113924585053 15.4712 0.071
55644.423878 0.121897071883 15.401 0.244
55086.77564 0.132657818113 15.5335 0.071
54059.582245 0.141084166721 15.5011 0.082
55086.780966 0.142027073373 15.5457 0.072
55496.640615 0.14834947356 15.4256 0.077
55086.78617 0.151181711824 15.5349 0.071
55086.791415 0.160408475597 15.525 0.071
54884.422693 0.16262149158 15.5142 0.076
54059.597291 0.167552400795 15.4912 0.081
54170.448478 0.171883438433 15.3785 0.113
54884.430722 0.176745740636 15.5637 0.077
54170.453809 0.181261489466 15.7441 0.242
54170.459148 0.190653613738 15.2439 0.11
54884.43875 0.190868230549 15.553 0.077
54059.612084 0.19357556886 15.5162 0.082
54170.464502 0.200072125319 15.5543 0.106
54884.446778 0.20499072045 15.5077 0.076
56358.451949 0.207376133551 15.4845 0.074
56358.457295 0.216780571894 15.5161 0.075
54059.626925 0.219683176316 15.5095 0.082
56358.462673 0.226241303177 15.5552 0.076
56358.468013 0.235635186591 15.6718 0.078
54535.451852 0.269101336067 15.5033 0.091
54535.455858 0.276148507792 15.4599 0.09
54161.415439 0.281374954909 15.5786 0.078
54535.459866 0.283199197814 15.5267 0.092
54535.463866 0.29023581461 15.5778 0.093
54161.425341 0.298794099793 15.6425 0.079
54030.687078 0.310029817661 15.7532 0.085
54161.435189 0.316118250344 15.7915 0.082
54030.699074 0.331132631417 15.9767 0.091
54506.521679 0.376466035119 15.8867 0.102
53730.589217 0.391617630237 15.9606 0.108
53730.599061 0.408934744169 15.8258 0.102
53590.77793 0.442005083942 15.6618 0.103
53590.789096 0.461647799731 15.5671 0.099
53590.800422 0.481571980185 15.5541 0.099
53943.811442 0.482389986884 15.5464 0.09
53943.815339 0.4892454108 15.5376 0.09
53943.819252 0.496128981181 15.5646 0.091
53590.811596 0.5012287692 15.5794 0.099
53943.823163 0.503009033251 15.5371 0.09
55055.728766 0.516419065706 15.5178 0.088
54361.651577 0.527617841329 15.4966 0.08
55055.738759 0.533998293613 15.5441 0.089
54361.659793 0.542071052229 15.5346 0.08
55055.748777 0.551621500376 15.5427 0.088
54361.668092 0.556670272925 15.4784 0.079
55055.75892 0.569464601413 15.461 0.086
54361.676303 0.571114688051 15.5521 0.081
55613.425807 0.591510321829 15.4309 0.076
55178.571283 0.615348620371 15.4424 0.083
53655.682377 0.618935535783 15.4635 0.082
56217.712415 0.624833979818 15.4552 0.068
55178.577753 0.626730348037 15.498 0.074
53655.688917 0.630440404246 15.4827 0.082
55178.584285 0.638221143262 15.4935 0.074
54747.696048 0.639369870955 15.5242 0.075
55613.454217 0.641487892611 15.4978 0.077
53655.695444 0.641922403696 15.5014 0.083
56217.7263 0.649259835867 15.4665 0.068
55178.590769 0.649627499095 15.4627 0.076
53708.568006 0.652911839982 15.5676 0.094
53655.702075 0.653587355194 15.5032 0.083
54747.709322 0.662720883796 15.5556 0.075
53708.576498 0.667850577439 15.5508 0.093
56217.7398 0.673008417551 15.472 0.068
54476.565884 0.679603486642 15.5352 0.092
53708.585044 0.682884309216 15.5553 0.093
54747.722481 0.685869593887 15.569 0.076
54090.593164 0.694072529917 15.5444 0.095
54476.575255 0.696088520638 15.5209 0.092
56217.753583 0.697254839862 15.4548 0.068
53708.593589 0.697916281838 15.4952 0.092
54012.723066 0.708562683052 15.5476 0.09
54747.735704 0.709130889859 15.5577 0.075
54476.584601 0.712529575777 15.5491 0.093
54090.606432 0.717412987829 15.5301 0.096
54012.734147 0.728055870735 15.5311 0.09
54476.593931 0.728942484452 15.4927 0.092
54090.619686 0.740728817574 15.5143 0.095
54012.745243 0.747575445714 15.5493 0.09
54090.632973 0.764102699414 15.4995 0.096
54007.63889 0.764713125925 15.5099 0.09
54012.756243 0.76692614191 15.56 0.091
54007.647443 0.779759171786 15.5286 0.091
55444.704404 0.784545830351 15.5691 0.08
54820.543398 0.78909148481 15.5847 0.078
54007.65601 0.794829845801 15.5544 0.091
54820.554103 0.807923230507 15.6157 0.079
54007.664571 0.8098899649 15.5851 0.092
54820.564807 0.82675321705 15.6843 0.081
53761.533378 0.827168377437 15.6205 0.097
54097.492805 0.831604964329 15.621 0.096
55444.737078 0.842024434641 15.5671 0.08
54820.575582 0.845708103532 15.6482 0.08
54097.501359 0.846652769344 15.6603 0.097
53761.545446 0.8483978503 15.6836 0.1
54097.509926 0.861723443359 15.677 0.1
53761.553946 0.863350660995 15.7166 0.102
54861.520069 0.873374321616 15.588 0.077
54097.518473 0.876758934291 15.6112 0.096
56302.555636 0.877142429907 15.5172 0.073
53617.743187 0.878050153479 15.6578 0.111
53761.562456 0.878321063225 15.7252 0.103
54861.529683 0.890286830086 15.5191 0.075
53617.753551 0.896282027597 15.7086 0.104
56302.567643 0.898264594379 15.4823 0.073
54861.539322 0.9072433174 15.5103 0.075
55267.417847 0.910154717599 15.473 0.079
53617.763854 0.914406593298 15.7032 0.104
56302.579719 0.919508140481 15.5248 0.073
54861.548962 0.924201563882 15.5177 0.076
56010.396529 0.924222673727 15.4691 0.075
53617.774191 0.932590970249 15.6222 0.102
56010.403547 0.9365684179 15.4326 0.075
56302.592434 0.941875786111 15.4823 0.073
56010.410617 0.949005638084 15.4395 0.075
56010.417643 0.961365455483 15.4124 0.074
