56152.441927 0.00254803433334 16.5742 0.092
56152.45323 0.0131325371148 16.5929 0.092
55320.574933 0.0148003243838 16.652 0.144
56152.464462 0.0236505531544 16.5592 0.091
54643.548668 0.0250289826059 16.512 0.103
54643.559664 0.0353260004387 16.5932 0.105
53919.54204 0.0412929518433 16.6032 0.141
55320.603785 0.0418182907844 16.5416 0.138
55274.686083 0.0429644848407 16.5567 0.136
54643.57055 0.0455200106349 16.4768 0.102
54266.610177 0.0473675930509 16.6884 0.147
53919.55098 0.0496646633243 16.6139 0.143
56406.653019 0.0542166643859 16.4548 0.089
54643.581448 0.0557252580316 16.5688 0.105
54266.619823 0.0564004262653 16.5381 0.138
53919.559909 0.058026074045 16.5611 0.141
54957.5423 0.05904397677 16.6165 0.089
56406.663126 0.0636811932401 16.5594 0.092
54266.629252 0.0652300535068 16.5216 0.137
53919.568849 0.066397785526 16.6274 0.145
54957.55678 0.0726035273552 16.623 0.089
56406.673028 0.072953753315 16.579 0.093
54266.638772 0.0741448961576 16.5406 0.139
56406.683229 0.0825063068786 16.835 0.101
56090.593346 0.0854925918796 16.5277 0.103
54957.570977 0.0858980673924 16.5846 0.088
56090.603975 0.0954459387819 16.3984 0.104
54202.591291 0.0979668165557 16.4651 0.119
54957.585167 0.0991860523893 16.6062 0.088
56090.614669 0.10546015384 16.5108 0.117
54596.648599 0.106254249065 16.571 0.103
54202.603919 0.109792093135 16.579 0.124
56090.625418 0.115525872712 16.6126 0.122
54596.659501 0.116463242195 16.5803 0.103
54202.616775 0.121830876447 16.5827 0.123
53872.644135 0.124544659431 16.5221 0.126
54172.719749 0.125267585748 16.6101 0.127
54596.670445 0.126711565513 16.6128 0.105
54172.726865 0.131931243337 16.5366 0.123
53872.652772 0.132632631697 16.5374 0.127
54202.630341 0.13453452722 16.5169 0.121
54596.681529 0.137090989455 16.6288 0.105
54172.734423 0.139008804345 16.5824 0.126
53872.661549 0.140851704586 16.6225 0.132
53872.67014 0.148896600937 16.7877 0.141
55395.478852 0.157305769739 16.8036 0.145
54172.755465 0.158713228617 16.7719 0.136
54955.564354 0.206829968107 16.9113 0.125
54955.576225 0.217946364858 16.8114 0.12
54955.588043 0.229013130668 16.5598 0.109
53885.579518 0.237664835627 16.5677 0.109
53885.590472 0.247922523278 16.5824 0.11
54246.542062 0.254921423903 16.6595 0.154
53885.601435 0.258188638817 16.5341 0.108
54261.49889 0.260989510079 16.5101 0.125
54246.551176 0.263456074736 16.5854 0.149
55963.706607 0.264556383571 16.4882 0.095
56371.637861 0.26486540648 16.5749 0.105
53885.612407 0.268463182262 16.5442 0.108
54261.510121 0.271506589679 16.5552 0.125
54246.560022 0.271739761507 16.5693 0.148
53946.486886 0.273337316294 16.5489 0.116
56371.648609 0.274930188919 16.6093 0.106
55963.720901 0.277941757611 16.7305 0.103
54246.568709 0.279874555428 16.6425 0.153
56431.456041 0.280586244546 16.6006 0.083
54261.521546 0.282205337297 16.5574 0.128
53946.49885 0.284540801328 16.5657 0.117
56371.659426 0.285059585234 16.5058 0.102
56431.461713 0.285897692814 16.6024 0.083
56431.467354 0.291180111661 16.5669 0.082
54261.532351 0.292323496418 16.5876 0.13
55963.737656 0.293631693387 16.6623 0.1
56371.67037 0.295307908552 16.545 0.104
53946.51084 0.295768633616 16.5244 0.116
56431.472996 0.296463466934 16.6375 0.084
53946.522774 0.306944025648 16.6473 0.122
55963.751934 0.3070020845 16.7381 0.102
53599.469155 0.314464519487 16.5855 0.144
54940.730512 0.315930037216 16.6712 0.1
54231.657355 0.316389825845 16.5017 0.144
53599.477786 0.322546873159 16.4844 0.139
54231.668095 0.326447116817 16.5315 0.146
54940.743778 0.328352758073 16.4464 0.094
53900.627662 0.329244242341 16.5252 0.134
53599.486534 0.330738789495 16.5174 0.141
54231.679075 0.336729151723 16.5189 0.145
53900.636618 0.337630936749 16.5494 0.136
53599.494868 0.338543022545 16.4525 0.138
54940.756945 0.340682772068 16.5739 0.098
53900.645604 0.346045724151 16.4854 0.132
54231.689963 0.346925034786 16.5472 0.147
54908.731117 0.350638928274 16.5527 0.129
54940.770003 0.352910714852 16.5725 0.098
53900.654609 0.35447830378 16.5872 0.139
54908.739901 0.358864556197 16.5737 0.131
53884.646879 0.364310850824 16.4852 0.106
56416.595717 0.364887693581 16.6177 0.102
55000.584692 0.365362465138 16.6384 0.105
54908.748546 0.36696001993 16.5256 0.129
55045.438759 0.368193302253 16.6549 0.137
55769.464123 0.369474342669 16.6124 0.096
53884.657194 0.373970157751 16.5 0.107
56416.606134 0.374642516684 16.5102 0.108
55045.445775 0.374763316546 16.675 0.138
54908.757211 0.375074212316 16.5675 0.131
55769.471879 0.376737317416 16.5603 0.094
55000.598535 0.378325507872 16.6428 0.106
54291.525485 0.378885494838 16.5229 0.136
55045.452805 0.3813464409 16.5784 0.132
53884.667528 0.383647256905 16.4585 0.106
55769.479688 0.384049923118 16.7128 0.098
56416.61643 0.384284031384 16.6528 0.103
54291.534094 0.386947246983 16.4846 0.135
55045.459849 0.387942675313 16.5483 0.131
55000.612288 0.39120427163 16.6526 0.107
55769.48746 0.391327880793 16.4963 0.093
53628.384418 0.39167248816 16.5532 0.125
56416.626709 0.393909626716 16.5625 0.101
54291.542636 0.394946258106 16.5413 0.139
53884.680034 0.395358288647 16.4871 0.107
53628.395253 0.401818740275 16.5398 0.125
54291.551192 0.402958379296 16.5147 0.138
55000.626081 0.404120492716 16.6972 0.11
53821.692426 0.411680316741 16.4805 0.122
53628.406106 0.411981848184 16.7169 0.135
53913.531129 0.412477221269 16.574 0.136
55647.777053 0.417680043299 16.5764 0.101
53913.539637 0.420444393671 16.5537 0.135
53821.703328 0.421889309871 16.5023 0.123
53628.416983 0.422167430487 16.5254 0.125
53913.548146 0.428412502506 16.615 0.139
53821.714015 0.431896969888 16.4111 0.118
55647.794167 0.433706158546 16.5729 0.102
53913.556671 0.436395594268 16.5867 0.137
54274.502153 0.43767476182 16.5492 0.136
53821.724429 0.441648983691 16.5404 0.124
54274.511025 0.445982795852 16.4204 0.13
54274.519875 0.454270228357 16.5867 0.139
55798.389286 0.45595299855 16.5691 0.106
54274.528762 0.46259230889 16.5769 0.139
55798.405771 0.471390097406 16.5945 0.106
56476.517245 0.477387014673 16.6523 0.103
56476.526792 0.486327141011 16.5552 0.101
55798.422271 0.486841242762 16.5391 0.105
56476.536396 0.495320644044 16.5656 0.1
55798.438752 0.502274595884 16.5885 0.107
56476.545931 0.504249533189 16.5008 0.099
55676.702905 0.504803901553 16.6022 0.104
54303.409518 0.507486782248 16.6673 0.143
54303.418497 0.515895014617 16.541 0.136
54889.688293 0.518309139024 16.5798 0.128
54303.427448 0.524277026865 16.6045 0.139
54889.696758 0.526236044805 16.5749 0.127
55011.440306 0.530918210061 16.6406 0.143
54303.436449 0.532705860761 16.5826 0.138
54889.705342 0.534274386122 16.5477 0.126
55676.734968 0.534828754485 16.4852 0.099
55011.446769 0.536970376879 16.6453 0.143
54889.713977 0.542360485521 16.5765 0.131
55011.45323 0.543020670823 16.6145 0.142
55011.459646 0.549028825285 16.5736 0.14
53772.737306 0.568487904097 16.5102 0.14
54318.430216 0.573364847428 16.5926 0.118
53772.749034 0.579470390924 16.6755 0.15
54318.438387 0.581016441893 16.5228 0.115
54318.446519 0.588631515465 16.5181 0.115
53772.760536 0.590241243884 16.5702 0.143
54318.454665 0.596259699103 16.51 0.115
53772.771803 0.600792035078 16.5747 0.143
53956.451402 0.60443944181 16.6638 0.145
53956.46038 0.612846737745 16.4864 0.135
53956.469352 0.621248415087 16.5816 0.14
56429.68443 0.621591149585 16.583 0.081
53562.424071 0.624223462893 16.643 0.133
53956.478345 0.629669757523 16.5246 0.137
53562.432227 0.631861010859 16.6104 0.132
56429.696088 0.632508086097 16.5427 0.082
53562.440219 0.639344983806 16.5844 0.135
53579.527128 0.640091320953 16.6237 0.132
56429.707515 0.643208706582 16.6738 0.084
53579.534256 0.646766215742 16.7014 0.137
53562.448212 0.646829893193 16.7603 0.15
53579.541349 0.653408335377 16.8603 0.148
56429.718818 0.653793209363 16.7625 0.087
56173.427893 0.654500216316 16.7467 0.097
53579.54844 0.660048582146 16.8333 0.146
56173.441068 0.666837721771 16.8581 0.104
56364.606755 0.680705358833 16.9508 0.123
55658.738837 0.682656885309 17.0323 0.155
54979.584575 0.700158819046 17.0341 0.161
56364.633611 0.705854204863 16.9496 0.121
54919.791827 0.708253346344 17.0294 0.154
54979.593991 0.708976272661 16.9391 0.155
53892.491732 0.710490484906 16.9275 0.149
54347.415038 0.715710162733 16.7537 0.129
54919.801081 0.716919097801 16.9063 0.145
54979.603482 0.717863958751 16.7954 0.147
56364.647181 0.718561601376 16.8214 0.115
55658.778196 0.719513953788 16.8318 0.144
53892.501471 0.719610406396 16.7045 0.135
54347.423224 0.723375803692 16.7183 0.127
54919.810357 0.725605450792 16.7701 0.141
53892.510718 0.728269602819 16.6769 0.134
54347.431406 0.731037698925 16.6665 0.153
53892.519415 0.736413761073 16.6209 0.131
54347.439572 0.738684611224 16.396 0.225
53607.412418 0.752798530175 16.5613 0.129
55216.719091 0.760757274679 16.4484 0.131
53607.422369 0.762116975471 16.6464 0.134
54964.703347 0.764885071574 16.5298 0.099
53607.432335 0.771449467261 16.5256 0.128
54964.713973 0.774835609176 16.5455 0.1
53831.691696 0.775327236532 16.6878 0.133
53607.442296 0.780777276891 16.5659 0.13
55216.74436 0.784420001458 16.6306 0.14
53831.701467 0.784477123876 16.5398 0.125
54964.724603 0.784789892519 16.5003 0.099
53831.711243 0.793631693387 16.6415 0.13
54964.735165 0.794680498406 16.6783 0.105
55686.623686 0.794951127558 16.7479 0.104
53877.635087 0.798237071139 16.6348 0.11
54947.653629 0.798965616052 16.5711 0.127
55325.687093 0.801995913407 16.5492 0.114
53831.720992 0.802760979212 16.5642 0.126
56124.467746 0.806600354723 16.599 0.096
53877.647046 0.809435873999 16.5922 0.109
54616.622914 0.810862997971 16.6022 0.104
55247.741342 0.811018445859 16.629 0.151
54707.397502 0.815187445804 16.6011 0.159
54616.628323 0.815928164345 16.49 0.101
56124.479 0.817138972283 16.6165 0.097
53877.658987 0.820617821073 16.5983 0.109
54616.633707 0.820969919898 16.5742 0.104
54707.404042 0.821311717963 16.4241 0.143
54616.639098 0.826018230478 16.6 0.104
56124.490355 0.827772169586 16.6156 0.096
55325.717402 0.830378262769 16.5981 0.118
53877.671077 0.831939296663 16.5712 0.108
54707.417101 0.833540597181 16.5913 0.141
54993.610433 0.834435827181 16.5305 0.099
56124.501701 0.838396938989 16.6096 0.096
54345.410875 0.838945688757 16.6809 0.172
55325.730362 0.842514435118 16.6191 0.118
54993.621576 0.844870500671 16.537 0.099
55400.48771 0.84776595167 16.7443 0.107
55762.506955 0.854552281991 16.6146 0.116
54993.632843 0.855421291865 16.5812 0.101
55762.516358 0.863357561979 16.6568 0.117
54491.737134 0.863690932147 16.6528 0.164
54993.644011 0.865879376183 16.5793 0.101
55325.761246 0.871435233483 16.5254 0.117
55762.525933 0.872323908444 16.6119 0.116
54190.604922 0.873534716381 16.7474 0.156
54491.749367 0.875146317661 16.6481 0.162
54129.737682 0.875439421209 16.6085 0.149
55762.535441 0.881227513901 16.5825 0.115
54190.613443 0.881514062417 16.5831 0.148
55354.606069 0.882680857999 16.5679 0.142
54491.757487 0.882750154046 16.6053 0.159
54129.746644 0.883831734217 16.5587 0.145
53967.434676 0.889540230098 16.5991 0.141
54190.622019 0.889544912268 16.593 0.146
55445.383661 0.889818350717 16.5155 0.113
54491.76568 0.890422350032 16.6411 0.161
54129.755597 0.892215619332 16.6194 0.149
53982.391073 0.895204713628 16.4969 0.134
54190.630641 0.89761883804 16.5078 0.141
53967.44331 0.89762539307 16.5699 0.14
54129.764618 0.900663181888 16.5945 0.146
53982.399514 0.903109145015 16.6939 0.145
53967.451832 0.905605675532 16.5814 0.141
55445.401807 0.906810864873 16.5345 0.114
53982.407976 0.911033241503 16.4529 0.132
53967.460318 0.913552246407 16.6011 0.143
53982.416453 0.918971384477 16.6209 0.142
55354.646667 0.920698167027 16.5466 0.141
54675.49029 0.936219544858 16.4122 0.201
55413.404405 0.943386067001 16.6891 0.117
54236.601444 0.946198175454 16.6457 0.155
54675.501221 0.946455694542 16.4458 0.179
53997.400642 0.950661215378 16.5222 0.144
56392.660874 0.951509623724 16.5574 0.091
54236.610458 0.954639182984 16.6634 0.156
55413.41704 0.955217898607 16.632 0.115
53997.405792 0.955483845591 16.6227 0.15
54675.51216 0.956699335693 16.5581 0.108
54928.601829 0.958230403733 16.5691 0.092
53997.410933 0.960298047911 16.6264 0.151
56392.672322 0.962229909296 16.5301 0.089
54236.619501 0.963107347068 16.5006 0.146
53997.416083 0.965120678124 16.5494 0.147
54928.611148 0.966957023345 16.7192 0.096
54675.523116 0.966958896205 16.5165 0.107
54236.628521 0.971553973191 16.6582 0.156
56392.683679 0.972864979466 16.5784 0.091
54928.62071 0.975911196184 16.7081 0.096
56392.69499 0.983456973714 16.6195 0.092
54928.630286 0.984878479083 16.5303 0.091
56152.430741 0.992073094215 16.5714 0.091
