53982.444764 0.00452157270104 14.8556 0.078
53997.439195 0.00573019770113 14.8148 0.08
56077.623564 0.00917693317145 14.7977 0.066
53967.453502 0.0104989376192 14.8075 0.078
55020.555266 0.0126032603386 14.8384 0.062
54129.741475 0.0129411311168 14.7947 0.08
55243.703112 0.0202314301444 14.7696 0.07
55749.527409 0.0219049109145 14.8081 0.062
55394.52547 0.0233697734837 14.8217 0.069
53982.453302 0.0238822486282 14.8395 0.078
53967.462023 0.0298210645348 14.7938 0.077
54129.750455 0.0333040814287 14.8244 0.08
55806.421388 0.0340727941436 14.8511 0.068
56077.637026 0.0397032179202 14.8669 0.066
55020.568581 0.0427962094891 14.8346 0.062
54129.759444 0.0536874400496 14.829 0.08
55806.430219 0.0540978736775 14.8428 0.069
55020.581885 0.0729642151673 14.885 0.062
55806.439076 0.074181910532 14.869 0.069
54129.768501 0.074224994717 14.8161 0.08
55806.447949 0.0943022288082 14.8219 0.069
53872.678839 0.100504085054 14.9288 0.076
54190.639392 0.104395267981 14.9083 0.081
54492.724758 0.109885101244 14.888 0.084
53872.687527 0.12020489935 14.9105 0.076
54190.647067 0.121799014494 14.9258 0.083
54492.730412 0.12270605014 14.8926 0.084
54492.736133 0.13567892751 14.8912 0.084
54190.654778 0.139284394209 14.8881 0.081
53872.696121 0.139692560261 14.9095 0.076
55326.665738 0.145379673784 14.8992 0.209
55104.403538 0.146032739441 14.9076 0.072
54492.741851 0.14864500211 14.9188 0.084
54719.417152 0.15509175799 14.8959 0.065
56097.533217 0.156089497192 14.8363 0.07
55104.408303 0.156837801602 14.9238 0.073
54190.662529 0.156860477504 14.8456 0.081
53872.704736 0.159227840544 14.8951 0.076
55658.745887 0.16671315223 14.8138 0.075
55104.413065 0.16763606101 14.9116 0.073
55104.417839 0.17846153148 14.8807 0.072
56097.545943 0.184946836359 14.7857 0.073
54262.564316 0.200570525423 14.7662 0.082
55032.548896 0.209228180683 14.8086 0.076
54599.491469 0.212917548185 14.784 0.063
56097.558671 0.213808710706 14.8074 0.077
54262.573306 0.220956151618 14.7612 0.082
55326.700487 0.224176128179 14.7012 0.077
55674.648449 0.227189754118 14.7884 0.07
54599.498036 0.227808805941 14.7808 0.063
55032.557393 0.228495885458 14.7923 0.076
54262.582362 0.241491438712 14.7464 0.08
56097.571402 0.242677387823 14.8225 0.082
54599.504657 0.242822513519 14.7592 0.063
55731.545909 0.24725111508 14.7518 0.066
55032.565891 0.247765857806 14.7639 0.075
55658.785329 0.256151402379 14.7435 0.073
54599.511242 0.257754587893 14.743 0.063
54262.591344 0.261858924203 14.7321 0.08
55032.574392 0.26704263294 14.722 0.075
55731.556461 0.271178715494 14.8004 0.068
54949.670974 0.276153806028 14.6868 0.06
53957.42804 0.276870364187 14.7786 0.077
54979.661771 0.28295884098 14.6988 0.067
55032.582913 0.286364759839 14.7547 0.076
54274.509228 0.28672303893 14.7021 0.075
55731.567059 0.29521062501 14.776 0.067
53957.437561 0.298460080217 14.7851 0.077
54274.518103 0.306847892386 14.6786 0.075
54979.673242 0.308970355793 14.6896 0.067
55731.577669 0.319269745588 14.7564 0.067
55769.503707 0.319940951979 14.7273 0.063
53957.44709 0.320067936966 14.8024 0.077
54274.526974 0.326963675483 14.6656 0.075
55674.695176 0.33314739102 14.7441 0.07
54979.684851 0.335294797912 14.6625 0.067
53957.456567 0.341557879073 14.7634 0.077
55769.514939 0.34541051299 14.6907 0.063
54274.535862 0.347118007591 14.7199 0.076
54350.39125 0.355970675531 14.742 0.077
54953.676864 0.359866393643 14.6506 0.066
54979.696222 0.361079553818 14.6859 0.067
53919.540349 0.363154397874 14.7347 0.076
55338.669384 0.364716766774 14.7606 0.066
54350.397233 0.369537661254 14.7216 0.077
55769.526264 0.371090959795 14.6925 0.063
54350.40324 0.383159069101 14.7349 0.077
53919.549279 0.383403968724 14.7211 0.076
54953.687696 0.384428919012 14.6742 0.066
53893.536094 0.396188636202 14.7934 0.068
54350.409264 0.396819025976 14.7657 0.109
55769.537623 0.396848504622 14.7418 0.064
53919.558221 0.403680750653 14.7663 0.08
54953.698556 0.409054936881 14.6961 0.066
53893.546093 0.41886225982 14.764 0.068
54965.610765 0.421050483323 14.7419 0.074
55274.749695 0.421125313767 14.7609 0.077
53919.567141 0.423907645621 14.7844 0.078
55320.616413 0.427996108817 14.7586 0.077
54953.709608 0.434116331843 14.7236 0.067
54957.678936 0.43492132598 14.7854 0.065
56431.492923 0.439485982885 14.7797 0.06
53893.555916 0.441136787765 14.8202 0.068
54965.6204 0.442898704518 14.761 0.074
53877.683326 0.448624367048 14.8112 0.068
53885.625544 0.458311507785 14.7592 0.064
53618.382757 0.461474794604 14.8155 0.067
54957.690686 0.461565498174 14.819 0.065
53893.56578 0.463504286863 14.7761 0.068
54965.630054 0.464790009904 14.7584 0.074
56431.505291 0.467531525153 14.8927 0.064
53877.694635 0.474268532431 14.8076 0.068
53821.690685 0.480320727801 14.8014 0.073
53900.629344 0.480765175268 14.7997 0.076
53885.637484 0.485386521894 14.7827 0.064
54965.639566 0.486359317625 14.8097 0.075
54957.70243 0.488196064812 14.8259 0.065
56431.51782 0.49594214926 14.8965 0.062
53618.398467 0.497098619709 14.8137 0.068
55320.647864 0.49931405428 14.8644 0.079
53877.706016 0.50007596422 14.8245 0.068
53900.638347 0.50118028013 14.8318 0.077
54999.603068 0.50162699518 14.8297 0.083
53821.7015 0.504844704158 14.8465 0.074
53885.649419 0.512450198069 14.8417 0.065
54957.714188 0.514858377709 14.8565 0.066
53900.647311 0.521506949021 14.8489 0.077
54641.523281 0.523797214036 14.8477 0.073
56445.642066 0.523928734202 14.8176 0.064
56431.530229 0.52408066268 14.8648 0.06
53877.717419 0.525933282986 14.8753 0.069
53821.712178 0.529058020799 14.8787 0.074
53618.4145 0.5334548761 14.8335 0.068
53885.661342 0.539486663166 14.8613 0.065
53900.65632 0.541935659423 14.8571 0.078
54641.532092 0.543776941788 14.9136 0.074
56445.653244 0.549275845408 14.8799 0.064
53821.722719 0.552960677724 14.8932 0.075
55012.416583 0.557414222761 14.8958 0.078
54233.616458 0.558722621681 14.8935 0.082
54641.540965 0.563897260065 14.8827 0.074
53599.467352 0.569108179866 15.0286 0.083
53618.430413 0.569539021804 14.9036 0.069
54172.765865 0.57457987242 14.9535 0.075
56445.664605 0.575037925416 14.9246 0.065
55012.425582 0.577820257281 14.9295 0.078
54641.54978 0.583886058177 14.9028 0.074
54233.627655 0.584112817078 14.9095 0.083
54172.770442 0.584958627831 14.927 0.076
53599.475877 0.588439377124 15.0342 0.083
54377.395664 0.590886105801 14.936 0.083
53633.43522 0.594276151529 14.9363 0.092
54172.774941 0.595160511296 14.9296 0.075
53607.417919 0.597727422173 14.9131 0.076
55012.434922 0.598999539672 14.9476 0.079
54377.399667 0.599963265044 14.9134 0.083
56445.676874 0.60285897635 14.9054 0.064
54172.779373 0.605210466271 14.8933 0.075
54909.685698 0.605976911402 14.9543 0.078
53633.440716 0.606738821339 14.9238 0.092
53599.484615 0.608253570881 15.0562 0.084
54377.403664 0.609026818763 14.9569 0.084
54233.638968 0.609766052821 14.9254 0.083
54377.407669 0.618108513202 14.9494 0.084
53633.446243 0.619271786418 14.961 0.093
55012.44413 0.619879500314 14.9062 0.079
54909.694758 0.626521268839 14.9193 0.077
53599.493066 0.627416966554 15.0589 0.084
53633.451757 0.631775272846 14.9054 0.092
54233.650383 0.63565058265 14.9398 0.083
55219.721646 0.640120000804 14.8961 0.083
54909.703927 0.647312793508 14.9189 0.077
56378.666185 0.650149547499 14.9299 0.064
56495.53112 0.651804887553 14.9303 0.065
53554.523811 0.655623507633 14.8745 0.079
54890.747972 0.662995439864 14.9143 0.076
54909.71312 0.668158740302 14.8724 0.076
53554.530724 0.671299351227 14.8998 0.08
54890.754763 0.678394637591 14.8604 0.075
54721.412679 0.680127075689 14.8978 0.066
56378.680438 0.682469495256 14.8604 0.064
55219.740413 0.682675845858 14.8323 0.079
53554.537622 0.686941181006 14.8976 0.08
54721.4166 0.689018292626 14.8853 0.065
55446.417282 0.692678181481 14.8568 0.067
54890.761528 0.693734878013 14.8237 0.074
54721.420541 0.697954861362 14.8828 0.065
53554.544522 0.702587545931 14.835 0.079
55687.648628 0.706254237555 14.8366 0.067
54721.424466 0.706855148659 14.8354 0.065
54890.768276 0.709036569408 14.794 0.074
54684.381856 0.709435665087 14.9718 0.113
53580.566608 0.709986689246 14.8803 0.076
56378.694828 0.715100102713 14.8628 0.064
54684.390807 0.729732855325 14.8397 0.122
53580.575925 0.731113817087 14.8568 0.076
55412.478302 0.733016324373 14.779 0.075
55000.592512 0.745279446344 14.7684 0.066
56378.709284 0.747880371053 14.7774 0.063
54684.399584 0.749635485038 14.6983 0.074
53580.585268 0.752299902265 14.8104 0.075
55446.447514 0.761231935809 14.7383 0.067
55687.676051 0.768438334045 14.764 0.065
54684.408387 0.769597072088 14.759 0.075
53580.594643 0.77355855027 14.8584 0.075
55000.606344 0.776644739072 14.7423 0.066
55000.620147 0.807944271725 14.7231 0.069
55412.513525 0.812887616012 14.7327 0.075
53913.568327 0.821062274794 14.7328 0.075
55084.417351 0.825572509548 14.6973 0.073
55413.403189 0.830280024566 14.6828 0.068
56126.496107 0.832023800605 14.7211 0.064
55084.423183 0.838797089312 14.6532 0.072
55000.634049 0.839468295695 14.71 0.065
53913.578569 0.844286922573 14.7378 0.076
56088.577662 0.848570398438 14.7093 0.068
56145.467412 0.851148647257 14.691 0.065
55084.429022 0.85203754219 14.6958 0.073
56126.505957 0.854359553461 14.7199 0.064
55413.415824 0.858931013136 14.6725 0.068
55084.434924 0.865420853198 14.72 0.073
56145.473985 0.866053510553 14.6824 0.065
53913.588809 0.867507035189 14.7451 0.076
56088.587819 0.871602301142 14.8124 0.074
54246.543849 0.872733828117 14.7065 0.078
54318.42807 0.876611405516 14.7256 0.07
56126.515811 0.87670437666 14.7091 0.064
56145.480595 0.881042274658 14.6955 0.065
56364.660312 0.890584289681 14.7058 0.066
53913.599143 0.890940301172 14.7535 0.076
54246.552956 0.893384762246 14.7508 0.079
56088.597992 0.894670485285 14.7264 0.068
54318.436222 0.895096792026 14.7559 0.07
56145.487258 0.896151220978 14.6748 0.065
56126.525712 0.899155776567 14.7149 0.064
55329.644544 0.900087755697 14.6717 0.069
54303.446226 0.903944924788 14.7689 0.076
54246.561713 0.913242040194 14.7376 0.079
54318.444365 0.913561770261 14.7622 0.07
56088.608219 0.917861119232 14.7471 0.069
56364.672862 0.91904253316 14.6822 0.066
55749.482357 0.919745485791 14.7296 0.061
54303.456121 0.926382719156 14.7288 0.076
54318.452507 0.932024480888 14.7227 0.069
54246.570388 0.93291337582 14.7913 0.08
55394.487117 0.936400927883 14.7479 0.068
56364.68566 0.94806313875 14.6631 0.066
56077.596758 0.948391939165 14.752 0.065
54303.465951 0.948673120214 14.7021 0.075
55749.497342 0.953725308786 14.7398 0.061
53982.42778 0.966008839051 14.8046 0.077
53997.423273 0.969625643705 14.7724 0.079
54303.47576 0.970915901917 14.7859 0.077
53967.436351 0.971607516589 14.7949 0.077
56364.698381 0.976909139968 14.7456 0.067
56077.610153 0.978766295458 14.8052 0.066
55329.680436 0.98147606446 14.7273 0.07
53997.428564 0.981623457752 14.786 0.079
55020.542019 0.982564507235 14.7962 0.062
53982.436243 0.985199445785 14.8407 0.078
55749.512388 0.987843454716 14.7751 0.062
53967.444999 0.991217627322 14.8054 0.077
53997.433892 0.993705172592 14.789 0.08
