55000.445701 0.00207144892872 15.3697 0.074
53900.403354 0.00283086138225 15.3331 0.085
53878.526543 0.00507344551692 15.4106 0.083
56152.38068 0.0149743297227 15.4863 0.074
55734.465948 0.0166428978747 15.4192 0.074
54866.66108 0.0175413576606 15.4394 0.075
54287.470714 0.020514831722 15.5526 0.083
55393.403376 0.0205932686845 15.457 0.078
54948.565627 0.0331824016051 15.3514 0.082
53900.412735 0.0362770963944 15.3466 0.085
56152.386728 0.0365373645046 15.4527 0.074
55000.455856 0.0382772390156 15.4792 0.073
53569.448231 0.0430369366827 15.5698 0.096
53587.399345 0.0444416714084 15.4507 0.086
56152.39269 0.0577937820849 15.4766 0.075
55770.38 0.0616086708356 15.4991 0.075
54151.730371 0.063216628624 15.4178 0.082
55734.479373 0.0645072732478 15.4173 0.074
54287.483803 0.0671812607011 15.578 0.084
53569.455511 0.0689924415244 15.6663 0.099
53900.422132 0.0697803764915 15.3874 0.086
54980.550906 0.0708285795614 15.4162 0.072
53587.407632 0.0739874500886 15.5388 0.088
55770.385871 0.0825406445992 15.4727 0.075
53569.462768 0.0948659440824 15.7134 0.101
54598.544926 0.0985667427301 15.5752 0.084
54980.558745 0.0987770964087 15.4415 0.072
55675.588942 0.101476041075 15.452 0.079
54151.741391 0.102506417576 15.4333 0.082
53900.43158 0.103465487719 15.4277 0.087
55770.391859 0.103889760416 15.4621 0.075
53587.416228 0.104634911582 15.5986 0.09
55734.492902 0.112742441517 15.4298 0.074
54287.496865 0.113751426125 15.5907 0.085
54866.688414 0.114995721603 15.5264 0.077
53569.469833 0.120054905881 15.585 0.098
54196.623828 0.122604107252 15.4207 0.093
55411.383146 0.124165715911 15.5506 0.081
55770.397757 0.124917997709 15.4382 0.074
54980.566594 0.126761266408 15.4353 0.072
54598.553101 0.12771320592 15.5592 0.084
53587.424708 0.134868796339 15.5821 0.09
54151.752308 0.141428978898 15.4902 0.083
54980.574558 0.1551554478 15.4618 0.073
54598.561314 0.15699515116 15.575 0.084
54196.634471 0.160549771806 15.4792 0.095
54866.702365 0.164735453494 15.5368 0.077
54151.763238 0.180397889326 15.5359 0.085
54598.569486 0.186130918422 15.5581 0.084
56399.532239 0.188530376493 15.5779 0.07
54196.645177 0.19872005133 15.5278 0.097
55036.403691 0.203690102674 15.5219 0.089
54513.589914 0.207052196218 15.4584 0.094
54618.492022 0.216279235586 15.5434 0.079
54234.515317 0.217758841972 15.462 0.093
55715.449999 0.21876426125 15.5162 0.073
55036.410063 0.226408300063 15.4932 0.089
54097.645229 0.23256203651 15.654 0.105
56399.545211 0.234779663418 15.5764 0.07
54196.655861 0.236811893889 15.5095 0.097
55411.415753 0.240419994295 15.6055 0.083
54234.52298 0.245079863092 15.4289 0.092
55036.416437 0.249133628061 15.499 0.089
54618.501938 0.251632915002 15.5961 0.08
54525.664669 0.257376640033 15.4649 0.088
54097.654079 0.264115088415 15.619 0.102
56063.538529 0.264578579564 15.4833 0.072
55036.422818 0.271883913283 15.4969 0.089
54234.530685 0.272550627483 15.4177 0.092
55715.4662 0.276525955509 15.5097 0.074
56399.557971 0.280273103254 15.6043 0.07
54618.511888 0.287107815172 15.5672 0.08
55926.67172 0.291072447223 15.5803 0.091
54097.662966 0.295800057053 15.6206 0.101
54525.676282 0.298780661719 15.4441 0.088
54234.538371 0.299953650888 15.4735 0.094
56063.549072 0.302167712494 15.4666 0.071
54831.681124 0.302923559616 15.5065 0.084
54905.729054 0.307237592704 15.6439 0.105
55926.67956 0.319024529362 15.6437 0.092
54618.521738 0.322226183691 15.582 0.081
54227.533479 0.325295921265 15.4239 0.082
56399.570757 0.3258592413 15.5571 0.069
54097.671837 0.327427980606 15.5683 0.099
53832.618503 0.328376354808 15.5647 0.086
54831.6896 0.333143183102 15.5165 0.084
55715.482568 0.334883057609 15.5042 0.074
54525.687683 0.339428836263 15.4219 0.087
56063.559727 0.340156160861 15.4081 0.071
54936.591903 0.343065459209 15.4893 0.084
54905.739964 0.346135196802 15.5662 0.103
55926.687452 0.347162007975 15.5896 0.091
56494.379929 0.350574015976 15.5039 0.075
53832.628069 0.362482173407 15.4978 0.085
54831.698114 0.363498288639 15.4629 0.083
54227.546505 0.3717377353 15.4821 0.083
54936.600302 0.373010553328 15.5542 0.085
55926.695361 0.375360096965 15.5218 0.089
56063.570384 0.378151739865 15.3457 0.07
54525.698947 0.379588562449 15.3548 0.086
54815.716004 0.3822162008 15.4248 0.087
53861.523107 0.382440815743 15.5487 0.072
56494.389326 0.384077296047 15.5039 0.075
54905.75083 0.384875926967 15.5812 0.103
54488.679294 0.392805191101 15.4684 0.083
55715.49888 0.393040501989 15.542 0.075
54831.706611 0.393792783799 15.4338 0.082
53832.637658 0.396669994289 15.5017 0.085
54815.721042 0.400178265816 15.3857 0.086
54936.60879 0.403272960628 15.4839 0.084
54322.360937 0.415206075286 15.4402 0.079
53861.532387 0.415526953786 15.5411 0.072
56494.398817 0.417915715915 15.5031 0.074
54815.726096 0.418197375917 15.3435 0.085
54227.559571 0.418322161996 15.3803 0.083
53872.472529 0.42059683399 15.5258 0.086
56412.499879 0.422272532805 15.4534 0.073
53850.595879 0.42341343411 15.4861 0.071
54905.761799 0.423983884764 15.5235 0.102
54488.689339 0.428618796333 15.3616 0.08
53832.647253 0.430879207079 15.4296 0.083
54936.617313 0.433660154026 15.4779 0.084
54815.731161 0.436255704514 15.3756 0.086
54322.367529 0.438708642333 15.4504 0.079
53861.541653 0.448563177406 15.4411 0.07
53872.481082 0.451090986869 15.5004 0.086
56494.408245 0.451529520812 15.4794 0.074
56412.51069 0.46081717057 15.3273 0.071
54322.37406 0.461993725045 15.3947 0.078
54884.736794 0.463184540771 15.3984 0.078
54227.572601 0.464778237302 15.3235 0.08
55306.579681 0.466632201945 15.0612 0.084
53872.489615 0.481513833419 15.4362 0.084
53861.550912 0.481574443801 15.3951 0.07
53850.613271 0.485421420424 15.3396 0.069
54322.380678 0.485588990302 15.3058 0.077
53963.368025 0.49181759841 15.4244 0.08
54963.560986 0.496384768951 15.3727 0.075
54884.746371 0.497329577865 15.3354 0.077
56412.523037 0.504838134618 15.2911 0.071
53872.498118 0.511829720486 15.37 0.083
54536.6768 0.519110096976 15.2258 0.083
56358.675353 0.520796491719 15.1959 0.07
54170.651105 0.521623645165 15.433 0.092
54884.756065 0.531891756988 15.261 0.076
53963.379491 0.532697518534 15.4197 0.08
54963.571807 0.534965059893 15.3842 0.076
54504.706789 0.535899172854 15.2581 0.076
56412.533878 0.54348973189 15.3032 0.071
55615.690652 0.545108385611 15.2369 0.076
53886.531671 0.545889189945 15.3562 0.075
55658.604443 0.546359811734 15.2832 0.074
53850.630418 0.546555904162 15.2319 0.068
54186.645763 0.547643325724 15.4037 0.091
54536.686291 0.552948516817 15.2345 0.083
54644.391752 0.557016543075 15.2805 0.071
54170.66261 0.562642612657 15.3649 0.09
56358.687893 0.565505561896 15.2166 0.07
54884.765739 0.56638262978 15.2303 0.075
54206.5654 0.567455790067 15.3373 0.089
55685.536826 0.568832002288 15.34 0.075
56369.627934 0.570215345105 15.1906 0.067
54592.507119 0.571873217343 15.1761 0.069
54963.582606 0.57346691387 15.3227 0.075
53963.390929 0.573477609811 15.3533 0.079
54504.718629 0.578112521397 15.2827 0.076
54186.656451 0.585749429554 15.4076 0.091
54536.695784 0.58679406732 15.2214 0.083
53886.544247 0.590726611511 15.3177 0.074
54644.401508 0.591799771824 15.261 0.071
54267.437619 0.596188676538 15.2622 0.085
54206.573984 0.598060467773 15.3459 0.09
54170.674108 0.603636622925 15.3686 0.09
53850.647562 0.607679691946 15.2353 0.069
56358.700575 0.610720907021 15.2243 0.07
54963.593406 0.611972333138 15.3212 0.075
53963.402379 0.614300484875 15.3794 0.08
54504.730283 0.619662721035 15.2989 0.076
54267.444303 0.620019252693 15.2526 0.085
56369.642023 0.620447090698 15.1117 0.067
54536.705462 0.621299201357 15.2058 0.083
54186.667231 0.624183542492 15.351 0.089
54644.411326 0.626804050199 15.2439 0.071
54206.582564 0.628650884182 15.3554 0.09
54592.524372 0.633385624638 15.1763 0.067
53886.556849 0.635656731315 15.2634 0.074
55321.493626 0.639567883634 15.1711 0.082
54267.450909 0.643571734162 15.2578 0.085
54170.685771 0.645218910423 15.3105 0.088
55360.482872 0.648573873357 15.2057 0.073
56358.713801 0.657875784358 15.2158 0.07
54206.591137 0.659216343417 15.3082 0.089
54504.74167 0.660260981181 15.2931 0.076
54644.42108 0.661580148313 15.2228 0.071
54895.731222 0.661801197949 15.2094 0.071
54186.678167 0.663173844826 15.3405 0.089
55685.563637 0.66442170564 15.2842 0.074
54267.457536 0.66719908728 15.2716 0.085
53935.369477 0.668129634907 15.3714 0.078
56369.656145 0.670796491726 15.2313 0.07
54592.536242 0.675705932689 15.288 0.08
53886.569475 0.680672418694 15.2653 0.074
55664.53357 0.685574729029 15.2335 0.074
56464.463268 0.68820593268 15.3359 0.068
54895.739315 0.690655305182 15.208 0.071
53858.524596 0.691799771825 15.1832 0.079
53935.379314 0.703201654295 15.3187 0.077
55615.736436 0.708342840837 15.1919 0.076
56387.618599 0.712631916714 15.2089 0.075
55273.553298 0.717120650305 15.3077 0.072
54895.747423 0.719562892182 15.2326 0.072
54592.548659 0.719976468906 15.2136 0.067
56369.670265 0.721138762119 15.2626 0.068
55360.504125 0.724347547055 15.2437 0.074
53858.534611 0.727506417575 15.1885 0.083
56464.474491 0.728219480888 15.3457 0.068
56387.625774 0.738213063315 15.2365 0.073
53935.389225 0.738537507122 15.35 0.077
56441.478051 0.738630205351 15.2301 0.067
55664.548563 0.739029520804 15.2565 0.075
56293.665207 0.739043782076 15.4089 0.075
53767.663352 0.74269823161 15.3024 0.074
55321.522738 0.743361380484 15.2846 0.085
54895.755678 0.748994580719 15.2266 0.072
53821.520433 0.76024315458 15.2187 0.08
53735.693687 0.760720907008 15.3722 0.092
56387.632933 0.763737164858 15.259 0.073
56293.673486 0.768561038214 15.3237 0.074
56464.485864 0.768767826585 15.339 0.068
53935.399063 0.773613091827 15.2889 0.076
56441.489435 0.779217769544 15.2467 0.066
53735.700605 0.785385767245 15.354 0.091
56387.640068 0.789175698799 15.24 0.091
55664.563519 0.792352395898 15.2898 0.075
53821.529462 0.792434398165 15.2676 0.083
56293.681879 0.798484740452 15.4653 0.076
53767.680241 0.802912863664 15.3774 0.075
56464.497315 0.809594266968 15.344 0.068
53735.707525 0.810057758117 15.3714 0.091
54491.602143 0.81368725041 15.4284 0.082
56441.501133 0.820924843114 15.2538 0.068
53821.539181 0.827085710207 15.3475 0.082
56293.690223 0.828233742143 15.4677 0.076
53735.714598 0.835275242432 15.3762 0.092
55664.578397 0.845397176255 15.3169 0.076
54491.612181 0.849475898443 15.4326 0.082
53813.692572 0.851440387901 15.3905 0.074
54917.663389 0.85692027952 15.278 0.068
56441.512626 0.861901026818 15.3061 0.067
53821.549032 0.862207644043 15.3766 0.082
53767.697535 0.864571448937 15.4042 0.075
55214.69618 0.872860810031 15.3374 0.084
55000.411364 0.87964917284 15.2483 0.093
55267.708988 0.880305191091 15.3915 0.073
54491.622216 0.885253850549 15.4023 0.081
53813.704697 0.894669851682 15.437 0.075
54917.676519 0.903732886477 15.2933 0.069
54866.631684 0.91273531089 15.3559 0.074
54448.717152 0.91511694237 15.3493 0.09
54948.534049 0.920596834 15.2705 0.08
54491.632254 0.921042498556 15.4408 0.082
53878.503483 0.92285724472 15.3399 0.082
53767.714866 0.926361950944 15.4329 0.076
54448.722566 0.934419566441 15.369 0.09
53813.71693 0.938284369655 15.4565 0.076
55393.381635 0.943079720467 15.3779 0.077
53878.511116 0.950071306332 15.3461 0.082
54917.689581 0.950303051902 15.3091 0.069
54448.728049 0.953968197362 15.3793 0.09
55214.718988 0.954178551052 15.3405 0.083
54948.544571 0.958111095255 15.2565 0.081
55000.435825 0.966860382199 15.4058 0.073
54287.456224 0.968853394181 15.4993 0.081
55734.452546 0.968860524811 15.3844 0.073
55675.553245 0.974204934403 15.4084 0.078
53878.518806 0.977488590982 15.3858 0.083
53813.729157 0.981877495722 15.5284 0.077
55246.704166 0.991464632066 15.4015 0.086
56152.374571 0.993193810606 15.4519 0.074
54948.555132 0.995764403879 15.3202 0.081
54917.702661 0.996937393046 15.3469 0.07
