55735.719762 0.00286963253067 15.7351 0.08
54594.632261 0.00711005301698 15.6758 0.088
56184.46246 0.0136671342676 15.6603 0.072
53893.696395 0.0189087247212 15.6872 0.092
54376.452746 0.0222876733868 15.6738 0.1
54594.639602 0.028475136644 15.6757 0.088
55112.443688 0.0340048545016 15.682 0.093
53893.703306 0.0390223458832 15.6924 0.092
56184.473799 0.0466679084193 15.6848 0.072
54376.461639 0.048169663382 15.7576 0.103
54594.646918 0.0497674608008 15.6528 0.087
54742.396159 0.0558821646262 15.6711 0.092
55112.452002 0.0582017357372 15.6585 0.093
53893.710168 0.0589933585048 15.6905 0.092
54594.654329 0.0713362708599 15.6968 0.088
54376.470557 0.0741244128262 15.6564 0.1
54742.403968 0.0786093050495 15.6857 0.092
53893.717065 0.0790662343635 15.6422 0.091
56184.485072 0.0794765976541 15.6815 0.072
55112.460328 0.0824335415186 15.7435 0.095
53805.761047 0.0938218499458 15.7305 0.097
54742.411655 0.100981379406 15.7346 0.093
55112.468642 0.106630422754 15.7025 0.094
53805.766997 0.111138598003 15.7219 0.096
54742.419404 0.123533897164 15.7041 0.092
53805.772932 0.128411690399 15.722 0.096
53805.778861 0.145667320522 15.709 0.095
55098.397102 0.153132439654 15.7032 0.082
55098.408096 0.185129133455 15.7477 0.083
54952.725293 0.193129762108 15.6519 0.091
55098.418996 0.216852251754 15.7212 0.083
56063.585814 0.216957025349 15.6963 0.077
55467.449802 0.235926868027 15.758 0.086
54017.467565 0.239777297879 15.7156 0.099
55098.429726 0.248080605824 15.6961 0.082
56063.598343 0.25342114912 15.6844 0.076
54017.475716 0.263499787538 15.6202 0.096
56063.609051 0.284585474878 15.6344 0.075
54017.483866 0.287219366818 15.6248 0.097
56445.694134 0.296538396601 15.5935 0.07
56380.758502 0.309314955252 15.678 0.073
54017.49201 0.310921483825 15.601 0.096
56063.619767 0.315773083645 15.5901 0.074
54773.412065 0.323887217022 15.608 0.093
55467.481571 0.32838666114 15.6239 0.082
56445.70643 0.332324402342 15.4734 0.069
54730.465681 0.333683548796 15.5231 0.078
55353.755038 0.341206875478 15.519 0.093
56380.770712 0.3448506685 15.5792 0.071
54730.477492 0.36805802128 15.4741 0.077
56445.719421 0.370133120679 15.415 0.068
56380.782947 0.380459141198 15.4885 0.07
54773.433643 0.386687349735 15.512 0.091
54730.489335 0.402525625865 15.418 0.076
56445.731525 0.40536033388 15.403 0.068
56380.795137 0.415936646891 15.4818 0.07
53604.527354 0.42774404972 15.4666 0.091
54773.449499 0.432834300548 15.4543 0.091
54730.501114 0.43680696627 15.344 0.075
53604.536106 0.453215676451 15.4978 0.092
54773.457212 0.455282044712 15.4324 0.09
53561.59159 0.468448594 15.5416 0.083
55353.801319 0.475902071595 15.4279 0.091
53604.54482 0.47857670883 15.4754 0.091
53561.601195 0.49640277301 15.2415 0.082
53604.553849 0.504854510216 15.4731 0.092
53561.610362 0.523082206524 15.2648 0.082
54318.557638 0.525649159763 15.2762 0.111
54675.556068 0.525963480567 15.3196 0.075
53568.485431 0.532130571187 15.3372 0.104
55821.462541 0.54675230938 15.3346 0.072
53561.61942 0.549444408874 15.2597 0.082
55324.622622 0.55486935314 15.4246 0.09
54318.568512 0.557296608233 15.3952 0.102
54675.567533 0.559330962343 15.2763 0.075
53665.396262 0.57926414007 15.2746 0.074
56408.683122 0.580509781779 15.3935 0.064
54413.411446 0.586068603414 15.3033 0.08
55821.47661 0.587698414995 15.3717 0.072
54318.579575 0.58949411813 15.3704 0.101
54675.578608 0.591563396763 15.4294 0.108
54413.419092 0.608321352261 15.3318 0.08
53568.513133 0.6127538577 15.4102 0.091
53665.407951 0.613283546466 15.2469 0.073
54318.590505 0.62130454775 15.3529 0.1
56408.699323 0.627660812922 15.3687 0.064
55821.490675 0.628632879116 15.4499 0.073
54424.421399 0.629191671653 15.3767 0.105
54413.426673 0.63038492657 15.3528 0.081
53568.51988 0.632390176886 15.3676 0.09
55324.650099 0.634837804633 15.3524 0.088
55272.768819 0.64071094708 15.3788 0.09
54424.425886 0.64225053695 15.3358 0.104
55007.511837 0.642672541737 15.2353 0.096
53665.419652 0.647337877388 15.2823 0.074
54178.755455 0.648475835122 15.3508 0.099
53568.526654 0.652105076278 15.4159 0.092
54413.434264 0.652477604645 15.3248 0.08
54424.430377 0.655321043762 15.3279 0.104
54675.602011 0.659674969006 15.2981 0.081
53610.448412 0.660259954935 15.3287 0.095
55007.520051 0.666578385198 15.3312 0.086
54424.434874 0.668409012847 15.3734 0.106
54178.762437 0.668796093095 15.3366 0.101
55821.504771 0.669657564938 15.4598 0.074
53568.533426 0.671814154912 15.4276 0.092
56408.714521 0.671892735113 15.4224 0.064
53610.455695 0.681456236633 15.357 0.096
53665.431381 0.681473698915 15.3233 0.075
53621.451335 0.68292306706 15.3642 0.097
54178.769423 0.689127992583 15.3527 0.112
55126.412828 0.689480148307 15.3746 0.075
55007.528222 0.690359082412 15.3289 0.086
54262.608795 0.693377144214 15.4032 0.095
54652.593601 0.696508710756 15.1587 0.087
53610.462692 0.701820150288 15.3671 0.096
53621.460302 0.709020425024 15.4089 0.098
54178.776402 0.709439519441 15.4935 0.108
56242.427527 0.713912770148 15.4171 0.071
55007.53639 0.714131048489 15.3251 0.098
56408.729742 0.716191595995 15.4417 0.064
55126.42235 0.71719276596 15.3984 0.076
54262.617336 0.718234681228 15.3843 0.095
53610.469649 0.722067648812 15.41 0.098
54652.603371 0.724943102099 15.5267 0.103
56155.502122 0.728141607331 15.4054 0.068
53621.468822 0.733816844104 15.3532 0.097
54703.459489 0.735461207569 15.4036 0.083
56242.436104 0.738875080757 15.4234 0.071
56375.752971 0.741328529268 15.4054 0.073
54262.625975 0.74337743526 15.4085 0.096
55126.431887 0.744949039274 15.4357 0.077
55007.548907 0.750560247715 15.4064 0.078
54652.61272 0.752152224387 15.5824 0.146
53621.477466 0.758974150008 15.4065 0.098
54703.468338 0.761215140939 15.4199 0.083
56155.514126 0.763077782756 15.4625 0.068
56242.444588 0.763566726221 15.4324 0.071
54262.634761 0.768948014828 15.4256 0.096
56375.763587 0.772225100259 15.4374 0.073
55032.639125 0.772574345599 15.4405 0.088
55126.441425 0.772708222967 15.457 0.078
54652.621807 0.778598827702 15.8565 0.567
54209.7256 0.783299087875 15.463 0.096
54703.477163 0.78689922526 15.4677 0.084
56242.453058 0.788217626403 15.4649 0.072
55032.646744 0.794748514239 15.4476 0.088
54534.773477 0.795432453042 15.4366 0.092
56155.526188 0.798182760089 15.45 0.069
54177.77686 0.800394647221 15.0732 0.139
56375.773718 0.801710137994 15.4572 0.073
54534.777575 0.807359181362 15.48 0.094
54756.399082 0.809678752499 15.4045 0.088
54177.78072 0.811628705639 15.5309 0.1
54703.485787 0.811998323609 15.48 0.084
54209.736119 0.813913352228 15.4852 0.096
55032.654398 0.817024546116 15.4759 0.089
54534.78162 0.81913165967 15.4625 0.093
54177.784592 0.822897688582 15.523 0.1
55338.804998 0.830941972879 15.5117 0.09
54534.785782 0.831244652171 15.5269 0.094
54756.406597 0.831550241849 15.4396 0.088
56375.784046 0.831768520184 15.4909 0.074
56155.538233 0.833238260982 15.4536 0.069
54177.788477 0.834204506428 15.6616 0.127
55032.662093 0.839419903482 15.4845 0.089
54209.746591 0.844390828819 15.548 0.098
56123.587593 0.844804102452 15.569 0.066
55043.659657 0.846486300835 15.5751 0.093
54756.414068 0.853293674573 15.4554 0.089
55032.669773 0.861771605187 15.5855 0.092
55043.667014 0.867897950502 15.574 0.093
54756.421539 0.875037107318 15.4691 0.09
54209.757275 0.875485305506 15.5267 0.098
56123.598853 0.877574956783 15.6194 0.066
55338.821244 0.878223971026 15.5495 0.097
55043.674365 0.889292137895 15.6179 0.094
55659.746091 0.890782251348 15.6253 0.082
54755.402746 0.909964551591 15.436 0.078
56123.610192 0.910575730935 15.6416 0.067
55043.681722 0.910703787562 15.6196 0.094
55735.690013 0.916288802604 15.5895 0.076
55043.689068 0.932083423062 15.6101 0.094
54755.412223 0.937546202239 15.3668 0.079
56123.621529 0.943570684329 15.645 0.067
55735.699808 0.944795953397 15.6645 0.078
55735.709738 0.973696005202 15.66 0.078
56184.451229 0.9809806809 15.6387 0.071
55659.78223 0.995960395563 15.6378 0.082
54376.443812 0.996286357882 15.6665 0.1
