54998.571096 0.00840438986377 15.1043 0.072
53772.631935 0.0135296397481 15.0099 0.082
53772.643257 0.0327761005306 15.0474 0.082
54462.688477 0.0524067425552 15.1722 0.104
53832.662899 0.0611885140036 15.1371 0.077
54462.696885 0.0666996450517 15.1217 0.095
53832.67262 0.0777134075801 15.1844 0.078
54462.70533 0.0810554444879 15.218 0.096
53554.432 0.091741123033 15.2664 0.085
53832.682493 0.0944966885606 15.3368 0.081
54462.713837 0.0955166387916 15.2994 0.106
53554.437835 0.101660138979 15.3699 0.088
53832.69241 0.111354765892 15.3597 0.081
54690.382341 0.113086981348 15.3044 0.08
54690.388872 0.124189139574 15.3829 0.082
54690.40217 0.146794636422 15.4212 0.075
53805.674958 0.183927624336 15.3611 0.082
56358.748172 0.196598805976 15.3722 0.072
53805.683474 0.198404117874 15.2607 0.081
55248.696315 0.200527314267 15.3572 0.085
54300.417306 0.204877401986 15.2334 0.075
53805.69197 0.212846613084 15.2094 0.079
56358.759654 0.216117253479 15.3086 0.072
54300.423943 0.216159751405 15.1972 0.076
54525.729296 0.216569431406 15.1427 0.08
53805.700462 0.227282308623 15.1381 0.078
54300.430498 0.227302707629 15.1345 0.074
53943.355844 0.230012375391 15.1003 0.083
56358.771148 0.235656099981 15.2217 0.07
54525.74079 0.236108277921 15.0923 0.079
53943.360973 0.238731249918 15.0964 0.081
55030.474307 0.241216528626 15.0671 0.08
55307.54794 0.243407721696 15.1751 0.07
54673.401019 0.246248283078 15.1202 0.076
53943.366089 0.247428025516 15.0729 0.08
55030.481928 0.254171596426 15.0951 0.081
54300.446474 0.254460582316 15.034 0.072
54525.752214 0.255528130226 15.0511 0.078
53943.37122 0.256150299865 15.057 0.08
54673.408743 0.259378442331 15.0567 0.075
55218.732806 0.265047665672 15.1651 0.08
55030.48951 0.267060367452 15.1171 0.082
54905.778143 0.268082017602 15.0532 0.087
54673.416478 0.272527300665 15.0564 0.075
54525.763589 0.274864686605 15.0092 0.078
54187.51243 0.275954333431 15.1234 0.084
56096.429811 0.277145975278 15.1457 0.068
53900.441568 0.279303170007 15.0585 0.079
55030.49712 0.279996736158 15.0717 0.081
54905.786975 0.283095684934 15.043 0.087
54673.424221 0.28568975834 15.055 0.076
54187.521838 0.291947152978 15.0871 0.083
53900.450069 0.293754164793 15.011 0.078
56096.440393 0.29513449743 15.0785 0.074
54905.795704 0.297934260801 15.0276 0.087
54187.531193 0.307849876929 15.1074 0.083
53900.458601 0.308257857013 15.0588 0.079
54905.804425 0.312759237351 15.0784 0.088
56096.451037 0.31322841445 15.0875 0.066
53900.467099 0.322703752058 15.0392 0.079
54187.540573 0.323795098795 15.0536 0.082
53821.640778 0.324497164538 14.9665 0.074
54643.447502 0.327754205598 14.9765 0.067
56096.461628 0.331232235861 15.0285 0.067
53884.590517 0.333831409021 14.9895 0.069
54600.5101 0.337732718641 14.9969 0.067
53821.649321 0.339019555839 14.9772 0.074
53877.5353 0.340547781272 14.9874 0.068
54643.458289 0.346091210751 14.9873 0.067
53884.601383 0.352302707628 14.9563 0.069
53821.65782 0.353467150802 15.0083 0.075
54600.521257 0.356698693103 14.9742 0.067
53877.546176 0.359036079044 15.0077 0.069
54643.469067 0.364412916645 15.0086 0.068
53821.666352 0.367970843022 14.9855 0.074
55657.639523 0.370056641231 15.068 0.072
53884.612222 0.370728108473 14.9513 0.069
54831.719142 0.373923952513 14.9912 0.074
54600.532369 0.375588171297 15.0163 0.068
53877.557036 0.377497178133 14.9935 0.069
54643.479885 0.382802619232 14.9934 0.068
54831.726992 0.387268301311 14.9786 0.074
53884.62305 0.389134810223 14.9773 0.069
54950.558972 0.391776481304 14.9467 0.064
54600.543386 0.394316157366 15.0101 0.068
53877.568 0.396135068606 15.0021 0.069
54831.734868 0.400656847944 14.9995 0.074
55762.370487 0.404007384438 15.0479 0.072
54950.572006 0.413933200062 14.9686 0.064
54831.742895 0.414302082062 15.0177 0.074
55762.37929 0.418971754172 15.0313 0.115
53854.643704 0.426733575403 14.996 0.075
55762.388146 0.434026219515 15.1175 0.072
54950.58511 0.436208913004 14.9987 0.065
55657.678899 0.436992574759 15.077 0.073
53854.655068 0.446051432689 14.9518 0.075
55762.396988 0.449056886023 15.1398 0.073
56367.723808 0.454435423554 15.1306 0.061
54950.598166 0.458403029936 14.996 0.065
54976.482251 0.459200291027 14.9844 0.076
54623.524322 0.460000951948 15.0131 0.067
53854.666382 0.46528429413 15.0014 0.075
54976.487377 0.467914065788 14.9774 0.075
54623.530791 0.470997715306 15.0226 0.067
54976.492483 0.476593842222 14.9998 0.076
56367.738828 0.479968177554 15.1581 0.061
53863.499241 0.480411855896 15.0338 0.075
54623.537244 0.481967279994 15.0383 0.068
53854.677704 0.4845307549 15.0379 0.076
54976.497567 0.485236220468 15.0054 0.076
54227.640107 0.489676403789 15.0299 0.083
56145.382282 0.49228577645 15.0933 0.068
54623.543702 0.49294534427 14.964 0.067
54154.697497 0.493290427427 15.0265 0.074
53863.509416 0.497708511825 14.9687 0.074
54227.646906 0.501234139776 14.9909 0.082
56145.388264 0.502454680212 15.0799 0.068
56367.754016 0.505786517615 15.1748 0.061
56145.394308 0.512728978829 15.0959 0.068
54227.653732 0.512837773513 15.038 0.084
53863.518653 0.513410645558 15.0669 0.076
54154.712853 0.519394353549 15.0469 0.074
56145.40032 0.522948880094 15.1116 0.068
54227.660585 0.524487305014 15.0898 0.085
53863.527778 0.528922388592 15.1005 0.076
56367.769107 0.531439965728 15.1875 0.062
53599.399775 0.533228278455 15.0847 0.083
54266.496407 0.54216304244 15.0999 0.081
54154.727204 0.543789863058 15.1104 0.075
55686.567363 0.544984904738 15.1286 0.067
53599.407539 0.546426434388 15.0221 0.081
54266.505823 0.558169461328 15.1227 0.081
53599.415595 0.560120966093 15.0857 0.083
54154.74106 0.567343913616 15.1084 0.075
55732.46531 0.567687296858 15.1548 0.073
53599.423683 0.573869895149 15.1457 0.085
54266.515201 0.574111283371 15.1501 0.082
54233.573137 0.575335223639 15.1711 0.086
55359.511491 0.577133735868 15.2099 0.065
55732.475931 0.585742115785 15.2748 0.207
54593.598598 0.588752668863 15.1977 0.069
54266.524734 0.590316592547 15.2071 0.083
54890.673352 0.591190349906 15.1718 0.078
54233.58252 0.59128554527 15.2194 0.087
55732.486542 0.603779935536 15.3027 0.075
54890.680952 0.604109719448 15.1994 0.079
54233.59195 0.607315762992 15.3045 0.089
54593.610645 0.609231569499 15.2357 0.07
55686.605964 0.610603402556 15.2754 0.069
54890.688515 0.616966192051 15.2318 0.079
53847.699119 0.621515170053 15.2482 0.063
55732.497171 0.621848353803 15.3418 0.076
54233.601429 0.623429276653 15.2779 0.088
54867.751298 0.62560007072 15.2798 0.072
54593.6227 0.629724069464 15.3247 0.071
54890.696116 0.629887261499 15.2613 0.08
54867.755918 0.633453687463 15.2849 0.072
55270.720917 0.640523642443 15.3369 0.076
54867.760691 0.641567391515 15.2617 0.072
54867.765369 0.649519603443 15.2759 0.072
54593.634639 0.650019379059 15.3179 0.071
53847.716994 0.651901187224 15.2472 0.063
56386.666779 0.65591469136 15.3837 0.068
55359.559416 0.658602260202 15.3224 0.065
56386.679609 0.677724627035 15.3436 0.067
53847.73488 0.682305903477 15.1964 0.063
55385.459062 0.685851930427 15.0826 0.077
54325.408775 0.688301510891 15.2698 0.076
54325.413805 0.69685209361 15.2565 0.084
56386.692437 0.699531162874 15.2775 0.067
54325.422498 0.71162947248 15.2368 0.084
53847.752809 0.712783716149 15.0849 0.062
56386.705186 0.721203405271 15.2102 0.066
55385.480751 0.722721431197 15.1039 0.074
54325.43106 0.726184162216 15.1671 0.083
54206.603378 0.728982225666 15.1092 0.083
54325.439666 0.74081364829 15.1018 0.082
56399.660926 0.744886649525 15.1866 0.065
54206.613649 0.746442073624 15.059 0.082
56412.607337 0.752711367686 15.2281 0.07
54170.734476 0.754824364566 15.024 0.081
54962.538119 0.755332639761 15.143 0.063
54206.624126 0.7642521045 15.0606 0.082
56399.673652 0.766519793829 15.1812 0.065
56412.620007 0.774249316628 15.1715 0.069
54206.634366 0.781659255024 15.0437 0.082
54962.556055 0.785822351869 15.091 0.063
56399.686586 0.788506520886 15.1808 0.065
56412.632502 0.795489780098 15.2182 0.07
53872.508599 0.795573076034 15.0661 0.076
55646.71362 0.79692790992 15.0783 0.063
54170.762364 0.802231651097 14.9948 0.082
54936.68454 0.806393048021 15.1288 0.076
54503.723497 0.808536643409 15.0599 0.08
56399.699341 0.810188962776 15.1489 0.065
53872.517822 0.811251410932 15.0769 0.077
54962.573708 0.815830987452 15.0943 0.062
56412.645117 0.816934233608 15.1336 0.069
54170.774537 0.822924741267 15.0623 0.082
55414.364763 0.823145730483 15.0722 0.07
54936.694709 0.823679504444 15.0866 0.076
54503.732729 0.824230277566 15.0497 0.08
53872.526987 0.826831150634 15.0478 0.076
53578.397314 0.830786857603 15.0412 0.076
54196.66819 0.839986808637 15.0091 0.083
54936.704888 0.84098296003 15.1371 0.077
54170.785451 0.841477635896 15.0226 0.082
54503.743315 0.842225599389 15.0226 0.081
53872.536198 0.842489086534 15.0338 0.076
54962.591451 0.845992615559 15.067 0.062
55646.743515 0.847746929952 15.2011 0.066
53578.408807 0.850324004187 15.0089 0.075
55325.555225 0.85429841023 15.0523 0.072
53733.713416 0.855275862534 15.0335 0.082
54196.678444 0.857417758008 14.9922 0.082
54503.752577 0.85797023105 15.0503 0.081
54936.715173 0.858466606823 15.1165 0.077
55414.38653 0.86014782479 15.0613 0.07
56474.438755 0.86099268356 15.0878 0.064
53733.721146 0.868416221293 14.9294 0.08
53578.420277 0.869822052678 15.0358 0.076
54196.688849 0.875105394852 15.0127 0.083
56474.450044 0.880183047061 15.0693 0.064
53733.728853 0.881517481946 15.0042 0.081
54196.699238 0.892765833028 14.9839 0.082
54096.694495 0.892998721667 15.002 0.085
53578.434545 0.894076469061 14.9912 0.075
53733.736612 0.894707138291 14.9886 0.08
54536.718715 0.897670093703 15.0093 0.078
56474.461333 0.899373410575 15.0718 0.064
54919.682776 0.904804645534 15.0598 0.069
54096.703058 0.907555111308 14.9936 0.084
54536.729042 0.91522513701 14.9785 0.078
56474.47263 0.918577373417 15.0994 0.064
55325.594885 0.921717120201 15.0044 0.071
54096.711638 0.922140399548 14.9629 0.083
53885.526324 0.924625678263 14.9756 0.069
54919.695318 0.926125005095 15.0842 0.069
55675.614588 0.926176002604 15.0353 0.067
56441.53687 0.930517590746 15.1081 0.065
54536.739458 0.932931472937 15.015 0.079
54096.720202 0.936698489107 14.9924 0.083
53885.537221 0.943149674292 14.9783 0.069
54919.707991 0.947668053803 15.078 0.069
56441.548458 0.950216229442 15.1144 0.065
54536.749847 0.950591911112 14.9991 0.078
54998.538883 0.953644962126 15.0538 0.071
55797.402184 0.95498619667 15.0208 0.069
53885.548166 0.961755266342 15.0061 0.069
55797.407429 0.963902261566 15.0426 0.069
54919.720611 0.969121006888 15.0929 0.069
56441.559928 0.969714277946 15.134 0.065
54998.549663 0.971970067856 15.0465 0.071
55797.41272 0.972896522649 15.0729 0.07
53772.609486 0.975368202032 15.0083 0.082
53885.559035 0.980231664691 14.9978 0.069
55797.418014 0.981895883484 15.0781 0.07
56441.57133 0.989096732076 15.2707 0.074
54998.560359 0.990152380567 15.0625 0.071
53772.620814 0.994624862308 14.9766 0.081
55675.657428 0.999000448774 15.09 0.068
