55591.678647 0.00331749050098 15.6886 0.072
55127.748646 0.00965145754584 15.7343 0.092
55205.701849 0.00966096324072 15.5712 0.081
56064.450687 0.0135836501848 15.6291 0.073
54137.715306 0.0218821292765 15.6001 0.099
55304.488801 0.0228168567838 15.6709 0.084
54882.532097 0.0243884664272 15.6704 0.079
55127.753714 0.025709759189 15.7621 0.092
55267.56462 0.0260456273727 15.6699 0.077
54905.57349 0.0326045627501 15.6043 0.078
55127.758885 0.0420944233345 15.6481 0.094
56064.461339 0.0473352344829 15.616 0.073
54137.723865 0.049001901145 15.4935 0.096
54912.523228 0.053320659061 15.5836 0.077
54905.584243 0.0666761723668 15.5718 0.077
54882.548366 0.0759378960842 15.5548 0.077
54137.732434 0.0761533586792 15.4963 0.096
53882.413874 0.0819835234457 15.6624 0.132
55591.703512 0.0821039290289 15.5993 0.071
54912.533933 0.0872401774406 15.5643 0.077
53876.419882 0.0896134347382 15.582 0.087
53882.422398 0.108992395449 15.3732 0.093
53876.428385 0.116555766796 15.5708 0.087
54998.387215 0.119185678086 15.5986 0.079
54912.544635 0.121150190114 15.5848 0.077
54882.563355 0.123431558935 15.577 0.078
53858.444808 0.134372623579 15.5802 0.087
53882.430943 0.136067807354 15.6048 0.088
54998.393671 0.139641951836 15.5668 0.079
53876.436904 0.143548795955 15.5877 0.087
54912.555332 0.155044359965 15.6002 0.078
54998.400116 0.160063371351 15.6169 0.08
53858.453496 0.161901140695 15.6355 0.088
53882.439442 0.162997465159 15.6205 0.088
54882.577355 0.167791508247 15.6705 0.079
53876.445423 0.170541825091 15.6318 0.088
54998.406547 0.180440430926 15.607 0.08
53858.462179 0.189413814966 15.6537 0.088
54919.516908 0.213269961975 15.6422 0.088
53858.470823 0.216802915097 15.7122 0.09
54919.525294 0.239841571611 15.7211 0.091
54226.473172 0.257198986057 15.8276 0.09
54600.460023 0.259895437266 15.8686 0.082
54196.492496 0.261394169836 15.806 0.103
54919.533699 0.266473384034 15.8519 0.093
53821.562085 0.268963878324 15.8331 0.093
55648.570932 0.270380228149 15.7888 0.078
54792.666722 0.279854245891 15.9003 0.089
56422.427701 0.288025982262 16.0341 0.083
54196.500955 0.288197084932 16.0542 0.113
54919.542103 0.293102027887 15.9655 0.097
53821.570168 0.294575411913 16.0299 0.098
54600.472389 0.29907794678 15.9251 0.083
54226.48719 0.301615969586 15.9796 0.095
54944.477278 0.301894803549 15.9911 0.085
54792.675274 0.306951837777 16.0531 0.092
56422.435924 0.314081115333 16.1722 0.086
54196.509447 0.315104562732 16.1635 0.118
53821.578266 0.320234474012 16.0989 0.101
54835.602849 0.325884030431 16.1731 0.103
55648.590049 0.33095373891 16.063 0.084
54600.483283 0.33359632447 16.3188 0.093
54792.683839 0.334090621036 16.1552 0.095
54944.487958 0.335735107729 16.216 0.091
56422.444204 0.340316856784 16.1831 0.086
54196.517935 0.341999366302 16.1494 0.118
53821.58635 0.34584917617 16.1611 0.103
54226.50121 0.346039290252 16.3157 0.106
54835.61169 0.353897338401 16.1355 0.101
53761.626435 0.358792775665 16.1711 0.118
56422.452712 0.367275031685 16.1101 0.085
54600.494175 0.368108365023 16.2688 0.092
54944.498649 0.369610266168 16.1464 0.089
54208.521793 0.377037389104 16.1923 0.119
54835.620648 0.382281368815 16.13 0.101
53761.636014 0.389144486707 16.0622 0.114
54226.515202 0.390373891013 16.1829 0.102
54944.509347 0.403507604565 16.0724 0.087
54208.530421 0.404375792156 16.0403 0.113
54394.734728 0.405348542473 16.0897 0.117
54466.69243 0.408206590634 16.0217 0.109
54835.629702 0.410969581748 16.1713 0.115
54792.710276 0.41785804816 16.0512 0.091
53761.645474 0.419119138145 15.8832 0.107
54208.539114 0.431920152093 15.8572 0.106
54394.744486 0.436267427138 16.0157 0.113
54466.701727 0.437664765529 15.834 0.102
53761.654797 0.448659695831 15.798 0.151
54154.577527 0.450972750325 15.832 0.09
55253.496925 0.451600126746 15.7773 0.085
54063.686868 0.457756653988 15.9024 0.094
54208.547741 0.459255386577 15.8259 0.105
54466.71048 0.465399239553 15.7446 0.099
54394.754276 0.46728770596 15.7843 0.103
55928.57047 0.467902408112 15.6465 0.082
54154.588695 0.486359315589 15.7267 0.087
54590.433872 0.491356147031 15.7327 0.079
54466.719237 0.493146387829 15.6516 0.096
54394.764012 0.498136882133 15.7187 0.1
54063.700572 0.501178707234 15.7588 0.09
55928.582343 0.505522813699 15.6203 0.081
53690.665002 0.512680608374 15.5717 0.096
54154.599582 0.520855513321 15.6806 0.086
54590.44326 0.521102661602 15.6523 0.077
53731.697953 0.528368187592 15.6099 0.097
53690.671438 0.53307351077 15.7149 0.1
55928.594405 0.543742078596 15.6024 0.08
54535.536169 0.544261723702 15.6167 0.093
54063.714387 0.544952471487 15.7206 0.089
54590.452613 0.550738276308 15.6333 0.077
55676.432917 0.552968948035 15.599 0.08
53690.677873 0.55346324462 15.5666 0.095
54154.610602 0.555773130552 15.6554 0.086
55737.345062 0.557230671742 15.5882 0.08
53731.707878 0.559816223075 15.6212 0.097
55737.348593 0.568418884677 15.6071 0.08
54535.544839 0.571733206601 15.5559 0.091
54247.402579 0.573444233216 15.6031 0.097
53690.684267 0.573723067168 15.5436 0.094
55357.368242 0.574911280096 15.5731 0.079
55737.352132 0.579632446139 15.629 0.081
54590.461991 0.58045310519 15.6 0.076
55253.537675 0.580719264896 15.557 0.08
55928.606408 0.581774397976 15.5605 0.08
54063.728112 0.588441064634 15.6799 0.087
55737.355664 0.590823827642 15.5749 0.08
53731.717803 0.591264258558 15.5932 0.096
53850.383878 0.59276932827 15.5846 0.082
54535.553534 0.599283903676 15.561 0.092
54247.413268 0.607313054493 15.6597 0.099
53731.727458 0.621856780743 15.5908 0.096
54535.562099 0.626422686958 15.5637 0.091
53850.394905 0.627709125483 15.6367 0.087
54247.42405 0.641476552607 15.5961 0.097
55922.629972 0.645031685691 15.6069 0.08
53850.406285 0.663767427119 15.6126 0.081
55676.468552 0.66588086185 15.611 0.08
54492.654153 0.669686311802 15.6379 0.097
53892.383769 0.672271863122 15.657 0.089
54247.434726 0.675304182512 15.6195 0.098
55922.64221 0.683808618503 15.6488 0.082
54865.698807 0.686967680615 15.5961 0.086
53892.391264 0.696020278832 15.6732 0.09
56277.696814 0.698396704703 15.5694 0.076
53850.417568 0.699518377689 15.6302 0.096
53849.471663 0.702354245875 15.674 0.079
54492.664638 0.702908745258 15.6299 0.101
55162.685673 0.709990494301 15.7349 0.091
54865.706478 0.711273764263 15.6007 0.086
53892.398748 0.719733840307 15.7455 0.092
55922.654465 0.722639416987 15.6566 0.186
54185.59476 0.731178707229 15.7367 0.101
55327.43642 0.733903675538 15.6551 0.082
54865.714195 0.735725602034 15.6821 0.089
54492.675149 0.736213561482 15.7705 0.103
55162.694043 0.736511406859 15.701 0.09
56277.709832 0.739645120412 15.6423 0.077
53849.483725 0.740573510772 15.734 0.08
53892.406223 0.743418884663 15.738 0.092
54965.446639 0.744737008882 15.7068 0.09
56357.559634 0.74915716096 15.8385 0.081
53714.725752 0.750798479087 15.7114 0.087
54125.639474 0.758789607112 15.8105 0.087
54865.721749 0.759660963239 15.7892 0.092
55162.702517 0.763361850442 15.7745 0.092
53714.730268 0.765107731308 15.7793 0.088
54965.45418 0.768631178714 15.7484 0.091
54492.685625 0.769407477819 15.8838 0.109
54185.607883 0.772759822555 15.8199 0.091
56277.72094 0.774841571612 16.1104 0.108
53849.49581 0.778865652731 15.8934 0.083
53714.734718 0.779207858052 15.8264 0.09
56357.569196 0.779455006332 15.9302 0.082
53813.519798 0.786432192657 15.9857 0.085
55162.711216 0.790925221815 15.8629 0.094
55690.394442 0.791007604558 15.924 0.079
56093.416019 0.79220215462 15.8642 0.085
54965.461684 0.792408111544 15.8267 0.093
53714.739149 0.79324778201 15.923 0.092
54616.409067 0.795522813694 15.8873 0.075
54236.426881 0.796200887202 15.82 0.105
54125.654004 0.804828897354 15.9786 0.092
56093.421342 0.809068441074 15.9548 0.088
56277.731749 0.80909062104 15.9479 0.084
56357.578686 0.809524714836 16.0674 0.086
54185.620988 0.814283903688 16.0611 0.099
54965.469193 0.816200887195 15.9983 0.099
54616.415628 0.816311787085 15.9142 0.075
53849.507848 0.817008871998 16.0281 0.087
55518.717043 0.819527883392 15.9215 0.1
56093.426719 0.826105830178 15.9901 0.089
54236.437448 0.829683143214 16.0109 0.113
53813.534053 0.831600126757 16.1013 0.088
55296.539426 0.834683143233 16.0928 0.096
54291.353896 0.836172370095 15.9767 0.105
54616.422207 0.837157794692 16.042 0.078
56357.588421 0.840370722439 16.1015 0.086
56093.432052 0.843003802275 16.0559 0.09
55327.471731 0.845788973382 16.0586 0.093
54291.358138 0.849613434742 16.032 0.107
54125.668404 0.850456273757 16.1085 0.095
55205.6522 0.852344740172 16.009 0.09
54185.634095 0.855814321935 16.0919 0.1
54616.428783 0.857994296592 16.0558 0.078
54291.362372 0.863029150839 16.0549 0.108
54236.448045 0.86326045627 16.026 0.113
54174.591657 0.867100760452 16.1067 0.097
55518.734349 0.874363117871 16.0878 0.105
54291.36663 0.876520912542 16.0953 0.11
53813.54829 0.876711026617 16.0076 0.086
54125.682127 0.893938529789 15.9461 0.091
54174.600422 0.894873257302 15.964 0.093
54236.458625 0.896783903678 15.9701 0.112
54525.548833 0.898710392909 15.9481 0.103
54801.699529 0.900915716094 16.0846 0.202
55560.719804 0.908124207864 15.9364 0.088
54936.466751 0.919996831437 15.9379 0.094
53813.562539 0.921859949303 15.843 0.082
54801.706279 0.922303548795 15.9969 0.116
54174.609194 0.922667934089 15.8576 0.09
55690.436711 0.924939797223 15.7806 0.076
54525.557816 0.927173637522 15.8026 0.098
54114.646866 0.927965779481 15.8255 0.106
54893.550035 0.935472116609 15.7277 0.096
54893.552334 0.942756653997 16.0773 0.112
54801.713136 0.944030418251 15.1444 0.257
56064.429486 0.946406844114 15.8075 0.076
54936.47517 0.9466730038 15.8212 0.091
54893.554555 0.949794043105 15.8386 0.133
54174.61799 0.950538656528 15.726 0.087
54114.654548 0.952306717364 15.8016 0.104
54525.56665 0.955164765533 15.7369 0.096
54893.556703 0.956600126754 15.7053 0.113
55237.560932 0.957325728776 15.7695 0.084
54905.552033 0.9646166033 15.6982 0.08
54936.483552 0.973231939161 15.7327 0.089
55560.741009 0.97531368821 15.6437 0.081
54114.661831 0.975383396702 15.6804 0.1
56064.440081 0.979977820032 15.6808 0.074
54525.575403 0.982899239556 15.698 0.095
54801.726149 0.985262991139 15.7751 0.095
55127.743593 0.993640684413 15.6883 0.09
54137.70667 0.994518377696 15.6275 0.1
54114.66887 0.997686945509 15.7007 0.101
54905.562791 0.998704055761 15.6143 0.078
54936.491945 0.99982572878 15.6619 0.087
