54536.755466 0.00227488021185 17.9097 0.238
54300.444234 0.0117823582755 18.0947 0.241
54964.554008 0.0150944178954 17.8559 0.219
55030.50215 0.0152811101957 17.8638 0.241
54525.768654 0.01795703311 17.8791 0.23
53877.569073 0.0203944047564 17.9173 0.176
55732.505478 0.0266416821617 18.1363 0.331
56443.473798 0.0323530835292 18.1086 0.181
54300.450788 0.0344412714483 18.2571 0.261
54964.564347 0.0508390781513 17.9491 0.229
56443.483793 0.0669084447108 18.0272 0.175
54623.552068 0.0811074310333 18.1883 0.189
54845.694244 0.0854220974459 17.9149 0.181
54917.719477 0.0957212891385 17.8845 0.15
54623.558533 0.103458647665 18.1215 0.184
55325.559908 0.108067181577 18.0213 0.202
54917.724689 0.11374055303 17.9196 0.152
54845.705504 0.124350898533 18.2172 0.207
54623.564982 0.125754548042 18.0066 0.174
54917.729908 0.131784017758 17.9304 0.153
54906.741338 0.14138829923 18.2527 0.208
55414.369525 0.146425533979 17.9728 0.185
54623.571437 0.148071191989 18.0229 0.176
54154.703725 0.148257884288 18.1946 0.237
54917.735125 0.149820567955 18.0784 0.164
55690.603033 0.158795627247 18.0987 0.18
54845.71686 0.163611597048 18.6276 0.253
54690.392112 0.164835468773 18.3283 0.211
56367.731319 0.170550327396 18.4205 0.149
54906.750059 0.171539105113 18.1283 0.196
54690.398811 0.187995685328 17.9076 0.173
54154.718887 0.200676932446 18.5635 0.288
54906.758806 0.201779799885 18.7128 0.263
54845.728148 0.202637201556 18.3766 0.223
54690.405394 0.210754859188 18.5602 0.239
53900.475863 0.215232017034 18.5174 0.322
56367.746423 0.22276885418 18.6568 0.166
54906.767511 0.231875289538 18.6974 0.261
55325.599669 0.245531485318 18.545 0.261
54154.732721 0.248504732995 18.6265 0.298
54130.731382 0.269521445405 18.6994 0.39
56096.447492 0.270537881245 18.5181 0.227
53900.492965 0.274358158789 18.7801 0.373
56367.76154 0.275032325422 18.5704 0.161
55385.485624 0.287132752053 18.8033 0.338
53772.650369 0.288657405814 18.5059 0.355
54130.737649 0.29118812361 18.4339 0.336
54154.746532 0.296253016452 18.3225 0.253
55762.376333 0.298095738574 18.2971 0.307
53900.501535 0.303986917719 17.9646 0.241
56096.458093 0.307188344871 18.4015 0.242
53884.594836 0.310317169454 18.1616 0.203
54130.743901 0.312802942827 18.4197 0.333
55690.650071 0.321418446567 18.059 0.179
56367.776672 0.327347655627 18.0209 0.126
55762.385194 0.328730561535 18.4371 0.284
53772.662715 0.331340796409 18.1492 0.291
56096.468681 0.343793864039 18.2866 0.305
56058.578344 0.346867372412 18.0923 0.171
53884.605683 0.34781812022 17.9736 0.186
54325.41732 0.350352295278 18.5802 0.344
55762.394026 0.359265123809 18.0832 0.207
53610.40461 0.362113909949 18.2896 0.368
54976.513641 0.362712016751 18.1556 0.251
54476.697096 0.36458931153 18.3825 0.343
53772.67492 0.373536712684 17.8919 0.252
54325.425901 0.380019084107 17.7889 0.227
53863.500103 0.380240349038 18.0897 0.236
53884.616522 0.385291412832 18.0045 0.189
54976.520367 0.385965579461 17.9194 0.222
54476.703987 0.388413322916 18.0326 0.284
53610.412363 0.388918083578 17.9914 0.316
55762.402904 0.389958720265 17.9646 0.194
56058.592307 0.395141160114 18.0648 0.168
55797.405674 0.403801608323 18.2225 0.202
54976.527154 0.409430035342 17.9202 0.223
54325.434511 0.409786133599 17.6717 0.216
54476.710873 0.412220047997 17.9315 0.263
54201.638198 0.413156966734 18.1197 0.227
55000.535736 0.413454291494 18.0385 0.173
53772.686943 0.415103406789 18.1194 0.282
53863.510337 0.415621996498 18.0115 0.226
53610.420097 0.415656569154 17.9495 0.313
55797.410979 0.422142397819 18.0764 0.189
53884.627383 0.422840765295 18.004 0.19
54951.657537 0.428579824781 18.0362 0.186
54976.53389 0.432718170686 18.0014 0.232
54600.514572 0.4343845723 18.2109 0.194
54476.717814 0.436216922629 18.1646 0.295
56058.605073 0.439276601917 17.9451 0.159
54325.443152 0.439660358308 17.6636 0.216
55797.416246 0.440351811261 17.9393 0.178
53610.427811 0.442325909436 17.6595 0.271
55000.545504 0.447224853588 17.873 0.16
53863.519494 0.447280169819 17.8758 0.211
54951.665632 0.456566382927 17.8274 0.169
54201.651293 0.458429848648 17.971 0.212
55797.42154 0.458654570858 17.9138 0.177
53943.356684 0.465582929402 18.2931 0.294
53818.693583 0.472238164053 17.7684 0.199
54600.525741 0.472998762289 18.0682 0.18
53737.705961 0.476587403107 17.7477 0.251
54675.442091 0.478654847419 17.9876 0.23
53863.528626 0.478851911517 17.9164 0.215
55000.55529 0.481057646419 17.9869 0.17
53943.361805 0.483287582196 18.1953 0.281
56058.617809 0.483308325793 18.0402 0.167
54951.673739 0.484594428263 18.1365 0.232
56475.423781 0.491903085944 17.9945 0.145
55657.725966 0.494070790945 17.8462 0.18
54675.447178 0.496241953222 18.1099 0.239
53737.71195 0.497292961689 17.9593 0.28
53943.36693 0.501006064028 18.0276 0.256
54201.664411 0.503782247628 18.0058 0.215
53818.702832 0.504214405738 17.9013 0.213
55220.680102 0.510810866867 17.8969 0.242
54600.536763 0.511104734364 18.0774 0.181
54951.681887 0.512764221452 17.9101 0.194
54675.452252 0.513784114567 18.1023 0.238
55000.565076 0.514890439274 17.8011 0.157
53737.717926 0.517953575838 17.9084 0.271
53943.372061 0.518745289481 17.9807 0.25
55270.724457 0.527395365869 17.9272 0.193
56475.435032 0.530800771664 18.1501 0.157
54675.457322 0.53131244685 17.9504 0.221
53818.712385 0.537241655886 17.9498 0.218
53737.723885 0.538555416493 17.7472 0.249
54593.604042 0.542852796576 17.9861 0.168
56145.409499 0.545158792172 18.0686 0.175
54173.619617 0.545504518631 17.8602 0.2
53885.530645 0.545656638288 17.8837 0.176
54201.677514 0.549082787669 18.0916 0.225
54600.547789 0.549224535503 18.0489 0.18
54509.727867 0.56070956902 17.8918 0.193
53818.721748 0.56961202576 17.9299 0.216
56475.446301 0.569760688144 17.8129 0.135
56399.665126 0.574175615218 18.0169 0.146
54206.602532 0.576173914234 18.0257 0.27
54173.629286 0.578932811525 17.9533 0.21
54187.513264 0.579520546526 18.1238 0.289
53885.541614 0.583579375345 17.892 0.177
54593.616135 0.584661499194 18.0229 0.171
56145.422622 0.590528477482 18.1015 0.177
55220.705031 0.596997019828 18.6169 0.537
53852.572187 0.599541566685 18.1491 0.434
54890.676273 0.600205361515 17.9109 0.22
54509.741679 0.608461309744 18.1601 0.221
56475.457644 0.608976442202 17.796 0.135
55355.497387 0.609858044718 17.9716 0.253
54206.612804 0.611686937749 18.288 0.313
54187.522673 0.612049950557 18.0825 0.282
55657.760244 0.612578912057 18.1012 0.188
54173.639263 0.61342594192 18.0495 0.219
53914.475147 0.614463121346 18.0365 0.251
56399.677957 0.61853577923 18.0022 0.146
53885.552477 0.621135642314 18.0438 0.19
54593.628098 0.626020757419 18.0476 0.173
54890.683874 0.626484030899 17.9615 0.224
53852.580244 0.627396748776 18.4284 0.514
56145.434727 0.632378667291 17.9337 0.164
53914.483657 0.643884444371 18.0653 0.255
54187.532028 0.644392662304 18.4391 0.342
54206.623276 0.647891414221 18.2087 0.3
54266.49725 0.648071191995 17.9381 0.243
54173.649395 0.648454948382 18.2818 0.246
54509.754357 0.652292512247 18.0741 0.212
54890.691428 0.652600208811 18.2008 0.252
53852.588277 0.655168956535 18.1292 0.612
53885.56335 0.658726481943 18.1461 0.2
56399.690823 0.6630169475 18.2207 0.161
56068.505338 0.667113806248 18.0515 0.164
54593.640063 0.667386930151 18.2395 0.19
53914.492162 0.673288481091 18.2569 0.282
56145.446831 0.674225399834 18.0116 0.171
54936.687897 0.674571126318 18.4743 0.284
56411.55331 0.674775104936 18.3238 0.174
54890.699057 0.678975681591 18.1017 0.239
54266.50666 0.680604053292 18.3271 0.299
54206.633512 0.683279976213 18.2828 0.312
53872.556189 0.689527253625 18.1626 0.248
54509.766678 0.694889471244 18.1607 0.221
53914.500657 0.702657945127 18.5342 0.328
56068.51608 0.704251744192 18.4653 0.198
56399.703623 0.707269936319 18.4856 0.183
56411.56325 0.709140316542 18.4753 0.187
54936.698084 0.70979028233 18.3646 0.269
54266.516038 0.71302628213 18.3461 0.302
54096.729079 0.714557850399 18.3171 0.337
54096.730833 0.720621892786 18.3999 0.352
53872.565769 0.722647849928 18.2517 0.261
54096.732625 0.726817311203 18.1097 0.3
54096.734434 0.733071503141 18.5166 0.374
56068.526948 0.741825297491 18.5562 0.207
56411.573263 0.743757908486 18.4613 0.186
54936.708297 0.745099327205 18.2252 0.251
54266.525589 0.746046617746 18.295 0.295
55676.601572 0.752038057567 18.566 0.218
53872.575185 0.75520145482 18.6583 0.324
53854.644551 0.764252573923 18.5677 0.307
53832.663727 0.770724573542 18.5843 0.303
56411.583221 0.778185350878 18.2638 0.17
56068.53785 0.779516397807 18.2597 0.179
54869.613418 0.780339226818 18.1493 0.344
54936.718614 0.780767927636 18.3875 0.275
53872.584599 0.787748145181 18.0113 0.231
55685.579615 0.791509649232 18.2401 0.215
53854.655909 0.80352018697 18.2142 0.255
53832.673455 0.804356845024 17.8923 0.212
56386.718031 0.812640451367 18.2087 0.166
54869.625238 0.821204096167 17.9662 0.308
54233.573972 0.823582694308 18.1927 0.302
53963.420391 0.831129903263 18.0163 0.209
55962.688947 0.831835185281 18.2835 0.216
56362.718114 0.838573394282 18.1826 0.192
53832.683374 0.838649454097 18.0732 0.232
53854.667225 0.842642594874 17.8313 0.211
55307.550748 0.845633128897 18.1255 0.188
56386.728046 0.847264957842 17.9978 0.151
54233.583376 0.856094812035 18.0589 0.281
54643.446421 0.861152790358 18.054 0.18
54869.637171 0.862459636439 18.2362 0.353
55962.700152 0.870573836793 18.1606 0.204
53832.693304 0.872980093069 17.8727 0.21
53963.43285 0.87420396478 18.2319 0.235
56362.728839 0.87565255873 18.1753 0.192
53578.447786 0.878912759369 17.9737 0.224
53854.67854 0.881761545536 17.9469 0.224
56386.73806 0.881886007076 18.1864 0.165
54233.592784 0.8886207588 18.0126 0.275
54536.72429 0.894491194339 17.8779 0.233
54643.457217 0.898477420612 18.0176 0.176
54525.734437 0.899659805144 17.8354 0.224
54869.649234 0.904164621105 18.1645 0.338
53578.455335 0.905011650976 18.004 0.229
53877.53639 0.907400620927 18.0492 0.187
55962.711454 0.909647842999 17.8162 0.172
56362.739449 0.912334137724 17.8735 0.166
55685.615263 0.914754223046 18.0224 0.194
56386.748054 0.916437910992 17.9991 0.153
53963.445328 0.917343714351 18.0007 0.212
55676.649428 0.917488919454 18.1105 0.183
54233.602268 0.9214094577 17.9661 0.269
54536.734654 0.930322286218 18.0032 0.248
53578.462881 0.931100170785 17.9837 0.227
54300.421705 0.933893640707 18.0725 0.216
54643.467995 0.935739820079 17.9784 0.173
55030.479308 0.936310268772 17.8323 0.231
54525.745974 0.939546268564 17.7394 0.214
54964.533137 0.942937845287 17.8526 0.218
53877.547267 0.945005289619 17.9768 0.181
55962.722963 0.949437503024 17.8855 0.179
56362.750355 0.950039067077 17.8479 0.165
55732.48419 0.953043430168 17.8936 0.187
54300.428261 0.956559468412 18.0921 0.212
53578.470432 0.957205976924 17.8856 0.217
53554.463131 0.957610476882 17.8325 0.236
53963.457819 0.960528408353 17.9054 0.204
55030.486932 0.962668455222 17.8326 0.232
56443.454048 0.96407210471 17.9434 0.166
54536.745062 0.966305497747 17.9472 0.242
54643.47881 0.97313013836 17.9095 0.169
54525.757328 0.978800052547 17.921 0.234
54964.543615 0.979163065355 18.216 0.262
53554.469683 0.980262475548 17.9872 0.256
53877.558114 0.982506240359 17.9589 0.179
55030.494536 0.988957496379 18.032 0.259
55732.494798 0.989718094629 17.8812 0.19
56443.463984 0.998423487278 18.0655 0.181
