56063.601912 0.000362253197721 16.0644 0.084
56445.699101 0.0193343774579 16.0537 0.078
54209.746161 0.0277549889716 16.0499 0.116
54242.69035 0.0291116627568 15.9441 0.088
56063.612622 0.0383988407806 16.0723 0.084
55821.464639 0.0493268127572 16.0746 0.086
54376.443385 0.0532973921165 16.0988 0.115
54178.780674 0.0537626389026 16.0922 0.128
56445.711765 0.0643106001572 15.9742 0.077
54209.756841 0.065685031481 16.0203 0.116
54178.78421 0.0663207503435 16.1088 0.124
54773.464223 0.0736403962042 16.1477 0.114
55098.397628 0.0753131536832 16.0927 0.091
54242.70354 0.0759559755771 15.9974 0.089
56063.623325 0.0764105678403 16.0345 0.083
54178.787806 0.0790919519313 16.0428 0.12
54376.45232 0.0850300634428 16.0428 0.113
54773.467641 0.0857794304096 16.0666 0.115
54178.791381 0.0917885719755 16.1129 0.124
55821.47872 0.0993355139416 16.041 0.085
56445.724412 0.109226447326 15.8751 0.075
55098.408623 0.114361919373 16.0594 0.091
54376.461221 0.116641983708 15.9984 0.112
56242.432539 0.117710985855 15.9513 0.08
54242.716835 0.12317319609 16.0415 0.09
54773.479123 0.126557777592 16.0133 0.11
56242.441058 0.147966232295 15.9369 0.08
54376.47014 0.148317831007 15.961 0.11
54017.467149 0.148438582075 15.8911 0.105
55821.492784 0.149283839595 15.9338 0.083
56445.736468 0.152043356736 15.9724 0.076
55098.419522 0.153069740824 15.9597 0.088
55353.80544 0.156695824475 15.9281 0.107
54242.730562 0.171924665516 16.0197 0.09
54017.475293 0.177362015265 15.9651 0.107
56242.449522 0.178026146157 15.9331 0.08
56123.629487 0.188421392811 15.7946 0.069
55098.430253 0.19118090995 15.9376 0.088
55821.506844 0.199217959236 15.9724 0.084
54017.483437 0.206285448429 15.8326 0.103
56242.458031 0.20824587759 15.9039 0.08
56184.456128 0.214365115707 15.9112 0.077
55695.654716 0.235120094023 15.9161 0.09
54017.491586 0.235226639084 15.8554 0.104
56123.643532 0.238302239928 15.7844 0.069
53691.435597 0.246694439414 15.8189 0.107
56184.467398 0.254390544472 15.8519 0.075
53691.443268 0.273938012081 15.8593 0.109
54296.539859 0.275756381139 15.902 0.083
55695.666528 0.277070436936 15.8877 0.088
53805.764016 0.284315501234 15.8751 0.102
54186.730675 0.288207947537 15.9031 0.111
56123.657704 0.288634127784 15.7487 0.069
56184.478749 0.294703644902 15.8532 0.076
53691.450925 0.301131863702 15.8383 0.109
55007.514409 0.30336931005 15.8715 0.101
53805.769973 0.305471799295 15.8991 0.102
54296.548267 0.305617410867 15.9142 0.083
53920.653708 0.315298805612 15.9333 0.098
54186.738747 0.316875672566 15.9245 0.11
55662.735272 0.321645339879 15.7828 0.087
53805.775889 0.326482485745 15.8941 0.101
53691.458584 0.328332818355 15.8895 0.115
55007.52262 0.332530693858 15.8933 0.101
56184.49004 0.334803655184 15.9065 0.076
54296.557049 0.336806702394 15.9251 0.083
56123.671848 0.3388665736 15.7759 0.069
54186.746772 0.345376476965 15.9295 0.111
53805.781833 0.347592614289 15.8984 0.101
54346.400875 0.357259803021 15.9475 0.093
53920.665716 0.357945242941 15.9218 0.102
55695.69037 0.361745350173 15.9068 0.088
54675.558964 0.362906691387 15.9121 0.088
54534.774855 0.367846830818 15.9047 0.108
54730.467369 0.37022278571 15.8888 0.086
54296.566547 0.370538869412 15.9197 0.083
54186.755118 0.375017313565 16.0015 0.113
54534.778902 0.38221975983 15.8858 0.107
54346.409822 0.389035092387 15.9925 0.094
55007.538962 0.390569341287 15.9881 0.105
54534.782996 0.396759609472 15.9421 0.108
53860.702547 0.398624148076 15.9565 0.073
53920.677722 0.400584577238 15.9705 0.108
54675.570257 0.403013804676 15.8711 0.088
56380.764936 0.405510510658 15.9655 0.078
56155.508447 0.406615027815 15.8673 0.075
54534.787128 0.411434416188 15.9459 0.108
54591.664499 0.411537409732 15.9664 0.08
54730.479172 0.412141165093 15.9271 0.086
54346.418847 0.421087398908 16.0746 0.096
54792.427826 0.422916422487 15.9653 0.111
54792.431221 0.434973772142 16.0314 0.114
55662.767331 0.43550294597 15.8563 0.089
55007.552182 0.437520199155 15.9572 0.09
54591.672552 0.440137656224 15.965 0.079
55735.696313 0.442936239873 15.9265 0.084
53920.689718 0.443188396527 16.0665 0.117
53860.716017 0.446462881461 16.1052 0.075
54792.434583 0.44691392224 16.0371 0.115
56380.777235 0.449190435088 16.0222 0.079
56155.520504 0.449435488729 15.9286 0.076
54424.422728 0.452035188264 15.9463 0.129
54730.491014 0.454198053053 15.9505 0.087
54346.428639 0.455863707537 16.0916 0.097
54792.43794 0.458836314821 16.0776 0.118
54703.46184 0.460029619529 16.0177 0.098
54424.427218 0.467981432726 15.8468 0.125
54591.680551 0.468546121563 16.0086 0.08
54318.55818 0.473869823231 16.0695 0.127
55735.706172 0.477950499147 16.1178 0.088
54424.431716 0.483956089214 16.0604 0.136
54703.470733 0.491613127768 16.0618 0.1
56155.532576 0.492309222167 15.9624 0.077
56380.789396 0.492380252217 16.0513 0.079
53860.729739 0.495196593396 16.0332 0.073
54730.50281 0.496091571913 16.0267 0.089
54591.688531 0.496887108391 16.051 0.081
54424.436216 0.499937848709 16.0254 0.134
54177.781144 0.503929737073 16.0879 0.123
54318.569053 0.512485305647 16.0753 0.133
55735.716244 0.513721228393 16.0059 0.086
54029.396141 0.514278814205 16.1015 0.094
54177.78501 0.517659844219 16.0487 0.121
55324.624973 0.522205766912 15.999 0.109
54703.479531 0.522859243296 16.1055 0.101
54177.788894 0.531453878398 15.9217 0.197
56155.544643 0.535165198113 15.9866 0.077
56380.801666 0.535957183077 16.0354 0.079
54632.527337 0.535992698099 15.9643 0.079
55032.642056 0.544260594997 16.057 0.106
53860.74381 0.545169779547 16.0783 0.074
55735.726206 0.549101292378 16.0398 0.088
54029.405953 0.5491261529 16.1649 0.097
54318.580119 0.551786227969 16.1488 0.154
55113.455479 0.553302719362 16.0401 0.091
54703.488166 0.553526464017 16.069 0.1
54632.533914 0.559350927463 15.9405 0.079
56408.684074 0.560387966069 15.9859 0.071
54756.426937 0.56568325571 15.9927 0.105
55032.649704 0.571422483139 16.0392 0.105
53893.695966 0.574821270643 16.0054 0.102
55126.415979 0.582545787721 16.0264 0.089
54632.540497 0.582730465846 15.991 0.079
54029.415767 0.583980594577 16.0413 0.093
53568.485009 0.587422000137 15.9542 0.11
54318.591053 0.590618352009 15.9726 0.123
55113.466601 0.592802525818 16.0176 0.091
53604.527776 0.593384972173 15.9759 0.107
55032.657326 0.598492032196 15.9561 0.103
53893.70287 0.599340841202 15.9624 0.1
54756.437515 0.603251045011 15.9756 0.105
53580.597078 0.603460583639 15.9177 0.097
54632.547062 0.60604607717 15.9295 0.078
54675.630312 0.616299263767 15.8664 0.086
55126.425509 0.61639160282 16.0447 0.089
56408.700278 0.617936506222 15.9734 0.071
53610.447919 0.618785315233 15.8465 0.113
54029.425579 0.618827933272 16.0235 0.093
55324.652533 0.620085165011 15.9264 0.105
53893.709743 0.623750315183 15.9343 0.099
53604.536529 0.624471270103 15.9856 0.107
56375.758559 0.625352042641 15.9232 0.083
55032.665053 0.625934488971 15.9634 0.103
55113.477823 0.632657482475 15.9887 0.09
54756.448119 0.640911173372 15.9119 0.103
53580.607966 0.642129338605 15.8871 0.096
53610.455259 0.644853340717 15.8563 0.114
53893.716643 0.648255679728 15.9338 0.099
55126.435047 0.650265829918 15.9741 0.088
55032.67277 0.653341430738 15.9004 0.101
53604.545237 0.655397750462 15.9874 0.108
54029.437575 0.661431752562 15.9762 0.107
56375.76889 0.662042610909 15.8277 0.08
53610.462255 0.669699649451 15.8227 0.113
56408.715469 0.671887374763 15.9662 0.071
55113.489028 0.672452063602 15.9991 0.091
54756.458705 0.678507374674 15.839 0.1
53580.618886 0.680911741598 15.8451 0.095
55126.444596 0.684179123554 15.9178 0.087
53568.51271 0.685802160023 15.9467 0.108
53604.554273 0.68748912352 15.9509 0.106
54029.445302 0.688874209336 15.9234 0.105
53610.46923 0.694471376667 15.8068 0.112
56375.779185 0.698605325109 15.861 0.081
53621.451752 0.698921408802 15.812 0.113
55044.513596 0.706059928025 15.9153 0.082
53568.519456 0.709760593239 15.8324 0.105
54029.453047 0.716380593171 15.9414 0.106
53580.629777 0.719591151074 15.7772 0.093
56408.730691 0.725948339829 15.8644 0.069
54952.727086 0.726076193912 15.8478 0.096
53621.460719 0.730767728209 15.8049 0.112
53568.526201 0.733715474952 15.9084 0.107
56375.789469 0.735128972799 15.8575 0.08
55044.522515 0.737735775324 15.8346 0.08
54029.460794 0.743894079986 15.8892 0.104
54952.7359 0.757379133492 15.854 0.097
53568.532993 0.757837277268 15.9225 0.108
53621.46935 0.76142074289 15.7709 0.111
53835.745422 0.763342105533 15.8212 0.078
55044.531555 0.769841354395 15.8146 0.08
54262.609214 0.770999144065 15.8902 0.112
53665.398575 0.776155925135 15.7967 0.083
55467.453924 0.779526300642 15.9127 0.09
54952.745003 0.789708457194 15.8317 0.095
53621.477884 0.79172926188 15.8138 0.113
54262.61776 0.801350281094 15.8835 0.112
55044.540507 0.801634401252 15.8509 0.081
53835.759957 0.814963188677 15.8612 0.078
53665.410273 0.8177013968 15.8067 0.084
54952.754386 0.823032201461 15.769 0.093
54262.626396 0.832021053293 15.9293 0.114
54742.425156 0.838328521028 15.8818 0.098
54652.605506 0.843652222696 15.7813 0.099
53665.421969 0.859239765458 15.8021 0.084
54262.63526 0.863501567987 15.9785 0.116
53835.774578 0.866889700977 15.912 0.079
55273.758636 0.870302694509 15.9472 0.109
54742.434575 0.871780119388 15.9485 0.1
54652.614631 0.876059679419 16.1155 0.308
53665.433697 0.90089178217 15.8538 0.085
54742.444016 0.905309850795 15.9954 0.102
53835.789345 0.919334732605 15.9123 0.079
54742.453436 0.938765000658 16.0713 0.107
54209.725172 0.953212511216 15.9731 0.114
56063.589372 0.95582641678 15.9737 0.083
54209.735697 0.990592070893 16.0638 0.117
55353.759146 0.992282585897 16.0417 0.11
