56406.499899 0.0020449754765 15.4762 0.069
54895.644012 0.00527775105351 15.5272 0.076
55266.642127 0.00616991315092 15.5204 0.075
54287.417838 0.012460530583 15.5139 0.081
56406.510477 0.0205494669026 15.5381 0.07
54287.427804 0.0298944274907 15.5334 0.082
55676.526437 0.0321388274269 15.3511 0.142
56406.521092 0.0391186838103 15.5556 0.07
54287.437705 0.0472146174646 15.5648 0.083
54448.645787 0.0545478400147 15.5517 0.097
56406.531704 0.057682652704 15.5644 0.07
54448.654431 0.069669112835 15.5893 0.097
54448.663646 0.0857892573272 15.561 0.096
55660.559079 0.0998416849667 15.5563 0.074
54448.672626 0.101498307522 15.6326 0.106
54196.577967 0.102873286745 15.5118 0.096
55676.575974 0.118795756113 15.5503 0.074
54196.589403 0.122878709692 15.4756 0.095
54914.576316 0.124265934282 15.5211 0.074
54243.472681 0.137552152128 15.5232 0.085
54914.58674 0.142501027741 15.5085 0.078
54196.600876 0.142948858121 15.453 0.094
54598.467414 0.143129039881 15.5157 0.082
54866.57327 0.150740407079 15.4445 0.071
54243.484555 0.158323784878 15.5019 0.084
54598.476429 0.158899316894 15.506 0.082
55660.593249 0.159616545237 15.5073 0.073
54866.578561 0.159996151468 15.4735 0.071
54914.597135 0.160685390422 15.4478 0.079
54196.612366 0.163048745297 15.4613 0.095
54866.583845 0.169239650491 15.494 0.072
54598.485473 0.174720324685 15.4472 0.081
54866.589078 0.1783939333 15.4176 0.07
54914.607545 0.178895993148 15.4664 0.079
54243.496518 0.179251108649 15.5364 0.086
54535.608107 0.180989950063 15.4743 0.09
54598.494419 0.190369897412 15.4293 0.081
54535.616742 0.196095478841 15.4507 0.09
54243.508269 0.199807572885 15.3844 0.083
54839.734263 0.200260651283 15.4167 0.081
53813.636316 0.208706452432 15.3608 0.074
54839.739876 0.210079682327 15.415 0.082
54535.625308 0.211080303346 15.4451 0.089
56429.488768 0.21733418469 15.4501 0.069
54839.745307 0.219580333951 15.4125 0.081
55237.610586 0.2202083461 15.4168 0.077
54535.633902 0.22611410929 15.4029 0.089
53813.647176 0.227704257017 15.3733 0.074
54839.750607 0.228851822382 15.3972 0.081
56429.499251 0.235672489054 15.4067 0.069
54207.515867 0.236951254722 15.384 0.091
55032.403688 0.24409904749 15.4035 0.087
53813.658053 0.246731800336 15.4849 0.076
54207.524377 0.251838116323 15.3863 0.091
55032.408312 0.252187983807 15.3482 0.085
56429.509807 0.254138495056 15.411 0.069
55032.412926 0.260259426744 15.4156 0.087
54207.532897 0.266742471291 15.3804 0.09
55032.41755 0.268348363061 15.4118 0.087
56429.5204 0.27266922654 15.3735 0.068
54207.541417 0.281646826272 15.3541 0.09
53741.65258 0.284862108486 15.2775 0.07
55742.421281 0.304456437136 15.47 0.082
53741.668182 0.3121552712 15.4195 0.072
55655.539078 0.318165994639 15.4426 0.078
55742.429571 0.318958444497 15.4216 0.078
53903.448046 0.319728152965 15.4054 0.078
55742.437962 0.333637134948 15.4407 0.079
56464.426826 0.335787070659 15.4099 0.069
53903.458965 0.338829168456 15.3945 0.078
53741.684133 0.340058952683 15.4667 0.1
55742.446218 0.348079664829 15.345 0.111
56464.435922 0.351699043989 15.4029 0.069
55351.443985 0.353234962262 15.4429 0.092
55718.442066 0.356717893111 15.4603 0.072
53903.470048 0.358217075295 15.4595 0.08
53851.452025 0.361141967484 15.3973 0.074
56464.445082 0.367722974928 15.4328 0.07
55718.452597 0.375140165675 15.4748 0.073
53903.482315 0.379676197649 15.4644 0.08
53879.474666 0.382196992899 15.4349 0.075
56464.454257 0.383773145924 15.4289 0.07
53851.466139 0.385832116087 15.4442 0.075
55603.55984 0.388938939387 15.4526 0.079
55718.463234 0.393747868007 15.4501 0.073
53879.483724 0.398042491409 15.4502 0.076
56266.678587 0.407389201351 15.4562 0.075
55690.460513 0.407539644364 15.5063 0.072
53851.479806 0.409740310869 15.4343 0.075
55718.473845 0.412310087562 15.4838 0.074
53879.492715 0.413770784323 15.4626 0.076
54660.361253 0.416338811687 15.4779 0.077
56266.6883 0.42438051589 15.4998 0.076
53879.50174 0.429558554704 15.478 0.076
54617.495853 0.430289777754 15.4247 0.073
54660.369926 0.431510815285 15.5013 0.076
53851.493174 0.433125453746 15.4753 0.075
54617.501835 0.440754314315 15.4873 0.074
56266.697901 0.441175904632 15.4629 0.075
53938.388586 0.442522894462 15.4718 0.092
54660.378617 0.446714306967 15.499 0.076
54617.507828 0.451238093582 15.4752 0.074
53938.39371 0.451486499489 15.5307 0.094
55603.598953 0.457360774615 15.4859 0.079
56266.707624 0.458184712551 15.518 0.075
53938.398855 0.460486840615 15.5092 0.093
54617.513818 0.461716624834 15.437 0.074
54660.389455 0.465673626115 15.4805 0.076
53938.404011 0.469506424446 15.4961 0.093
54948.50703 0.480534247662 15.4703 0.084
54948.512037 0.489293180216 15.4798 0.085
55690.511546 0.496813581866 15.542 0.073
54905.643344 0.497483578095 15.4696 0.099
54948.517049 0.49806085946 15.4682 0.084
53764.64251 0.502007364714 15.5465 0.104
54948.522054 0.506816293337 15.5132 0.085
53874.401906 0.508228008647 15.5131 0.123
56092.386179 0.511154650185 15.537 0.077
54905.654124 0.516341435689 15.5017 0.1
53874.407072 0.517265085859 15.5155 0.111
55350.395176 0.518514112784 15.5016 0.094
53764.655017 0.523886328055 15.4807 0.101
53874.412197 0.526230440224 15.4688 0.098
55655.658752 0.52751620325 15.4961 0.08
56092.396636 0.529447471773 15.5267 0.077
53874.417332 0.535213287969 15.4799 0.099
54905.664917 0.535222034665 15.4885 0.099
54881.657253 0.537716589844 15.5171 0.085
54881.657253 0.537716589844 15.5171 0.085
53764.667167 0.545140777936 15.5237 0.103
56092.407344 0.548179377067 15.5482 0.078
56357.652671 0.551760270811 15.4906 0.074
54881.665732 0.552549221991 15.4356 0.233
54905.675697 0.554079892246 15.4738 0.099
54936.545587 0.555934189933 15.4742 0.083
53764.679072 0.56596664014 15.4987 0.102
56092.417984 0.566792327413 15.4959 0.077
54881.674219 0.56739584883 15.4446 0.093
54632.43715 0.567659998779 15.52 0.075
53886.440535 0.567852425903 15.4706 0.076
54095.664179 0.570605883028 15.5502 0.107
56357.664801 0.572979733931 15.5147 0.075
54936.555659 0.573553516609 15.4761 0.084
54151.688274 0.575652721539 15.5001 0.095
55350.430463 0.580242982972 15.5223 0.093
54979.433772 0.58184187739 15.4564 0.074
54881.682645 0.582135766087 15.5378 0.093
54881.682645 0.582135766087 15.5378 0.093
54095.671915 0.584138757451 15.5367 0.098
54632.447098 0.585062407615 15.5815 0.077
53886.451092 0.586320181243 15.5311 0.078
54151.695124 0.587635682988 15.4993 0.095
54478.677841 0.590744255615 15.3645 0.089
54936.565822 0.591332032994 15.4681 0.083
56357.676757 0.593894812349 15.4904 0.074
54095.679576 0.597540431572 15.5077 0.099
54151.702178 0.599975509282 15.4989 0.095
54632.457074 0.602513797903 15.5361 0.076
53886.461663 0.604812427303 15.4935 0.077
54979.447502 0.60586028043 15.4699 0.086
54936.575944 0.609038826545 15.4268 0.082
54095.687254 0.610971844415 15.4928 0.095
54478.689491 0.611124036773 15.4093 0.09
54151.709033 0.611967217422 15.483 0.095
54233.455586 0.614272844161 15.479 0.094
56357.688656 0.614710178524 15.4923 0.075
54881.703272 0.618219349426 15.4767 0.086
54881.703272 0.618219349426 15.4767 0.086
54632.467211 0.620246831524 15.5583 0.076
53886.472241 0.623316918729 15.5077 0.077
54233.464405 0.629700251035 15.5066 0.095
54979.461309 0.630013382436 15.4778 0.072
54478.701609 0.632322507863 15.4161 0.09
54881.711875 0.633268899413 15.5577 0.161
54186.596782 0.642412686203 15.4301 0.091
53724.708149 0.643334587029 15.5 0.082
54233.473223 0.645125908571 15.4579 0.093
54881.720335 0.648068294137 15.5081 0.107
54525.587061 0.650799009879 15.52 0.094
54979.475126 0.654183977821 15.3047 0.077
54963.469173 0.654371156927 15.4802 0.077
54478.714751 0.655312300472 15.4305 0.09
53858.480727 0.656713519765 15.4316 0.084
53724.716907 0.658655284321 15.4664 0.081
55212.709208 0.659295541821 15.4891 0.087
54233.482017 0.660509582006 15.4814 0.094
54186.607502 0.66116558354 15.3848 0.09
54881.729327 0.663798336389 15.5442 0.37
54525.597938 0.669826553198 15.4484 0.091
54947.473344 0.672268628261 15.4807 0.085
54963.479904 0.673143296983 15.4706 0.077
53724.725694 0.674026712391 15.5005 0.082
53858.491 0.67468446327 15.4655 0.084
54186.618212 0.67990098751 15.382 0.09
54525.607212 0.686049908609 15.4547 0.092
54979.494576 0.688208590998 15.4502 0.072
53724.73457 0.689553831494 15.4607 0.081
54947.484404 0.691616300338 15.4383 0.085
54963.490598 0.691850711544 15.4458 0.076
53858.501243 0.692602926646 15.4596 0.085
54881.746388 0.693643782424 15.43 0.098
54426.717273 0.694177330347 15.4432 0.096
54426.717273 0.694177330347 15.5036 0.099
56368.596999 0.697082979831 15.4298 0.063
54186.628927 0.698645138157 15.4469 0.092
55212.731718 0.698673127565 15.407 0.085
54525.61625 0.701860420371 15.4669 0.092
56297.717446 0.704827296673 15.4214 0.081
54426.724386 0.706620367546 15.4849 0.095
54426.724386 0.706620367546 15.4458 0.093
54881.75491 0.708551636081 15.41 0.084
54881.75491 0.708551636081 15.41 0.084
54963.50129 0.710554627442 15.4666 0.077
53858.511516 0.710573870151 15.4157 0.084
54947.495466 0.710967471078 15.4348 0.089
54426.731468 0.719009175278 15.4328 0.093
54426.731468 0.719009175278 15.4328 0.093
56297.726485 0.720639557773 15.4537 0.082
54979.515634 0.725046138787 15.4306 0.072
56368.615746 0.729877808793 15.3961 0.063
54426.738558 0.731411977716 15.3971 0.09
54426.738558 0.731411977716 15.3971 0.09
56297.735245 0.735963753741 15.358 0.08
54979.529511 0.749321694416 15.4493 0.072
56297.743122 0.749743284738 15.2987 0.079
54588.52779 0.755372652615 15.3531 0.073
54521.647704 0.759534326386 15.4026 0.079
56368.634571 0.76280908607 15.3462 0.063
54232.39774 0.763743232258 15.3756 0.109
56064.524608 0.771865405984 15.447 0.071
54588.53761 0.772551146259 15.3783 0.073
54979.543555 0.773889389395 15.3872 0.072
54232.404764 0.776030578423 15.3491 0.128
54521.658894 0.779109412317 15.3875 0.079
56387.511946 0.785707913133 15.3889 0.072
54232.411691 0.788148238863 15.4283 0.164
54588.547427 0.789724391889 15.3749 0.073
56064.536507 0.79268077216 15.4209 0.071
56368.65341 0.795764854067 15.3581 0.063
54521.670059 0.798640764811 15.4121 0.08
54232.418322 0.799748095412 15.4871 0.218
54588.557269 0.806941370958 15.3285 0.073
56387.524975 0.808500030621 15.3949 0.074
56064.548563 0.813770784317 15.4332 0.071
54493.668914 0.815189496988 15.3472 0.089
55337.422716 0.825304166056 15.4053 0.073
56387.538756 0.832607649863 15.4133 0.076
54493.679809 0.834248528379 15.3596 0.089
56064.560632 0.834883537868 15.4243 0.071
54493.690656 0.85322359157 15.395 0.09
56387.551829 0.855476738199 15.4037 0.076
54493.701506 0.872203902775 15.4081 0.091
54808.679205 0.874485038799 15.3892 0.086
55337.456492 0.884389787371 15.4651 0.074
54808.686633 0.887479117287 15.401 0.086
55649.581434 0.896236300508 15.4188 0.069
55305.453195 0.899824191598 15.3983 0.077
54808.69398 0.900331499445 15.3554 0.085
54919.593573 0.901141442683 15.4053 0.082
54138.730557 0.908233256665 15.3992 0.092
54808.701359 0.913239860408 15.4502 0.087
54919.602212 0.916253968813 15.4086 0.082
54138.739059 0.923106123562 15.5074 0.095
55392.359829 0.92885269705 15.4744 0.079
54919.61087 0.931399732353 15.4135 0.082
53821.481281 0.932197430231 15.4416 0.083
54138.747593 0.938034969262 15.4831 0.094
53691.723458 0.941979725187 15.478 0.094
54919.619469 0.946442284987 15.4744 0.084
53821.489892 0.947260974909 15.4884 0.084
54138.75612 0.952951569597 15.388 0.091
53691.729947 0.953331175824 15.4907 0.094
53821.49897 0.96314146018 15.4781 0.084
53691.73649 0.964777090689 15.4797 0.095
55325.50184 0.971669480186 15.5465 0.081
55392.386906 0.976219506868 15.5228 0.08
54895.627872 0.977043444797 15.4879 0.075
53821.508644 0.980064550561 15.5199 0.085
54895.633231 0.986418144134 15.4965 0.076
54287.407995 0.995241802177 15.5395 0.082
54895.638601 0.995812086177 15.5358 0.076
