56466.769376 0.00648282608711 13.4776 0.054
56090.791294 0.015071201577 13.5253 0.071
54734.610485 0.0234254172927 13.2079 0.057
56090.801378 0.0341136770121 13.4062 0.07
54734.617381 0.0364477210072 13.1289 0.056
56090.811504 0.0532354646349 13.1613 0.068
54734.626695 0.054036139924 13.038 0.056
54734.635925 0.0714659344928 12.9526 0.056
56090.821599 0.072298712327 12.9979 0.066
54058.405951 0.0888522961946 13.0563 0.058
54734.645174 0.0889316083634 12.8801 0.055
54058.412301 0.100843541634 13.0189 0.06
53568.576535 0.102276825938 12.794 0.057
54058.419382 0.114215196602 13.0373 0.058
54058.426725 0.128081608458 13.0523 0.058
54058.433834 0.141506138213 13.0764 0.058
55739.783827 0.177797123245 12.7145 0.053
55739.7955 0.199840242632 12.7773 0.053
54747.420247 0.213189236975 13.0811 0.054
53884.781876 0.219734379764 13.1143 0.055
54680.700745 0.221075133194 12.721 0.053
55739.80718 0.221896580719 12.8867 0.053
54747.427062 0.226058581499 13.1089 0.054
54680.70725 0.233359078328 12.7488 0.053
54747.433952 0.239069554899 13.1157 0.054
53884.793208 0.24113355983 13.1352 0.055
55739.818832 0.243900044006 12.9415 0.054
54680.713706 0.245550492601 12.7976 0.054
54747.440956 0.252295804206 13.1386 0.055
53963.702668 0.252582838742 13.0094 0.055
54977.798214 0.255511724055 13.0927 0.057
54680.720174 0.25776456749 12.8592 0.054
53884.804798 0.263019943242 13.1619 0.055
53963.719135 0.283678876346 13.0734 0.055
53884.816774 0.285635243319 13.1903 0.055
55098.561696 0.303472929061 13.1703 0.057
54617.730869 0.309698934772 13.1537 0.053
56128.546724 0.311863024109 13.1492 0.052
53963.735649 0.314863668052 13.1353 0.056
55098.570482 0.320064280646 13.1746 0.057
56481.769257 0.332034753851 13.1967 0.054
54617.744853 0.336106112141 13.1869 0.053
55098.579255 0.336631083202 13.2121 0.057
56128.560867 0.338570454716 13.2095 0.053
53734.453202 0.341304836349 13.143 0.059
53963.752215 0.346146655777 13.2033 0.056
53734.456594 0.347710238652 13.1558 0.059
56481.779968 0.352261246766 13.2262 0.055
55098.588042 0.353224323173 13.2366 0.057
53734.459965 0.354075984855 13.1671 0.059
54354.566789 0.354568853359 13.2108 0.058
53734.46338 0.360524820003 13.1898 0.059
54617.758892 0.362617150699 13.2196 0.053
56128.575031 0.365317541411 13.2315 0.053
54354.573429 0.367107730487 13.225 0.058
56481.790841 0.372793658063 13.2647 0.054
56278.443731 0.375139032365 13.2291 0.054
54354.580088 0.379682486944 13.244 0.058
54005.605353 0.380989249433 13.3598 0.059
54746.450278 0.381514220489 13.3107 0.056
54617.773103 0.389452991496 13.248 0.054
54354.586656 0.392085400339 13.2891 0.059
56128.589214 0.39210050742 13.2698 0.053
56481.801532 0.392982383263 13.3144 0.055
54005.614921 0.399057318165 13.3859 0.059
54746.461233 0.402201479376 13.3257 0.056
53864.760845 0.412317558399 13.3657 0.058
55124.569524 0.416268060052 13.3603 0.058
54005.62471 0.417542719997 13.3973 0.059
56278.467427 0.419886205931 13.3173 0.054
56050.76096 0.422384539425 13.3624 0.057
53864.770596 0.430731201614 13.3897 0.058
55124.577824 0.431941656465 13.3821 0.058
54005.634559 0.436141424946 13.4263 0.06
56050.770455 0.440314756038 13.4099 0.057
56278.478794 0.441351479472 13.3439 0.054
55124.586115 0.447598257407 13.3809 0.058
53864.780571 0.449567843085 13.3994 0.058
56050.780294 0.45889457713 13.4053 0.057
55124.594574 0.463572107058 13.3969 0.058
55771.709518 0.465796624719 13.3496 0.055
53864.790394 0.468117450018 13.4108 0.058
56181.585375 0.469261811393 13.4693 0.054
53908.744786 0.470936808986 13.3242 0.057
53645.557609 0.472190696699 13.4295 0.063
56050.789327 0.47595235983 13.4307 0.057
55771.720241 0.486045778249 13.3683 0.055
53645.566111 0.488245746896 13.4423 0.063
56181.596166 0.489639375113 13.4576 0.054
53908.758856 0.497506387475 13.3799 0.06
54300.631445 0.503868356907 13.3319 0.055
53645.574653 0.504376332509 13.4633 0.063
55771.731081 0.506515872829 13.4033 0.055
54363.650011 0.507190026313 13.4533 0.06
56181.60681 0.509739346211 13.4866 0.054
53645.583184 0.520486145879 13.4608 0.063
55393.63785 0.520888371901 13.3438 0.055
53908.77273 0.52370584248 13.3909 0.06
54300.642215 0.52420626454 13.3674 0.055
54363.659727 0.52553757604 13.4735 0.06
55771.741855 0.526861334005 13.4467 0.056
56181.617504 0.529933736582 13.4976 0.054
54325.53879 0.53852777721 13.4368 0.055
54363.669447 0.543892679309 13.4987 0.06
54300.65323 0.54500682653 13.3951 0.055
53908.786776 0.550230099739 13.4011 0.06
54325.546804 0.553661295477 13.434 0.055
54729.598416 0.558708948881 13.459 0.059
54363.679191 0.562293103823 13.5241 0.061
53610.654938 0.562506491335 13.528 0.062
54247.707301 0.562702883391 13.4478 0.061
54300.664491 0.56627193125 13.4117 0.055
54325.554887 0.56892511232 13.4636 0.055
54701.542011 0.577411515002 13.4598 0.058
54729.609048 0.578786259363 13.4685 0.059
53610.663654 0.578965655958 13.5437 0.063
54247.717435 0.581839778086 13.4524 0.061
55393.670624 0.582778305485 13.4227 0.055
54325.562974 0.584196482706 13.4988 0.056
54701.550818 0.594042522674 13.4876 0.058
53610.6724 0.595481472127 13.5685 0.063
54729.619673 0.598850351159 13.509 0.059
54247.727633 0.601097529442 13.4768 0.061
53592.674724 0.608938104407 13.5379 0.062
54701.559642 0.610705632876 13.5067 0.058
53610.68116 0.612023725682 13.5739 0.063
53975.546128 0.617596350144 13.5888 0.061
54597.771328 0.618398913817 13.4638 0.058
54247.737834 0.620360945941 13.4814 0.061
54701.568451 0.627340417305 13.5215 0.058
55811.511601 0.627457497181 13.5647 0.057
54597.779074 0.633026344869 13.4944 0.058
54019.509434 0.637248773977 13.4975 0.06
53592.691096 0.639854745433 13.5495 0.062
53975.557972 0.639962383384 13.576 0.06
54597.78683 0.647672659778 13.4738 0.058
55811.523614 0.650142667503 13.5484 0.057
54019.519652 0.656544293033 13.4935 0.06
55541.457834 0.661945074444 13.5477 0.06
53975.569666 0.662045158859 13.6028 0.061
54597.794596 0.662337858545 13.479 0.058
53592.70673 0.66937775823 13.6126 0.063
55811.5358 0.67315452845 13.5616 0.057
54649.696762 0.673615294419 13.5075 0.056
54019.529851 0.675803932761 13.5123 0.06
53975.581285 0.683986305443 13.5984 0.061
56153.634294 0.686856650816 13.5679 0.054
55908.453577 0.691241481035 13.5542 0.057
54649.707136 0.693205401543 13.5177 0.056
54019.540095 0.69514854982 13.5174 0.06
55811.548172 0.696517629036 13.5542 0.057
53592.722225 0.698638285504 13.6381 0.063
55541.477982 0.699992257627 13.5256 0.06
55908.460676 0.704647126933 13.5757 0.057
56153.645006 0.707085032103 13.5476 0.054
54649.717878 0.713490434403 13.526 0.056
55908.467937 0.718358691212 13.5704 0.057
55043.708083 0.718726926302 13.563 0.06
56153.655789 0.727447488737 13.547 0.054
55908.47509 0.731866309899 13.5704 0.057
55043.716549 0.734713994639 13.5605 0.06
54649.730052 0.73647963472 13.5365 0.056
56153.666536 0.747741963511 13.5545 0.054
55043.72501 0.750691621062 13.5552 0.06
55155.462325 0.753773465558 13.4969 0.057
55043.73343 0.766591823682 13.5931 0.06
55155.471454 0.771012533221 13.5022 0.057
54036.533322 0.784905382481 13.531 0.06
54717.538605 0.785141430617 13.5214 0.056
55155.480461 0.788021217905 13.5084 0.057
54717.545883 0.798885097441 13.5426 0.056
54036.541849 0.801007642308 13.5513 0.06
55775.5961 0.805160201167 13.6128 0.057
55155.489562 0.805207410795 13.521 0.057
54717.55296 0.812249198866 13.5196 0.056
54036.550367 0.817092906677 13.5399 0.06
54717.560047 0.825632184135 13.5177 0.056
55775.608082 0.827786831545 13.5905 0.057
54036.558917 0.833238599362 13.5392 0.06
55775.620116 0.850511657954 13.5925 0.056
54768.411011 0.851835415912 13.4885 0.057
54768.417868 0.86478407261 13.4872 0.057
55775.632385 0.873680254863 13.609 0.057
54768.42506 0.878365338328 13.5138 0.057
55450.490169 0.879961023737 13.4981 0.055
54376.556811 0.880198960271 13.5406 0.061
54768.431908 0.891296999554 13.5026 0.057
54376.56576 0.897098118609 13.5125 0.061
54376.574773 0.914118133608 13.5 0.06
54979.736605 0.915940425235 13.549 0.059
53946.580468 0.919275313342 13.6604 0.058
55154.495196 0.927461462799 13.5504 0.078
54376.583731 0.931034287418 13.4466 0.06
54979.745599 0.932924560918 13.5208 0.059
53946.59151 0.94012686172 13.6765 0.058
55154.504181 0.944428602997 13.514 0.102
54979.754703 0.950116418951 13.494 0.059
55450.530445 0.956017622415 13.4075 0.055
53946.602595 0.961059610658 13.6811 0.058
55154.513195 0.961450506381 13.4583 0.073
54979.763819 0.967330937613 13.449 0.059
55154.522189 0.978434642065 13.3671 0.061
56466.756534 0.982232184515 13.6342 0.055
53946.613873 0.982356817935 13.6885 0.058
