53610.4484118 0.0064252686895 12.7941 0.0580490609262
53610.4556951 0.00718973709132 12.78617 0.0579928719536
53610.4626924 0.00792417620338 12.78916 0.0579998634185
53610.4696495 0.00865439866368 12.77654 0.0579362519676
54534.7734772 0.0245110341935 12.80074 0.056964399233
54534.777575 0.0249411471271 12.78579 0.0568515613829
54534.7816199 0.0253657083061 12.79351 0.0568657496186
54534.7857817 0.0258025283423 12.79207 0.0568115458267
54773.4120646 0.072256472672 12.75039 0.05605534681
55735.6900132 0.0739149230507 12.62322 0.0530558898226
54773.4336427 0.0745213354964 12.73553 0.0560273252689
55735.6998078 0.0749429735848 12.62309 0.0530757988595
55735.7097381 0.0759852739925 12.62791 0.0531181114495
54773.449499 0.0761856270389 12.71765 0.0561435281893
55821.4625412 0.0766854734605 12.62079 0.0529329542176
54773.4572123 0.0769952298999 12.76066 0.0562751517089
55735.7197624 0.0770374266378 12.62276 0.0531927335521
55821.4766098 0.0781621277504 12.61427 0.052951729535
55821.4906747 0.079638393328 12.60695 0.0529611664943
55821.5047712 0.0811179754115 12.58452 0.0529307309002
55659.7460908 0.102764676287 12.63931 0.0538456833009
55659.7822301 0.10655788677 12.61559 0.0537460644886
55126.4128282 0.123570611433 12.70556 0.0537057566008
55126.4223495 0.124569977459 12.71916 0.0537534052599
55126.4318866 0.125570996819 12.69597 0.0537135908349
55126.4414253 0.126572186321 12.70826 0.0538480692724
56155.502122 0.13781484771 12.45458 0.0518573245959
56155.5141259 0.139074792807 12.43279 0.051814274645
56155.526188 0.140340836295 12.44474 0.0518402717473
56155.5382335 0.141605141399 12.43214 0.0518134069549
53621.4513352 0.161303145062 12.60635 0.0571138913646
53621.4603015 0.162244260197 12.60836 0.0571022684374
53621.4688217 0.163138543748 12.60526 0.0570978378187
53621.4774662 0.164045884196 12.61815 0.0571447216081
56184.4512287 0.176342118184 12.40885 0.051831008879
56184.4624599 0.177520957795 12.39576 0.0518133409614
56184.4737988 0.178711095302 12.40828 0.0518432757215
56184.4850717 0.179894308259 12.38076 0.0518097640594
54755.402746 0.181980341413 12.71565 0.0538908275981
54755.4122226 0.182975006025 12.80088 0.0545467939492
55098.3971018 0.18301187702 12.62347 0.0535767711742
54755.4216924 0.183968967314 12.38049 0.05705950364
55098.4080958 0.184165812648 12.61485 0.0535593274794
55098.4189957 0.185309881532 12.62976 0.0536045607104
55098.429726 0.18643614224 12.62091 0.0535802609522
56375.7529709 0.255564814679 12.37577 0.0524014846614
56375.7635873 0.256679120308 12.37675 0.0523819786852
56375.7737176 0.257742401978 12.38716 0.0523802001093
56375.7840464 0.258826531297 12.37159 0.0523410637883
56242.4275267 0.261592491594 12.37832 0.0520672144458
56242.4361041 0.262492784865 12.40192 0.0521465242911
56242.4445882 0.263383286661 12.37839 0.052119650057
56242.4530582 0.264272305105 12.41223 0.0522411984084
55032.639125 0.280988691344 12.46744 0.0546445693574
55032.6467442 0.281788406679 12.43618 0.0545605708714
55032.6543977 0.282591728884 12.44597 0.0545981640577
55032.6620928 0.283399412323 12.43237 0.0545644906568
55032.6697734 0.284205577219 12.43553 0.0545719169774
54413.4114461 0.286230559197 12.39198 0.0537106369991
54756.3990822 0.286556786022 12.42157 0.0546232520957
54413.4190917 0.287033043183 12.35949 0.0535685010825
54756.4065972 0.287345566751 12.40484 0.0545589538565
54413.4266727 0.287828748409 12.37844 0.0536761493142
54756.4140682 0.288129731117 12.42209 0.0546389845713
54413.4342637 0.288625510541 12.36826 0.053629898273
54756.4215388 0.288913846907 12.41546 0.0546186931875
54594.6322614 0.307349054564 12.34039 0.0535467938591
54594.6396023 0.308119563094 12.34744 0.053549233625
54594.6469178 0.308887400198 12.35817 0.0535582974818
54594.6543293 0.309665319153 12.34062 0.0535041192057
54318.5576385 0.33027978745 12.29272 0.0581537284686
54318.5685116 0.33142103788 12.28189 0.056194132168
54318.5795754 0.332582309893 12.31612 0.0563217959819
54318.5905049 0.333729477773 12.29564 0.0561792496462
53604.527354 0.384945104346 12.42944 0.0549883322536
53604.5361064 0.385863763379 12.44099 0.0550273085455
53604.5448202 0.386778378233 12.41347 0.0549439845421
53604.5538494 0.387726086189 12.41556 0.0549629268078
54652.5936009 0.391029374187 12.50412 0.0558067248198
54652.6033713 0.392054885704 12.17381 0.0553052130683
54652.6127197 0.39303610098 12.94578 0.0662340548872
54652.6218069 0.39398989765 11.9782 0.0912669969018
54376.4438122 0.406070630642 12.28151 0.0547118795274
54376.4527459 0.407008318716 12.27638 0.0547190889498
54376.4616394 0.407941790087 12.27472 0.0547314789388
54376.4705573 0.408877824826 12.2704 0.0547358930038
55338.8049981 0.416465751876 12.3215 0.0542763566393
55338.8104826 0.417041407073 12.3361 0.0546112402728
55338.8159037 0.417610405079 12.32086 0.0548785750484
55338.8212444 0.418170972122 12.3099 0.0551102983312
55043.6596575 0.437714826477 12.2624 0.0542255839084
55043.667014 0.438486975053 12.26515 0.0542615879941
55043.6743649 0.439258529541 12.2731 0.0543026641311
55043.6817223 0.440030775238 12.23577 0.0541340828627
55043.6890683 0.440801818282 12.23643 0.0541410711066
54424.4213993 0.441846279868 12.28377 0.056729501886
54424.4258859 0.442317201272 12.27634 0.0567592075376
54424.4303768 0.44278857214 12.29845 0.0568641698295
54424.4348736 0.443260562562 12.28492 0.0568567260301
54986.5897955 0.447604881694 12.21885 0.0720939731552
54262.6087946 0.457833032833 12.3231 0.0553545504462
54262.617336 0.458729547981 12.333 0.055396134032
54262.6259755 0.45963635275 12.29633 0.0552864614043
54262.6347607 0.460558453391 12.32302 0.0553654051166
55272.7688188 0.485242146744 12.33864 0.0547876578789
55272.7766133 0.486060266729 12.33671 0.0547586048109
55272.7844439 0.486882175754 12.32099 0.0546764133386
55272.7922649 0.48770307773 12.35837 0.0547950854657
56063.5858139 0.490186980354 12.42213 0.0523712534566
56063.5983429 0.491502031153 12.43968 0.0523894557387
56063.6090514 0.492626007972 12.44575 0.052375931951
56063.6197672 0.493750750198 12.43707 0.0523434222993
53805.7610466 0.506635272575 12.49961 0.0550019564102
53805.766997 0.507259839139 12.49387 0.0549441056295
53805.772932 0.507882779048 12.49695 0.0549063867337
53805.7788607 0.508505061724 12.48504 0.0548220502339
54177.7768599 0.553788092206 12.65289 0.0688317284444
54177.7807195 0.554193203995 12.49518 0.0562857138913
54177.7845921 0.554599676458 12.5218 0.0564269348551
54177.7884769 0.555007424437 12.59067 0.0600326682749
54730.4656811 0.564560994823 12.35535 0.0527774217774
54730.4774922 0.56580069967 12.3699 0.0527790946485
54730.4893346 0.567043696724 12.35676 0.0527499151425
54730.5011136 0.568280024316 12.36108 0.0527761346948
56445.6941345 0.596659478682 12.64858 0.0522727269012
56445.7064305 0.597950076243 12.65812 0.0522956071253
56445.7194208 0.59931355248 12.64449 0.0522613087548
56445.7315251 0.600584030079 12.66862 0.0523058003077
53568.4854313 0.601948759309 12.53115 0.0581034350175
53568.5131333 0.60485638314 12.5639 0.0558442051832
53568.5198803 0.605564555257 12.55643 0.0558189564703
53568.5266539 0.606275522717 12.54314 0.0557788761176
53568.5334257 0.606986295788 12.54722 0.0557561160777
55007.5118365 0.643603288628 12.58505 0.0575192912103
55007.5200512 0.644465509237 12.55738 0.0551366785424
55007.5282221 0.645323136606 12.53823 0.0550567306895
55007.5363895 0.646180399509 12.65298 0.0576647811759
55007.5489074 0.647494284097 12.54045 0.0535161027981
54178.7554549 0.656502407144 12.71864 0.0582019730956
54178.7624371 0.65723526697 12.71211 0.0585185872507
55112.4436878 0.657355620347 12.57424 0.0549587847265
54178.769423 0.657968515551 12.67662 0.0602666651881
55112.452002 0.658228287242 12.56971 0.0549527289891
54178.776402 0.658701035241 12.7206 0.0589159323085
55112.4603283 0.659102230925 12.56345 0.0549467057241
55112.4686424 0.659974885698 12.57025 0.0550018974228
56408.683122 0.711946498501 12.74778 0.0518066104577
56408.6993228 0.713646944512 12.75715 0.0517943035714
56408.7145214 0.715242207149 12.76859 0.0518018960429
56408.7297423 0.716839802315 12.75821 0.0517758845597
54017.4675653 0.72756378118 12.87092 0.0570338600852
54017.4757155 0.728419234041 12.8923 0.0571937253079
54017.4838658 0.729274698972 12.87213 0.0570948627425
54703.4594885 0.729963944836 12.83956 0.055462825471
54017.4920097 0.730129482475 12.8862 0.0572111527958
54703.4683377 0.730892763474 12.83101 0.0554385309162
54703.4771629 0.731819067384 12.82123 0.0553925025496
54703.4857865 0.732724209045 12.8395 0.0554577767966
53893.6963948 0.736417603293 12.88251 0.0561050006139
53893.7033057 0.737142982255 12.88605 0.0561195210569
53893.7101677 0.737863221245 12.88906 0.0561157928013
53893.7170653 0.738587200688 12.89296 0.0561576529121
53665.3962622 0.773806751942 12.83009 0.0540560903526
53665.4079512 0.775033639183 12.83676 0.0541015346698
53665.4196524 0.776261806833 12.83543 0.0540932327151
53665.4313806 0.777492811063 12.82766 0.0541323785793
56380.7585019 0.780950366198 12.78647 0.0527643697951
56380.7707123 0.782231984997 12.78726 0.0527572015311
56380.7829472 0.783516167102 12.79905 0.0527730461878
56380.7951367 0.784795587051 12.79493 0.0527483299242
56123.587593 0.78803387503 12.77779 0.0518432757215
56123.5988529 0.789215727368 12.77829 0.0518157285299
56123.6101915 0.790405840587 12.75713 0.0517830625952
56123.6215286 0.79159579711 12.78244 0.0518316120049
54675.5560684 0.801192989487 12.99043 0.0547722548995
54675.5675325 0.802396272614 13.00227 0.0549303906509
54675.5786078 0.803558748542 12.87694 0.0605370222115
54675.6020113 0.806015195572 13.02714 0.0563217575488
54742.3961587 0.816795892771 12.9999 0.0566474681294
54742.4039679 0.817615555588 12.99719 0.0566415502732
54742.4116549 0.818422388623 13.00722 0.0566894672073
54742.4194044 0.819235782959 12.98641 0.0565853871315
53561.5915901 0.878364272251 12.898123 0.0561859968639
53561.601195 0.879372409321 12.8989 0.0561727538281
53561.6103619 0.88033458465 12.91578 0.0562049434898
53561.61942 0.881285326022 12.87075 0.0559952159524
54952.7252932 0.893152759782 12.89499 0.0561378112595
54209.7255996 0.907159848869 12.93192 0.0582376021854
54209.7361194 0.908264022832 12.92848 0.0581809072857
54209.7465909 0.909363117564 12.95128 0.0582883424236
54209.7572746 0.910484493492 12.92231 0.0581364915249
55467.4498023 0.919153398365 12.80981 0.0545582972697
55467.46043 0.920268893295 12.82121 0.0546227583088
55467.47096 0.921374132655 12.81719 0.0546213939575
55467.4815712 0.922487896443 12.8374 0.0546774904741
55324.6226215 0.92786927867 12.90921 0.0572259704461
55324.6316633 0.928818313176 12.91632 0.0572168597143
55324.6408865 0.929786385288 12.94142 0.0573152833928
55324.650099 0.930753338515 12.90506 0.0570644268679
55353.7550384 0.98563696631 12.86091 0.0569302172413
55353.7703654 0.987245701406 12.87474 0.056883746564
55353.7858117 0.988866962558 12.85692 0.0568305021855
55353.8013185 0.990494577295 12.84768 0.0570186997153
