54173.63149 0.00615597232748 17.8928 0.205
54187.582965 0.00843543111132 17.9541 0.263
53914.499816 0.0124839792875 17.8964 0.235
55000.561773 0.0168393225341 17.9536 0.168
54845.709772 0.0184077048659 17.7182 0.165
54476.714305 0.0184621824952 17.7691 0.245
53738.724543 0.0219315474159 17.7239 0.242
54906.745679 0.0232304088421 17.9257 0.179
53885.556801 0.0258051937247 17.9467 0.183
53877.537468 0.0324227923033 17.9026 0.175
54173.641504 0.0348685512111 17.7958 0.195
54107.724641 0.03515527559 17.76 0.249
53738.72963 0.0365172163726 17.495 0.214
55325.620047 0.0381429435632 17.9094 0.192
54476.721228 0.0383121109599 17.6877 0.234
55000.571567 0.0449211077884 18.0826 0.179
54906.754382 0.0481840311731 17.6693 0.159
54845.721143 0.0510111335174 17.8906 0.178
53738.734708 0.0510770801267 17.8617 0.257
53885.567689 0.0570237436573 17.7999 0.171
53877.548348 0.0636184042573 17.7897 0.167
54173.651615 0.0638592527489 17.9858 0.214
53738.739785 0.0656340766154 17.6693 0.232
55737.524161 0.0676382800041 17.9978 0.152
54906.763132 0.0732724139642 17.5597 0.152
54976.516998 0.0746085495478 17.9296 0.225
54845.732464 0.0834711999748 17.6711 0.16
56068.512466 0.0917862068405 17.8675 0.152
54976.523738 0.0939337724168 17.694 0.2
53877.559207 0.0947538041139 17.8115 0.169
54906.771866 0.0983149208605 18.176 0.202
55737.534945 0.0985586365695 17.9181 0.148
53610.409714 0.112040416674 17.9781 0.309
54976.530479 0.11326186251 17.8571 0.217
56068.523273 0.122772510014 18.0201 0.162
53877.570149 0.126127185199 17.855 0.172
55737.545663 0.129289755046 17.8963 0.146
54976.537247 0.132667368189 17.7429 0.205
53610.417453 0.134230016036 17.8943 0.3
55325.655536 0.139898556914 17.8734 0.19
55685.587267 0.151903706496 17.9852 0.193
56068.534126 0.153890706402 18.1153 0.169
56443.458986 0.154851233055 17.7496 0.154
53610.425178 0.156379473972 17.8783 0.3
55737.556376 0.16000653732 17.9862 0.151
55220.685868 0.166274332151 17.9796 0.267
56400.566618 0.171977279955 18.0219 0.147
53610.43292 0.178577675067 17.7501 0.283
56443.468919 0.1833315652 17.703 0.151
56068.545148 0.185493466981 17.8747 0.153
56400.578588 0.206298187609 17.8905 0.138
53831.561734 0.208786955198 17.765 0.202
54536.769122 0.210260718471 17.8503 0.233
56443.478942 0.212069949286 17.7469 0.154
55394.388762 0.21481103431 17.8927 0.183
54643.493528 0.215146501819 18.0268 0.183
54325.420731 0.222908130641 17.9069 0.241
55677.592007 0.227544463783 17.8622 0.145
54536.77605 0.230124983159 17.748 0.222
53831.571208 0.235951222456 17.5908 0.185
55220.710821 0.237820665377 17.6265 0.274
56443.488547 0.239609825476 17.5587 0.142
56400.590562 0.240630564241 17.9092 0.139
55656.671623 0.243704249551 17.8647 0.138
54643.504425 0.246390856934 17.7424 0.161
54325.42929 0.247448869879 17.5952 0.207
54536.783068 0.250247299767 17.425 0.19
55685.623008 0.254381865266 17.8718 0.183
53831.580776 0.263385010633 17.6147 0.187
54536.79001 0.270151705861 17.8103 0.23
54325.437895 0.272121502332 17.8147 0.232
56400.602166 0.273902060682 17.8451 0.136
54643.515365 0.277758503529 17.655 0.152
53884.599148 0.279980617438 17.6273 0.159
55677.614405 0.291764989237 18.1034 0.16
53831.590947 0.292547746771 17.5612 0.182
53963.425772 0.295125398915 17.649 0.176
54325.446562 0.296971903874 17.8184 0.234
53772.654973 0.308744806699 17.8018 0.246
54643.526397 0.309389936555 17.558 0.146
53884.609991 0.31107014138 17.511 0.151
55394.423066 0.313168963818 17.8339 0.178
53818.696198 0.320159304059 17.8245 0.206
53963.438232 0.330851256 17.6808 0.18
55656.705523 0.340903812568 17.5899 0.122
53884.62082 0.342119523915 17.4211 0.146
53772.66743 0.344462062071 17.6968 0.231
53818.70546 0.346715715645 17.6672 0.191
54119.692289 0.349319172971 17.8475 0.254
53963.450724 0.366668864896 17.5899 0.174
53884.63171 0.373343808338 17.5772 0.157
54119.700907 0.374029079585 17.9885 0.273
53818.715066 0.37425845908 17.8385 0.207
53772.679632 0.379448170269 17.7377 0.235
54266.536749 0.388178927479 17.52 0.2
53854.645392 0.395261019533 17.5575 0.184
54119.70945 0.398523942928 17.7357 0.238
53818.724316 0.40078046375 17.7199 0.195
53963.463217 0.402489341015 17.5195 0.17
53772.691523 0.413542565674 17.8052 0.241
54266.546546 0.416269314467 17.5974 0.208
55762.409205 0.419125089256 17.6684 0.172
55320.522717 0.422855373361 17.4575 0.195
54119.717991 0.42301307176 17.6472 0.228
53854.656744 0.427809970556 17.706 0.198
54266.556351 0.444382639413 17.5971 0.209
55762.418043 0.444465789478 17.7845 0.179
54201.686099 0.445558209348 17.434 0.165
53852.570415 0.445796190588 17.3289 0.316
53854.668073 0.460292974971 17.3901 0.171
53852.578465 0.468877502744 17.5135 0.323
55762.426908 0.469883905307 17.6114 0.166
54266.566408 0.473218509778 17.5254 0.202
54201.698059 0.479850444575 17.6128 0.18
53854.67939 0.492741572449 17.522 0.182
55762.435727 0.4951701279 17.7756 0.177
56384.642258 0.512955640875 17.645 0.146
54201.709991 0.514062396971 17.4547 0.167
55320.554943 0.515255170368 17.3912 0.191
54706.384127 0.537823245888 17.4112 0.141
54201.721937 0.548314490772 17.8302 0.2
56384.65482 0.548973956838 17.7428 0.152
54706.392331 0.561346113605 17.4929 0.146
55690.613638 0.563734527646 17.5244 0.141
54917.746748 0.565976712243 17.6574 0.124
54706.400537 0.584874715791 17.4703 0.145
56384.667548 0.585468235236 17.7939 0.156
56037.644802 0.58666961038 17.6129 0.133
56145.415467 0.591434969478 17.6004 0.143
54917.756025 0.592576132499 17.6699 0.125
56363.747486 0.60255127349 17.4005 0.164
54706.40874 0.608394716243 17.3213 0.138
54917.765273 0.619092402659 17.4627 0.116
56384.680189 0.621713063449 17.6983 0.15
56037.657554 0.623232702631 17.5534 0.13
56363.756103 0.627258312859 17.4655 0.171
56145.428714 0.629417347405 17.6968 0.148
56058.588063 0.636103759828 17.6625 0.141
53591.412843 0.643380824445 17.6927 0.142
54917.774548 0.645686088426 17.629 0.124
56363.764898 0.65247572162 17.2504 0.154
55270.729207 0.652725171813 17.7125 0.176
54894.759201 0.655076311697 17.5167 0.13
56037.67041 0.66009398825 17.7408 0.141
56145.440734 0.663881617253 17.6474 0.146
54206.645073 0.664145403667 17.317 0.191
56058.600808 0.672646781387 17.638 0.14
53591.423547 0.674071801516 17.5885 0.137
54869.654981 0.6751584869 17.5241 0.242
56363.773529 0.677222902394 17.532 0.175
54894.767144 0.677850828773 17.5701 0.133
55962.693069 0.68178181996 17.6884 0.165
53605.378666 0.686799496506 17.6133 0.192
54206.655024 0.692677346196 17.4557 0.205
56037.683221 0.696826247897 17.558 0.131
56145.452758 0.698357356059 17.6367 0.146
55690.660738 0.698781708131 17.7528 0.157
54509.73598 0.699653350227 17.7624 0.183
54894.775067 0.700568000996 17.5999 0.134
54155.738407 0.702325621398 17.4825 0.21
53591.434282 0.704851663153 17.6675 0.142
53605.385626 0.706755513004 17.5482 0.186
56058.613579 0.709264351266 17.6451 0.141
53554.46738 0.711733048146 17.5436 0.204
54869.668435 0.713734384275 17.587 0.247
55962.704287 0.713946560315 17.7159 0.166
54596.584191 0.714643300549 17.6431 0.146
54206.665146 0.721699587405 17.6986 0.232
54894.782998 0.723308111156 17.4718 0.127
53605.392331 0.725980382329 17.7875 0.21
54155.747576 0.728615379329 17.5234 0.215
53554.473938 0.730536432644 17.5058 0.201
53591.445221 0.736216442504 17.7235 0.146
54509.748841 0.736528972069 17.8096 0.187
53605.398919 0.744869784126 17.8472 0.217
56058.626322 0.745801638336 17.4828 0.132
54690.413405 0.745870452194 17.8193 0.206
55962.715589 0.746352149144 17.6587 0.162
53554.48052 0.749408630972 17.5193 0.203
54596.5964 0.749649479461 17.6107 0.144
54206.675274 0.750739032082 17.4851 0.208
54869.68142 0.750965544337 17.5311 0.238
54155.755866 0.752384829988 17.7961 0.247
53872.557135 0.752594138791 17.7388 0.201
53554.487098 0.768269360343 17.6276 0.214
54690.421627 0.769444930295 17.3003 0.162
54509.761412 0.772573093214 17.7486 0.182
54155.764029 0.775790140693 17.5716 0.222
53872.56661 0.779761273293 17.8191 0.21
55962.727964 0.781834290512 17.8053 0.172
54690.426776 0.784208368341 17.5764 0.184
54596.608617 0.784678596309 17.7524 0.154
53863.501073 0.786656994499 17.7112 0.196
54869.694488 0.788434685627 17.7526 0.266
54955.493809 0.796001341872 17.5929 0.156
54624.514023 0.796279464526 17.753 0.135
54690.431917 0.79894886845 17.7337 0.198
55023.50608 0.803760103451 17.5935 0.2
53900.476707 0.804812381913 17.6052 0.201
53945.467933 0.805623811888 17.6687 0.177
53872.576019 0.806739169707 17.5391 0.183
56411.599787 0.806762107654 17.7724 0.137
54509.773585 0.807476051357 18.0088 0.205
53863.511206 0.8157107754 17.6168 0.188
54596.620876 0.819828137415 17.7176 0.157
55023.512358 0.821760659698 17.7891 0.22
56475.429391 0.821795066617 17.6665 0.128
53945.475032 0.825978375256 17.747 0.184
54964.573126 0.828616239506 17.6869 0.202
53900.485221 0.82922409518 17.5926 0.2
53576.480765 0.829473545379 17.7209 0.205
54624.525947 0.830468478964 17.7799 0.136
56411.609043 0.833301315772 17.7885 0.138
54955.506883 0.83348768663 17.8765 0.177
53872.585434 0.833734269588 17.594 0.188
55355.544331 0.838359133744 17.7183 0.181
55023.518663 0.839838631532 17.9149 0.236
55413.440255 0.840085214491 17.6264 0.169
53863.520416 0.842118090302 17.8301 0.208
54950.628178 0.845051280654 17.6454 0.135
53945.482115 0.846287062709 17.6399 0.176
55797.435243 0.847313535974 17.6436 0.157
53576.487294 0.8481937798 17.5732 0.192
53900.493818 0.853873789675 17.556 0.196
56475.440635 0.854034355315 17.7647 0.134
54964.582029 0.854143310572 17.9144 0.226
55023.525016 0.85805423105 17.985 0.245
56411.618326 0.859917939497 17.5606 0.126
55797.440531 0.86247552091 17.6803 0.161
56092.497915 0.86391487727 17.6836 0.155
54624.537851 0.864600148529 17.8753 0.142
53945.489199 0.866598617427 17.7021 0.182
54955.518506 0.8668136607 17.8169 0.172
53576.493834 0.866945553914 17.6678 0.202
53863.529473 0.868086716929 17.7687 0.202
54950.637995 0.873199012516 17.6565 0.136
55797.445848 0.877720655922 17.6085 0.156
54233.574811 0.878268299465 17.743 0.24
53900.502394 0.878463272052 17.655 0.207
54675.46273 0.878641041154 17.8908 0.216
54936.691259 0.884507421861 17.5054 0.176
53576.500382 0.885720265964 17.2259 0.164
56475.451955 0.886491554527 17.8525 0.14
56411.627599 0.886505890754 17.7195 0.134
54675.467046 0.891016065164 17.7809 0.204
55797.451156 0.892939985732 17.7605 0.169
56092.509258 0.896438023091 17.8047 0.159
54624.549831 0.898949728609 17.7738 0.137
54955.530151 0.900202714133 17.9059 0.179
54950.647827 0.901389753049 17.9335 0.153
55413.462024 0.902502243622 17.7259 0.179
54675.471367 0.903405425397 17.8508 0.213
54233.584225 0.905260532102 17.9881 0.273
54936.701448 0.913721768404 17.5864 0.183
54675.475663 0.915723104532 17.7882 0.206
54187.550859 0.916379703365 17.7765 0.24
54298.459382 0.918148792752 17.7705 0.182
56475.463275 0.918948753761 17.7165 0.132
54256.608075 0.920250482406 17.8654 0.212
56092.520708 0.929267963991 17.9405 0.164
54950.657632 0.929503077995 17.8038 0.145
55355.576407 0.93032884419 17.8464 0.195
54233.593622 0.9322040216 17.9004 0.261
53914.474299 0.939320520583 17.9001 0.235
54298.467602 0.941717536344 17.7631 0.182
54936.711726 0.943191299642 17.4833 0.175
54256.616223 0.943612784461 17.7585 0.201
54187.561571 0.947093618374 17.7064 0.231
54233.603121 0.959439969954 17.6912 0.235
55000.542211 0.960750300346 17.8288 0.158
56092.532146 0.962063497976 17.9449 0.164
53885.534973 0.963218997218 17.8528 0.174
53914.482807 0.963715030382 17.9581 0.242
54298.475805 0.965237536816 17.7914 0.185
54256.624404 0.967069705571 17.9798 0.227
54936.721985 0.972606353231 17.9363 0.218
54187.572247 0.977704312614 17.7284 0.234
54173.621835 0.978472733943 17.9707 0.212
54476.700489 0.978848342887 17.6705 0.238
54845.698509 0.98611393854 17.9571 0.186
53914.491322 0.988129610894 17.7153 0.214
54298.484016 0.988780475226 17.8735 0.193
55000.551998 0.988812014909 17.7953 0.156
54256.632563 0.990463547297 17.9964 0.23
53885.54592 0.994606714505 17.6568 0.16
54476.707383 0.998615121275 17.7717 0.247
