53982.455398 0.000854732368713 16.9165 0.193
54233.681553 0.00371830277224 16.7028 0.193
56364.718617 0.0148146380452 16.9391 0.159
55746.570858 0.0226764404035 17.136 0.126
54233.691183 0.0246093504278 16.6895 0.189
56399.756325 0.0246201972841 16.9129 0.131
55355.678425 0.0317682764058 17.4174 0.162
56364.730336 0.0402375027911 17.264 0.185
55032.553999 0.0548438811835 16.7785 0.177
56088.620736 0.0559372444116 17.1124 0.125
55320.66003 0.0638597891755 17.3117 0.155
56364.741977 0.0654911565493 17.1359 0.174
53928.553036 0.0666062135056 16.5778 0.171
55032.562494 0.0732726921609 16.9897 0.184
56088.629336 0.0745938394117 17.1623 0.127
54642.592603 0.0837008610148 16.8947 0.136
55801.454486 0.0856554647574 17.0606 0.139
53928.564123 0.0906580354499 16.6995 0.175
55032.570991 0.0917058418986 16.9329 0.18
56088.637935 0.0932482650395 17.1215 0.125
56431.597351 0.0996348947644 17.0624 0.104
55801.460943 0.0996630965974 17.2108 0.148
53893.537702 0.105338172478 16.8424 0.139
54642.603865 0.108132322976 16.9189 0.14
55032.579514 0.110195395283 17.0484 0.192
56088.64651 0.111850625749 17.1577 0.127
55801.467397 0.113664220336 17.2009 0.147
53928.575269 0.114837850325 17.0451 0.198
56431.607753 0.122200697226 17.1361 0.107
53893.547705 0.127038395697 16.822 0.135
55243.708444 0.12728136532 17.059 0.157
55801.473938 0.127854079398 17.0941 0.141
55032.588034 0.128678440567 16.8781 0.185
54642.61511 0.132526905625 16.8364 0.139
54019.395681 0.138052294871 16.8064 0.197
53928.586466 0.139128303138 16.4183 0.152
54019.398341 0.143822823087 16.9724 0.211
53893.557526 0.14834379331 16.6048 0.132
54019.401013 0.149619383771 16.8112 0.198
55320.699912 0.150378663786 17.3434 0.157
56077.601682 0.151515414467 17.0971 0.124
54019.403668 0.155379065126 16.6662 0.189
55338.679938 0.155734842058 16.4701 0.099
54642.626324 0.15685423775 16.782 0.124
53893.567407 0.169779353226 16.2206 0.112
55326.704843 0.177304902993 16.8715 0.155
56077.615095 0.180613194551 16.7812 0.11
54350.393351 0.194967925837 16.0436 0.134
54350.399347 0.207975477419 15.9023 0.126
56077.628504 0.209702297145 16.2763 0.093
54350.405355 0.221009061467 15.7697 0.124
55394.491317 0.231350455456 16.2002 0.101
54350.41137 0.234057831106 15.6154 0.147
56077.641972 0.238919392655 15.8751 0.083
56431.667768 0.252395528487 16.3841 0.085
55338.724674 0.252783845983 16.0393 0.087
55412.48363 0.263361701484 16.2096 0.118
55687.683027 0.273093502077 16.2297 0.092
56431.678246 0.275126203191 15.9618 0.076
56431.688628 0.297648618223 16.1609 0.08
55394.529695 0.314606595315 16.3908 0.107
56431.699068 0.320296856798 16.258 0.082
55412.518954 0.339992580745 16.4893 0.132
55687.716804 0.346368363626 16.6085 0.104
53619.388397 0.373646041008 16.1154 0.133
56115.503736 0.375151584829 16.4067 0.085
55012.421487 0.379945895871 16.2957 0.137
56145.470982 0.385241331728 16.1939 0.1
56145.477546 0.399481086336 16.2495 0.102
55012.430705 0.399943162461 16.3178 0.145
53619.402758 0.40480038527 16.1716 0.139
54979.704636 0.40494139443 16.219 0.139
56115.521035 0.412679542602 16.4453 0.086
56145.484222 0.41396381054 16.2511 0.102
53845.742024 0.418755952208 16.2975 0.133
55012.439916 0.419925243461 16.2943 0.142
54979.711923 0.420749604635 16.3803 0.145
56145.491638 0.430051869669 16.3746 0.107
54890.750914 0.431271056452 16.1367 0.135
53619.417358 0.436473209341 16.3788 0.144
54979.719333 0.43682464753 16.4126 0.145
53845.751427 0.439154552538 16.3539 0.136
55012.449258 0.440191512115 16.4271 0.151
56115.535115 0.443224293484 16.5662 0.089
54890.757711 0.446016274619 16.4081 0.144
54979.726786 0.452992973401 16.2347 0.141
55083.444649 0.455570186752 16.4104 0.117
53845.760863 0.45962474212 16.2701 0.136
54890.764456 0.46064868546 16.3496 0.136
53619.431945 0.468117831573 16.3801 0.147
55083.450466 0.468189420844 16.3205 0.118
56115.549232 0.473849311108 16.6392 0.091
54890.771249 0.475385226138 16.342 0.14
53845.770283 0.480060221746 16.3869 0.137
55083.456312 0.4808715667 16.3181 0.117
55275.68197 0.489737788058 16.9757 0.162
55083.462142 0.4935190026 16.5916 0.123
53967.471935 0.496156958368 16.4851 0.157
55328.697277 0.499634460896 16.8775 0.129
53967.480459 0.514648681124 16.5578 0.158
53997.443478 0.515568494651 16.4683 0.169
53997.448251 0.525922904876 16.4841 0.167
53967.489011 0.533201146288 16.5166 0.158
53997.453043 0.536318533158 16.4631 0.17
53997.457842 0.546729347045 16.3923 0.164
53967.497553 0.551731917745 16.5654 0.161
56097.612153 0.561661131155 17.6484 0.156
53913.57045 0.563810978317 16.6479 0.16
55328.727688 0.565607217928 16.8604 0.128
56445.648363 0.581500033623 16.672 0.106
53913.580681 0.58600581825 16.5092 0.159
53919.576585 0.593349140823 16.3968 0.162
56445.659579 0.605831704492 16.7823 0.11
53900.682882 0.605888108155 16.519 0.16
53913.590937 0.608254892474 16.6817 0.168
53919.58791 0.617917273188 16.6299 0.168
53900.69111 0.623737696948 16.4369 0.158
53913.601302 0.630740428194 16.6945 0.165
54190.640661 0.632033373603 16.5738 0.18
56445.671943 0.632653813863 16.7111 0.108
53900.699378 0.6416740606 16.7306 0.169
53919.599333 0.642698003955 16.5765 0.171
54274.542453 0.646190692096 16.6504 0.167
54190.648351 0.648715840538 16.7474 0.19
56445.683193 0.657059243357 16.7579 0.11
53900.707597 0.659504125058 16.513 0.162
54274.548953 0.660291606911 16.5472 0.168
53554.525525 0.661979377946 16.6372 0.169
54190.656056 0.665430848026 16.7507 0.184
54262.566846 0.666650034819 16.7033 0.199
53919.610757 0.667480904109 16.7575 0.179
54274.555516 0.674529192146 16.6562 0.164
53554.532417 0.676930686413 16.6287 0.178
53956.493058 0.678893967626 16.5713 0.162
54190.663869 0.682380147652 16.7745 0.185
54262.575839 0.686159192812 16.6406 0.189
54274.562009 0.688614921371 16.7372 0.18
53554.539336 0.691940567899 16.5044 0.17
53956.503005 0.700472706046 16.8446 0.186
54910.697818 0.703516334281 16.7527 0.163
54262.584895 0.705805021224 16.6375 0.183
53554.546227 0.706889706978 16.5572 0.172
53877.685784 0.716638862555 16.6308 0.128
54910.706711 0.722808555128 16.5204 0.15
54262.593866 0.725266453059 16.7632 0.196
53877.6971 0.74118747057 16.8105 0.138
54910.715719 0.742350253705 16.8004 0.161
54684.386794 0.750828157568 16.77 0.174
54910.725003 0.762490698816 16.7357 0.161
53877.708506 0.76593132204 16.8834 0.137
54684.395547 0.769816666411 16.8529 0.167
54684.404337 0.788885441995 16.6813 0.172
55769.511413 0.789262912639 16.9413 0.117
53877.719921 0.790694697844 16.7988 0.14
53957.472799 0.804316181562 16.7854 0.179
54684.413067 0.807824055293 16.7354 0.164
55769.522719 0.813789826947 16.9617 0.118
53957.482733 0.825866718144 16.9768 0.192
55769.534063 0.838399177369 16.9276 0.117
53957.492693 0.847473658404 16.8523 0.185
53872.681019 0.85944425041 16.8325 0.177
55769.545416 0.863028052142 16.931 0.117
53957.502635 0.869041549963 16.8105 0.183
53872.689652 0.878172434663 16.8222 0.167
53872.69823 0.896781303489 16.8021 0.162
53561.554082 0.909530699863 16.6879 0.169
53872.706865 0.915513826487 16.8418 0.173
54965.654165 0.924249885562 16.6879 0.164
53561.562407 0.927590717685 16.786 0.173
54318.464836 0.930157084186 16.6663 0.146
55104.407214 0.931161503196 16.7971 0.149
56399.714826 0.934593448936 16.844 0.127
55746.531045 0.93630725243 17.0651 0.123
55104.411989 0.941520252165 16.7077 0.145
54965.662998 0.943411944122 16.6189 0.161
53982.429865 0.945464169569 16.7018 0.17
53561.570857 0.945921906959 17.5508 0.172
55355.63893 0.94608894857 17.2817 0.153
54318.474237 0.950551345771 16.7292 0.151
55104.416751 0.951850799295 16.8988 0.155
54965.671466 0.961782182081 16.8636 0.174
54233.662231 0.961801706429 16.8027 0.193
55104.421523 0.962203040148 17.0039 0.154
53982.43836 0.963892980562 16.5136 0.163
56399.728518 0.96429648367 16.9473 0.133
53561.579492 0.964654429956 16.8298 0.179
55746.544241 0.964934278894 17.0282 0.121
54318.483621 0.970908728028 16.8565 0.159
54965.679911 0.980102524493 16.8039 0.169
53982.446865 0.982343485262 16.9748 0.192
54233.671846 0.982660213501 16.8749 0.199
56364.707225 0.990101157787 16.9663 0.161
54318.493 0.991255263439 16.5918 0.15
55746.557591 0.993895388558 17.3164 0.136
56399.742421 0.994457255791 16.9161 0.131
