54153.696343 0.00227477152993 14.2689 0.064
56412.592292 0.00504802905903 14.2951 0.06
56358.709371 0.00796547675302 14.2487 0.06
53964.37562 0.0109103892445 14.2887 0.065
54504.710135 0.0153081893161 14.2698 0.063
53964.383789 0.0165193867113 14.3112 0.065
56358.722648 0.0170817283618 14.2449 0.06
53964.391939 0.0221153384017 14.2956 0.065
54504.721906 0.0233903914416 14.2767 0.063
53964.400117 0.0277305154442 14.3111 0.065
54504.733535 0.031375093552 14.2647 0.063
54504.7449 0.0391785280234 14.3056 0.063
54491.64495 0.0444929655814 14.2853 0.064
55330.539227 0.0459465397805 14.2603 0.06
55627.653234 0.0503182482943 14.2555 0.057
54491.655008 0.0513989879239 14.3037 0.065
54491.665048 0.0582926511101 14.3077 0.065
55770.401621 0.0641927753846 14.284 0.061
54491.675064 0.0651698354196 14.275 0.064
55770.407489 0.0682218606011 14.3739 0.062
55770.413399 0.0722797838507 14.2515 0.061
53878.538396 0.0733694495398 14.3585 0.062
55330.581921 0.0752610871924 14.2969 0.061
55770.419267 0.0763088690672 14.2787 0.061
54963.569553 0.0772879889604 14.3409 0.062
55627.692909 0.0775598904143 14.3199 0.058
53878.549258 0.08082751423 14.427 0.062
56399.596808 0.0820908947362 14.3055 0.058
54963.580433 0.084758412812 14.3699 0.063
53900.405021 0.0874279907439 14.466 0.069
53878.560135 0.0882958782214 14.4732 0.063
56399.60952 0.0908192061293 14.3564 0.058
54963.591213 0.0921601746763 14.4792 0.064
53900.414418 0.0938801573739 14.4943 0.07
53878.571052 0.0957917070056 14.5463 0.064
55627.723332 0.0984489257847 14.4765 0.058
56399.622208 0.0995310386508 14.4678 0.059
54963.602017 0.0995784154174 14.5508 0.064
53900.423829 0.10034193668 14.5707 0.071
56399.634908 0.108251110608 14.5339 0.059
54462.681068 0.157316964315 14.6132 0.081
54462.689393 0.163033074478 14.5629 0.081
54462.69781 0.168812353663 14.5455 0.08
54462.706257 0.174612231445 14.4902 0.078
56367.692591 0.176022548595 14.5487 0.057
56494.405865 0.179870366175 14.6168 0.063
56367.707698 0.186395314506 14.4451 0.057
56494.419988 0.189567498165 14.3399 0.061
53587.435254 0.196176900738 14.3967 0.067
53587.441415 0.200407165566 14.3534 0.067
53587.447588 0.204645669834 14.3443 0.067
53587.45392 0.208993346654 14.3639 0.068
55690.5394 0.229207434721 14.2884 0.06
55690.590388 0.264216807079 14.2742 0.06
55272.614575 0.273731298192 14.2741 0.067
54168.668858 0.28270061315 14.2815 0.069
54168.683545 0.29278499873 14.2664 0.069
54206.567139 0.304412219086 14.2527 0.069
54206.575677 0.310274579275 14.2505 0.069
54168.71632 0.315288963959 14.2347 0.068
54206.584281 0.316182256373 14.2737 0.069
54889.644428 0.31883054909 14.2517 0.065
54206.592837 0.322056975712 14.2477 0.069
54168.727485 0.322955074466 14.2187 0.068
54889.654942 0.32604967008 14.2476 0.065
54168.738656 0.330625304689 14.2925 0.069
54889.665361 0.333203562184 14.2187 0.066
54592.560095 0.334833597683 14.3334 0.067
54168.74985 0.338311327168 14.2985 0.069
54889.675378 0.340081433113 14.2274 0.066
54592.569541 0.341319408681 14.2223 0.064
56063.54625 0.343110799844 14.2138 0.059
54592.579005 0.347817578841 14.2155 0.064
56063.556871 0.350403389156 14.2449 0.059
54298.389732 0.351626259092 14.2499 0.063
54592.588461 0.354310256041 14.2246 0.064
56152.404504 0.35495087235 14.2682 0.058
54298.398467 0.357623883384 14.2559 0.063
56063.567512 0.357709710866 14.2027 0.059
56152.410876 0.359326013968 14.2811 0.058
54298.407278 0.363673690787 14.2167 0.062
56152.417283 0.363725187278 14.2702 0.058
56063.578178 0.365033198072 14.2262 0.059
54905.735563 0.367323075235 14.2427 0.071
56152.423647 0.368094835935 14.2646 0.058
54298.41605 0.369696720017 14.2341 0.063
56028.636175 0.373160717106 14.2423 0.059
56293.70479 0.374530523688 14.258 0.061
54905.74646 0.374805171623 14.2456 0.071
54088.701003 0.375184872393 14.2418 0.067
55664.541874 0.378790313169 14.2672 0.062
56028.647724 0.381090489631 14.2463 0.059
56293.714969 0.381519627029 14.281 0.061
54905.75743 0.382337391256 14.2226 0.071
54088.71192 0.382680701178 14.2311 0.066
53820.734617 0.384148007774 14.2571 0.077
53820.739837 0.387732163334 14.2694 0.065
56293.7252 0.388544434604 14.2655 0.061
55664.556876 0.389090983997 14.2462 0.062
56028.659385 0.389097163573 14.2618 0.059
54905.768387 0.389860684833 14.2463 0.072
54088.72274 0.390109927835 14.2486 0.068
53820.744984 0.391266195644 14.2686 0.066
53861.529033 0.39440336169 14.2055 0.058
53820.750249 0.394881249097 14.3353 0.071
56293.735471 0.395596706972 14.2361 0.061
56028.671018 0.397084612164 14.2629 0.059
54088.733554 0.397535034777 14.2559 0.071
55664.571753 0.399305827341 14.2697 0.062
53861.538298 0.400764894501 14.2493 0.059
53861.547561 0.407125054071 14.2595 0.059
54525.672147 0.408241497929 14.2297 0.066
55664.586751 0.409603751693 14.2162 0.062
53861.556831 0.413490019982 14.2865 0.059
54525.683702 0.416175390174 14.2279 0.066
54525.694966 0.423909476043 14.2246 0.066
55929.683821 0.430511325794 14.2336 0.067
54525.706244 0.431653174588 14.2448 0.066
56088.442313 0.437241573458 14.24 0.059
55929.6954 0.438461696911 14.2246 0.067
56088.45288 0.444497085297 14.216 0.059
55929.714637 0.451670202757 14.3057 0.067
56088.463452 0.451756030242 14.2777 0.059
56088.474048 0.459031454053 14.3499 0.06
55929.726342 0.459707087978 14.208 0.066
54949.572102 0.466360434218 14.2023 0.096
54949.586918 0.476533393757 14.2517 0.059
54196.627205 0.47945633441 13.9834 0.066
54196.637877 0.486783941336 14.2444 0.069
54196.648576 0.494130086995 14.0623 0.067
54234.516995 0.495337851291 14.25 0.069
54234.52467 0.500607658557 14.2281 0.069
54196.659252 0.501460440397 14.2744 0.07
54949.627223 0.504207606377 14.267 0.064
54234.532371 0.505895317941 14.2599 0.069
54949.636041 0.510262220116 14.4096 0.12
53554.396458 0.511084104067 14.2561 0.068
54234.540048 0.511166498447 14.2379 0.069
53554.40403 0.516283189485 14.2546 0.068
54949.644873 0.516326446535 14.1172 0.063
54949.644873 0.516326446535 14.1172 0.063
53554.411927 0.521705426358 14.2396 0.068
54949.653707 0.522392046195 14.2489 0.057
54949.653707 0.522392046195 14.2489 0.057
54831.68615 0.523527028791 14.2795 0.065
53554.419492 0.526899705441 14.2433 0.068
54831.694654 0.529366043902 14.2808 0.065
54831.703153 0.535201625918 14.2499 0.064
54831.711799 0.541138141044 14.2683 0.064
53832.621035 0.545598423519 14.2614 0.065
53832.630591 0.552159762705 14.297 0.065
55303.605676 0.552836083246 14.2619 0.06
53832.64018 0.558743760344 14.3029 0.065
54917.671238 0.562594324403 14.309 0.059
53886.535987 0.564674095896 14.2957 0.062
53832.649805 0.565352476296 14.277 0.065
54917.684315 0.571573252037 14.2588 0.059
54866.711847 0.572865470574 14.2917 0.061
53886.548588 0.573326192486 14.2966 0.062
54936.622732 0.575066087162 14.249 0.064
53765.673729 0.578249943356 14.3107 0.065
54917.697388 0.580549433196 14.3448 0.06
53886.561199 0.581985155282 14.3135 0.062
54936.632914 0.582057250364 14.2877 0.065
53765.68615 0.586778448378 14.3587 0.065
54866.734528 0.588438695149 14.2931 0.065
54936.643201 0.589120508648 14.2686 0.065
54917.710458 0.589523554495 14.2943 0.06
53886.573822 0.590652357509 14.3281 0.062
53765.69865 0.595361196366 14.3654 0.065
54866.744834 0.595514999209 14.3281 0.066
54936.653372 0.596104119033 14.2918 0.065
54866.754833 0.602380510982 14.2832 0.065
53765.711465 0.604160229606 14.4848 0.07
54866.764673 0.609136850199 14.3722 0.066
53733.680643 0.611162378726 14.3996 0.071
53733.688395 0.616485055718 14.4055 0.071
53733.696163 0.621818718631 14.3611 0.07
56464.471667 0.626456149023 14.3668 0.059
53733.703921 0.627145515343 14.4297 0.071
55360.517484 0.629612540428 14.3255 0.063
56464.483 0.634237611662 14.3219 0.059
56464.494477 0.642117947557 14.3979 0.059
55360.538789 0.644240976098 14.413 0.064
56464.507104 0.650787896264 14.3721 0.059
54186.691195 0.657194745985 14.3083 0.069
54186.701591 0.664332845832 14.3204 0.07
54186.71201 0.67148673794 14.2858 0.069
55031.431068 0.672350505695 14.4315 0.068
55031.438664 0.677566069995 14.3288 0.067
54186.722406 0.678624837787 14.2969 0.069
55031.446249 0.682774081475 14.3678 0.068
55031.453857 0.687997885212 14.2925 0.067
53806.613694 0.688442128247 14.2868 0.065
53806.623745 0.695343344249 14.2855 0.065
53806.633205 0.701838767929 14.3034 0.065
54227.539942 0.704754842389 14.3026 0.065
53806.642743 0.708387747954 14.2793 0.065
54227.552997 0.713718664387 14.2839 0.064
54227.566032 0.722668753993 14.3569 0.068
54227.579093 0.731636695711 14.231 0.065
56387.471673 0.756732650834 14.2693 0.061
54980.585386 0.760696507165 14.2332 0.06
56387.482271 0.76400944789 14.2534 0.061
54980.593241 0.766089906004 14.2676 0.06
55264.594339 0.76687814558 14.2525 0.063
54597.560378 0.768127107066 14.2645 0.06
56387.493079 0.771430435111 14.2709 0.062
54980.601205 0.771558146401 14.2549 0.06
54597.572263 0.776287583855 14.2493 0.06
54980.609056 0.77694879876 14.2509 0.06
56387.503926 0.778878200506 14.2365 0.061
54948.572836 0.780244573987 14.4 0.075
54597.584129 0.784435014868 14.2079 0.06
54948.581226 0.786005314439 14.2119 0.065
54948.58977 0.791871794343 14.2658 0.071
53936.385545 0.792369593726 14.2548 0.063
54597.595995 0.79258244588 14.2483 0.06
53936.396422 0.799837957717 14.242 0.063
53936.407263 0.807281603396 14.2343 0.063
54322.366378 0.814467080011 14.2626 0.063
53936.418122 0.814737608231 14.2436 0.063
54616.562585 0.815419421729 14.2247 0.058
55739.45688 0.816919686076 14.2332 0.06
54322.37291 0.818952080801 14.2438 0.063
54948.632092 0.820930919178 14.2391 0.066
55739.46536 0.822742222316 14.2357 0.059
54322.379527 0.823495444276 14.268 0.063
54616.57584 0.824520567696 14.2204 0.058
54322.386115 0.828018895779 14.2507 0.063
55739.473854 0.828574371231 14.2331 0.06
54616.589164 0.833669090433 14.2156 0.058
55739.482451 0.834477241988 14.194 0.059
54616.602505 0.842829285712 14.2 0.058
56441.486582 0.844440782471 14.2637 0.058
53569.454593 0.850298336322 14.2742 0.069
56441.497929 0.852231857786 14.2024 0.06
53569.46173 0.855198742115 14.1605 0.068
53569.468918 0.860134165516 14.255 0.069
56441.509759 0.860354570486 14.2164 0.058
55321.532982 0.862080046139 14.2294 0.06
53569.476092 0.865059976241 14.2438 0.069
55216.676584 0.865596912958 14.1998 0.066
56441.522828 0.869328005165 14.229 0.058
55615.755978 0.881426246731 14.2306 0.062
55216.704309 0.884633448 14.2056 0.066
55707.523379 0.890744364567 14.2088 0.059
53850.601433 0.891296406921 14.2326 0.059
55321.575646 0.891373994959 14.2367 0.06
55707.531924 0.896611531096 14.2465 0.06
55615.781035 0.898630880041 14.2645 0.062
55796.37881 0.900646109271 14.2554 0.061
55707.540416 0.902442306771 14.1975 0.059
53850.618549 0.903048592086 14.2216 0.059
55796.384116 0.904289314137 14.2494 0.061
55796.389454 0.907954490835 14.2985 0.062
55707.548926 0.908285441602 14.2084 0.06
55796.39481 0.911632026695 14.2784 0.062
53850.6357 0.914824808948 14.2405 0.059
53850.652867 0.926612011726 14.2532 0.059
53872.510728 0.934653016665 14.3182 0.066
53872.519953 0.940987084683 14.2545 0.065
55675.562699 0.94590740245 14.3235 0.063
53872.529103 0.94726965621 14.2537 0.065
53872.538319 0.953597544647 14.2247 0.065
54644.438144 0.955331259742 14.2529 0.06
54644.447991 0.962092405299 14.245 0.06
54536.681251 0.967310716078 14.2472 0.067
54644.457809 0.968833638879 14.241 0.06
55675.598393 0.970415610989 14.2768 0.063
55397.424393 0.97062846314 14.3 0.06
54536.690774 0.973849396807 14.2738 0.067
54644.467579 0.975541914706 14.2405 0.06
54536.700408 0.980464292334 14.2223 0.067
56412.559896 0.982804292747 14.2384 0.06
54536.709938 0.987007779403 14.2574 0.067
56412.570696 0.990219787013 14.2594 0.06
56358.683667 0.990316600407 14.264 0.06
55397.454668 0.99141587877 14.2933 0.06
56412.581514 0.99764764043 14.2497 0.06
56358.696324 0.999007147711 14.2462 0.06
