54324.451645 0.00521266867043 13.8114 0.058
54947.631795 0.00651262448265 13.7098 0.061
54928.559205 0.00745290871722 13.7229 0.057
53900.566204 0.0084882490299 13.7347 0.062
54993.564107 0.010417630076 13.7116 0.057
55978.741547 0.0126681464604 13.7786 0.058
55360.622201 0.0129918508733 13.7253 0.057
53877.604906 0.0190163496506 13.6826 0.058
53962.460894 0.0210613394333 13.7276 0.06
55320.534287 0.023828241425 13.6875 0.062
53863.594457 0.0250151575931 13.6748 0.06
56148.456871 0.0253594146735 13.7484 0.056
54928.567134 0.0278231649046 13.6591 0.056
54947.640224 0.028167421991 13.6387 0.06
54324.464847 0.0391296975827 13.6761 0.057
53962.469647 0.0435485196972 13.6437 0.059
55978.754373 0.0456192003125 13.2367 0.06
53877.615852 0.0471375281457 13.6086 0.057
54928.575079 0.0482345264281 13.5931 0.056
55272.670509 0.0578274809791 13.5969 0.061
54119.73002 0.0584414917266 13.6249 0.063
54906.782888 0.0622951156717 13.5672 0.06
54928.58301 0.0686099207825 13.5609 0.056
56415.496056 0.0710916546091 13.5453 0.058
55978.767192 0.0785522705613 13.6099 0.058
54906.789725 0.0798599336286 13.5527 0.06
54119.738643 0.0805946912474 13.5923 0.063
56415.502079 0.0865652392872 13.5239 0.058
54906.796637 0.0976174327734 13.5348 0.06
55320.563144 0.0979642589295 13.5468 0.061
56415.508429 0.102878914009 13.4995 0.059
54119.747322 0.102891759426 13.5577 0.062
53556.513912 0.109720381059 13.5331 0.062
54174.634314 0.112109627908 13.5075 0.059
53588.433675 0.114229121073 13.5446 0.058
54906.80343 0.115069211094 13.4992 0.059
55325.630003 0.115143714486 13.5011 0.058
56415.514423 0.118277995303 13.4688 0.059
54119.75607 0.125366094291 13.5442 0.062
53556.520281 0.12608286833 13.5387 0.062
53588.441878 0.135303305897 13.5341 0.058
53556.526644 0.142429941118 13.5274 0.062
54681.44258 0.144423549253 13.5166 0.057
54174.647149 0.145083803475 13.4974 0.059
53872.597265 0.153972829381 13.471 0.059
53588.449915 0.15595102301 13.5065 0.058
54596.592348 0.157166199097 13.4732 0.056
53556.533004 0.158769306656 13.5082 0.061
53854.695023 0.161633833799 13.492 0.059
54681.450483 0.164727009289 13.5092 0.057
53588.457862 0.1763675227 13.4893 0.058
53872.606938 0.178823565681 13.4593 0.059
54174.660301 0.178872378268 13.4875 0.058
53854.702325 0.180393275173 13.5015 0.059
54681.45837 0.184989364006 13.4926 0.057
54596.604516 0.188426796566 13.4793 0.056
56443.568409 0.191286185535 13.4416 0.056
53854.709613 0.199116749396 13.5069 0.06
53872.616634 0.203733390884 13.476 0.059
54681.466279 0.205308238542 13.5054 0.057
56443.57688 0.213048884514 13.4281 0.056
54174.673689 0.213267256543 13.4825 0.058
53854.716894 0.217822240035 13.5101 0.06
54596.616824 0.220047065594 13.4887 0.056
54681.474171 0.225583438678 13.5166 0.057
53913.496128 0.226531430162 13.5092 0.061
53872.626293 0.228548160034 13.5108 0.06
56386.75452 0.231710700757 13.4925 0.055
55634.735466 0.232620155998 13.5194 0.058
54236.572418 0.236216871696 13.5081 0.062
56443.586759 0.238428851828 13.4805 0.058
54344.395639 0.242981266262 13.5255 0.058
53913.504668 0.248471395845 13.5249 0.061
54596.629085 0.251546587753 13.5827 0.057
54236.580971 0.258190235446 13.5625 0.063
56443.596814 0.26426097769 13.5037 0.058
56386.767284 0.264502471469 13.5109 0.055
54344.405457 0.26820451954 13.5372 0.058
53913.513254 0.270529539314 13.5508 0.061
54236.589526 0.280168737364 13.5927 0.063
55654.606599 0.28320282394 13.5887 0.055
56411.687819 0.287416119457 13.5123 0.055
53913.521801 0.292487488582 13.5896 0.061
54344.415275 0.293427772817 13.567 0.059
56386.780213 0.297718140809 13.5502 0.055
54236.59806 0.302093288527 13.6194 0.063
56411.698463 0.314761434996 13.6328 0.063
54344.425078 0.31861248986 13.603 0.059
53613.425287 0.319745455296 13.6218 0.066
55022.490117 0.323727533383 13.6372 0.057
54298.497015 0.325623516364 13.6433 0.059
56386.793073 0.330756543463 13.6284 0.056
54919.735939 0.339753470834 13.7194 0.061
53613.433864 0.341780477031 13.653 0.066
56411.709282 0.342556339999 13.6748 0.056
55654.632665 0.350168531822 13.7582 0.056
54206.647199 0.355856480773 13.7688 0.064
55022.503857 0.359026728752 13.7704 0.057
54919.744653 0.362140456897 13.8047 0.061
53613.442467 0.36388229492 13.7445 0.068
54937.650565 0.363907985753 13.8486 0.062
56411.720129 0.370423179302 13.7848 0.056
56028.705715 0.374744376277 13.8194 0.055
54206.65718 0.38149849453 13.8948 0.065
54919.753175 0.384034179078 13.9204 0.062
53613.451039 0.385904471238 13.9009 0.072
55675.666135 0.386890998969 13.9447 0.059
55306.663608 0.388907728842 13.9837 0.058
54937.660757 0.390092075924 13.9539 0.063
55416.431131 0.390744622911 13.9129 0.06
55022.517606 0.394349045854 13.954 0.058
54919.761627 0.405748065488 13.9924 0.063
54206.667303 0.407505318014 13.9817 0.066
56028.719656 0.410559957261 13.9811 0.056
55737.569828 0.422593540306 13.9788 0.059
54206.677481 0.433653441034 13.9593 0.066
54000.381102 0.441209113056 13.9814 0.067
55737.57832 0.444410190018 13.9811 0.059
55416.452868 0.44658877209 13.9965 0.061
56028.733793 0.446879078425 13.9746 0.056
54000.384963 0.451128341091 13.976 0.067
55718.51117 0.459326283773 13.9198 0.058
54000.388837 0.461080967212 13.9907 0.067
53919.427648 0.465096443362 13.9055 0.064
55737.586887 0.466419520919 13.9095 0.058
54000.392707 0.471023316999 13.9618 0.067
54955.597725 0.471645034998 13.8345 0.059
53576.507475 0.474835835623 13.8951 0.063
56028.748118 0.483681187138 13.8018 0.055
53919.436192 0.48704668538 13.8115 0.063
55737.595392 0.488269568718 13.8293 0.058
54231.611262 0.490597157571 13.7511 0.064
53576.514034 0.49168644861 13.8154 0.062
56092.587469 0.492249077703 13.7697 0.059
55718.525298 0.495622283204 13.8009 0.058
54955.608494 0.499311485862 13.7266 0.058
54937.705109 0.504036028828 13.6248 0.061
54227.725435 0.507586501021 13.7549 0.061
53919.4447 0.50890444041 13.732 0.063
53772.700664 0.511350207085 13.7465 0.064
56092.59618 0.514628356515 13.6625 0.058
54227.729617 0.51833040458 13.7053 0.061
54231.623235 0.521356783925 13.6707 0.064
54955.619295 0.527060147362 13.6606 0.058
54937.715327 0.530286915151 13.6655 0.061
53919.453227 0.530811008008 13.6706 0.063
55718.539493 0.532090411155 13.669 0.058
53772.709351 0.533667827894 13.6679 0.063
56092.604882 0.536984513577 13.6297 0.058
54614.647101 0.541318555984 13.6195 0.056
54650.460895 0.549914706455 13.6169 0.056
54231.635265 0.552262847983 13.6061 0.063
54955.630044 0.554675216575 13.6186 0.058
53772.718028 0.555959757905 13.6184 0.062
54937.725528 0.556494127092 13.6347 0.06
56092.613569 0.559302134404 13.5934 0.058
54265.503928 0.563656729458 13.5828 0.055
54650.468893 0.570462229348 13.5797 0.055
54614.659007 0.571906053799 13.5729 0.056
53772.726441 0.577573450077 13.5956 0.062
53928.425997 0.582598575704 13.5896 0.061
54155.744529 0.582691062691 13.5941 0.063
54937.73578 0.582832362235 13.5782 0.06
54231.647271 0.583107254073 13.5652 0.063
54265.51464 0.591176742619 13.5606 0.055
54650.47703 0.591366854736 13.5609 0.055
55220.722343 0.598696447483 13.6558 0.071
55718.565596 0.599151175107 13.5703 0.061
54614.670933 0.602544933266 13.5505 0.055
53928.434485 0.604404949083 13.5664 0.061
54155.753498 0.605733164804 13.5563 0.063
54650.485045 0.61195805203 13.5415 0.055
54265.52534 0.618665926779 13.5318 0.054
53928.443006 0.626296102199 13.5636 0.061
54155.761606 0.626563286789 13.5536 0.063
55773.459775 0.626833040473 13.523 0.057
54964.612476 0.631285260672 13.5332 0.06
54614.682858 0.633181243649 13.5196 0.055
54491.685513 0.642838425254 13.5092 0.059
54265.536047 0.646173094523 13.5098 0.054
54155.769636 0.647193020317 13.5381 0.062
53928.451558 0.648266896866 13.5306 0.061
55773.468638 0.649602819829 13.5056 0.057
56181.396571 0.650170587088 13.5229 0.057
54964.620093 0.650853963069 13.5205 0.06
54187.68977 0.652654889992 13.5245 0.062
56474.498699 0.653757026458 13.514 0.055
56181.403706 0.668500991667 13.5239 0.057
54491.696207 0.670312194931 13.5008 0.059
54964.627703 0.670404681899 13.5268 0.06
55773.477562 0.672529313241 13.5072 0.057
54643.502725 0.673801009139 13.5095 0.057
55220.752182 0.675355304127 13.524 0.061
53804.683664 0.678320025484 13.5328 0.06
54187.701122 0.681819116034 13.5223 0.062
56474.510764 0.6847530084 13.5161 0.055
56181.410869 0.686903330565 13.5018 0.057
54964.635352 0.690055594949 13.5262 0.06
53804.689679 0.693773057531 13.5322 0.06
55773.486521 0.695545724538 13.5177 0.057
54535.691329 0.697416016699 13.5347 0.061
54491.706967 0.697955524045 13.5155 0.059
54643.513604 0.701750059096 13.5277 0.057
55005.511735 0.704861218164 13.526 0.056
56181.418075 0.705416140016 13.5153 0.057
54860.713239 0.705560008632 13.5396 0.059
53804.696183 0.710482370963 13.5408 0.06
53820.656488 0.713824747468 13.5449 0.059
56474.522843 0.715784957512 13.5144 0.055
56364.757881 0.720527484048 13.5045 0.059
53605.408551 0.724088232583 13.5432 0.06
54491.717684 0.725488382623 13.5259 0.059
53804.70241 0.726480048507 13.5359 0.06
54860.722514 0.729388250054 13.5597 0.06
54643.524641 0.730105024115 13.5414 0.057
55005.521603 0.730212925579 13.5523 0.056
54535.705399 0.733563009325 13.5682 0.062
56364.763573 0.735150702386 13.5117 0.059
53946.392513 0.740062788384 13.5688 0.057
53605.415318 0.74147321475 13.5464 0.06
53820.667726 0.742696098084 13.5747 0.06
55381.537477 0.74606416541 13.529 0.059
56474.534894 0.746744972305 13.5367 0.055
56364.769316 0.749904943946 13.5249 0.063
54860.731843 0.753355221929 13.5653 0.06
55353.51504 0.754107963132 13.6119 0.061
55005.53149 0.755613445562 13.5734 0.056
54643.535587 0.758226202591 13.5779 0.057
53605.421993 0.75862184133 13.5786 0.06
54535.716103 0.761062469818 13.596 0.062
53946.403695 0.76879027038 13.6094 0.057
53820.678988 0.771629106685 13.6554 0.07
53605.428652 0.775729362573 13.5953 0.06
54860.74119 0.777368437288 13.6037 0.06
55005.541337 0.780911202242 13.6037 0.056
54535.72605 0.786617134755 13.6194 0.062
56116.446819 0.788890772883 13.5969 0.055
56068.570292 0.790136777959 13.6194 0.056
54256.639496 0.790198435959 13.6212 0.06
53946.414863 0.797481785207 13.6526 0.057
53820.68977 0.799328955617 13.7402 0.082
56116.455288 0.810648333694 13.6427 0.056
56068.580977 0.817587425884 13.6832 0.056
53831.596278 0.8190492339 13.7273 0.061
56432.524925 0.819663244651 13.6441 0.056
54256.653073 0.825078870848 13.7237 0.061
53946.426038 0.826191283618 13.7335 0.057
55381.570334 0.830476513445 13.7503 0.06
56116.463716 0.832300562119 13.7047 0.056
54892.681829 0.835509346333 13.7824 0.062
56432.532327 0.8386795943 13.7058 0.056
53831.604093 0.83912661468 13.8098 0.061
56400.616707 0.844814563626 13.7362 0.055
56068.591727 0.845205064181 13.7945 0.057
54262.499609 0.84531296565 13.8314 0.057
55353.552356 0.849975850631 13.8537 0.066
54892.688696 0.853151236757 13.7104 0.065
56116.472341 0.854458899825 13.7992 0.056
54301.427624 0.854600199378 13.8408 0.058
56432.539462 0.857009998879 13.7827 0.056
53831.612094 0.859681844805 13.9013 0.062
54256.666689 0.860059499956 13.8936 0.063
54892.69574 0.871247854831 13.9221 0.063
56068.602397 0.872617175873 13.9138 0.057
54262.510309 0.872802149809 13.9674 0.057
54301.435598 0.875086064266 13.957 0.059
56432.546731 0.875684660535 13.8822 0.057
53900.514842 0.876535026872 14.002 0.065
56400.629624 0.877999403983 13.9056 0.056
53831.620115 0.8802884566 14.0189 0.063
54892.702864 0.889549999491 14.0548 0.064
54301.443556 0.895530823857 14.0712 0.06
54262.520989 0.900239952317 14.0751 0.058
53900.525249 0.903271469827 14.083 0.066
56400.642531 0.911158553506 14.0299 0.057
54301.451503 0.915947323529 14.0888 0.06
54993.528717 0.919497795737 14.0823 0.059
54262.531762 0.927916679516 14.0808 0.058
53863.559307 0.934711903089 14.1106 0.064
54324.424904 0.936512830005 14.0864 0.06
56400.655479 0.944423035433 14.0495 0.057
56148.426771 0.948030027442 14.0921 0.057
54256.701468 0.949409624817 14.0331 0.065
54993.540521 0.949823247129 14.0034 0.058
54262.542457 0.955393018277 14.0264 0.058
54947.614825 0.962915292207 13.9289 0.063
53877.58309 0.96296924295 13.946 0.059
53863.571217 0.96530967722 13.9427 0.063
54324.438221 0.970725303408 14.0048 0.059
56148.436948 0.974175581397 14.0172 0.057
53962.443408 0.97613836052 13.9554 0.061
54993.552277 0.98002538255 13.8428 0.057
55978.728932 0.980259169059 13.8043 0.064
53900.555611 0.981273956712 13.839 0.063
54947.623326 0.984755063672 13.7941 0.061
53877.593961 0.990897740239 13.7886 0.058
53863.582828 0.995139295664 13.78 0.061
53962.452144 0.998581866401 13.8322 0.06
56148.446901 0.999745660835 13.8766 0.056
