55657.456902 0.0114675656549 15.6169 0.076
55326.429168 0.0145687202064 15.5473 0.092
54942.445748 0.0208096955615 15.5847 0.078
55326.456239 0.022746331235 15.594 0.094
54942.453762 0.0232305656728 15.5648 0.077
55657.499237 0.0242561276948 15.6223 0.076
54942.46179 0.0256556649073 15.5663 0.077
54942.46982 0.0280813683 15.611 0.078
54247.361543 0.0496870449899 15.5548 0.097
54247.371818 0.0527909182615 15.6018 0.098
54247.382071 0.0558881457702 15.5746 0.098
54247.392357 0.058995341922 15.5606 0.098
54919.478728 0.0829294522069 15.552 0.086
54919.488429 0.0858599314858 15.5271 0.086
55518.670124 0.0867404950462 15.5829 0.091
54919.498074 0.0887734942809 15.5496 0.087
54919.507741 0.0916937028365 15.5499 0.087
55518.704208 0.0970365939854 15.5784 0.091
54929.566474 0.130237012063 15.5976 0.107
54929.572898 0.132177574778 15.634 0.109
54492.604425 0.132687183946 15.5883 0.096
54929.579368 0.134132033179 15.576 0.106
54929.585935 0.136115793352 15.5953 0.108
54492.616821 0.136431769162 15.5867 0.097
54492.629012 0.140114427949 15.6304 0.1
54492.640875 0.143698004456 15.5789 0.096
54181.574051 0.176593321612 15.5951 0.086
54181.583847 0.179552498504 15.5706 0.086
54181.593645 0.182512279556 15.5387 0.085
54012.772378 0.1849630556 15.5641 0.095
54181.603462 0.18547780013 15.5613 0.086
54012.774994 0.185753297203 15.5876 0.095
54012.777538 0.186521789038 15.6301 0.096
54012.780118 0.187301155758 15.5679 0.094
54595.462482 0.204061769343 15.5642 0.084
54595.470623 0.20652100363 15.5636 0.084
54595.478762 0.208979633756 15.5672 0.085
54999.348995 0.210149590076 15.5776 0.081
54595.48692 0.211444003407 15.5499 0.085
54999.358593 0.213048955102 15.568 0.08
54999.368266 0.215970976139 15.517 0.079
54999.377958 0.218898736698 15.5574 0.081
54615.397316 0.22597889064 15.5537 0.076
54615.403928 0.227976244417 15.5595 0.076
54615.41054 0.229973598195 15.5754 0.076
54615.41715 0.231970347814 15.5858 0.076
53774.590743 0.235025284105 15.574 0.096
54168.530263 0.236324228637 15.578 0.097
53774.599864 0.237780556914 15.5911 0.097
54168.540517 0.239421758226 15.5278 0.095
53774.608693 0.240447622326 15.5407 0.096
54168.550719 0.242503579648 15.5621 0.096
53774.622763 0.244697889666 15.4919 0.094
54168.560907 0.245581171948 15.5423 0.096
54903.483232 0.251008041371 15.5805 0.079
54903.493673 0.254162059942 15.6088 0.079
54241.427899 0.257251131289 15.5677 0.085
55128.734526 0.294946803689 15.8587 0.101
55244.599253 0.295377872025 15.9305 0.088
54208.495794 0.309116778133 15.9032 0.11
54208.504337 0.311697448629 15.9242 0.11
54208.512823 0.314260900559 15.7576 0.105
54423.688344 0.314508908342 15.9118 0.108
54423.697833 0.317375346635 15.8114 0.104
56383.485599 0.330306188412 15.9432 0.081
56383.49737 0.333861973547 15.8918 0.08
56383.509371 0.337487237113 15.8376 0.079
56383.52336 0.341713035964 15.7392 0.078
56277.644372 0.357775240304 15.5919 0.077
56277.654238 0.360755562805 15.586 0.077
56277.66472 0.363921966661 15.5803 0.077
56277.675896 0.367298014124 15.5953 0.077
54526.493096 0.36978111274 15.6046 0.093
54526.502262 0.372549979155 15.5597 0.092
54526.510885 0.375154816063 15.5907 0.092
54526.519515 0.37776176753 15.5937 0.092
54463.636912 0.382177272699 15.5811 0.106
54463.646882 0.385189011532 15.6172 0.107
54463.657312 0.388339707223 15.6137 0.106
54463.668746 0.391793691358 15.5828 0.105
54536.550636 0.40796404038 15.5539 0.091
54536.558747 0.410414212265 15.5497 0.091
54536.566886 0.412872842391 15.5702 0.092
54536.575064 0.415343253642 15.5239 0.091
55602.553106 0.426122076618 15.5511 0.091
55602.583592 0.435331291271 15.5665 0.09
55632.539853 0.484522320699 15.6028 0.081
56357.513819 0.484747672471 15.5897 0.076
56357.523644 0.487715609687 15.5888 0.076
56357.533299 0.490632193282 15.5899 0.076
54801.660524 0.492391810002 15.5589 0.091
56357.542862 0.493520985505 15.5862 0.076
54801.670183 0.495309601918 15.5422 0.123
55632.583679 0.497761284202 15.6353 0.085
54801.679921 0.498251258163 15.5372 0.096
54801.689775 0.501227955701 15.593 0.101
53818.553763 0.515379805339 15.5608 0.087
53818.562344 0.517971954879 15.5669 0.087
54864.642823 0.51809248485 15.5819 0.078
53818.570845 0.520539938012 15.5779 0.087
54864.655669 0.521973006118 15.5568 0.078
53818.579352 0.523109733624 15.5616 0.087
54864.668552 0.525864704353 15.5921 0.078
54758.754211 0.531247470077 15.6056 0.095
54758.758192 0.53245005105 15.5993 0.095
54758.762171 0.533652027863 15.6089 0.095
54758.766239 0.534880889805 15.6049 0.095
54884.563176 0.535635183876 15.626 0.079
54884.574758 0.539133875868 15.5687 0.078
54884.58633 0.542629547059 15.5788 0.078
54884.5979 0.546124614091 15.5526 0.077
53722.67454 0.552172258168 15.6023 0.096
53722.685442 0.555465535678 15.555 0.094
53858.413866 0.55632465155 15.5145 0.086
53722.695957 0.558641908179 15.5694 0.095
53858.422374 0.558894749242 15.5576 0.087
53858.430921 0.561476628059 15.5871 0.088
53722.706342 0.561779010262 15.5539 0.094
53858.439493 0.564066058879 15.557 0.087
54967.436629 0.570058120215 15.5642 0.094
54967.444214 0.572349397954 15.6798 0.18
53742.693545 0.599515765561 15.6135 0.074
53742.708349 0.603987759712 15.5952 0.074
53742.723154 0.608460055943 15.5928 0.074
53742.737967 0.612934768817 15.62 0.075
54196.451315 0.670719071524 15.4737 0.083
54196.461906 0.673918402114 15.5243 0.084
54974.402674 0.674361855736 15.5713 0.08
54196.472244 0.677041306434 15.5296 0.084
54974.41292 0.677456968686 15.542 0.079
54974.417209 0.678752590335 15.584 0.08
54974.421501 0.680049118226 15.5429 0.079
54196.482573 0.680161492033 15.527 0.084
54226.425403 0.72529528332 15.529 0.084
55676.381474 0.728204616991 15.6213 0.082
54226.435219 0.728260501814 15.55 0.085
54226.445033 0.731225116149 15.5181 0.084
54226.454829 0.734184293041 15.5697 0.085
55676.416191 0.738691932646 15.6119 0.081
55696.384956 0.770858934623 15.6193 0.081
55696.397302 0.774588415829 15.5914 0.08
56421.428923 0.792230197136 15.7138 0.078
56421.437979 0.794965834737 15.7313 0.078
56421.450413 0.798721898994 15.8366 0.08
56421.459495 0.801465390679 15.8213 0.08
53756.735746 0.841385581109 15.5516 0.078
53756.738403 0.842188208 15.5283 0.078
53756.741056 0.842989626567 15.5306 0.078
53756.743707 0.843790440975 15.5477 0.078
54832.64817 0.853143747846 15.5672 0.088
54895.549194 0.854292860637 15.5656 0.079
54895.553442 0.855576097001 15.5662 0.079
54895.557691 0.856859635449 15.5625 0.078
54832.66092 0.856995269424 15.5625 0.094
54895.561941 0.858143475974 15.5625 0.079
54832.673213 0.860708740385 15.5865 0.076
54905.505177 0.86179743715 15.5569 0.078
54832.685461 0.86440861774 15.543 0.075
54905.515421 0.864891945937 15.5223 0.077
54905.525576 0.867959569595 15.5786 0.079
55567.607687 0.869805581232 15.5809 0.08
54905.535743 0.871030818213 15.5903 0.079
55567.636884 0.878625414603 15.5925 0.08
53773.505203 0.907105226589 15.5695 0.097
53773.513699 0.909671699321 15.5886 0.097
53773.522326 0.912277744547 15.5443 0.096
53773.531023 0.914904935384 15.5709 0.096
54137.675413 0.915687322903 15.6188 0.101
54137.683968 0.918271618362 15.6158 0.101
55266.530079 0.920244503649 15.5986 0.076
54137.692532 0.920858632542 15.6081 0.101
54137.701071 0.92343809472 15.6634 0.104
56064.369978 0.931819911913 15.5829 0.073
56064.381906 0.935423123628 15.5863 0.073
56064.393873 0.939038116469 15.599 0.073
56064.405819 0.942646765626 15.619 0.074
54114.614 0.949292830429 15.5555 0.097
54114.623114 0.952045988677 15.5051 0.096
54114.631562 0.954597961562 15.5337 0.097
54114.639501 0.956996175663 15.5283 0.097
54392.721033 0.959899769814 15.583 0.1
54392.729604 0.962488898554 15.5388 0.098
54392.738156 0.965072287772 15.5567 0.098
54392.746749 0.967668062275 15.5814 0.098
54061.709991 0.96804324579 15.5984 0.086
