53900.63919 0.00274276242121 13.7336 0.063
56406.741123 0.0130874936588 13.91 0.057
53900.648156 0.0236184906066 13.7474 0.063
56364.657865 0.0297443037685 13.8436 0.059
53578.531174 0.0318095247082 13.7517 0.062
53885.621586 0.0369364880598 13.764 0.057
53892.493639 0.0372834079217 13.8378 0.062
55412.473362 0.038347450718 13.7999 0.063
55737.602818 0.0441635971657 13.767 0.057
53900.657167 0.0445989932321 13.7291 0.063
53578.538223 0.048221861085 13.7636 0.062
56097.52481 0.0581800910009 13.7974 0.059
55737.60921 0.0590462264992 13.7843 0.058
56364.670499 0.0591603142339 13.8488 0.059
53892.503361 0.0599193469627 13.853 0.063
54598.593244 0.0639869241596 13.6347 0.057
53578.545239 0.064557362852 13.7821 0.062
53885.633509 0.0646970621265 13.7643 0.057
55446.415867 0.0674025714097 13.7555 0.058
55737.615684 0.0741197781538 13.795 0.058
55243.699953 0.0796355711714 13.7876 0.06
53578.552255 0.080892864636 13.7869 0.062
53892.512441 0.081060503757 13.845 0.063
56097.537449 0.0876077430763 13.7977 0.06
56364.683276 0.0889092746467 13.8193 0.059
55737.622049 0.0889395428097 13.7997 0.058
54598.604775 0.0908347962986 13.6519 0.057
53885.645466 0.092536799125 13.7866 0.057
53919.577499 0.0972097398351 13.8452 0.065
53892.521117 0.101261018776 13.8495 0.063
54266.611854 0.104667352755 13.8065 0.064
53913.569182 0.10791768919 13.7851 0.063
54291.527166 0.115517329698 13.8289 0.064
56097.550187 0.117265898947 13.8147 0.062
54598.616322 0.11771992159 13.69 0.057
56364.695887 0.118271733722 13.8305 0.059
54957.67376 0.118776979421 13.8211 0.058
53885.657373 0.120260120056 13.7773 0.057
53919.588822 0.123573321163 13.8815 0.065
54266.621525 0.127184547407 13.82 0.064
54190.60235 0.130125217122 13.8838 0.066
56088.536534 0.130586224722 13.841 0.059
53913.579429 0.131775996869 13.7972 0.063
54291.535785 0.135585130413 13.8438 0.064
55446.446066 0.137715544335 13.7793 0.059
54598.627801 0.144446721035 13.7061 0.057
54957.685487 0.146081202541 13.8334 0.058
56097.56292 0.146912413208 13.8527 0.066
54266.630957 0.149145273282 13.8086 0.064
54190.610889 0.150006752143 13.887 0.066
53919.600252 0.150186032862 13.8866 0.065
56088.546698 0.154251281741 13.8241 0.059
54291.544335 0.155492276959 13.8494 0.065
53913.589655 0.15558540982 13.8189 0.064
55394.485905 0.157769375132 13.8406 0.06
55320.615459 0.163641401282 13.8196 0.064
54190.619437 0.169909242045 13.865 0.066
54266.640481 0.171320204715 13.836 0.064
54957.697244 0.173455275288 13.8525 0.058
54291.552877 0.175380796946 13.8674 0.065
53919.611677 0.176787102969 13.892 0.065
56088.556992 0.178219020521 13.8614 0.059
53913.600004 0.17968120626 13.8375 0.064
54190.628042 0.189944446251 13.9198 0.066
54957.708996 0.200817706424 13.8646 0.058
56088.567236 0.202070343251 13.8643 0.059
55685.704131 0.207348647479 13.8426 0.06
53772.739695 0.211632758544 13.8272 0.065
54261.5089 0.223351199324 13.9219 0.063
53957.428928 0.227495611121 13.9163 0.065
55320.646896 0.236836835905 13.9003 0.065
53772.751308 0.238671553038 13.8596 0.065
55219.719982 0.246559905386 13.8676 0.065
55394.52424 0.247025569625 13.926 0.06
53957.438433 0.249626304453 13.9135 0.065
54261.520316 0.249931314532 13.9209 0.063
53772.762696 0.265186475247 13.844 0.065
55806.417873 0.267717360429 13.9769 0.06
53957.447945 0.271773296022 13.9718 0.065
54261.531143 0.275140048526 13.9432 0.064
54233.618128 0.284674523983 13.8821 0.066
53607.416786 0.286793296305 13.9145 0.063
55806.426688 0.288241512108 14.0383 0.06
55219.738749 0.290255509968 13.9054 0.066
53772.774062 0.291650174388 13.9312 0.066
54890.74714 0.292106525356 13.8923 0.063
53957.457409 0.293808528184 13.9779 0.066
54979.655311 0.298888925116 13.8495 0.06
54261.542002 0.300423288809 13.9601 0.063
55685.744993 0.302488509739 14.012 0.061
54890.753906 0.307859946821 13.898 0.063
55806.435523 0.30881223021 14.0287 0.06
53607.426737 0.309962420903 13.9341 0.064
54233.629361 0.310828556397 13.902 0.066
53818.738563 0.311773854817 13.9682 0.063
55769.500883 0.313105654566 14.0356 0.058
54890.760694 0.323664591353 13.9218 0.063
54979.66669 0.325382892427 13.882 0.06
55806.444417 0.329520319261 14.0344 0.06
55326.700019 0.330451647765 13.9719 0.066
53818.747711 0.333073337474 13.9829 0.063
53607.436709 0.333180440246 13.9619 0.064
54233.64071 0.33725267408 13.9328 0.067
55769.512127 0.339285298522 14.0326 0.058
54890.76744 0.339371446411 13.9202 0.063
53997.421932 0.34405602872 14.0245 0.068
53982.392742 0.351273824559 14.0312 0.066
54979.6782 0.352181869837 13.8984 0.06
53818.756763 0.354149301269 14.0228 0.064
53997.427218 0.356363534761 14.0345 0.068
53607.446685 0.356407772878 14.0007 0.064
55326.712044 0.358449710593 14.0767 0.071
55032.510299 0.362279799026 14.0083 0.065
54233.652158 0.363907295559 13.9549 0.067
55274.745819 0.364384601427 14.0189 0.066
55769.523434 0.365611626715 14.042 0.058
53997.432522 0.368712950599 14.057 0.068
53982.401187 0.370936497378 14.0172 0.066
53818.765495 0.374480202288 14.0334 0.064
55032.517425 0.378871416131 13.9969 0.065
54979.689769 0.379118218179 13.8954 0.06
53997.437855 0.381129887724 14.0504 0.068
54246.544803 0.382126409213 14.0371 0.068
54909.683975 0.383141557278 14.0342 0.065
54673.462338 0.38328824151 13.9227 0.063
54642.540636 0.387632888933 13.9699 0.059
53982.409649 0.390638751654 14.0831 0.066
55769.534782 0.392033416076 14.064 0.058
54378.404686 0.394291887671 14.0219 0.069
55032.524517 0.395383870321 14.0312 0.065
54673.470411 0.402084778841 13.9426 0.063
54246.553902 0.403311804126 14.0426 0.068
54909.693018 0.404196566191 14.0231 0.065
54378.409087 0.404538829417 14.0115 0.069
55103.395994 0.406948641891 14.0154 0.062
53982.41813 0.410385244031 14.0766 0.067
55032.531608 0.411893996189 14.0147 0.065
54378.413488 0.414785771163 14.0307 0.069
54642.55287 0.416117570912 13.9886 0.059
55103.400758 0.41804076426 14.0319 0.062
54673.478495 0.420906927698 13.9352 0.063
54246.56267 0.423726524703 14.0652 0.068
54378.417909 0.42507927935 14.061 0.07
54909.702111 0.425367991172 14.042 0.065
55032.538707 0.428422748633 14.025 0.065
55103.405521 0.42913055829 14.035 0.062
54673.48657 0.439708121656 13.9589 0.063
55103.410296 0.440248292185 14.0793 0.063
54246.571257 0.443719819147 14.069 0.068
54642.565032 0.444434613755 13.9957 0.06
54710.425724 0.44592473935 13.9882 0.058
56126.467548 0.4461715414 14.0858 0.059
54909.711292 0.446744308423 14.0573 0.065
55714.585505 0.452464993701 14.0663 0.059
54998.620714 0.456439438033 14.0216 0.059
56126.474594 0.462576892811 14.1011 0.059
54710.433653 0.464385998411 13.9802 0.058
54642.577187 0.472735358362 14.0201 0.06
54998.62862 0.474847145722 14.0277 0.059
53831.693452 0.474916995351 14.0358 0.064
56126.481698 0.479117286865 14.0818 0.059
54949.668329 0.479561996214 13.9764 0.056
54710.441605 0.482900808863 14.0071 0.058
55714.598595 0.482942718652 14.0627 0.059
53561.546371 0.485732047475 14.0481 0.065
54274.507883 0.489159336335 13.9611 0.065
55655.760735 0.48950392789 14.0473 0.062
54998.636618 0.493469058936 14.0254 0.06
56126.488788 0.495625084411 14.1105 0.059
53831.703242 0.497711260238 14.0361 0.064
54710.449545 0.501387679467 14.0177 0.058
54274.516764 0.509837157217 13.9741 0.066
54998.644608 0.512072345607 14.0238 0.06
55714.611445 0.512861646505 14.068 0.059
54949.684289 0.516722003098 13.8246 0.158
53831.712941 0.520293647873 14.0466 0.064
55012.394335 0.525853678978 14.1012 0.066
53967.43722 0.530014389029 14.0677 0.067
54274.525631 0.53048238159 13.9799 0.066
55012.399908 0.538829413219 14.0922 0.066
55714.624382 0.542983138306 14.0734 0.059
53831.722749 0.54312982254 14.0436 0.064
53967.44584 0.550084518065 14.0914 0.067
54274.534509 0.551153217505 13.9616 0.065
55012.405598 0.552077561035 14.1147 0.066
54614.69497 0.55397747116 13.9571 0.057
54348.412655 0.56320926486 14.0077 0.062
53877.687427 0.563665615815 13.9534 0.06
55012.411291 0.565332693817 14.0871 0.066
54614.700995 0.5680056066 13.9655 0.057
53967.454341 0.569877576866 14.0834 0.067
54614.706951 0.58187308787 13.9468 0.057
54348.420814 0.5822060378 14.0248 0.062
55655.803484 0.589037332298 13.9853 0.062
53967.462901 0.589808006632 14.0826 0.067
53877.698711 0.589938392618 13.9144 0.06
54965.60902 0.594611333349 14.0854 0.065
54172.763509 0.595572930002 14.0597 0.064
54614.712934 0.595803433819 13.8803 0.057
54348.428985 0.601230750605 14.0243 0.062
55355.593116 0.602862903785 14.032 0.062
54172.768097 0.606255267831 14.0615 0.064
53877.710212 0.61671641513 13.8595 0.059
54172.772641 0.616835159525 14.0485 0.064
54965.618594 0.616902680832 14.0785 0.065
54348.437157 0.620257791732 14.0 0.062
54172.777155 0.627345201575 14.0391 0.064
56431.489174 0.634500132723 14.0707 0.056
54965.628299 0.639499038416 14.0759 0.065
53877.721535 0.643079996458 13.8239 0.059
54965.637844 0.661722864577 14.0661 0.065
56431.501524 0.663254899954 14.0486 0.055
55355.621607 0.669199104068 13.8625 0.061
55767.50935 0.676177082804 13.7855 0.058
55302.79829 0.679548491948 13.9286 0.058
55767.515012 0.689360037638 13.8078 0.059
56431.514068 0.692461361506 14.0354 0.057
55767.520655 0.702498754353 13.7407 0.058
55767.526284 0.715604874576 13.6674 0.057
56431.526347 0.721050817941 13.9667 0.055
56495.525482 0.731595784805 13.967 0.058
56495.536106 0.756331869598 13.9703 0.059
54318.432369 0.759472774948 13.818 0.06
54318.44053 0.778474204533 13.8018 0.06
53599.471898 0.788541865556 13.9042 0.065
54318.448663 0.797410441134 13.8029 0.06
54953.672571 0.80272367019 13.5823 0.057
56173.437495 0.807296493083 13.5527 0.055
53599.480433 0.808414087272 13.8709 0.065
53618.381211 0.815496840472 13.7916 0.059
55746.524081 0.815729672603 13.7801 0.058
54318.456808 0.816374617583 13.7954 0.06
55632.71255 0.82592539127 13.8363 0.061
54953.683399 0.827934732506 13.5279 0.057
53599.489175 0.82876827151 13.8717 0.065
54349.388686 0.835722967026 13.5104 0.058
56173.449829 0.836014007178 13.5499 0.055
55746.537187 0.84624465069 13.7491 0.057
53599.497425 0.847976921687 13.8737 0.065
53618.396914 0.8520584688 13.8025 0.059
54953.694219 0.853127168247 13.4967 0.057
54349.39684 0.854708098374 13.5096 0.059
53633.432662 0.860109803631 13.8537 0.071
56173.462504 0.86552547883 13.603 0.056
53633.438185 0.872969121805 13.9025 0.072
55334.66406 0.873297415108 13.8668 0.061
54349.404994 0.873693229704 13.5196 0.059
55746.55044 0.877101891996 13.7429 0.058
54953.705136 0.878545451155 13.511 0.057
56059.653776 0.882247481923 13.8152 0.055
53633.443703 0.885816798369 13.8138 0.07
53928.507121 0.888238252465 13.6478 0.062
53618.41296 0.889418711328 13.818 0.059
54349.413178 0.892748210695 13.5334 0.059
56173.474605 0.893700494081 13.6166 0.056
53633.449214 0.898648176696 13.9056 0.072
55746.563776 0.908152383978 13.6926 0.057
53872.682301 0.910124472059 13.8214 0.062
53928.516547 0.910185008407 13.6601 0.062
56059.667831 0.914972036863 13.8009 0.055
56406.701796 0.9215216045 13.8907 0.057
53618.428757 0.926199201859 13.8343 0.059
55632.757107 0.929668400488 13.8549 0.073
53872.69092 0.930192272773 13.8371 0.062
53928.525965 0.932113137791 13.7057 0.063
55334.690904 0.935798870309 13.86 0.061
56059.681999 0.947959692108 13.7736 0.055
53872.699501 0.950171597285 13.8374 0.062
56406.715446 0.953303189343 13.9372 0.057
53928.53542 0.954127415055 13.7087 0.063
53872.708146 0.970299934339 13.8171 0.062
55412.446815 0.976537506938 13.8028 0.062
56059.696153 0.980914750844 13.7891 0.055
53900.630197 0.981804169558 13.74 0.063
56406.728318 0.983273340263 13.9075 0.057
