53957.428928 0.00804182702795 15.5558 0.094
54378.404686 0.0103437405323 15.6952 0.107
54274.507883 0.0162174862176 15.6173 0.097
55806.426688 0.0169699204799 15.67 0.081
53872.699501 0.0186205173807 15.5849 0.09
56431.501524 0.0198190588974 15.5971 0.067
53928.516547 0.0212198357184 15.6463 0.097
54378.409087 0.0234325277698 15.6486 0.105
56088.536534 0.0253210485346 15.5733 0.08
53957.438433 0.036310157581 15.6217 0.097
54378.413488 0.0365213150073 15.6536 0.106
54274.516764 0.0426300105351 15.5435 0.094
55806.435523 0.0432456385655 15.6811 0.082
53872.708146 0.0443311662421 15.5664 0.09
53928.525965 0.0492294240549 15.6111 0.095
54378.417909 0.0496695832341 15.6886 0.108
55334.690904 0.0518911974268 15.6276 0.086
53607.416786 0.0549723116206 15.5478 0.09
56088.546698 0.055549277011 15.5788 0.08
55655.803484 0.0562630486341 15.5601 0.084
56431.514068 0.0571255226867 15.5942 0.071
54909.683975 0.0606914067913 15.606 0.093
53957.447945 0.0645993064586 15.5768 0.095
53831.693452 0.0646439171843 15.6301 0.091
54274.525631 0.0690008981601 15.6645 0.098
55806.444417 0.0696968255043 15.6101 0.08
53928.53542 0.0773490521782 15.6256 0.096
53607.426737 0.0845670677784 15.5685 0.091
53900.630197 0.0858637528951 15.6475 0.096
56088.556992 0.0861641317873 15.5976 0.081
54909.693018 0.0875857269482 15.5275 0.091
53957.457409 0.092745701027 15.5727 0.095
56431.526347 0.0936438636504 15.6265 0.067
53831.703242 0.0937598515521 15.5983 0.09
54274.534509 0.0954045003293 15.5768 0.095
55685.744993 0.103761576492 15.6073 0.083
53900.63919 0.112609370644 15.6488 0.096
53607.436709 0.114224278953 15.6246 0.093
54909.702111 0.114628749535 15.6077 0.093
56088.567236 0.116630284156 15.6207 0.081
53831.712941 0.122605147484 15.7205 0.093
55219.719982 0.122798460647 15.7191 0.103
56059.653776 0.126599294561 15.6769 0.07
53900.648156 0.139274689079 15.6767 0.097
54909.711292 0.141933488387 15.6427 0.094
53607.446685 0.143893386326 15.572 0.091
53578.531174 0.147762623366 15.636 0.091
53831.722749 0.15177461472 15.7374 0.093
54979.655311 0.158835005754 15.6293 0.082
53900.657167 0.166073839675 15.7466 0.1
56059.667831 0.168399545569 15.6604 0.07
53578.538223 0.168726690912 15.6544 0.092
55103.395994 0.169621879483 15.5959 0.085
55219.738749 0.17861242795 15.6814 0.102
55103.400758 0.183790246328 15.5997 0.085
53578.545239 0.189592614847 15.7153 0.094
55320.615459 0.190835767105 15.6755 0.099
54979.66669 0.192676703091 15.6487 0.082
55769.500883 0.197836677164 15.6484 0.074
55103.405521 0.197955639102 15.6556 0.086
55302.79829 0.201711862293 15.6968 0.077
53578.552255 0.210458538804 15.6966 0.094
56059.681999 0.210535864059 15.7017 0.07
55103.410296 0.21215672047 15.6116 0.085
55355.593116 0.216082464412 15.7 0.088
56364.657865 0.223538403898 15.7498 0.082
54979.6782 0.226908000799 15.6692 0.083
55769.512127 0.231276877975 15.6827 0.075
53982.392742 0.251634239643 15.7256 0.099
56059.696153 0.252630545856 15.7476 0.071
56364.670499 0.261112532052 15.7901 0.082
54979.689769 0.261314767338 15.6437 0.083
56406.701796 0.264226360787 15.865 0.076
55769.523434 0.264904443838 15.7011 0.075
55767.50935 0.274921039022 15.8129 0.083
53982.401187 0.276750078829 15.7382 0.1
55320.646896 0.284330928322 15.8347 0.104
55326.700019 0.286612023501 15.8382 0.104
55767.515012 0.291760101373 15.8263 0.087
55769.534782 0.298653945685 15.7594 0.076
56364.683276 0.299111949149 15.8121 0.083
55355.621607 0.300816078906 15.8509 0.093
55412.446815 0.301738033932 15.7881 0.097
53982.409649 0.301916476833 15.7465 0.1
56406.715446 0.304822122175 15.8649 0.076
55767.520655 0.308542656785 15.7599 0.082
55326.712044 0.32237495614 15.7999 0.117
55767.526284 0.325283575526 15.7785 0.082
53982.41813 0.327139381756 15.8036 0.102
55446.415867 0.327344591115 15.7549 0.081
55737.602818 0.33144580392 15.8213 0.081
56364.695887 0.336617674187 15.7978 0.083
56406.728318 0.343104073863 15.8491 0.076
55737.60921 0.350455921642 15.8426 0.081
55032.510299 0.352130310918 15.7522 0.097
54261.5089 0.356612201935 15.7218 0.093
55737.615684 0.369709911311 15.8194 0.081
55032.517425 0.373323380186 15.7757 0.098
55412.473362 0.380690098201 15.9432 0.103
56406.741123 0.381186764301 15.9412 0.078
55632.71255 0.382706503051 15.8781 0.092
54965.60902 0.384484984047 15.7755 0.097
55737.622049 0.388639729719 15.8292 0.081
54261.520316 0.39056393908 15.7166 0.094
55032.524517 0.394415331816 15.7967 0.099
54233.618128 0.408104876857 15.6973 0.104
54965.618594 0.412958523926 15.7576 0.097
55032.531608 0.415504309396 15.8322 0.1
55446.446066 0.417157880334 15.794 0.084
54261.531143 0.422763961678 15.7712 0.097
54172.763509 0.423519369975 15.7333 0.093
53599.471898 0.426490444399 15.8664 0.107
53633.432662 0.427448087989 15.9384 0.132
56495.525482 0.430172316367 15.7463 0.077
53919.577499 0.436057958261 15.9188 0.109
55032.538707 0.436617079372 15.8351 0.101
54172.768097 0.437164304288 15.7047 0.092
55243.699953 0.440394120917 15.9153 0.092
54233.629361 0.441512363124 15.822 0.109
54965.628299 0.441821664176 15.771 0.097
53633.438185 0.443873757595 15.9578 0.133
53885.621586 0.449527423711 15.9141 0.081
54172.772641 0.450678380469 15.7835 0.094
53599.480433 0.451873947928 15.8642 0.107
54261.542002 0.455059153837 15.7991 0.095
54710.425724 0.456998233424 15.9334 0.079
53633.443703 0.460284556955 16.0069 0.136
56495.536106 0.46176860714 15.82 0.081
54172.777155 0.464103235187 15.8529 0.096
53919.588822 0.469733108893 15.9239 0.108
54965.637844 0.470208956643 15.9094 0.102
54233.64071 0.475264839021 15.8042 0.108
53633.449214 0.476674537989 15.9166 0.132
54190.60235 0.477096852872 15.7823 0.106
53599.489175 0.477873079522 15.8684 0.108
54710.433653 0.480579463608 15.9429 0.08
53885.633509 0.484987003413 15.9523 0.082
53599.497425 0.502408979258 15.8858 0.109
54190.610889 0.50249225262 15.7949 0.107
53919.600252 0.503726482709 15.9799 0.111
54710.441605 0.504229096907 15.939 0.08
54233.652158 0.509311745705 15.8575 0.111
55632.757107 0.515221179984 15.9953 0.143
53885.645466 0.520547700775 15.9832 0.082
56173.437495 0.524892785556 15.9852 0.08
54673.462338 0.526097275177 15.9177 0.099
55012.394335 0.526278692131 15.8606 0.102
54710.449545 0.527843041635 16.0345 0.082
54190.619437 0.527914418792 15.8192 0.109
54266.611854 0.533044652378 15.8262 0.104
53818.738563 0.536176325389 15.9795 0.1
53919.611677 0.537704986299 15.9044 0.109
55012.399908 0.542853064168 15.9636 0.106
54673.470411 0.550106768353 16.0068 0.101
54190.628042 0.553506105719 15.7934 0.106
53885.657373 0.555959695708 15.9234 0.081
55012.405598 0.559775399861 15.9686 0.106
56173.449829 0.561574699175 15.9608 0.079
54266.621525 0.561806674968 15.8605 0.105
54998.620714 0.562862462153 15.9618 0.085
53818.747711 0.563382920652 16.0052 0.101
54642.540636 0.563457271847 15.9502 0.085
53913.569182 0.567032078091 15.9252 0.106
54673.478495 0.574148976051 15.9297 0.099
55012.411291 0.576706657702 15.9726 0.106
54998.62862 0.586375289243 16.0196 0.087
54266.630957 0.589857899976 15.8849 0.106
53818.756763 0.590304007233 15.9076 0.098
53913.579429 0.597507152586 15.9699 0.108
54673.48657 0.598164417305 15.9861 0.101
56173.462504 0.599270763335 15.9707 0.079
54642.55287 0.599841780628 16.0032 0.087
54998.636618 0.610161728753 15.9567 0.085
53818.765495 0.616273398332 15.8669 0.097
54266.640481 0.618182737447 15.911 0.107
53913.589655 0.627919772086 15.9577 0.107
54291.527166 0.632389766901 15.9272 0.108
54998.644608 0.63392437591 15.9818 0.087
53561.546371 0.634135533333 15.9916 0.106
56173.474605 0.635259723668 16.0102 0.081
54642.565032 0.636012157913 15.9114 0.085
54318.432369 0.649767132019 15.9164 0.093
54291.535785 0.658023090519 15.9605 0.109
53913.600004 0.658698199518 15.92 0.106
53618.381211 0.663703523064 15.9313 0.087
54642.577187 0.672161716873 15.8612 0.084
54318.44053 0.674038341439 15.9466 0.094
54291.544335 0.68345120479 15.936 0.109
54318.448663 0.698226277518 16.0839 0.098
54291.552877 0.708855526687 15.9698 0.111
53618.396914 0.710405005917 15.9267 0.087
54349.388686 0.715353822547 15.9665 0.095
54318.456808 0.722449902169 16.0211 0.096
53772.739695 0.73331410115 15.8359 0.108
54349.39684 0.739604213643 15.9766 0.096
54890.74714 0.741626566586 15.836 0.098
54614.69497 0.749097376292 15.7297 0.076
56097.52481 0.756889383257 15.8369 0.086
53618.41296 0.75812658741 15.7572 0.083
54890.753906 0.761748978416 15.7837 0.096
54349.404994 0.763854604717 15.9583 0.095
54614.700995 0.76701601823 15.6821 0.075
53772.751308 0.767851725844 15.6695 0.102
55274.745819 0.772303876392 15.815 0.102
53967.43722 0.773187168772 15.7865 0.102
54890.760694 0.781936819312 15.763 0.095
54957.67376 0.784637255311 15.8485 0.08
54614.706951 0.78472945082 15.6665 0.074
54349.413178 0.788194217275 15.957 0.095
56097.537449 0.794478381658 15.7849 0.089
53967.44584 0.79882346644 15.7404 0.101
53772.762696 0.801720189626 15.732 0.104
54890.76744 0.801999750197 15.729 0.094
54614.712934 0.802523182723 15.6461 0.074
53618.428757 0.805107630825 15.6637 0.082
54348.412655 0.812590336729 15.9479 0.094
54957.685487 0.819513921535 15.7701 0.079
53967.454341 0.82410585233 15.6905 0.099
56097.550187 0.832361810848 15.8381 0.098
56126.467548 0.833994563448 15.7506 0.077
53772.774062 0.835523224342 15.6647 0.101
54348.420814 0.836855598051 15.9157 0.093
53967.462901 0.849563707096 15.6582 0.099
54246.544803 0.852662665578 15.8722 0.111
53877.687427 0.852954122327 15.6459 0.081
54957.697244 0.8544798092 15.7052 0.078
56126.474594 0.854949708846 15.7431 0.077
54348.428985 0.861156547966 15.9032 0.093
54598.593244 0.861784072203 15.6081 0.078
55746.524081 0.863714229649 15.7473 0.079
56097.56292 0.870230369791 15.6796 0.103
56126.481698 0.876077349069 15.6989 0.076
55714.585505 0.87684167952 15.7599 0.079
54246.553902 0.879723532462 15.7748 0.107
54953.672571 0.884907298925 15.6926 0.082
55394.485905 0.88512143041 15.7153 0.085
54348.437157 0.88546047193 15.8303 0.092
53877.698711 0.886513285073 15.6317 0.081
53892.493639 0.887346018649 15.6021 0.091
54957.708996 0.889430826618 15.6707 0.077
54598.604775 0.896077824906 15.6073 0.078
56126.488788 0.8971633526 15.6841 0.076
55746.537187 0.902692108672 15.6394 0.077
54246.56267 0.905799989299 15.6967 0.104
55714.598595 0.915771973773 15.6786 0.078
53892.503361 0.916259717719 15.6278 0.091
54953.683399 0.917110295572 15.6482 0.081
53877.710212 0.920717816336 15.6859 0.082
55655.760735 0.929125451329 15.7664 0.088
54598.616322 0.930419162401 15.5843 0.077
54246.571257 0.931338143378 15.68 0.104
55746.55044 0.942107172815 15.7598 0.082
53892.512441 0.943264077662 15.6523 0.092
53997.421932 0.949173511934 15.6398 0.101
54953.694219 0.949289499823 15.6281 0.081
55714.611445 0.953988496395 15.6717 0.078
53877.721535 0.954392966968 15.6237 0.081
54598.627801 0.964558264597 15.545 0.077
53997.427218 0.964894332057 15.6804 0.103
53872.682301 0.96746688398 15.5829 0.09
53892.521117 0.969066922035 15.6105 0.091
55334.66406 0.972055840749 15.6607 0.086
54949.668329 0.976097572589 15.6638 0.069
53997.432522 0.98066868507 15.6946 0.104
54953.705136 0.981757186786 15.625 0.08
55746.563776 0.981769082997 15.6592 0.078
55685.704131 0.982236008592 15.6148 0.084
56431.489174 0.983089560509 15.6071 0.067
55806.417873 0.990753683362 15.7104 0.082
55714.624382 0.992463761232 15.6718 0.077
53872.69092 0.993100207598 15.5904 0.09
53928.507121 0.993186455008 15.5517 0.094
53997.437855 0.996529285452 15.6309 0.102
55394.52424 0.999131577855 15.6083 0.082
