54210.766757 0.00412572451518 15.3599 0.076
54534.775799 0.0104716535248 15.3255 0.09
54534.779813 0.0154643150316 15.3638 0.091
54210.777581 0.017588745989 15.3991 0.076
54534.783923 0.0205763824981 15.3886 0.092
54534.788116 0.0257916863622 15.4151 0.092
55380.576416 0.0274583944894 15.5816 0.083
54210.788721 0.0314448120541 15.377 0.076
55044.516924 0.0326177268107 15.3237 0.072
55044.525854 0.0437249682798 15.4008 0.073
55044.534982 0.0550784845338 15.381 0.073
54703.650262 0.0585611582389 15.3795 0.085
55380.603098 0.0606457872057 15.6283 0.082
55044.543936 0.0662155775018 15.3929 0.073
54376.445946 0.0778949725092 15.441 0.093
53593.374611 0.0843441379107 15.5168 0.077
54376.454841 0.0889586805604 15.4125 0.093
55007.579273 0.0891228637542 15.4394 0.09
55007.587049 0.0987947461375 15.3921 0.091
54376.463761 0.100053483914 15.467 0.094
53593.388262 0.101323416004 15.4383 0.075
55007.595104 0.108813652079 15.3899 0.103
54186.732958 0.110597278538 15.404 0.094
54376.472654 0.11111470434 15.409 0.093
53593.401958 0.118358665639 15.4165 0.075
55007.602957 0.118581307994 15.3954 0.093
54675.560049 0.119616159603 15.5497 0.086
54186.741022 0.120627378791 15.4729 0.096
54186.749009 0.130561705512 15.4639 0.096
54675.571337 0.133656309858 15.5306 0.081
53593.415271 0.134917535257 15.5001 0.076
54186.757386 0.140981118928 15.3668 0.093
54675.582433 0.147457648202 15.7124 0.162
55663.688541 0.165726759374 15.4434 0.08
55273.763419 0.172167218091 15.5143 0.095
54758.431926 0.19665414562 15.5633 0.093
53580.601401 0.196871812729 15.5523 0.088
53568.542744 0.19816910868 15.4045 0.092
55684.623352 0.204696634245 15.4884 0.077
55663.722064 0.207423070225 15.453 0.08
54758.440717 0.207588497221 15.5967 0.094
53568.550381 0.207668101195 15.4191 0.092
54675.631389 0.208349710192 15.4806 0.082
53580.61231 0.210440558217 15.6671 0.091
53568.557944 0.217075051616 15.4031 0.092
54758.449561 0.218588770864 15.5906 0.094
53580.623213 0.224001840838 15.5258 0.088
55684.640423 0.22592974949 15.5642 0.078
55414.503189 0.225986964851 15.5001 0.074
53568.565594 0.226590213684 15.4537 0.093
54758.458399 0.229581581633 15.5114 0.092
53580.634101 0.237544466282 15.5567 0.088
55414.529662 0.258914400854 15.5587 0.075
55468.401089 0.264843652824 15.5228 0.073
55032.644164 0.26513594865 15.5349 0.09
55032.651822 0.274661061218 15.4801 0.089
55032.659489 0.284197368089 15.5591 0.091
53805.786209 0.284446130496 15.4729 0.089
53614.439075 0.284577974577 15.5253 0.082
53805.789535 0.288583049332 15.4614 0.089
54742.427838 0.290576880024 15.5631 0.089
53692.430776 0.291594318266 15.3737 0.101
53805.792877 0.292739869148 15.5028 0.09
55032.667177 0.293759795021 15.5093 0.09
53805.796211 0.296886738475 15.356 0.086
53692.437373 0.299799746261 15.3519 0.101
53614.452118 0.30080101495 15.5413 0.083
55468.430896 0.301917958153 15.4585 0.072
54742.43728 0.302320953253 15.5261 0.089
55032.674905 0.303371974425 15.4432 0.088
53692.44397 0.308005174256 15.4261 0.104
54925.751753 0.311068683294 15.3527 0.072
54742.446748 0.314097365606 15.4671 0.087
56451.709028 0.315092415229 15.4942 0.071
53692.450586 0.316234234679 15.3797 0.103
53614.464805 0.316581258242 15.4797 0.082
54925.761575 0.323285405103 15.1214 0.092
53692.457307 0.324593895364 15.356 0.102
54742.456147 0.325787954918 15.3917 0.089
56451.721268 0.330316674543 15.4112 0.07
53606.43703 0.331538097962 15.308 0.07
54925.771429 0.335541928902 15.2502 0.071
56451.73342 0.345431478389 15.4008 0.07
54925.781243 0.347748700211 15.2055 0.07
53606.457361 0.356826040447 15.4452 0.072
56451.745591 0.360569914671 15.3133 0.069
53606.477246 0.381559242768 15.3133 0.07
53606.496468 0.405467797701 15.3364 0.07
54029.397213 0.414504092135 15.2407 0.076
55821.468835 0.41475534217 15.2332 0.07
54730.468508 0.415418293983 15.2226 0.073
54029.40703 0.426714594891 15.2442 0.076
54730.480308 0.430095275997 15.3516 0.075
55821.482911 0.432263240376 15.1925 0.07
55324.625933 0.435574268018 15.2166 0.085
54029.416845 0.438922610013 15.2164 0.076
54730.492151 0.44482574193 15.1772 0.072
53922.494334 0.447416602404 14.9793 0.075
55821.497016 0.449807209134 15.2549 0.071
54029.42666 0.451130625134 15.178 0.075
54730.503944 0.459494017257 15.0982 0.071
54029.438415 0.465751635607 15.1627 0.084
55821.511085 0.467306400652 15.1698 0.07
55324.653509 0.469873628699 15.1137 0.083
56124.616605 0.473600089556 15.162 0.067
54274.659259 0.474388666382 15.1066 0.083
54029.446152 0.475375009322 15.1101 0.083
54262.606678 0.483243364256 15.1849 0.09
54792.430394 0.484357819847 15.1276 0.085
54029.453896 0.485007089725 15.1607 0.084
54274.669237 0.486799422871 15.1663 0.084
54792.433754 0.488537028279 15.1438 0.086
55734.698315 0.488538272096 15.1558 0.077
56124.629551 0.489702480156 15.1723 0.067
54792.437113 0.492714992908 15.1579 0.087
54262.615203 0.493846861861 15.1077 0.088
54029.461645 0.49464538919 15.0801 0.083
54792.440473 0.496894201349 15.1454 0.087
54274.679141 0.499118137265 15.1462 0.084
54262.623811 0.504553595855 15.1337 0.089
56124.642442 0.505736461099 15.1841 0.067
55734.712706 0.506437971089 15.1492 0.082
54274.689094 0.511497798452 15.2203 0.085
54262.632451 0.515300131839 15.1442 0.089
54316.504309 0.521765466805 15.1444 0.13
56124.655548 0.522037861639 15.1379 0.067
55734.727035 0.524260553747 15.1529 0.088
54316.513473 0.533163760289 15.2109 0.105
55734.741263 0.541957511383 15.1708 0.096
54316.520921 0.542427672332 15.1843 0.105
54316.528107 0.55136570561 15.1854 0.085
53835.749364 0.552978929825 15.1537 0.068
54652.59716 0.558098460155 15.1142 0.084
56063.590782 0.568946988728 15.1755 0.069
54652.607059 0.570410955496 15.3059 0.179
53835.763906 0.571066444437 15.0894 0.067
56063.603342 0.584569267892 15.2235 0.069
53835.778542 0.589270877383 15.1579 0.068
53860.707025 0.595618050202 15.1618 0.063
56063.61405 0.597888007158 15.1791 0.069
54632.529969 0.598284783205 15.0438 0.066
54632.536536 0.606452896835 15.0614 0.066
53835.793323 0.607655663071 15.2232 0.069
56063.624755 0.611203014994 15.1946 0.069
53860.720589 0.612489116638 15.1936 0.064
54632.543126 0.614649618143 15.1063 0.067
54358.39243 0.622714495383 15.1619 0.075
54632.549681 0.622802806034 15.0629 0.066
53860.734492 0.629781835371 15.1831 0.064
54358.402192 0.634856588472 15.2413 0.076
53636.429386 0.636391452526 14.9456 0.07
54358.411378 0.646282245821 15.1838 0.075
53860.74848 0.647180278117 15.2005 0.064
53636.442036 0.652125674766 15.4379 0.082
54358.420313 0.657395706361 15.2906 0.098
53636.454646 0.667810144527 15.2721 0.08
53665.404772 0.676325281723 15.2301 0.073
53636.467284 0.683529441027 15.3288 0.081
55449.447423 0.690045772278 15.2012 0.07
53665.416467 0.690871663475 15.3506 0.075
53595.470423 0.69114032687 15.1734 0.09
54624.566787 0.693583173713 15.1828 0.064
54296.544093 0.695008582297 15.228 0.071
54624.574542 0.703228936043 15.1664 0.064
53595.48048 0.703649344507 15.1237 0.089
55449.459458 0.70501505012 15.1978 0.093
53665.428167 0.705424264281 15.2551 0.074
54296.552673 0.70568048956 15.275 0.072
54346.40441 0.711870942064 15.2366 0.077
54624.582305 0.712884648874 15.2525 0.065
54242.692967 0.714329958458 15.2698 0.075
53595.490605 0.716242941363 15.2603 0.092
54296.56178 0.71700788577 15.2695 0.072
55449.471438 0.719915918305 15.1748 0.07
53665.439885 0.71999925371 15.2482 0.074
54624.59003 0.72249309684 15.2395 0.065
54346.41345 0.723115002858 15.2359 0.077
55084.469326 0.725896166567 15.2469 0.081
54296.570821 0.728253190377 15.3109 0.073
53595.500648 0.728734545635 15.2251 0.092
54242.70617 0.730752008751 15.2618 0.075
55449.483502 0.734921266699 15.2317 0.07
54346.422976 0.734963556307 15.1942 0.077
55084.47781 0.736448667871 15.2574 0.082
54346.432515 0.746828279309 15.2437 0.078
55084.486279 0.746982511997 15.3 0.083
54242.719617 0.747477549193 15.2795 0.075
55084.494798 0.757578546727 15.2084 0.081
54242.733226 0.764404587172 15.2411 0.074
54591.667129 0.772592601805 15.344 0.07
54591.675202 0.782633896361 15.3185 0.069
55113.461786 0.787066842456 15.2469 0.075
54591.683188 0.792566979279 15.3242 0.069
53649.424609 0.80000621906 15.3588 0.1
55113.472989 0.801001268688 15.2707 0.075
54591.691184 0.802512500312 15.337 0.07
55735.755879 0.803949103205 15.2955 0.078
56383.767181 0.808205427997 15.2 0.07
56408.690724 0.808408169355 15.236 0.063
53649.434179 0.811909500238 15.3844 0.101
54018.462044 0.813209283811 15.328 0.09
55113.484148 0.81488096719 15.3179 0.076
56383.774908 0.817816363588 15.3445 0.072
55735.769963 0.82146695191 15.3047 0.079
53649.443763 0.823830194782 15.396 0.102
54018.471767 0.825302868232 15.301 0.089
56408.705968 0.827368840021 15.2771 0.063
56383.782696 0.827503171721 15.2275 0.071
55113.495356 0.828821612475 15.2502 0.076
53649.452946 0.835252120694 15.3746 0.107
56383.79047 0.837172566479 15.2364 0.071
54018.481471 0.837372820216 15.3657 0.091
55735.784167 0.839134058056 15.3019 0.079
56408.721166 0.846272295332 15.1968 0.063
54018.491211 0.84948754944 15.2976 0.089
55735.798358 0.856784994649 15.3579 0.081
55060.460302 0.863183163757 15.3584 0.075
54952.728379 0.864920769171 15.4163 0.086
56408.736397 0.865216796436 15.2101 0.062
55362.759876 0.86703151819 15.3691 0.072
54703.497455 0.86849797258 15.3167 0.081
55060.467153 0.871704520008 15.2983 0.074
54952.737276 0.875986964847 15.5681 0.091
54703.506158 0.879322868721 15.3489 0.082
55060.474401 0.880719669641 15.3136 0.074
54952.746374 0.887303166746 15.4707 0.086
55060.481383 0.889403965268 15.3112 0.074
54703.514673 0.889913928202 15.375 0.12
54952.755751 0.898966392193 15.4065 0.085
56184.457541 0.904476479516 15.3686 0.068
55362.79899 0.91568198214 15.3664 0.072
56184.468815 0.918499216396 15.3407 0.068
56184.480152 0.932600313434 15.368 0.068
54757.425927 0.945380482095 15.5133 0.091
56184.491438 0.946637976063 15.392 0.069
56155.549021 0.947711385852 15.3067 0.067
54757.434728 0.956327271821 15.5672 0.092
56155.561635 0.963400830862 15.316 0.067
54703.576356 0.966635985965 15.3703 0.083
54757.443557 0.967308888277 15.4543 0.089
56160.390284 0.969332570461 15.3281 0.077
54177.778117 0.972458270106 15.351 0.098
56160.393886 0.973812781408 15.4699 0.101
54703.584413 0.976657379531 15.344 0.083
54177.781988 0.977273066495 15.4177 0.098
56160.397495 0.978301699042 15.4718 0.087
54757.452413 0.97832408766 15.4045 0.088
56155.574387 0.979261921937 15.39 0.068
54177.785859 0.982087862884 15.4283 0.099
56160.401137 0.982831662478 15.5209 0.104
54703.592503 0.986719818898 15.6827 0.307
54177.789742 0.986917585013 15.2474 0.325
54210.755954 0.990688823103 15.386 0.076
56155.587154 0.995141670189 15.3994 0.068
