55320.555904 0.000390668866889 17.8646 0.239
54355.400117 0.0101416735966 17.816 0.245
56364.555055 0.0115965782866 17.7003 0.193
54894.769098 0.013938346175 17.7438 0.142
54206.645938 0.0237948764167 17.8195 0.244
56145.429862 0.0266103864101 17.7863 0.153
53963.464287 0.0266889692365 17.7111 0.182
54894.777031 0.0317497025161 17.7449 0.142
56364.565165 0.0342957857293 17.7317 0.196
53819.606879 0.0346864545786 17.6665 0.114
53613.392175 0.0366308179496 17.8456 0.287
56037.650407 0.0376681111093 17.725 0.139
53914.477678 0.0408136689388 17.737 0.216
54206.655898 0.0461573003503 17.8459 0.247
54894.784969 0.0495722849775 17.8891 0.151
54706.386275 0.0524371898851 17.5968 0.151
56145.441934 0.0537147219475 17.5268 0.138
53613.400336 0.0549540851939 17.904 0.298
54355.42062 0.0561754866587 17.4526 0.209
56364.575355 0.0571746110305 17.6361 0.184
53914.486194 0.0599339904423 17.7345 0.215
56037.663238 0.0664765711106 17.6273 0.133
54206.666009 0.068858753017 17.6294 0.223
54706.394484 0.070868227851 17.6975 0.159
53613.408525 0.0733402186951 17.9774 0.314
53914.4947 0.0790318597379 17.8571 0.229
54231.612528 0.0793641527731 17.6911 0.233
56364.585496 0.0799434203859 17.8359 0.203
56145.453938 0.0806663822823 17.8204 0.157
53819.62903 0.0844203956132 17.8561 0.122
54706.402684 0.0892790588168 17.9783 0.182
54206.676153 0.0916342980447 17.7453 0.236
53613.416686 0.0916634859394 18.0857 0.333
56037.676093 0.0953389164728 17.6552 0.135
53914.5032 0.0981162576729 17.793 0.222
54231.624489 0.106219268523 18.0228 0.278
54706.410891 0.107705606335 17.9257 0.179
55023.531128 0.113446642287 17.6494 0.206
56384.644681 0.117292709769 17.7332 0.152
56037.688888 0.124066548425 17.7124 0.139
55023.537532 0.127825052219 17.8139 0.224
54236.534506 0.130303778732 17.8979 0.262
54231.636536 0.133267473459 17.991 0.274
55270.731566 0.133626709194 17.8673 0.189
53819.651252 0.134313747522 17.7257 0.116
55023.543957 0.14225061184 17.8868 0.233
54936.692968 0.142387570464 17.8764 0.209
56384.657196 0.145391679216 17.7181 0.15
54236.542698 0.148696647889 17.9017 0.264
56058.634632 0.151938750325 17.9553 0.162
55023.55035 0.156604324308 18.0891 0.259
54187.553376 0.156730056825 17.5702 0.216
53919.4289 0.157412604694 17.7219 0.217
54231.648578 0.160304452291 18.3002 0.323
54936.703115 0.165169851147 18.0185 0.224
54236.550568 0.166366555164 18.0411 0.285
56384.669908 0.173932957654 18.0558 0.176
54298.463716 0.175208244469 18.154 0.218
53919.437459 0.176629470815 18.1567 0.272
56058.647357 0.180509216659 18.2846 0.189
54187.564119 0.1808504906 18.3705 0.329
53819.672999 0.183140618352 18.1345 0.136
54236.558386 0.183919710821 18.0599 0.289
54936.713397 0.188255236995 17.6416 0.188
54690.414248 0.191670221619 18.0068 0.224
54615.589139 0.192593008395 18.3189 0.201
54298.471936 0.1936639799 18.2298 0.228
55737.527534 0.194804553328 18.4169 0.183
53919.445962 0.195720604422 18.26 0.29
54512.707199 0.199665461736 18.2276 0.194
54256.609147 0.202355239248 18.3673 0.272
56384.682584 0.202393408042 18.5162 0.219
54615.593617 0.202647118266 18.4129 0.211
54187.574774 0.204773344723 17.7943 0.241
53877.584696 0.207831338835 18.537 0.238
56058.660223 0.209396259469 17.7067 0.145
54586.647086 0.211221625997 18.33 0.4
54936.72368 0.211342868068 18.3625 0.269
54298.48015 0.212106243986 18.0774 0.211
54615.598022 0.212537326846 18.2951 0.199
53919.454481 0.214847661614 18.347 0.315
55737.538238 0.218837423397 18.2094 0.167
54256.617296 0.220651563804 18.5466 0.3
54615.602427 0.222427535427 17.9012 0.166
54187.585497 0.228848874034 18.2634 0.309
54536.771684 0.229807584376 18.1259 0.266
54298.488354 0.230526055831 18.4126 0.251
53877.595588 0.232286310879 18.2214 0.204
54690.432757 0.233227059449 17.8886 0.212
54624.515334 0.233893890768 18.3073 0.17
56058.673071 0.238242888263 17.8529 0.156
54256.625481 0.239028716425 18.5208 0.298
55737.548952 0.242892745691 18.3961 0.183
55763.384498 0.249462269035 18.2876 0.301
55416.425779 0.249666584349 18.212 0.215
53877.606527 0.256846808436 17.9819 0.182
54256.633661 0.25739464291 18.141 0.246
54624.527256 0.260661442796 17.9533 0.146
54536.785643 0.261148656253 18.1669 0.274
55737.559642 0.26689418264 17.9105 0.146
54512.737862 0.26851074341 17.9887 0.173
53928.386536 0.269305552446 18.193 0.273
54536.792582 0.276728260643 17.8981 0.239
55763.398042 0.279871573243 17.8584 0.262
53877.617555 0.281607130835 17.8908 0.174
54624.539158 0.28738409036 17.7745 0.135
53928.395194 0.288744695666 17.7239 0.215
56092.546466 0.291578167462 17.6985 0.167
55416.447447 0.298316082545 17.8139 0.179
54512.753613 0.303875255409 17.7269 0.154
53928.403769 0.307997485356 18.0762 0.258
55763.411591 0.310292103555 17.9474 0.281
56092.554877 0.310462740538 17.8144 0.175
54624.551149 0.314306562798 17.7534 0.134
53928.41234 0.327241294165 18.0116 0.249
56092.563232 0.329221581101 17.4315 0.147
56443.535164 0.339576550903 17.6243 0.146
55763.425077 0.340571184817 17.8583 0.312
53598.385617 0.343557331789 17.9885 0.255
56092.571854 0.348579896288 17.6969 0.166
56443.541727 0.354311951345 17.7416 0.154
54955.494876 0.356869260654 17.915 0.179
54476.702189 0.360378544667 17.6226 0.231
53598.393278 0.360757987402 17.9951 0.257
56443.548391 0.369274119317 17.7609 0.155
55325.621201 0.37311345115 17.7587 0.179
54476.709072 0.375832416542 17.8731 0.259
53598.401257 0.378672624 17.8608 0.24
56443.554981 0.384070140792 17.7058 0.152
54955.507967 0.386261478712 17.6305 0.157
54476.716008 0.391405285275 17.8305 0.252
53598.408953 0.395951862422 17.553 0.207
54476.722918 0.406919778184 17.9546 0.267
54955.519652 0.412496912837 17.7913 0.168
54955.531267 0.438575181311 17.8234 0.171
54950.632072 0.438788477528 17.7927 0.143
56068.563258 0.443921057967 17.4436 0.127
54324.418889 0.450367094022 17.6171 0.147
55325.656701 0.45281887785 17.5823 0.167
54950.641892 0.460836570209 17.4335 0.124
56068.573839 0.46767776556 17.8146 0.148
53804.658488 0.472210871386 17.6976 0.198
54324.432206 0.480266732534 17.5692 0.144
54950.651723 0.482909360355 17.7709 0.142
53804.66425 0.48514784797 17.5121 0.18
56068.58458 0.491793708903 17.493 0.131
54266.539278 0.497716607922 17.6109 0.208
53804.670334 0.498807786452 17.622 0.19
54950.661547 0.504966433932 17.7005 0.138
54324.445574 0.510280877441 17.6855 0.152
53804.676639 0.512963919269 17.8022 0.207
56068.595283 0.515824333749 17.6484 0.139
53561.496409 0.519048474382 17.7647 0.262
54266.549087 0.519740003155 17.5062 0.197
54596.586354 0.527097599867 17.7572 0.152
53561.501998 0.531597027337 17.84 0.272
54324.458953 0.540319719812 17.7449 0.157
54266.559013 0.542026089504 17.681 0.215
53561.507567 0.544100675826 17.5172 0.239
54596.598571 0.554527492777 17.6549 0.146
53561.513218 0.556788432623 17.7657 0.269
54976.51866 0.559958687908 17.6444 0.194
54266.56903 0.564516491175 17.6978 0.218
55355.55194 0.574305664706 17.7594 0.185
54976.525442 0.575185792236 17.73 0.202
54596.610784 0.581948404775 17.7941 0.155
54976.53218 0.590314106755 17.8225 0.212
54976.53891 0.605424459482 17.7296 0.202
53900.478396 0.609299714866 17.6591 0.206
54596.623046 0.609479332734 17.638 0.146
54917.749807 0.61076135523 17.6829 0.125
53772.657148 0.622057073585 17.755 0.239
54675.464011 0.625049956223 17.774 0.202
53945.470097 0.625714542319 17.8692 0.193
53900.486926 0.628451469507 17.8613 0.228
54917.759087 0.631597027334 17.8438 0.133
55677.595266 0.633480769668 17.7217 0.136
54675.468324 0.634733604273 17.5379 0.18
53945.477189 0.641637665873 17.5905 0.17
54869.66172 0.642268573615 17.9467 0.3
54675.472636 0.644415007082 17.6978 0.195
55005.507152 0.645595994531 17.683 0.143
53900.495523 0.647753654109 17.8522 0.226
53772.669777 0.650411998492 18.0566 0.277
53578.479806 0.6505669189 17.8438 0.211
54917.768342 0.65237656887 17.45 0.115
54675.47696 0.65412335258 17.7918 0.205
53945.484278 0.657554053771 17.8024 0.188
53578.485825 0.664080917868 17.8153 0.208
53900.504104 0.667019915143 17.9987 0.245
55005.516959 0.667614899316 17.8012 0.151
54993.493168 0.671519342614 17.9134 0.226
54869.674864 0.671779788514 18.0901 0.322
54917.77761 0.673185298285 17.5267 0.118
53945.491362 0.673459215533 17.9892 0.207
53578.491845 0.677597162043 17.9136 0.22
53772.682054 0.67797660478 17.9545 0.263
55677.617691 0.683829901896 18.005 0.153
54993.500721 0.688477514095 17.633 0.199
55005.526944 0.690033453834 17.9163 0.16
53578.497845 0.691068501771 17.9634 0.226
54869.687964 0.701192213572 18.044 0.311
55797.43641 0.703608073841 18.0587 0.189
53772.693699 0.704122229976 17.7293 0.231
54993.508334 0.705570398985 17.8192 0.219
55005.536775 0.71210624398 17.9906 0.165
55797.441702 0.715489795465 18.036 0.188
55001.531968 0.720420305819 17.6652 0.263
53863.560576 0.720550528771 17.8867 0.212
56411.637282 0.721709063987 17.7704 0.138
54993.516008 0.722800242494 18.2221 0.266
55797.446999 0.727382743227 17.875 0.175
54155.740234 0.729122791268 17.9154 0.26
54869.701012 0.730487887028 17.8395 0.276
55797.452359 0.739417140054 17.8938 0.178
54964.574809 0.743346280796 17.9749 0.231
56411.64802 0.745818271642 17.8707 0.143
55962.69542 0.746985787742 17.9843 0.188
53863.572489 0.747297873783 17.7119 0.195
54155.749366 0.749626170327 17.8976 0.259
54964.583711 0.763333258504 17.892 0.222
56411.658795 0.77001055257 17.7769 0.138
55962.706655 0.772210871389 17.8302 0.174
53863.584096 0.773358180481 17.8036 0.204
54964.592628 0.783353914557 17.9799 0.232
55394.394074 0.783569456003 17.9212 0.185
56411.669465 0.793967085038 17.9626 0.15
55962.718001 0.797685174806 17.7528 0.169
54119.694845 0.799176003062 17.8441 0.252
53863.595738 0.799497070005 17.8415 0.208
54964.601535 0.803352118385 17.8048 0.213
53554.498728 0.807692134993 17.7947 0.232
53854.696302 0.818276117565 17.6654 0.194
54119.70344 0.818473697217 17.7051 0.234
53554.504557 0.820779541539 17.7952 0.233
55220.713702 0.832353667588 17.6387 0.25
55962.733953 0.833500976691 17.406 0.142
53554.510363 0.833815307948 17.6689 0.219
53854.703594 0.834648285782 17.842 0.212
54119.712039 0.837780372267 18.0151 0.274
56474.490285 0.840735086117 17.8379 0.138
54845.700654 0.844325198155 17.7538 0.169
53554.516184 0.846884752702 17.8969 0.246
55236.754607 0.84776712546 17.6905 0.211
54643.495689 0.849028940948 17.5821 0.149
53854.710879 0.85100473743 17.6531 0.194
54119.720567 0.856927636459 17.7714 0.24
55394.428489 0.860838815429 17.8637 0.18
53854.718165 0.867363434303 17.7491 0.205
56474.502267 0.867637351556 17.7672 0.134
56400.568033 0.868773434539 17.7599 0.131
54845.712001 0.869801746797 17.5861 0.155
53831.559203 0.870322638593 17.8568 0.21
54643.506589 0.873501874768 17.5744 0.148
54173.624041 0.882262736048 17.5239 0.171
53831.568653 0.89153999867 17.7675 0.2
56474.51432 0.894699027836 17.7599 0.134
54845.723284 0.895134601148 17.6933 0.162
56400.580157 0.895994521661 17.8913 0.139
54643.517615 0.898257706735 17.6597 0.151
55220.743496 0.899247850218 18.0605 0.255
54201.692585 0.902411369817 17.4904 0.168
54173.633803 0.904180605767 17.4215 0.164
54906.747835 0.908877612896 17.574 0.151
53831.578193 0.912959428831 17.7658 0.2
54845.734614 0.920572980998 17.8302 0.171
53872.557991 0.921756213672 17.6171 0.189
56474.526383 0.921783156341 17.8069 0.137
56400.59198 0.92253979659 17.6683 0.127
54643.528554 0.922818204276 17.7919 0.161
54173.643811 0.926650800439 17.5908 0.176
55320.523674 0.928027122302 17.6108 0.21
54906.756582 0.928516580991 17.3683 0.139
54201.70453 0.929230561998 17.8045 0.196
54107.728894 0.932944161309 18.105 0.298
53831.588134 0.935279193524 17.9064 0.214
53963.426846 0.94262556413 17.5936 0.169
53872.567461 0.943018478198 17.6452 0.192
54107.734846 0.946307730315 17.3674 0.206
54906.76531 0.948112889846 17.8072 0.168
56400.603574 0.948570915392 17.6198 0.124
54173.653976 0.949473495155 17.6906 0.184
54201.71647 0.956038528043 17.3898 0.162
53872.57686 0.964121331882 17.8542 0.212
54906.774023 0.967675520339 17.9643 0.182
53963.439316 0.970623498528 17.8334 0.191
54355.386754 0.98013875481 17.6623 0.224
54201.728437 0.982907115121 17.5899 0.178
53872.586297 0.985309504047 17.7111 0.199
54355.393444 0.995159298608 17.8407 0.247
54894.761149 0.996091066265 17.6603 0.136
56145.416629 0.996899346652 17.8175 0.157
53963.451802 0.998657356494 17.8171 0.19
