56416.5963672 0.000306641906439 14.981249 0.0701822918301
53928.461296 0.000960824903243 14.97293 0.081134873822
56173.4417701 0.0042952989244 14.986321 0.0661732343955
53928.4698136 0.00442862801178 15.00995 0.0821587368754
56416.6067529 0.00453499494523 14.956607 0.0714059932429
53928.4783301 0.00789595050008 14.982624 0.0815706980071
56416.6170254 0.00871725819917 14.976349 0.068372656223
56173.4540748 0.00930490711738 14.999692 0.0662159062928
53928.4868185 0.0113518648645 14.977437 0.0814667158751
56416.6273242 0.0129102180741 14.992942 0.0683997902339
56173.4667291 0.014456879468 14.994229 0.0665180965336
54596.6491381 0.0415967058933 15.003039 0.0690865300723
54596.6600438 0.0460367816424 14.988028 0.0690072601059
56431.4551133 0.0497773076009 15.003326 0.0617418686312
54596.6709896 0.0504931663683 14.993916 0.0690848685047
56431.4607727 0.0520814155211 15.008799 0.061713897988
56431.46642 0.0543806226328 15.018001 0.0617636904972
54596.6820846 0.0550102861443 15.007968 0.0692873540886
56431.472064 0.0566784632441 14.993945 0.0616992227087
53599.4704262 0.0582582398605 14.916881 0.0823819809082
53599.4790618 0.0617740365399 14.98831 0.0841195282953
53599.4878034 0.0653330392442 14.952754 0.083564686201
56124.468441 0.0656870968851 15.026256 0.0667358453707
53997.4002141 0.0681987309273 14.988875 0.0844953128655
53599.4961478 0.0687303056796 14.971377 0.0842580590632
56124.4796967 0.0702696265279 15.008262 0.0665592084796
53997.4053681 0.0702970955989 14.994726 0.0849392404676
53997.4105097 0.0723903712865 15.012299 0.0856863536426
53997.4156541 0.0744848250086 14.94116 0.0842185309944
56124.4910577 0.0748950415769 15.025592 0.0667814239162
56124.5024 0.0795128652452 15.04068 0.0669532878744
55274.6856131 0.0919259440752 15.027579 0.0830087538264
54908.7315784 0.100337020262 14.998546 0.0792933044273
54908.7403345 0.103901912988 14.988619 0.0790284689024
54908.7489964 0.107428453513 15.034097 0.0801546478201
54908.7576547 0.110953528325 15.007611 0.0795325828401
53820.6588905 0.111154569604 15.032979 0.0777485978006
53820.6701681 0.115746052241 14.977374 0.0766528515872
55365.6268136 0.116996538318 15.048224 0.0737028579389
53820.6812439 0.120255340428 15.030779 0.0790184633127
55247.7408497 0.121851234788 15.017729 0.0858041867507
53820.6919502 0.124614201942 14.973711 0.136549663669
55365.6485966 0.12586508383 15.01626 0.07343284568
54940.7298587 0.127860088035 14.994091 0.0671685510051
54707.3980501 0.131019978656 15.104278 0.0882413721996
54940.7431302 0.133263322944 15.000739 0.0671222533525
54707.4045804 0.133678687085 15.120161 0.0876155162545
54643.5492054 0.136113738789 15.072657 0.0706683003374
54940.7562959 0.138623531206 15.02702 0.0675126773729
54707.4176448 0.138997616687 15.077359 0.0749951132951
54675.4897482 0.140130024106 15.048211 0.0714015159091
54643.5602031 0.1405912763 15.057053 0.0705021733861
54940.7693509 0.1439386014 15.014489 0.06750396053
54675.5006803 0.144580843704 15.080355 0.074189757441
54643.5711052 0.145029844319 15.046021 0.070402213798
54675.5116216 0.149035381069 15.040492 0.0716043148135
54643.5819947 0.149463322901 15.045106 0.0704402965572
54675.5225743 0.153494588319 15.042763 0.0717430638985
53884.646342 0.162492062553 14.998521 0.0714336317991
54955.5529884 0.162830159276 15.031378 0.0722106932333
53884.6566537 0.166690295396 14.994827 0.0714165477019
54955.564901 0.167680161392 15.066806 0.0727354219997
53884.6669884 0.170897900743 15.067931 0.0726455839492
54955.5767708 0.172512728489 15.07058 0.0726913099501
54616.6223713 0.173338580516 15.045341 0.0698017883617
54616.6277845 0.175542502865 15.056186 0.0700117932643
53884.679497 0.175990546839 15.070471 0.0726851894287
54955.5886173 0.177335823865 15.066887 0.0726399871483
54616.6331704 0.177735257097 15.065546 0.0701147412027
54616.6385598 0.179929472323 15.046365 0.0699028550843
54928.6010614 0.189838862902 15.035904 0.0655004055078
54928.6103803 0.193632918163 15.095016 0.0660815550508
54928.6199113 0.197513262932 15.016733 0.0652401866218
54928.629466 0.201403309938 15.017274 0.0651840467991
55655.7042834 0.216809757037 15.051329 0.0743126332191
54869.7569812 0.232532303192 15.046926 0.0718102758801
55655.7470309 0.234213626339 15.061748 0.0746136973289
54869.7613062 0.234293120769 15.041807 0.0712694642752
54869.7646908 0.235671107022 15.034082 0.071181346174
54869.7681702 0.237087685883 15.017342 0.0708867171008
56451.6330661 0.264867056506 15.056818 0.0669330767739
56451.6437444 0.269214533183 15.038401 0.066801634896
55395.4793285 0.270909903359 15.054542 0.0818399103732
56451.6545659 0.273620351424 15.034414 0.0668528648562
56090.594047 0.274338137393 15.074958 0.0709130958902
53872.6462608 0.276875305651 15.083655 0.0803725330371
56451.6652488 0.27796967066 15.027874 0.0668791994308
56090.6046777 0.278666247128 15.06669 0.0735047931747
53872.6549425 0.280409913375 15.075542 0.080240257057
55395.5043944 0.281115024511 15.079949 0.0826178254558
56090.615375 0.283021456625 15.050989 0.0762581415735
53872.663687 0.283970075187 15.036129 0.0795252275989
56090.6261574 0.287411300556 15.042504 0.0761913290228
53872.6723096 0.287480617706 15.075315 0.0804161608861
55798.3898651 0.308672442008 15.09591 0.0714785192062
53877.6377673 0.309077226296 15.017824 0.0711605041013
55400.4869902 0.309689074121 15.120956 0.0707047359155
53877.6497148 0.313941426327 15.046417 0.0716392159315
55798.4063571 0.315386844668 15.115781 0.0718267377381
53877.661675 0.318810818877 14.993917 0.070858646746
55798.4228357 0.322095828198 15.081791 0.0714091727097
53877.6737473 0.323725820796 15.10501 0.0726018761043
55400.5240025 0.324757961505 15.12469 0.070973524651
55798.4393243 0.328808864319 15.114552 0.0720835612791
56429.6856702 0.329380438039 15.041535 0.0616592316353
56429.6970173 0.334000198513 15.131241 0.0625273299964
56429.7084506 0.338655064719 15.109275 0.0623697235792
53946.4863483 0.339535993722 15.001167 0.0742328679237
56429.7197541 0.343257060277 15.117441 0.0624998000295
53946.4983106 0.344406210957 15.00698 0.0744479971414
53946.5103006 0.349287742107 15.03105 0.0749083865171
53946.5222356 0.354146838861 14.867935 0.0724586648497
53892.495061 0.357956547087 15.074342 0.0802137049537
53892.5047829 0.361914623852 15.107787 0.0808142094175
53892.5137743 0.365575324582 15.057576 0.0798955238482
53892.5224106 0.369091441676 15.044835 0.0796793637885
56476.5178321 0.396250995027 15.042346 0.0690907406552
53956.4526698 0.397144114578 15.048281 0.0838282295455
56476.5273767 0.40013690016 15.061499 0.0693661478196
53956.4616522 0.400801135123 15.060872 0.0841972886386
56476.5369842 0.404048439541 15.057406 0.0693822026592
53956.470629 0.404455898444 15.019521 0.0834441704766
56476.5465179 0.407929915199 15.043795 0.0692546183571
53956.4796032 0.408109573339 15.010168 0.0833757048806
53627.385931 0.423552831884 15.127165 0.0744993125787
53627.3958509 0.427591557424 15.146679 0.0748487091188
53806.7071955 0.430973409596 15.081261 0.0794592207735
53627.4057531 0.431623035851 15.075123 0.0740132303936
53806.7154557 0.434336418687 15.021076 0.0782588526698
53627.4156939 0.435670276431 15.087734 0.0743122441488
53806.723478 0.437602531342 15.129833 0.080458288126
53806.7309157 0.440630660212 15.110193 0.0800147108328
54231.657797 0.441951109757 15.072175 0.0876911249606
54172.7191528 0.446144515441 15.104563 0.0792326990638
54231.6685178 0.446315884985 15.005638 0.0865659889121
54172.726256 0.449036443561 15.08888 0.0789911362343
54231.6795208 0.450795590229 15.079347 0.0879983099288
56395.5989318 0.451579312685 15.092769 0.0706716307696
54172.7338049 0.452109842249 15.099052 0.0793427284447
54236.6027144 0.455185091148 15.070714 0.0885300274942
54231.6903879 0.455219922633 15.039796 0.0876133462915
56395.6096379 0.455938098715 15.075283 0.0727839109472
54236.6117454 0.458861907428 15.084283 0.0888678284464
56395.62003 0.460169043392 15.099069 0.070201345334
54172.7549006 0.460698583502 15.069158 0.0787062246549
54236.6207694 0.462535896618 15.087315 0.088834433709
56395.6312024 0.464717692406 15.087321 0.0698839589982
54236.6297933 0.466209791398 15.084012 0.0887608564799
55216.7195197 0.492075886668 15.094947 0.0842589299092
55302.7033939 0.498860411298 15.077961 0.0676085859735
55216.7447716 0.502356737216 15.079384 0.0832130494525
54246.5461513 0.503476199265 15.067755 0.0875505303466
54246.5551826 0.507153152419 15.057923 0.0873411494128
54246.5639412 0.510719039362 15.048303 0.0870756684973
54246.5725296 0.514215652837 15.037021 0.086867822695
53885.5800588 0.542638053321 15.078408 0.072556405426
53885.5910116 0.547097274819 15.086854 0.0727487280668
53885.6019751 0.551560864313 15.062409 0.072404218302
53885.6129551 0.556031168597 15.055202 0.072349758132
55413.4049999 0.569023910083 15.062437 0.0739099074239
53556.5160548 0.57016017785 15.082905 0.0852635790243
54347.4155749 0.570643855277 15.063963 0.0761901726088
53556.5224049 0.572745470573 15.080615 0.0852184670577
54347.4237636 0.573977752554 15.1064 0.106809558887
55413.4176383 0.574169389127 15.021929 0.0734168083689
53556.5287797 0.575340889686 15.075032 0.0851934131996
53588.4636344 0.577041319861 15.026313 0.073121722612
54347.431945 0.57730868111 15.101004 0.0923632285382
53556.5351105 0.577918360306 15.07975 0.0853471845525
53588.4719159 0.580413013279 15.033211 0.0733131860857
54347.4401157 0.580635227416 15.004113 0.129737002452
53588.4800878 0.583740026119 15.060059 0.0737917140496
53588.4882466 0.587061747098 14.991958 0.0727221340394
55445.3830452 0.588308652895 15.054683 0.0750858954542
54261.4994518 0.591442993255 15.037874 0.0789542076999
55445.4011966 0.595698663748 15.035522 0.0745695872394
54261.510662 0.596006999247 15.025809 0.0781249934478
54919.7821939 0.599395933848 15.01775 0.0810166752101
54261.5220931 0.600660965322 15.036962 0.0793219096387
53772.7413454 0.60238976645 15.033114 0.0851471274063
54919.791385 0.603137924342 15.058322 0.0789392916679
53831.6947389 0.604201307706 15.053344 0.0788478539948
54261.5329641 0.605086904638 15.033259 0.0792866902953
54919.800638 0.606905120253 15.026573 0.0783601635636
53772.7529346 0.607108134006 14.977694 0.0836361565884
54202.5907474 0.607825793559 14.982271 0.0766731095598
53831.704533 0.608188816691 15.066456 0.0790809861164
54919.8099389 0.610691829306 15.09984 0.0812941354262
53772.7644534 0.611797808895 15.041357 0.0849456234599
53831.7142366 0.612139471728 15.030746 0.0784143588263
54202.6033099 0.612940393676 15.015708 0.077101771815
53831.7240578 0.616137960208 15.040906 0.078601708917
53772.7756786 0.61636794552 15.044925 0.0848497401218
54202.6161577 0.618171153637 15.044524 0.0773295119134
54202.6297271 0.623695684847 14.912064 0.0749502160916
55354.6065391 0.630290433048 14.986074 0.0838252735952
55354.6471375 0.64681931271 15.023826 0.0847607775828
54993.6110855 0.657498374115 15.036135 0.0684858676227
54993.6222832 0.662057347386 15.016001 0.0683377306402
54993.6335346 0.666638133404 15.025841 0.0684774338386
54212.5678179 0.669810229677 15.044131 0.0772037021423
53900.6314688 0.670548329737 14.993841 0.0816863457849
54993.6446653 0.671169818654 14.993903 0.068214148943
54266.6131268 0.67338358183 15.03132 0.0832657069437
54212.5770642 0.67357469251 15.025867 0.0768551083219
53900.6404503 0.674204973359 14.900932 0.0798222235741
56366.6714364 0.674270964525 15.009861 0.0776773097876
54212.5862465 0.67731309723 15.033892 0.0769318867903
54266.6227911 0.677318210847 14.932173 0.0812369871576
53900.6494408 0.677865306693 14.98553 0.0817240283112
54212.5954754 0.681070496486 15.012108 0.0766182071945
54266.6322282 0.681160382188 14.923348 0.0811404299636
53900.6584392 0.681528815781 15.029835 0.0827865980686
54266.6418439 0.685075215227 15.009444 0.0831207684286
56366.7032926 0.687240648461 15.031434 0.0780563109217
56366.7134258 0.691366177101 15.005562 0.0777187105939
56366.7228366 0.695197651824 15.018509 0.0779596799571
53851.5710938 0.69650095293 14.976704 0.0620890793549
53851.5839405 0.701731246317 15.011516 0.0623345657786
53851.5973977 0.707210088361 14.985953 0.062100597349
53851.6110097 0.712751979148 14.971941 0.0619770780828
53576.5334061 0.719863914057 15.011396 0.0793493723733
54492.7010453 0.721004405613 14.9553 0.0879278758023
53576.5399405 0.722524276421 15.028125 0.0797671339267
54492.7066391 0.723281795416 14.96686 0.0871413556115
53576.5464862 0.725189256762 14.962089 0.078673861133
54492.7123013 0.725587076489 15.02613 0.0883279396548
54190.6036357 0.727489335663 14.979451 0.0848606144444
54492.7179566 0.727889535198 15.023194 0.0880629169259
55767.5044597 0.734236324066 15.020462 0.069649136651
54190.6207223 0.7344458547 15.025183 0.0855082330067
55767.5100614 0.736516965063 15.022216 0.070613196283
54190.6293143 0.737943933486 14.973112 0.0842589299092
55767.5157221 0.738821638327 14.933378 0.0802454445506
55767.5213655 0.741119243456 15.034375 0.0733497304139
54345.4114119 0.754685010824 15.049654 0.0811341805277
55045.4391703 0.758368928457 14.969737 0.0793962885735
55045.4461865 0.761225458854 14.963196 0.0793113632388
55045.4532184 0.76408835989 14.965783 0.0793372935247
55045.4602599 0.766955167559 14.97827 0.0796008255432
54318.4307605 0.769999131219 14.978837 0.0740742069675
54318.4389276 0.773324216735 14.972456 0.0738524984788
55320.5753995 0.775125322304 14.993494 0.0833409833813
54318.4470581 0.776634411647 14.940058 0.0734292796206
54318.4552051 0.779951297974 14.948129 0.073539517996
55320.6042602 0.786875452708 15.004512 0.0834717333108
55745.5424645 0.792805875643 14.980129 0.0687732984347
55745.5524528 0.796872403127 14.9801 0.0688071709012
55745.5624212 0.800930872693 14.916833 0.0680704674923
55745.5723355 0.804967289466 14.966728 0.0688487147718
55686.6243784 0.805369075922 14.952651 0.0672074545971
54291.5284726 0.817217540871 14.860383 0.0797042014874
54291.5370536 0.820711138436 14.957929 0.0818274733011
55686.6674183 0.822892022042 14.977226 0.0675255900553
54291.5456016 0.824191306466 14.842492 0.0798256749311
54291.5541559 0.827674018787 14.949883 0.0821370219894
55325.6876777 0.856497264519 14.995954 0.0738374528421
55325.7180017 0.868843122194 14.967105 0.0737301866665
53967.4385907 0.869863822861 14.979499 0.0822598976788
53606.3784904 0.870752057641 14.978202 0.0666941307515
53967.4471238 0.873337912086 14.980187 0.0823564896545
55325.730965 0.874120914366 14.975066 0.0740139863899
53606.3882766 0.874736319751 14.975161 0.0666805493483
53967.4556231 0.876798241715 14.936249 0.0816228141149
53967.4641746 0.880279823105 14.927226 0.0815689045092
54274.5025816 0.885432893575 15.006596 0.0823139803092
55325.7618493 0.88669489334 14.992018 0.0746435426031
54964.7026899 0.88796619017 15.000874 0.0681756563623
54964.7133237 0.892295572234 14.98895 0.0680826835699
55011.4407396 0.916520675949 14.970109 0.0820304535912
55011.4472381 0.919166425817 14.955593 0.0817381880577
55011.4536641 0.921782677712 14.966115 0.0821097423803
53913.5332538 0.923277539016 14.938891 0.0800958600457
55011.4600829 0.924395965442 14.991127 0.0829158231715
53913.5417509 0.926736959236 14.946701 0.080369912503
53913.5502633 0.930202632513 14.965832 0.0808101454133
53913.5587811 0.933670515621 14.984493 0.0812355881586
54129.7355727 0.946154655959 14.97999 0.0848665074084
54947.653213 0.946578972281 14.936307 0.0769898086967
54129.7445193 0.949797073492 15.0236 0.0857468368922
54947.6627521 0.950462657932 14.951544 0.077389206043
56406.653821 0.952378168726 14.9913 0.0654798285089
54129.7534794 0.953445046787 14.970353 0.0843448821282
54947.6721071 0.954271377643 14.946436 0.0773379485399
56406.6638275 0.956452146192 14.933358 0.0648571001509
54129.7624875 0.957112532984 14.995857 0.0848239437695
54947.681408 0.958058081933 14.972641 0.0777987561574
53982.3939923 0.958686003816 15.034897 0.0831300087461
54979.6153655 0.959393261922 15.007705 0.083183969062
56406.6737301 0.960483803392 14.953768 0.065139369061
53982.4024441 0.962127008808 15.006271 0.0826104650845
54979.623995 0.962906603474 14.959025 0.083453215588
56406.6839311 0.96463694535 14.96702 0.0652918035767
53982.4109064 0.965572259572 14.995111 0.0824396083084
54979.6327558 0.966473433007 14.982415 0.0797421723496
53982.4193884 0.969025568088 14.997259 0.082539402764
54979.641544 0.970051383269 14.985525 0.07973220241
54957.5432253 0.973119229125 14.973804 0.0632931037316
54957.5576655 0.978998318581 14.957358 0.0630797857414
54957.5718859 0.984787867137 14.947999 0.0629174379615
54586.6852975 0.984998602272 14.932888 0.100334515587
54957.586088 0.990570022421 14.938585 0.0627703109208
54586.7119412 0.995846124751 14.933174 0.0972690924011
56173.4285879 0.998928394683 14.984217 0.0651999920379
