55821.483612 0.000831229794566 14.6355 0.064
56155.582182 0.00334936709 14.6891 0.061
56451.721986 0.00418670886153 14.7457 0.063
54376.45526 0.00591640028498 14.6598 0.075
54951.718575 0.00593779221741 14.6185 0.073
53593.407383 0.0179600642833 14.7842 0.066
54018.47441 0.0193444286204 14.7136 0.076
55735.75797 0.0239650883361 14.7417 0.069
53860.755056 0.0302787675766 14.7352 0.06
54376.464178 0.0331697358987 14.6714 0.076
53568.543236 0.0333286474637 14.8469 0.078
53606.503286 0.0389333365822 14.8036 0.069
56451.734127 0.0412895063364 14.8032 0.063
56155.594898 0.0422093598923 14.754 0.062
55821.497719 0.0439421072781 14.7031 0.064
54018.484122 0.0490242217882 14.7681 0.077
53568.550878 0.0566825374483 14.875 0.079
54376.473071 0.0603466717117 14.7098 0.076
55735.772144 0.0672807173007 14.781 0.07
55449.449555 0.0677727319846 14.7752 0.065
54675.561754 0.0729343022843 14.753 0.067
53593.426175 0.0753882637619 14.8624 0.067
56451.7463 0.078490095518 14.8424 0.064
54018.493844 0.078734574863 14.81 0.078
53568.558426 0.0797491641877 14.8962 0.079
53606.517675 0.0829060038017 14.86 0.069
54262.606255 0.0842812001369 14.7729 0.08
55468.434459 0.0854852609315 14.7738 0.064
55821.511786 0.0869307451116 14.7708 0.065
53568.566094 0.103182509944 14.9283 0.08
55449.461572 0.104496586449 14.8423 0.067
54675.572972 0.10721641923 14.8052 0.069
54262.61478 0.110333530956 14.8344 0.081
55735.786291 0.110513834456 14.7993 0.07
53606.531678 0.125699058133 14.8918 0.07
54262.623385 0.136630341098 14.8151 0.081
55449.473572 0.141168489056 14.7982 0.067
55362.760593 0.147008489534 14.826 0.065
55735.800485 0.153890583257 14.893 0.072
54262.632025 0.16303411097 14.8312 0.081
54417.411121 0.166695189241 14.8378 0.071
53606.545568 0.168146785398 14.9074 0.07
55449.485605 0.177941239384 14.901 0.066
54346.407273 0.179512019199 14.8759 0.071
53668.397411 0.186876959641 14.9276 0.076
54417.420922 0.19664696569 14.8425 0.071
54346.416338 0.207214585638 14.883 0.071
55524.431189 0.211037631483 14.9036 0.071
53668.405605 0.211917757138 14.9294 0.076
54186.735639 0.224294524261 14.938 0.082
54417.430721 0.226592630152 14.9031 0.072
54346.425885 0.23639014013 14.9034 0.071
53668.413765 0.236854650898 14.996 0.078
54624.569107 0.239818963041 14.914 0.062
54242.697557 0.243461705356 14.7886 0.068
54186.743683 0.248876922976 14.9608 0.082
54757.428123 0.255893480332 14.9081 0.077
54417.440525 0.25655357458 14.9286 0.073
55524.447253 0.260129085084 14.9566 0.072
54792.443164 0.261574569239 15.0039 0.082
53668.42192 0.261776264716 15.0086 0.078
54624.576877 0.263564019964 14.9415 0.062
54346.435359 0.26534260725 14.9485 0.072
55362.799719 0.266577227969 14.9311 0.066
54186.751889 0.273954392366 14.9515 0.082
54792.447321 0.274278327507 14.979 0.082
54757.436929 0.282804544872 14.9445 0.077
54242.710777 0.283861918055 14.8273 0.068
54792.451488 0.287012645682 15.0279 0.083
54624.584611 0.287199061186 14.9656 0.062
55113.462311 0.293482180512 14.9944 0.071
54675.635173 0.297302170364 14.9861 0.07
54186.760105 0.299062421685 14.9602 0.082
54792.455654 0.299743907864 15.0126 0.084
54757.445771 0.309825625091 14.9194 0.077
54624.592346 0.310837158401 14.9654 0.062
53595.47086 0.32392902764 15.0783 0.087
55060.461976 0.324888609083 15.0368 0.07
54242.724446 0.325634271107 14.8633 0.068
55113.473515 0.327721513556 15.0108 0.071
54758.434128 0.330236594885 14.9645 0.078
54757.454616 0.33685587331 14.9745 0.078
56383.768955 0.340275528218 15.0412 0.068
55060.468803 0.345751865685 15.0777 0.07
53595.480972 0.354831217552 15.1073 0.088
53651.43662 0.354837329545 15.0383 0.089
54758.44293 0.357135435432 15.0541 0.08
55113.484674 0.361823326987 15.0428 0.071
56383.7767 0.363944185362 15.0544 0.068
54242.738165 0.367559423761 14.9002 0.069
55060.476026 0.367825295037 15.0455 0.07
56184.49838 0.371015750565 15.1014 0.069
53651.446073 0.383725620814 15.065 0.09
56124.62024 0.383905924327 15.0923 0.066
54758.451764 0.384132067729 15.0637 0.08
53595.491111 0.385815919274 15.1421 0.089
56383.784478 0.387713690228 15.1266 0.069
55060.483055 0.389305861986 15.0477 0.07
53614.472091 0.39153673608 15.1077 0.074
55113.495882 0.396074884025 15.0979 0.072
56184.50961 0.405334539426 15.1045 0.069
54758.46061 0.411165371942 15.1165 0.082
56383.792264 0.411507643037 15.1381 0.069
53651.455415 0.41227469698 15.0709 0.09
54029.402072 0.414190803892 15.1902 0.075
53595.501141 0.416467517856 15.1538 0.089
56124.633131 0.423300715712 15.1099 0.067
54742.431018 0.424862327566 15.1234 0.079
56388.705903 0.427548544428 15.1402 0.062
55035.627556 0.431102662981 15.0863 0.081
53614.486688 0.436145049582 15.146 0.077
56184.520971 0.440053663203 15.1055 0.069
53651.464729 0.440738205389 15.0659 0.09
54029.411897 0.444215924148 15.187 0.075
54703.498947 0.44876935206 15.1441 0.077
55035.634631 0.452723805559 15.0971 0.081
54742.440388 0.453496971512 15.1235 0.079
56388.715894 0.458080959331 15.143 0.062
56124.645997 0.462619107274 15.1541 0.067
54029.421694 0.474155476625 15.16 0.074
55035.641709 0.474354116117 15.1238 0.082
56184.532306 0.474693331209 15.1394 0.07
54703.507508 0.47493169858 15.1237 0.077
53614.500718 0.479020615722 15.0936 0.079
54742.449879 0.482501390467 15.1274 0.079
56388.725756 0.488219151281 15.1357 0.062
55035.648793 0.496002762609 15.126 0.082
54703.516036 0.500993197356 15.0956 0.097
56124.659128 0.502747336692 15.1182 0.067
56408.693544 0.509617206453 15.1684 0.062
54742.459308 0.511316337928 15.1297 0.088
56388.735676 0.518534590753 15.1514 0.062
54029.442232 0.536919437937 15.1844 0.084
53614.523916 0.549913515416 15.1285 0.076
56408.708824 0.556312762428 15.1502 0.062
54029.449979 0.560594207045 15.1431 0.083
54029.457726 0.584268976175 15.1166 0.082
56408.72402 0.602751615087 15.126 0.062
55044.519666 0.605318648265 15.0616 0.068
55380.581474 0.607476178531 15.0371 0.072
54029.465468 0.60792846534 15.1392 0.083
55324.627375 0.612203797967 15.0565 0.082
53835.752651 0.623132024961 15.0452 0.067
55044.528683 0.632874527067 15.0213 0.068
54210.757994 0.636416421668 15.1106 0.071
53692.432967 0.639341005904 15.107 0.092
56408.739248 0.649288259476 15.0048 0.061
54925.752421 0.65358192807 15.0727 0.068
53692.439582 0.659556392207 15.0758 0.091
55044.537722 0.660497637712 14.9417 0.067
53835.767222 0.667660882691 15.0288 0.066
54210.768804 0.669451693926 15.0469 0.07
53692.446185 0.679735106617 14.99 0.09
54925.762217 0.683518424576 14.9568 0.069
55044.546682 0.687879324984 14.9033 0.066
54703.577687 0.689398152941 14.9475 0.074
55380.608645 0.690510533996 14.9514 0.073
55084.470591 0.695021178007 14.797 0.073
55324.654962 0.696509446064 14.93 0.079
54591.6691 0.697664610992 14.9691 0.065
53692.452782 0.69989548507 14.9522 0.089
54210.779732 0.702847573237 14.9969 0.07
53922.494865 0.706633947173 14.7917 0.083
53835.78185 0.712363931951 14.8486 0.064
54925.772071 0.713632168583 14.883 0.066
54703.585758 0.714063063443 14.9233 0.09
53692.459505 0.720440918497 14.8622 0.087
55084.479068 0.720926821211 14.7106 0.072
54591.67719 0.722387585337 14.9071 0.064
55007.583077 0.727402468019 14.6933 0.073
54210.790719 0.73642375604 14.9405 0.069
54703.593833 0.738740197894 14.9294 0.122
54925.781894 0.743651176853 14.7644 0.067
54591.685168 0.746768288586 14.7862 0.063
55084.487599 0.746997487966 14.6048 0.07
55769.69908 0.747721758038 14.8485 0.064
55007.591145 0.75205821052 14.6667 0.072
53835.796778 0.757983778797 14.6791 0.063
54273.626424 0.761828216581 14.7353 0.075
54591.693162 0.7711978877 14.6913 0.062
55084.496065 0.772869515248 14.555 0.07
55007.598984 0.776014130887 14.7616 0.085
55769.709022 0.778104429354 14.7106 0.063
53622.452734 0.780316967465 14.6018 0.078
55663.689143 0.782214738439 14.7601 0.069
54729.460899 0.788283938303 14.5776 0.071
54273.635935 0.790893755373 14.6664 0.074
55734.700467 0.792244503797 14.7244 0.071
55007.606916 0.800254258507 14.6319 0.087
54296.546073 0.804089528323 14.6018 0.064
53622.461069 0.805788659808 14.5784 0.078
55769.719023 0.808667404164 14.6462 0.062
54729.468826 0.812508785958 14.5302 0.07
54358.395916 0.81670771882 14.5865 0.067
54273.645996 0.821640089713 14.6075 0.073
53622.46924 0.830759169491 14.5782 0.078
54296.55481 0.830789729418 14.585 0.063
55684.648877 0.834991718252 14.5878 0.064
55734.714941 0.836476930303 14.6923 0.074
54729.476776 0.83680392145 14.579 0.071
55769.729055 0.839325114754 14.5831 0.062
54358.405408 0.845715193768 14.5607 0.067
54273.656129 0.852606455477 14.5963 0.072
53622.477146 0.854919841317 14.5615 0.078
54296.563915 0.858614535508 14.5902 0.063
54729.48476 0.861202960634 14.5774 0.071
55421.568382 0.863134347499 14.5599 0.071
53820.779114 0.864124488868 14.6775 0.076
54358.414308 0.872913521531 14.5689 0.067
54316.530322 0.875792265883 14.5827 0.073
55734.729154 0.879911742947 14.65 0.077
53820.78429 0.879942302875 14.5558 0.086
55663.722672 0.884679090294 14.587 0.066
54296.572918 0.88612763043 14.57 0.063
53580.603021 0.887933721648 14.5799 0.069
56063.594773 0.890574098617 14.5579 0.062
53820.789557 0.896038212103 14.6016 0.085
54358.423172 0.900001833594 14.564 0.067
54652.599364 0.900056841445 14.5359 0.068
54316.538808 0.901725413001 14.566 0.073
53860.713261 0.9025535868 14.5694 0.059
53820.794744 0.911889642009 14.5092 0.079
54703.651604 0.915287904983 14.6035 0.07
53580.613926 0.921259313121 14.6204 0.07
56063.605478 0.92328849173 14.5798 0.063
55734.743406 0.923465739271 14.6318 0.082
54316.546452 0.925085414972 14.5633 0.073
56155.556682 0.925421574078 14.5812 0.06
54951.693082 0.928031391134 14.5905 0.072
53593.380155 0.934751517288 14.6567 0.065
53860.72691 0.944264820017 14.4853 0.058
54316.553534 0.946727949478 14.5967 0.076
55421.597895 0.953325835955 14.6259 0.072
54951.701552 0.953915642387 14.5825 0.07
53580.624832 0.95458796061 14.6879 0.071
56063.616179 0.955990660871 14.5944 0.063
55821.469531 0.957799808082 14.6145 0.063
56155.569418 0.964342686694 14.6404 0.061
56451.709711 0.966674408514 14.6756 0.062
55684.694055 0.973055319556 14.5746 0.064
53593.393861 0.976636942034 14.7022 0.065
54376.446369 0.978745576436 14.6106 0.074
54951.710044 0.979867125463 14.6325 0.072
53860.741018 0.987378753515 14.6804 0.059
53580.635728 0.98788604817 14.7487 0.072
56063.626905 0.988769229812 14.6585 0.063
54018.464693 0.989649355488 14.6826 0.075
55468.404607 0.994257791233 14.6549 0.063
