53622.452734 0.00595636649747 12.6698 0.057
53622.461069 0.0115484271793 12.6653 0.057
53622.46924 0.0170304581146 12.6929 0.058
55324.627375 0.0172203265204 12.6933 0.056
53622.477146 0.0223346970771 12.6585 0.057
54029.402072 0.0335979861881 12.6101 0.054
55324.654962 0.0357288061938 12.7347 0.056
54029.411897 0.0401897073895 12.6229 0.054
54029.421694 0.0467626430226 12.6458 0.054
55421.568382 0.0562117831138 12.7315 0.056
54029.442232 0.0605418562591 12.7174 0.056
53820.779114 0.0657226472093 12.6949 0.057
54029.449979 0.0657394200368 12.7145 0.056
55524.431189 0.0682164312031 12.714 0.054
53820.78429 0.0691952934153 12.7251 0.06
54029.457726 0.0709369838194 12.6077 0.056
53820.789557 0.0727289927048 12.6634 0.059
55421.597895 0.0760124414147 12.705 0.056
54029.465468 0.0761311930353 12.7063 0.056
53820.794744 0.0762090189526 12.6539 0.058
55524.447253 0.0789939792276 12.7307 0.055
55044.519666 0.0892891407377 12.6374 0.053
55044.528683 0.0953387641519 12.6298 0.053
55044.537722 0.101403147659 12.6205 0.053
55044.546682 0.107414529029 12.6298 0.053
53835.752651 0.111664763514 12.6545 0.053
53835.767222 0.121440638284 12.6556 0.053
55035.627556 0.123456061233 12.6309 0.056
55035.634631 0.128202771411 12.6168 0.055
53835.78185 0.131254755099 12.6399 0.053
55035.641709 0.13295149433 12.616 0.056
54242.697557 0.136332896348 12.6606 0.054
55035.648793 0.137704242723 12.6322 0.056
55734.700467 0.140629423838 12.6735 0.055
53835.796778 0.141270145848 12.652 0.053
54652.599364 0.144824643447 12.6151 0.055
54242.710777 0.145202367521 12.6581 0.054
55734.714941 0.150340220034 12.6861 0.056
54758.434128 0.150754173418 12.6777 0.056
54652.608942 0.15125064911 12.9077 0.14
54242.724446 0.154373078675 12.6466 0.054
54758.44293 0.156659550516 12.6732 0.056
55734.729154 0.159875907916 12.6903 0.057
54758.451764 0.162586396836 12.6842 0.056
54242.738165 0.163577335486 12.6508 0.054
54758.46061 0.168521294115 12.6581 0.056
55734.743406 0.169437761408 12.676 0.058
56451.709711 0.191523549726 12.6567 0.053
56451.721986 0.199759008015 12.6556 0.053
56451.734127 0.207904563959 12.6675 0.053
56451.7463 0.216071589113 12.6399 0.053
54296.546073 0.264007659145 12.6594 0.053
54591.6691 0.265912381435 12.6669 0.053
54296.55481 0.269869426896 12.6697 0.053
54591.67719 0.271340068411 12.6785 0.053
54296.563915 0.275978090664 12.7293 0.053
54591.685168 0.276692613118 12.73 0.053
54296.572918 0.282018321296 12.8069 0.054
54591.693162 0.282055892433 12.7876 0.053
54703.498947 0.294021627557 12.9604 0.056
54703.507508 0.299765314602 12.9734 0.056
54703.516036 0.305486861512 12.9295 0.061
55007.591145 0.313460663696 12.9608 0.057
55007.598984 0.31871995148 12.801 0.059
55007.606916 0.324041634184 12.8211 0.061
53606.531678 0.324311341252 12.9504 0.055
56408.693544 0.331413627322 12.7621 0.052
53606.545568 0.333630324202 12.813 0.054
54624.569107 0.338958045125 12.7044 0.052
56408.708824 0.34166517948 12.6734 0.052
55113.462311 0.343812772312 12.6805 0.054
54624.576877 0.344171039904 12.6859 0.052
54703.577687 0.346849324995 12.6612 0.055
54624.584611 0.349359881814 12.6778 0.052
55113.473515 0.351329682673 12.6736 0.054
56408.72402 0.351860374937 12.6751 0.052
54703.585758 0.352264264622 12.6566 0.059
54417.411121 0.353951611065 12.6919 0.054
54624.592346 0.354549394636 12.669 0.052
55821.469531 0.355131076297 12.6868 0.053
54703.593833 0.357681887898 12.7758 0.067
55113.484674 0.358816401949 12.6832 0.054
54417.420922 0.360527230351 12.6721 0.054
56408.739248 0.362077039611 12.6616 0.052
55821.483612 0.364578203649 12.6911 0.053
55113.495882 0.366335995969 12.662 0.054
54417.430721 0.367101507811 12.6725 0.055
54417.440525 0.373679139837 12.6656 0.055
55821.497719 0.374042774738 12.6928 0.053
55821.511786 0.383480509308 12.6547 0.053
54703.651604 0.396441208558 12.6246 0.055
54925.752421 0.406788701288 12.6161 0.053
54925.762217 0.413360966012 12.5823 0.053
54742.431018 0.414058044722 12.6523 0.055
54925.772071 0.419972143691 12.6352 0.053
54742.440388 0.420344500463 12.6368 0.055
54925.781894 0.426562523065 12.6034 0.053
54742.449879 0.426712136686 12.6417 0.055
54742.459308 0.433038176298 12.6488 0.057
53651.43662 0.451625152803 12.7097 0.058
53651.446073 0.45796729433 12.7083 0.058
53651.455415 0.464234964503 12.719 0.058
53651.464729 0.470483849111 12.7388 0.058
54757.428123 0.475812240945 12.6797 0.056
55468.404607 0.479248657839 12.6602 0.053
54757.436929 0.481720301701 12.6788 0.056
54757.445771 0.487652515322 12.6809 0.056
54262.606255 0.493339174752 12.6476 0.057
54757.454616 0.493586741688 12.6613 0.056
55663.689143 0.498201952899 12.7543 0.054
56155.556682 0.498576993321 12.6616 0.052
54262.61478 0.499058708927 12.6496 0.057
55468.434459 0.499276755679 12.6468 0.053
53593.380155 0.500782284676 12.6747 0.053
54262.623385 0.504831916143 12.6639 0.057
56155.569418 0.507121742551 12.6833 0.052
53593.393861 0.509977819614 12.6756 0.053
54262.632025 0.510628605321 12.6546 0.057
56155.582182 0.51568527735 12.6622 0.052
53593.407383 0.519049906543 12.6786 0.053
55663.722672 0.520696998206 12.7452 0.054
56155.594898 0.524216608324 12.7104 0.052
53593.426175 0.531657705507 12.7273 0.053
54675.561754 0.55059288591 12.6864 0.054
55380.581474 0.557558305705 12.7006 0.054
54675.572972 0.558119189058 12.6891 0.054
55684.648877 0.560362051548 12.7391 0.054
55380.608645 0.575787685527 12.6795 0.054
55684.694055 0.590672563548 12.6879 0.053
54186.735639 0.590749047641 12.6586 0.057
54186.743683 0.596145872613 12.6657 0.057
54675.635173 0.599850654748 12.6591 0.054
55362.760593 0.601295801562 12.6499 0.053
54186.751889 0.601651385505 12.6404 0.056
54186.760105 0.60716360753 12.6437 0.056
56383.768955 0.609180372306 12.6822 0.053
56383.7767 0.614376594262 12.6794 0.053
56383.784478 0.619594956348 12.6701 0.053
55769.69908 0.621657343213 12.6662 0.053
56383.792264 0.62481868574 12.659 0.053
55362.799719 0.627545947488 12.6621 0.053
55769.709022 0.628327561249 12.6517 0.053
55769.719023 0.635037363152 12.6612 0.053
55769.729055 0.641767963368 12.6292 0.053
53614.472091 0.651638436885 12.6568 0.054
53614.486688 0.661431755391 12.6852 0.055
53614.500718 0.670844666178 12.6377 0.055
54316.530322 0.671702093117 12.6492 0.056
54316.538808 0.677395461677 12.641 0.056
54316.546452 0.682523921411 12.6334 0.056
53614.523916 0.686408508253 12.6719 0.055
54316.553534 0.687275327978 12.6596 0.057
54018.464693 0.695567142974 12.6366 0.056
54018.47441 0.702086405561 12.6404 0.056
54210.757994 0.707661693414 12.6169 0.053
54018.484122 0.708602313581 12.6494 0.056
54729.460899 0.712235308011 12.6426 0.055
54210.768804 0.714914264017 12.6199 0.053
54018.493844 0.715124930729 12.6322 0.056
54346.407273 0.716539886455 12.6506 0.054
54729.468826 0.717553636148 12.632 0.055
54210.779732 0.722246002369 12.6141 0.053
54346.416338 0.722621713705 12.6569 0.054
54729.476776 0.722887395292 12.6386 0.055
54729.48476 0.728243965474 12.6516 0.055
54346.425885 0.72902692106 12.668 0.054
54210.790719 0.729617324587 12.6282 0.053
54346.435359 0.735383151767 12.6767 0.054
56124.62024 0.742912809476 12.6628 0.053
56124.633131 0.751561550243 12.6423 0.053
54358.395916 0.759877518108 12.6939 0.054
56124.645997 0.760193518177 12.6704 0.053
55449.449555 0.76205597294 12.7057 0.053
54358.405408 0.766245825245 12.6821 0.054
56124.659128 0.769003278084 12.7022 0.053
55449.461572 0.770118335655 12.7412 0.054
54358.414308 0.772216951829 12.6759 0.054
54358.423172 0.778163925544 12.7478 0.055
55449.473572 0.778169292849 12.8256 0.054
55060.461976 0.785193752996 12.8597 0.054
55449.485605 0.786242390172 12.9205 0.054
55060.468803 0.789774076728 12.9221 0.054
55060.476026 0.79462008204 12.9337 0.054
55060.483055 0.799335930215 12.9473 0.054
54951.701552 0.816400604897 12.9573 0.057
56063.626905 0.82168538738 12.94 0.054
54951.710044 0.822097998937 12.9271 0.057
54951.718575 0.827821558587 12.8753 0.057
53668.397411 0.830842009359 12.9233 0.057
53668.405605 0.836339471296 12.8427 0.056
53568.543236 0.837367981076 12.6876 0.056
53668.413765 0.841814122185 12.7514 0.056
53568.550878 0.842495098984 12.6499 0.056
53668.42192 0.847285418512 12.7462 0.056
53568.558426 0.847559151058 12.6181 0.056
55735.75797 0.850122039095 12.693 0.054
53568.566094 0.852703712703 12.621 0.056
53860.713261 0.858064979276 12.6676 0.052
55735.772144 0.859631561367 12.6643 0.054
53860.72691 0.867222272169 12.659 0.052
55735.786291 0.869122968979 12.5156 0.054
54376.446369 0.870162884283 12.6524 0.056
54376.45526 0.876127972653 12.6506 0.056
53860.741018 0.876687514176 12.6542 0.052
55735.800485 0.878645909513 12.5308 0.054
54376.464178 0.882111175672 12.649 0.056
53860.755056 0.886105792265 12.6476 0.052
54273.626424 0.886914913463 12.6448 0.056
54376.473071 0.888077605863 12.6286 0.056
55084.470591 0.892888052783 12.6362 0.055
54273.635935 0.893295967948 12.64 0.056
55084.479068 0.898575383128 12.6373 0.055
54273.645996 0.900046024641 12.6572 0.056
53595.47086 0.90346365597 12.6526 0.057
55084.487599 0.904298942778 12.6239 0.055
54273.656129 0.906844387078 12.6458 0.056
55084.496065 0.909978893076 12.6126 0.055
53595.480972 0.910247929228 12.6422 0.057
56184.49838 0.915941297788 12.6646 0.053
53595.491111 0.917050317145 12.655 0.057
56388.705903 0.921443456119 12.6573 0.052
56184.50961 0.923475651896 12.6428 0.053
53595.501141 0.92377957553 12.6418 0.057
56388.715894 0.928146548894 12.6303 0.052
53580.603021 0.92843571244 12.6617 0.055
56184.520971 0.931097895616 12.6486 0.053
56388.725756 0.934763093878 12.6619 0.052
53580.613926 0.935752019785 12.6669 0.055
56184.532306 0.938702695598 12.6463 0.053
56388.735676 0.941418551821 12.6613 0.052
53580.624832 0.943068998049 12.6501 0.055
53580.635728 0.950379267179 12.6697 0.055
53692.432967 0.956611378958 12.6442 0.058
53692.439582 0.961049469109 12.6719 0.058
53692.446185 0.965479508304 12.6569 0.058
54792.443164 0.967861920717 12.6422 0.056
53692.452782 0.96990552202 12.6703 0.058
54792.447321 0.970650906473 12.6697 0.056
54792.451488 0.973446601357 12.6545 0.056
53692.459505 0.974416070786 12.6575 0.058
54792.455654 0.976241625328 12.65 0.057
