55043.684319 0.00444980506998 18.462 0.338
53614.431194 0.0152105863117 18.6129 0.293
53835.759296 0.0193927102496 18.4861 0.213
54029.460374 0.0208350391557 18.2176 0.305
53606.495588 0.024481800831 18.1992 0.183
55043.691672 0.027605797036 18.7055 0.39
54316.521417 0.0305187975295 18.3347 0.387
54316.528536 0.0529378790822 18.1768 0.301
53614.444388 0.0567609954118 18.4255 0.265
56124.6159 0.0630656731981 18.4176 0.203
53835.773902 0.0653897752183 18.3275 0.197
56242.431759 0.0875569216064 18.3928 0.205
56383.740004 0.0940285064682 18.502 0.235
53614.457194 0.097089518879 18.4565 0.27
55007.513992 0.0972280832196 18.3752 0.318
56124.628842 0.103822486474 18.3973 0.2
54296.540525 0.106899244819 18.1623 0.199
53835.788632 0.111777339706 18.4134 0.205
56242.440348 0.114605312047 18.5066 0.215
54177.782414 0.115077690519 18.5242 0.412
56383.747872 0.118806331136 18.5967 0.246
55007.522203 0.123086079958 18.2633 0.298
56451.703289 0.123306523228 18.4081 0.195
54346.401482 0.128512133836 18.2735 0.251
54296.549004 0.133601224411 18.3678 0.219
56242.448816 0.141272650541 18.4632 0.214
56383.755702 0.1434644866 18.8251 0.275
56124.64174 0.144440735401 18.4016 0.199
55007.530376 0.148824407493 18.2081 0.337
53922.490235 0.151573650097 18.4928 0.276
54346.410444 0.156735172048 18.6442 0.306
54296.557712 0.16102436844 18.114 0.194
56451.715527 0.161846306951 18.471 0.204
56242.457324 0.168065956643 18.7801 0.254
56383.76355 0.168179327475 18.6829 0.257
54346.419444 0.185077879464 18.32 0.257
56124.654837 0.185685673087 18.5102 0.21
54296.56723 0.19099835613 18.2718 0.209
54632.527996 0.195186778438 18.5434 0.212
54274.658839 0.197318779893 18.3075 0.316
54742.39852 0.19831077465 18.4464 0.31
56451.727724 0.200256973875 18.1204 0.173
55397.489882 0.205289379053 18.5268 0.266
55007.551649 0.215817120263 18.2901 0.238
54632.534569 0.215886402443 18.3266 0.19
54346.429246 0.215946237037 18.3658 0.263
54742.406324 0.222887051177 17.9923 0.244
54274.668816 0.228738245647 18.3602 0.325
55032.642475 0.231588262347 18.2346 0.287
54632.541154 0.236623816693 18.111 0.171
56451.739854 0.238456645109 18.1442 0.173
54262.607102 0.244112589841 18.2737 0.351
54742.41399 0.247028739513 18.4999 0.32
53649.434626 0.247658577459 18.334 0.396
55445.452529 0.248763943049 18.8311 0.321
54017.466727 0.250565279556 18.2802 0.314
55032.650134 0.255707906371 18.0339 0.259
54632.547716 0.2572887996 18.4886 0.205
54274.678722 0.259934118946 18.0941 0.283
54178.783787 0.268591241479 18.5691 0.425
54262.615623 0.270946835377 18.488 0.394
54742.421764 0.271510540339 18.1566 0.266
54017.474871 0.27621228058 17.8976 0.258
53649.444203 0.277818367336 18.7856 0.52
55735.69561 0.279289038943 18.454 0.228
55032.657755 0.279707881168 18.2233 0.287
53636.428739 0.289653022291 18.0775 0.209
54274.688589 0.291007173851 18.2897 0.316
54186.73022 0.293416303982 18.3473 0.356
54262.624235 0.298067657206 18.1338 0.324
54017.483007 0.301834088102 18.8291 0.431
53595.46993 0.302593042813 18.0395 0.31
55032.66547 0.304003879806 18.2769 0.297
55735.705462 0.310314855987 18.3151 0.214
55445.47437 0.317545395586 18.2283 0.235
54186.738288 0.3188239666 18.1255 0.312
54262.632874 0.32527350714 18.1291 0.325
55397.528465 0.326794565773 18.1885 0.224
54017.491157 0.327499984249 18.7021 0.402
55032.673204 0.328359713047 18.0802 0.267
53568.487204 0.328869881776 18.1253 0.303
53636.441388 0.329487122966 18.0879 0.228
53595.479986 0.334261294569 18.1132 0.323
55735.71555 0.342083881825 18.1925 0.202
54186.746348 0.344206435691 18.2668 0.337
54534.774409 0.350596141611 18.153 0.306
54534.778479 0.363413343753 18.1642 0.306
53595.490166 0.366320045867 18.042 0.311
53636.453998 0.369198405246 17.9592 0.223
54186.754695 0.370492722238 18.1637 0.317
55735.725496 0.37340572271 18.6462 0.268
54534.782573 0.376306126428 18.0468 0.287
55821.463932 0.380006424348 18.2482 0.199
54534.786698 0.389296534018 17.8898 0.263
54652.595119 0.390364109313 18.0749 0.257
53595.50022 0.397981999242 17.9344 0.292
53636.466636 0.408997864846 17.936 0.221
53568.514944 0.416228404444 18.0859 0.292
54652.60484 0.420977382524 17.4035 0.237
55821.478024 0.424384805783 17.9963 0.18
54757.396293 0.429143231445 18.1108 0.271
55684.620496 0.434065414984 18.0222 0.191
53568.521643 0.437324826327 18.2396 0.318
55084.468072 0.440225230064 18.1284 0.258
54757.405208 0.457218257736 18.0605 0.265
53568.528451 0.458764509891 17.9977 0.278
53580.597616 0.466854778268 18.0318 0.242
55084.476545 0.466908314488 18.1589 0.263
55821.492088 0.468675009922 18.1188 0.191
53568.535465 0.480852926549 18.46 0.358
54757.414133 0.485324775935 17.9231 0.247
55684.637585 0.487881917977 17.983 0.188
55353.759724 0.490725636309 18.3627 0.332
55084.485021 0.493600846508 17.7353 0.214
53580.608505 0.50114630505 17.9275 0.229
55663.684517 0.502695706404 17.6692 0.183
56184.455434 0.509110605856 17.9555 0.151
54591.665155 0.510348237411 17.8207 0.153
55821.506163 0.512999855137 18.0502 0.186
54757.423083 0.51351002388 17.9424 0.25
55468.400406 0.515982137803 17.8563 0.163
53665.3978 0.518721932848 17.7615 0.172
55084.493542 0.520435092045 17.9038 0.233
54242.691007 0.524551083015 17.9783 0.198
55126.412303 0.530566035356 17.8145 0.179
53580.619427 0.535541755104 18.2545 0.271
54591.673218 0.535740154074 18.099 0.173
56184.466696 0.544576780409 17.8575 0.149
55273.75815 0.550591732757 18.7683 0.426
53665.409497 0.555558004932 18.0225 0.197
53805.764443 0.559910185114 17.8292 0.239
55126.421823 0.560546321427 18.1772 0.214
54591.68121 0.560908478261 17.841 0.154
54952.726664 0.561538316201 18.042 0.247
54242.704195 0.566082596948 17.7926 0.181
53580.630316 0.569833281909 17.9093 0.228
53860.703434 0.573215511662 18.1139 0.146
53805.770396 0.578657311478 18.0104 0.261
56184.478036 0.580288591752 17.8346 0.146
54591.689191 0.586042161349 18.021 0.167
54952.735442 0.589181903493 17.8951 0.244
55126.43136 0.590580143741 17.9099 0.189
53665.421194 0.592394077016 17.8168 0.178
54925.745934 0.594100937829 18.0115 0.177
53805.776313 0.59729106702 17.9738 0.253
55663.717928 0.607913283911 17.9357 0.204
54242.717562 0.608177815847 18.0442 0.204
55468.430186 0.609765007462 18.1579 0.187
53860.716928 0.615710677653 18.0159 0.14
56184.489324 0.615836645242 17.8689 0.15
53805.782258 0.616012999858 17.9441 0.249
54952.744541 0.617836380704 18.3325 0.287
55126.440899 0.620620264414 18.1255 0.215
54730.466827 0.62314591455 18.0405 0.2
54925.755718 0.624912609991 18.0963 0.184
53665.432921 0.629324624778 18.0813 0.203
53692.428585 0.643792002327 18.229 0.379
54952.753929 0.64740097373 18.0825 0.25
54242.73124 0.651252432757 18.061 0.205
56408.685975 0.653623772609 17.97 0.131
54925.765523 0.655790415137 17.9746 0.246
53860.730695 0.659065572428 18.0344 0.141
54730.478628 0.660309502361 17.952 0.191
53692.43517 0.664529416577 18.1039 0.358
53692.441778 0.685339262214 18.0137 0.342
54925.775386 0.686850873279 18.3839 0.216
54730.490472 0.697608505329 18.1556 0.211
53593.37383 0.701576484365 18.1694 0.203
56408.701221 0.70163631899 18.252 0.147
53860.744765 0.703374671712 18.2467 0.154
54675.558356 0.705953858082 17.9238 0.19
53692.44839 0.706161704591 18.2858 0.405
54209.727286 0.715539991569 17.8908 0.279
56160.389727 0.721633673666 17.9458 0.185
55113.454953 0.725412701318 18.0635 0.21
53692.454981 0.726918014008 18.0292 0.352
56160.393277 0.732813297153 18.9708 0.475
54730.502263 0.734740601255 17.9163 0.188
55324.624496 0.738365318598 17.8739 0.254
54675.569719 0.741738100789 17.9595 0.2
54376.445524 0.742900151804 18.1699 0.309
56160.396896 0.744210214712 18.2602 0.287
53593.387486 0.744581819102 18.1973 0.205
54209.737818 0.748707257632 18.1297 0.316
56408.716415 0.749485107495 18.1875 0.143
54792.428285 0.751532080806 18.504 0.374
56160.400527 0.75564492256 18.0728 0.301
55113.466075 0.7604379893 18.2807 0.235
54792.431637 0.762088164725 18.0919 0.302
54376.454423 0.770924791065 18.2245 0.32
54792.435 0.772678889719 18.2715 0.337
55414.50241 0.780967557056 18.2715 0.203
54209.748355 0.781890269649 18.0433 0.301
54792.438357 0.783250719592 18.3055 0.347
53593.401074 0.787373008934 18.3676 0.222
55113.477297 0.795778196268 17.9832 0.203
56408.731632 0.797406327366 18.2415 0.147
54376.463343 0.79901556331 18.3514 0.343
54209.759018 0.815470079544 17.9494 0.288
55324.652044 0.825119196843 18.1101 0.286
54376.472238 0.827027605809 18.2252 0.321
53593.414495 0.829638284066 18.0406 0.189
55060.458652 0.830006739275 18.2228 0.217
55113.488502 0.831064867015 18.3029 0.241
53606.436131 0.83724042805 18.0765 0.173
55060.465268 0.850841778415 18.3673 0.232
55414.528939 0.864512410972 18.3505 0.209
55060.472502 0.873623016793 18.4847 0.248
56063.588659 0.876706073535 18.1088 0.187
54358.389652 0.881533781357 18.3799 0.283
55060.47967 0.896196408671 18.2188 0.216
53606.456346 0.900901298098 18.1006 0.174
54358.399199 0.911599095556 18.4106 0.279
56063.601193 0.916178017408 18.2965 0.201
54675.62676 0.921371031236 18.2797 0.238
55043.662257 0.934972381622 18.88 0.426
54358.408524 0.940965289631 18.1988 0.254
54029.437152 0.947704555618 18.5229 0.357
56063.611902 0.949902690033 18.4578 0.217
55043.669622 0.958166163855 18.3657 0.322
53606.47636 0.963929181028 18.3138 0.193
54358.41726 0.968476610979 18.5149 0.477
54029.444879 0.972038344546 18.5199 0.356
53835.744763 0.973625536162 18.8009 0.25
53614.418058 0.973842830254 18.0304 0.217
55043.676961 0.98127806715 18.2962 0.307
56063.622605 0.983608467536 18.4441 0.216
54029.452621 0.99641937129 18.4124 0.336
