56277.67529 0.00260870941574 14.1217 0.061
54919.478312 0.00973897076161 14.1633 0.065
54919.48801 0.0128092697823 14.1737 0.065
54919.497657 0.0158634226637 14.1669 0.065
54919.507326 0.0189245405461 14.1628 0.065
54423.679285 0.0442546657576 14.1977 0.069
54423.688768 0.0472568977243 14.1778 0.069
54423.698256 0.0502607126463 14.2018 0.069
54761.727424 0.0672356861298 14.1877 0.069
54761.734464 0.0694644864097 14.1482 0.07
54761.741566 0.0717129153258 14.1657 0.067
54761.748644 0.0739537460612 14.2257 0.067
53858.415548 0.0868719231299 14.2351 0.066
53858.424058 0.0895661121029 14.2461 0.066
53858.432609 0.0922732813069 14.2534 0.066
53858.441179 0.0949864657364 14.2558 0.066
54196.453991 0.106783277666 14.3458 0.066
54196.464653 0.110158770361 14.3332 0.066
53722.677004 0.113277507794 14.3297 0.071
54196.474991 0.113431687588 14.3061 0.066
54196.485246 0.116678327765 14.3163 0.066
53722.688302 0.116854352334 14.3485 0.07
53722.69877 0.120168426385 14.3161 0.07
53722.708534 0.123259620406 14.3162 0.07
56063.42531 0.173004289806 14.1893 0.062
56063.437154 0.176753993002 14.2301 0.062
56063.450343 0.180929511023 14.2468 0.062
56063.462371 0.184737466955 14.2369 0.062
54967.437045 0.193039747992 14.201 0.066
54967.444631 0.195441406929 13.9245 0.074
54114.611733 0.196265176577 14.1729 0.069
54114.621317 0.199299384229 14.1825 0.07
54114.629804 0.20198629161 14.1572 0.069
54929.567005 0.203727858419 14.1973 0.073
54114.637788 0.204513953745 14.1734 0.07
53773.5073 0.205689139346 14.1858 0.069
54929.573431 0.205762271855 14.1359 0.072
54929.579904 0.207811565066 14.2076 0.074
53773.515807 0.208382378548 14.2039 0.069
54929.586467 0.209889351463 14.1995 0.074
53773.524439 0.211115191616 14.1778 0.069
53773.533214 0.213893277191 14.1821 0.069
54392.721462 0.243288113592 14.176 0.07
55128.734107 0.258229623413 14.1582 0.067
55128.740744 0.260330837541 14.3381 0.073
55128.747412 0.262441865985 14.0692 0.151
55128.754103 0.264560176023 14.1012 0.076
55602.553587 0.265188292466 14.1974 0.067
54168.534895 0.267850189161 14.1968 0.069
54168.545168 0.271102527977 14.2041 0.07
54013.775623 0.272465452012 14.1695 0.069
54013.77694 0.272882402292 14.1981 0.069
54013.778263 0.273301252116 14.2349 0.069
54013.779543 0.27370648853 14.2116 0.069
54168.555342 0.274323524289 14.1857 0.069
54168.565546 0.277554018329 14.2056 0.069
56357.513152 0.278553179363 14.2331 0.061
54942.446277 0.281188799012 14.1425 0.061
56357.523048 0.281686163392 14.2248 0.061
54942.454295 0.283727225239 14.1471 0.061
54942.462323 0.286268817373 14.1472 0.061
56357.542264 0.287769775062 14.2221 0.061
54942.470361 0.288813575419 14.1568 0.061
54999.349527 0.29624269862 14.2035 0.062
54999.359125 0.299281338546 14.1829 0.062
54999.368798 0.302343722793 14.1876 0.063
54999.37849 0.305412122267 14.1641 0.062
54977.414044 0.351667326229 14.1442 0.066
54977.420308 0.353650451933 14.1312 0.066
54977.426592 0.355639909455 14.1443 0.066
54977.432877 0.357629683566 14.1392 0.066
54181.574594 0.396100865875 14.1824 0.065
54181.584386 0.399200924445 14.167 0.065
54181.594189 0.402304465515 14.1654 0.065
54181.604004 0.405411805676 14.1716 0.065
54595.462051 0.429123517958 14.1651 0.064
54595.470201 0.431703734188 14.1831 0.064
54895.549725 0.434164912223 14.1624 0.061
54595.47834 0.434280467921 14.1575 0.064
54895.553974 0.435510107166 14.1546 0.061
54895.558224 0.436855618697 14.137 0.061
54595.486498 0.436863216879 14.1556 0.064
54895.562475 0.438201446819 14.1273 0.061
53818.556309 0.467797635065 14.1222 0.065
53818.564863 0.470505754039 14.1675 0.065
53818.573375 0.473200576195 14.138 0.065
53818.581881 0.475893498803 14.1303 0.065
56383.484969 0.500995361941 14.1642 0.06
56383.496752 0.504725753089 14.1775 0.06
56383.508803 0.508540990611 14.1811 0.06
56421.428327 0.513519066689 14.1687 0.06
56421.437384 0.51638643091 14.1685 0.06
54832.647515 0.519894575212 14.1811 0.065
56421.449812 0.520321023221 14.1754 0.06
56421.458898 0.52319756858 14.2137 0.06
54832.660347 0.523957070266 14.167 0.064
54832.672664 0.52785652098 14.1943 0.06
54832.684888 0.531726528739 14.2291 0.061
53774.591171 0.548832887467 14.2497 0.07
53774.600285 0.551718297373 14.2793 0.07
53774.609124 0.554516644769 14.2429 0.07
53774.623187 0.558968863278 14.3314 0.071
54905.504608 0.585790765042 14.645 0.066
54905.514889 0.589045636584 14.7279 0.067
54905.52504 0.592259351304 14.7746 0.067
54526.493578 0.594329222927 14.8365 0.077
54905.535211 0.595479397844 14.8834 0.069
54245.377383 0.595486362844 14.7844 0.079
54226.425941 0.595631361499 14.8862 0.073
54526.502791 0.597245975336 14.885 0.078
54245.386466 0.598361958432 14.8912 0.081
54226.435767 0.598742184161 14.9639 0.074
54526.51133 0.599949345448 14.9426 0.079
54245.395606 0.601255599701 14.7888 0.08
55676.382079 0.638620613237 14.8094 0.069
55657.456198 0.646857993129 14.6658 0.064
54864.643354 0.649487597549 14.6504 0.065
55676.416827 0.64962151552 14.6178 0.067
54261.34429 0.650464597216 14.7037 0.071
54261.352479 0.653057160495 14.6528 0.07
54864.656202 0.653555158057 14.6 0.065
54864.669095 0.657636965157 14.5148 0.064
54261.368853 0.658241020688 14.5643 0.07
55657.498525 0.660258338214 14.4966 0.063
54864.68203 0.66173206908 14.5061 0.071
53882.38105 0.67413293654 14.3368 0.067
53882.390419 0.677099077137 14.3017 0.067
53882.399757 0.680055403415 14.1973 0.074
53882.409124 0.683020910831 14.5159 0.076
54463.639876 0.695416079654 14.2056 0.073
54463.649923 0.698596868914 14.1938 0.073
54463.660884 0.702067022302 14.1864 0.073
54463.672545 0.705758789356 14.1055 0.072
55518.669656 0.708294999444 14.2131 0.067
54801.660108 0.70956199642 14.1707 0.067
54801.669749 0.712614249758 14.1713 0.081
54801.679504 0.715702594462 14.1801 0.069
54801.689343 0.718817532805 14.159 0.07
55518.703718 0.719078720337 14.2135 0.067
54062.63652 0.741383185854 14.1727 0.064
54062.650722 0.745879410506 14.1681 0.064
54062.664897 0.750367087205 14.1619 0.063
54062.679068 0.754853497537 14.1777 0.063
55632.539255 0.758379370934 14.1485 0.062
54536.550215 0.778169471135 14.1988 0.067
54536.558324 0.780736707136 14.1974 0.067
54536.566456 0.783311224731 14.18 0.067
54536.574643 0.785903154828 14.2129 0.068
55326.428694 0.846546467636 14.1772 0.068
55326.45579 0.855124815981 14.1639 0.068
54492.60398 0.865189242239 14.1951 0.069
54492.616394 0.869119402274 14.1955 0.069
54492.628525 0.872959967074 14.174 0.07
54492.640451 0.876735630727 14.1758 0.069
55266.530773 0.883406835197 14.125 0.06
53756.736404 0.896175264749 14.1201 0.061
53756.739059 0.897015813717 14.1402 0.061
53756.741711 0.897855412914 14.1085 0.061
53756.744367 0.898696278472 14.1424 0.061
54208.490225 0.917346018077 14.1486 0.069
54208.498753 0.920045905687 14.1468 0.069
54208.507274 0.922743577161 14.154 0.069
54208.515767 0.925432384086 14.1635 0.07
55244.598727 0.939919585897 14.1501 0.062
54903.48269 0.945669827298 14.1957 0.062
54903.493111 0.948969021576 14.1828 0.062
54884.563708 0.956091368147 14.1179 0.061
54884.586861 0.963421398382 14.153 0.061
54884.598433 0.967084988839 14.1295 0.061
56277.643777 0.99263197885 14.1633 0.061
56277.653618 0.995747550375 14.159 0.061
56277.663974 0.999026166242 14.1499 0.061
