54979.6721637 0.000766262625728 16.882515 0.123869481699
56364.6716581 0.0125621763566 16.639007 0.108248929403
55032.5480653 0.0132757575318 16.648978 0.135946941557
54953.7107168 0.0176083806253 16.613724 0.108238170488
53900.6515674 0.0197901010507 16.501391 0.131899661455
54274.5100918 0.021018976377 16.772752 0.148867581888
54190.6660139 0.0218437660482 16.743856 0.156443397378
53885.636156 0.0245354368712 16.648838 0.0999657999016
56075.6012017 0.0278779320554 16.721348 0.102754261807
54979.6837686 0.0378599618845 16.53276 0.108634646146
55032.5565547 0.0404110432266 16.620871 0.134605319641
55394.5266897 0.0415968342667 16.633978 0.114029682897
55320.6945539 0.0445893074003 16.552735 0.117475089816
53900.6605801 0.0485983928361 16.688429 0.142870130071
54274.5189531 0.0493432933011 16.542457 0.135315809741
53928.5054406 0.051898629702 16.685222 0.142870130071
54965.6098727 0.0520651458194 16.54633 0.12909731317
56364.6844681 0.0535080168714 16.520125 0.103795958568
55655.7618975 0.0537041591498 16.676873 0.119022176656
56075.6118951 0.0620585410993 16.538034 0.096832339134
53885.6481087 0.0627410318407 16.612983 0.09865974903
55032.565052 0.0675718572875 16.500633 0.128429033481
54979.6951365 0.0741963286157 16.593492 0.110805003653
54274.5278288 0.0777135597492 16.62757 0.140119334983
53928.5148514 0.0819793023542 16.590018 0.137454749976
54965.6194374 0.0826378204176 16.452438 0.124514247432
56364.6971689 0.0941049553664 16.540535 0.104291943075
55032.5735505 0.0947363328166 16.630222 0.136060403991
53885.6600225 0.100822360086 16.564726 0.0972868384331
54274.536711 0.1061045066 16.64454 0.141207580118
53928.5242603 0.112053870823 16.550234 0.135154988463
53561.5492113 0.11316315541 16.573428 0.130071417808
55032.5820775 0.121992225395 16.536888 0.131316770109
56097.531803 0.126842754386 16.384385 0.105889601454
54684.3827104 0.137683083687 16.439793 0.128687126979
53561.5574182 0.139395607496 16.495091 0.127666792036
53851.578313 0.16206068491 16.512351 0.082420499738
54684.3916752 0.166338178111 16.407367 0.121589298221
53561.5658485 0.166342254479 16.545659 0.131736551285
56097.5445169 0.16748149731 16.29988 0.111025663979
55746.5268578 0.17478488582 16.481272 0.0970536651695
55274.7506309 0.18945360009 16.500045 0.133710327648
55655.8046409 0.190329227239 16.378533 0.10706718434
53561.5742925 0.193332555953 16.58896 0.13194840015
54684.4004555 0.194403564302 16.561252 0.236800634102
53818.7394862 0.196048548181 16.539076 0.122308063782
53851.5912074 0.203276333209 16.509294 0.0822719806002
56097.5572452 0.208166113685 16.130824 0.114778221234
55746.5400073 0.216815800434 16.497449 0.0976899078944
54684.4092441 0.222495218823 16.504008 0.136080003559
53818.7486026 0.225188169794 16.474223 0.119365697008
55714.6318371 0.225554128466 16.731491 0.119156313313
54673.4631755 0.234486192812 16.599392 0.125649168193
55326.7014493 0.2450274903 16.556854 0.137499582386
53851.6049893 0.247328897039 16.545329 0.0830542513421
56097.5699711 0.248843332609 16.450322 0.14461736319
53818.7576077 0.253972229668 16.501815 0.120571833184
55746.5532695 0.259207125404 16.407706 0.0953538973338
54673.4712511 0.260299229333 16.463549 0.119054500463
55714.6436541 0.263325989269 16.548926 0.111653498937
54735.4194425 0.271471961501 16.450625 0.103341774944
53818.7663779 0.282005098245 16.49523 0.120156231397
55326.7134844 0.28349638134 16.486122 0.154021000212
54735.423756 0.285259579281 16.587132 0.10866901902
54673.4793395 0.286152922465 16.475565 0.119777217554
53893.5404551 0.289833790402 16.58556 0.109078935356
55219.7208075 0.292149249785 16.561899 0.143101441998
54909.6848502 0.293346892766 16.362051 0.121231314816
53851.619531 0.293809949426 16.527285 0.0826900707773
54735.4280585 0.299012014933 16.457954 0.104096621387
55714.6555976 0.301502247374 16.575174 0.113485951018
55746.5665951 0.301801147815 16.574092 0.100472689452
54673.4874118 0.311955228663 16.530552 0.122507348072
54735.4323777 0.312817723394 16.521865 0.106503191348
53913.5725522 0.320420552829 16.413865 0.126393841336
53893.5504477 0.321774108835 16.489472 0.105538612877
54233.6207146 0.322230979485 16.495567 0.141788831329
54909.6939029 0.322283187259 16.552171 0.130439194132
54641.57979 0.322446470848 16.574184 0.122385549875
55714.6675832 0.339813167233 16.645721 0.117381278468
53997.4241161 0.343523735817 16.522972 0.141095086162
56145.46618 0.344265056952 16.548043 0.0995042063748
54641.5888024 0.351253650909 16.59538 0.123709698155
54909.703009 0.35138966123 16.549301 0.130028607109
55219.73957 0.35212180679 16.528896 0.137098063775
53913.5827868 0.35313425868 16.561772 0.134545184433
53893.5602781 0.353196123083 16.620544 0.110614959296
56475.5291522 0.357409213938 16.68975 0.100897152412
54233.63196 0.358175898501 16.441554 0.138710274798
55066.4444113 0.359541524101 16.562612 0.13076056206
53997.4294184 0.360471942004 16.587097 0.145639622082
56145.4727616 0.365302545607 16.641454 0.102760327503
53997.4347467 0.377503387545 16.670962 0.151458556622
54641.5978163 0.380065641559 16.670511 0.127453129579
54909.7121635 0.380651145575 16.849346 0.14737932277
53893.5701058 0.384609257092 16.700512 0.114029682897
55066.4526565 0.38589654181 16.671777 0.138491724736
53913.593069 0.386000460906 16.701369 0.142500086573
56145.4793788 0.386453573569 16.655101 0.103421626001
53997.4400471 0.394445711373 16.654086 0.150748287539
54233.6433115 0.394459732061 16.907644 0.170721807687
56475.5418945 0.39813863232 16.917505 0.10513616898
56145.4860426 0.407753728265 16.759347 0.107200724748
54641.6068447 0.408923876445 16.990346 0.145761046165
53578.5360359 0.409842153151 16.628862 0.12828201274
56077.5981517 0.410928100506 16.785132 0.108081979264
53913.6034408 0.419152933011 16.899499 0.155588864534
53982.4311245 0.41993179682 16.632225 0.141140043668
55412.4792326 0.425097503929 16.777758 0.141793406357
56166.4537555 0.428942357706 16.714778 0.0989367254607
54233.6547278 0.430950739963 16.858887 0.166538340776
53578.5430611 0.432297415702 16.776952 0.136426723605
55066.469162 0.438654669618 16.90387 0.167865717356
56475.5546634 0.438953140442 17.03626 0.11025909995
53982.4396302 0.44711924646 16.796121 0.151856427692
56077.6115587 0.453782200842 16.804876 0.109174506991
53578.5500837 0.454744575375 16.826172 0.139309463238
56166.4642773 0.46257428912 16.991705 0.108739479062
53600.453737 0.467572385324 16.96196 0.168083512987
53982.4481261 0.474275620412 16.788338 0.151903486799
53578.5570986 0.477166985345 16.767229 0.136009498148
56475.5674461 0.479812006945 16.832958 0.101329094827
53600.460837 0.490266934184 16.881706 0.162389186975
56166.4749067 0.496550278077 16.996653 0.10952003148
56077.6249593 0.496615952907 16.726619 0.107074502499
53982.4566674 0.501577016285 16.799054 0.152603705285
56088.5764744 0.502034109085 16.795302 0.119475646262
54318.4599086 0.502194609267 16.674825 0.120312599336
55338.6707874 0.503814644287 16.723633 0.109773778744
53957.4306368 0.508383423152 16.78912 0.150417503039
53600.467938 0.512964441968 16.60068 0.14417681313
53919.5783399 0.517317685662 16.68364 0.145974429313
56166.4856605 0.530923633856 16.708827 0.0996821523599
54318.4693106 0.532247092223 16.661542 0.119905390069
56088.5866184 0.534458438171 16.592786 0.117034943926
53600.4749024 0.535225737405 16.687257 0.149741342167
55412.5145043 0.537839992695 16.566148 0.131646650587
53957.4401861 0.538906893032 16.485542 0.132848492638
56077.6384298 0.539673194029 16.666775 0.10468900745
54318.4787021 0.562266278624 16.560346 0.115892733077
54350.3904062 0.564823597079 16.55217 0.138525265104
56088.5967931 0.566980842377 16.513186 0.109563763758
53957.4496282 0.569087712059 16.666257 0.143191510982
54350.3963818 0.583923934952 16.615605 0.142509408738
54318.4880892 0.592271036139 16.585441 0.117558253985
55012.3951956 0.596651384355 16.623794 0.136912996444
53957.459086 0.599318513212 16.453688 0.131443534548
56088.6070009 0.599609051865 16.523981 0.108623719939
54350.4023894 0.603126711653 16.539302 0.138445660466
56431.4947875 0.605984767223 16.456458 0.0802230885208
55012.4007713 0.614473493515 16.490134 0.129597023679
55806.4202041 0.617851636548 16.53116 0.105467405841
53872.6831856 0.621666592177 16.536625 0.125141555385
54350.4084059 0.622358013043 16.504708 0.136864876357
53877.6896235 0.624242549185 16.534433 0.104698261946
55012.4064263 0.632549356244 16.507597 0.130612889116
54246.5483237 0.644035135764 16.577638 0.147867607952
56431.5071932 0.645638286455 16.520107 0.0850178306219
55806.4290227 0.646039478404 16.515828 0.105328361233
53872.6917676 0.649098099736 16.446195 0.121801602985
55012.4121489 0.650840936911 16.426155 0.126405617445
55737.604222 0.654475531561 16.516999 0.0991948870719
53877.7008951 0.660271003847 16.467022 0.102567047062
53554.5280936 0.670865529694 16.438448 0.13091226861
54246.5573212 0.67279492698 16.673804 0.154593729184
55806.4378786 0.674346483311 16.513954 0.105374615741
55737.6106167 0.674915508279 16.48889 0.0983401404802
53872.7003466 0.676519990581 16.545459 0.126562051443
56431.5197105 0.685648477548 16.434338 0.0804569698702
53554.5349878 0.692902077969 16.471288 0.133211614045
55737.6170954 0.695624108193 16.48672 0.0984824502204
53877.7124124 0.697084833401 16.46696 0.10323120084
53968.4396944 0.697730660819 16.443672 0.131207521358
54246.5660799 0.700791132222 16.483554 0.141638124203
55806.4467815 0.702803688001 16.465112 0.10380231413
53872.7089906 0.704149609398 16.471401 0.122857310819
54957.680235 0.705774688977 16.373201 0.0936490673869
56126.4974934 0.712763343029 16.437302 0.0924050059859
53554.5418821 0.714938997029 16.485191 0.133872029058
55737.6234637 0.71597973481 16.392303 0.0955512066546
55355.6318689 0.718208402676 16.485002 0.114762375197
53968.4473541 0.722214008854 16.419128 0.130170418304
56431.5320979 0.725243544225 16.442811 0.0820334242789
54246.5746555 0.728202035127 16.45679 0.140732887799
53877.7237233 0.733239071809 16.494632 0.104495510145
53554.5489152 0.737419488747 16.625011 0.141871287938
54957.6919852 0.743333086875 16.418588 0.0952005282202
56126.5073553 0.744285688103 16.509581 0.0947174315757
53968.4550374 0.74677282803 16.434226 0.131156431519
55775.4948312 0.76800284735 16.567651 0.106649407585
53968.4627348 0.771376779739 16.467135 0.133262250955
56126.5172094 0.775783283777 16.606268 0.0977051714458
54957.7037308 0.780876650612 16.531103 0.0987178552672
55685.7106123 0.781763665882 16.524318 0.110008665442
55775.5048446 0.80000949937 16.579758 0.10694311782
54172.7646514 0.801936231499 16.367932 0.115193607912
56126.5271053 0.807414801565 16.546787 0.0960237356096
54172.7692434 0.816614327841 16.503449 0.121084862352
54957.7154872 0.818454655538 16.515928 0.0983677345161
56445.6434602 0.830796021109 16.53134 0.0921039773738
54172.773777 0.831105598158 16.474004 0.119396068214
55775.5148771 0.832077563173 16.590977 0.108221280202
55355.6711921 0.84390089722 16.658424 0.123464872831
54172.7782562 0.845422619626 16.46955 0.119103045783
54262.5681361 0.849756863622 16.62025 0.157986492517
55775.5249732 0.864348730389 16.557632 0.107412094712
56445.6546478 0.866555999954 16.63091 0.0949769183213
54262.5771375 0.878528898649 16.798151 0.167807245279
53633.4343641 0.886835090695 16.965716 0.205155494097
53633.439872 0.904440297003 16.615143 0.174251443373
56445.6669927 0.906015331201 16.784251 0.0982605260471
54262.5861583 0.90736304928 16.890532 0.173525663995
55685.7515324 0.912560595732 16.798065 0.122541121388
54953.6779468 0.912862366542 16.956718 0.122752419761
55320.6546994 0.917198616275 16.750696 0.12568368438
55394.4883077 0.918912840889 16.995859 0.130757199404
54262.5951273 0.936031499217 16.717309 0.159711006464
56445.678271 0.942065390656 16.89158 0.10183375793
54953.6887759 0.947476562397 16.894514 0.11973698571
54190.642785 0.947594955422 16.644047 0.149186183559
55243.7041745 0.952573503113 16.790288 0.124076532646
56075.5798335 0.959576717733 16.767484 0.104372629049
53900.6335793 0.962293088084 16.995781 0.162396637808
54979.6606962 0.964111328342 16.756648 0.117162160603
54190.6504674 0.972151183295 16.864425 0.167449595668
56364.6591106 0.972455425563 16.713713 0.111322879577
54953.6996401 0.982202854377 16.606625 0.107820852148
53885.6242281 0.986409235034 16.735636 0.102685230913
53900.642582 0.991069192458 16.786281 0.14832941626
56075.5905117 0.993708456702 16.906248 0.109599458171
54190.6581816 0.99680881725 16.96474 0.172250157541
