55475.6118305 0.0227306199346 13.899692 0.0571846632794
55475.6435801 0.0269800812165 13.882862 0.0571613374566
54504.4455627 0.038916556916 14.096432 0.0658931238786
54504.4506954 0.0396035355836 14.108882 0.0662161346203
54504.4558292 0.0402906536627 14.075444 0.0659442988789
56245.5127764 0.0685887043333 13.832347 0.0753068637583
56245.5240506 0.0700976726711 13.85871 0.057424328605
56245.5353266 0.0716068873875 13.886855 0.056581995748
55214.4810773 0.0722052709795 13.882904 0.0588967338483
56245.546663 0.0731241899555 13.852704 0.0575119050404
55214.4954038 0.0741227702966 13.864707 0.0589054569239
54422.5243956 0.0743411776181 14.100283 0.0698606094699
54422.5321215 0.0753752310136 14.063956 0.0697712075613
54422.5398447 0.0764089297117 14.094239 0.0702358996735
55804.7612947 0.0770848291904 13.831128 0.0603892364265
54422.5475541 0.0774407678717 14.094753 0.069976394807
55804.770869 0.0783662845592 13.825205 0.0604188917257
55804.7805622 0.0796636508762 13.842363 0.0605106261054
55804.7902711 0.0809631239229 13.804311 0.0602534693442
54355.6515276 0.123875401195 13.935178 0.0634506498188
54355.6615384 0.125215276574 13.94923 0.0635091161075
54355.6711956 0.126507825132 13.931616 0.0634002002404
54355.6805808 0.127763968125 13.94151 0.0634927041576
54355.6931016 0.129439783215 13.937869 0.0634540850731
54355.7023311 0.130675090665 13.940608 0.0635431380476
54355.7114099 0.131890227199 13.924088 0.063379264346
54856.4413958 0.151097491889 13.766123 0.0582981558709
54856.4477654 0.151950014523 13.75953 0.0582441389261
54856.4541432 0.152803637064 13.754099 0.0583207563984
54856.4605269 0.153658049587 13.754388 0.0584806174465
53608.7900573 0.161690028911 13.753567 0.0641588151264
53608.7943194 0.162260477392 13.766844 0.0644216794039
53608.7986254 0.162836798556 13.780803 0.0646937708475
53608.8029892 0.163420865283 13.766718 0.064402531422
53997.5821091 0.198787529192 13.717386 0.0616905027832
53997.5935754 0.200322212786 13.698485 0.0615196318342
53997.6052938 0.201890635982 13.700245 0.0614827757842
53997.6175566 0.203531933832 13.682945 0.061371209056
54057.5242581 0.221625022138 13.677503 0.0614966749172
54057.5323732 0.222711173684 13.674956 0.061581402024
54057.5405976 0.223811950267 13.66347 0.0614822874027
54057.5487594 0.224904361716 13.66738 0.061536943724
55559.4775691 0.247573305414 13.579736 0.0556576652565
55559.5029292 0.25096758115 13.568179 0.055710326927
54020.610369 0.280959094379 13.559916 0.0603245599659
54020.6194716 0.282177406591 13.570003 0.0603478821464
54431.5568411 0.28327084194 13.687113 0.0650653105848
54020.628415 0.283374416953 13.543849 0.0602769272534
54431.5726052 0.285380762357 13.637869 0.0671880212956
54431.582296 0.286677803342 13.645771 0.0673309765861
54431.5939682 0.288240045588 13.657931 0.0675690349078
54050.5706595 0.290934474158 13.543851 0.0613251797984
54050.5836196 0.292669093496 13.549191 0.0619691888846
54050.5965822 0.294404053624 13.471837 0.0682418453175
54050.6095809 0.296143831457 13.544099 0.0679713937055
54297.7862169 0.379008184434 13.589 0.0574006342467
54297.7985886 0.38066404396 13.592376 0.0573956377478
54297.8111492 0.382345200471 13.593902 0.0574340891182
53737.51554 0.390695772569 13.60839 0.0621861787074
53737.5215664 0.391502356374 13.620721 0.062213660679
53737.527565 0.392305237867 13.580447 0.0621370359523
53737.5335251 0.393102952993 13.575958 0.0622266102722
53655.4215181 0.402984983498 13.750454 0.0598325437952
53655.4270272 0.403722328347 13.735945 0.0597484428024
53655.4325852 0.40446623058 13.74153 0.0597806216839
53655.4380738 0.405200844309 13.756886 0.0598325186928
53670.5533212 0.428271011868 13.71438 0.0639273290415
53670.5620277 0.429436313563 13.706167 0.0637826807659
53670.5707356 0.430601818124 13.721619 0.0640075503839
53670.5794406 0.431766912202 13.736261 0.0640266751499
54395.5843581 0.468605526994 13.875734 0.0664438011933
54395.5933911 0.46981452902 13.870008 0.0663428465923
54395.60244 0.471025667261 13.89116 0.0665912395878
54395.6114627 0.472233290585 13.88888 0.0666138261954
55090.6285397 0.49540914457 13.826625 0.0582569600476
55090.6409146 0.497065437828 13.847768 0.0583305672267
55090.6478908 0.497999152386 13.883324 0.0585545401032
55090.6545673 0.498892758933 13.828567 0.0582327361358
53693.5770735 0.509839262659 13.853588 0.0635170126863
53693.5847657 0.510868819024 13.856124 0.0635828983135
53693.5924183 0.511893055717 13.864941 0.0637084541238
53693.6000802 0.512918547202 13.859829 0.063678654258
54799.5454888 0.535978176175 13.90702 0.0549818464872
54799.5560825 0.537396067813 13.90895 0.0549989318916
54829.4508228 0.538598015189 13.913235 0.0572449280809
54799.5666844 0.538815060872 13.917369 0.055062290752
54799.577287 0.540234146792 13.915079 0.0550582688565
54829.4638522 0.540341916793 13.90231 0.0571666742156
54829.4770084 0.542102776467 13.925546 0.0573218064317
54829.4901941 0.543867589461 13.932756 0.0573779085847
54037.6614376 0.563125392295 14.010276 0.0644500703908
54037.6716196 0.564488179026 13.985858 0.0642871338789
54037.6818069 0.565851679878 13.976025 0.0643522320702
54037.6919923 0.567214931299 13.987386 0.0645065856591
55128.6256292 0.581053880043 13.828001 0.0577774579475
55128.6368194 0.582551615833 13.846633 0.0579953743751
55128.6480586 0.584055904338 13.804136 0.0590448869284
55128.659194 0.585546295815 13.791988 0.0584085945694
53761.4724661 0.597162803034 13.801303 0.0641886822691
53761.478879 0.598021134842 13.770055 0.0640339028792
53761.4852873 0.598878831551 13.809641 0.0645065856591
55031.6832372 0.605992574979 13.823661 0.0614716274681
55031.6909892 0.607030130952 13.80828 0.0613422183353
53619.5950899 0.607868076462 13.725332 0.0604071917817
55031.698714 0.608064044924 13.80272 0.0612490924345
55031.706412 0.609094364956 13.815893 0.0613377073592
53619.6090826 0.6097409119 13.729098 0.060369819793
53619.623188 0.611628820188 13.722537 0.0603097440251
53619.6375275 0.613548056145 13.733408 0.0603557193266
55121.5974233 0.640377669259 13.813704 0.0572218420762
55121.602765 0.641092610889 13.836086 0.0573237617929
55121.6134171 0.642518325504 13.811095 0.0571767243539
54740.5749794 0.643187841073 13.867245 0.056447034965
54740.5820883 0.644139323892 13.894004 0.0565830876107
54740.5891849 0.645089149174 13.940101 0.0567796043781
54740.5959552 0.645995305082 13.865189 0.0564154070957
54389.4485132 0.647365598787 13.883105 0.055899397295
54389.4630153 0.649306596574 13.886919 0.0558516361672
54389.4775519 0.651252227764 13.89534 0.0558042448893
54389.492165 0.653208083074 13.877265 0.0556518615648
53724.5363797 0.653525921443 13.759647 0.0626065735304
53724.5451302 0.654697114386 13.765613 0.062662796593
53724.5538341 0.655862070606 13.772838 0.0627684082653
53724.5624443 0.657014480569 13.787088 0.0629361388177
53642.5806927 0.684330295512 13.705045 0.0643442817593
53642.590093 0.685588447689 13.692767 0.064193177589
53642.5998166 0.686889888108 13.698181 0.0642881614887
54113.4304605 0.704279299895 13.695077 0.0681328219331
54113.437714 0.7052501311 13.726999 0.0698689926023
54113.4449695 0.70622122714 13.717049 0.0679973744449
54113.452246 0.707195127125 13.665294 0.0668927366239
55174.5208546 0.723808878383 13.606796 0.0568422501271
55174.5293674 0.72494826039 13.587097 0.0568119261336
54763.6557401 0.732386269475 13.747376 0.0579989652979
54763.6688063 0.734135095725 13.712051 0.0578375025554
54763.6818734 0.735884028795 13.740142 0.0580180163997
54763.6949285 0.73763136627 13.730012 0.058038471823
53590.7270984 0.744089285239 13.641013 0.0629803321545
53590.7391368 0.745700538143 13.653167 0.0630696096283
53590.7512205 0.747317851218 13.621863 0.0627509106561
53590.7626246 0.74884421299 13.629548 0.0628464723078
53568.6892059 0.794471469276 13.673914 0.0633381504619
53568.6959256 0.795370850907 13.666213 0.0635046954796
53568.7026447 0.796270155058 13.671857 0.063798321564
56213.5990823 0.7971639057 13.615581 0.0561639251694
53568.7094068 0.797175221953 13.682911 0.0642683322153
56213.6111717 0.798781982443 13.614542 0.0561299277717
56213.6233291 0.800409167992 13.640412 0.0562223667343
56213.6356107 0.802052975451 13.579891 0.0559690393937
55070.5873343 0.813033940674 13.73195 0.0611700672251
55070.5955602 0.814134918691 13.732733 0.0611803419653
55070.6038247 0.815241070745 13.739909 0.0611877735825
55070.6121306 0.816352753044 13.756878 0.0602318828999
54861.4678749 0.823856560584 13.650675 0.0604410797908
54861.471637 0.824360101507 13.685167 0.060755480494
54861.4754129 0.824865471998 13.662945 0.0605980119582
54861.4791818 0.82536991141 13.654253 0.0606840849973
54719.6328047 0.840224195645 13.761933 0.0570335249975
54719.645144 0.841875731587 13.786332 0.0571660396007
54704.7150505 0.843587115844 13.725038 0.0568125741999
54719.6700947 0.845215209171 13.774845 0.0570961182659
54704.7290269 0.845457751572 13.727327 0.0568127646267
54704.7425927 0.847273438869 13.698717 0.0566813552803
54323.7093775 0.84864195728 13.569875 0.0572671072672
54704.7563839 0.849119304311 13.709795 0.0567390381338
54323.7254791 0.850797051225 13.588524 0.0573402176511
54323.741095 0.852887124397 13.577586 0.0572774989257
54323.7564965 0.854948509686 13.575057 0.0572502838537
54353.6922812 0.861643967361 13.674088 0.0637363663164
56176.732441 0.862821753304 13.571022 0.0547488020089
54353.7058942 0.863465976587 13.49186 0.0632927156757
56176.7459737 0.86463301013 13.556832 0.0547072335291
56176.7597224 0.866473188864 13.570603 0.0547700238637
56176.7733255 0.868293864275 13.535481 0.0546707310515
54413.5672744 0.875493134001 13.658356 0.0614223777004
54413.5757986 0.876634035701 13.685691 0.0616439893606
55429.694951 0.877077381376 13.697777 0.0563253514798
54413.584358 0.877779645089 13.670874 0.0615323288268
54413.592887 0.878921195834 13.66864 0.0615867017271
55429.730305 0.881809269191 13.708864 0.0564302593619
55773.7069753 0.920681334174 13.82643 0.0575623051292
55773.7193723 0.922340586192 13.822871 0.0575829351806
55773.7445818 0.925714690957 13.828884 0.0575484232042
53950.7495773 0.930580620163 13.72668 0.0615316596759
53950.7680404 0.933051775656 13.753617 0.0619562691318
53950.7770431 0.934256734512 13.748944 0.0620317798357
54010.6426796 0.946853568991 13.861143 0.0629909046693
54010.652947 0.948227789717 13.849941 0.0628712012536
54010.6631941 0.94959928394 13.886536 0.0632389318646
55833.7079786 0.951396064334 13.844065 0.0583441987786
55833.7197264 0.952968428497 13.841801 0.0583764974364
55833.7315562 0.954551758697 13.831685 0.0583858575839
55833.7434728 0.956146707261 13.8385 0.0584638793668
55146.6094263 0.988059366521 13.825842 0.0564329828738
55146.6146009 0.988751952918 13.812448 0.0562485401612
55146.6197837 0.989445639234 13.809554 0.0564085089423
55146.6249743 0.990140365031 13.811213 0.0563600648918
