55734.747702 0.00729892936811 14.2303 0.075
54624.59157 0.0103680418233 14.0962 0.056
56390.718498 0.0306698292893 14.2904 0.066
56390.729213 0.0537182874017 14.2401 0.062
53606.50395 0.0570435894453 14.4302 0.064
53821.752504 0.0665892863702 14.4405 0.068
54273.625933 0.0671309197726 14.0 0.065
54792.444821 0.0704357868677 13.9907 0.066
53882.656233 0.0733132411395 14.0883 0.064
56390.739881 0.0766656463638 14.3115 0.066
53821.757673 0.0777080432627 14.4351 0.068
54792.448984 0.0793905914658 13.9731 0.066
54273.635338 0.0873615075977 13.9628 0.065
53606.518329 0.0879734801876 14.4401 0.064
54792.45315 0.0883518491884 13.9702 0.066
53821.762808 0.0887536645815 14.3711 0.067
53882.665964 0.0942450699702 14.045 0.064
54792.457316 0.0973131069111 13.9604 0.067
56390.750557 0.0996302136842 14.2686 0.062
53821.767949 0.0998121921807 14.3352 0.067
54273.645573 0.10937746363 13.9298 0.064
53882.675916 0.115652279976 14.0551 0.064
53990.535994 0.127643931332 14.334 0.069
54273.655618 0.130984720905 13.9305 0.064
53882.685874 0.137072396262 14.0516 0.064
53990.544522 0.145988051799 14.3397 0.069
55663.689734 0.158339573165 14.3028 0.064
53990.553048 0.164327870189 14.311 0.069
55035.631715 0.176636585736 13.8684 0.063
55380.580758 0.177903121619 13.8016 0.059
55468.445978 0.180035023346 13.9955 0.058
53990.561602 0.182727917856 14.3369 0.069
53694.42705 0.183678034877 13.977 0.067
55735.762132 0.189384544878 13.9241 0.061
53668.397954 0.193894643063 14.1154 0.065
54591.669764 0.194048227746 13.8641 0.057
53694.433465 0.197476995111 13.9701 0.067
54018.466919 0.20834902701 14.0965 0.067
53614.478402 0.210456837011 14.2566 0.064
53694.439887 0.211291012658 14.0274 0.068
54591.677851 0.211443736925 13.7852 0.056
53668.406143 0.211509558933 13.9876 0.064
55765.526797 0.214548771854 14.0873 0.059
55735.77638 0.22003264859 14.0071 0.061
53694.446324 0.22513729589 14.0313 0.068
54591.685828 0.228602631041 13.7311 0.056
54018.476622 0.229220626563 14.1073 0.067
55663.723263 0.230461995218 14.2997 0.063
55765.535389 0.233030559266 14.1183 0.059
55084.471437 0.233126280821 14.2424 0.066
55468.471273 0.234445732456 14.0674 0.058
55380.607767 0.236000723622 13.7301 0.058
53614.492648 0.24110063863 14.0818 0.063
54591.693842 0.245841113854 13.7089 0.056
54018.486346 0.250137398067 14.13 0.067
55735.790555 0.250523725936 14.0673 0.062
55765.544459 0.25254054668 14.179 0.06
55684.657327 0.260597074457 13.9599 0.059
54018.496059 0.271030508072 14.1712 0.068
55765.553889 0.272824910674 14.1939 0.06
55735.804853 0.281279381954 14.0755 0.062
53614.515967 0.291260880803 13.7847 0.06
56451.752475 0.317563226243 13.9533 0.057
54187.738009 0.318253712014 14.0973 0.069
53614.529847 0.321117399577 13.736 0.062
55449.452409 0.323993993421 14.0502 0.059
54187.744638 0.332512996082 14.161 0.07
53945.539971 0.339127677706 13.9461 0.061
55421.568865 0.345207609292 14.3159 0.068
56451.765618 0.345834424095 14.0136 0.057
54187.751256 0.346748618666 14.1721 0.07
55449.464414 0.349817300917 14.2159 0.074
53580.606277 0.349957118902 14.2271 0.065
54417.411659 0.35684476826 14.0571 0.062
55684.702612 0.358007193537 14.1501 0.06
54187.758071 0.361407997287 14.1862 0.07
54262.605827 0.362375752899 13.9175 0.067
54316.534426 0.365274072306 14.0177 0.066
53622.454714 0.36787103017 13.8742 0.067
53945.55506 0.371584811124 14.027 0.061
54377.437979 0.371619442972 14.2695 0.069
53580.617183 0.373416426818 14.1809 0.065
56451.778608 0.373776511919 14.0926 0.058
55449.476403 0.375606191665 14.1524 0.06
54417.42146 0.377927170316 14.0822 0.062
54262.614351 0.380711269179 13.9416 0.067
54316.542239 0.382080194879 14.0547 0.066
54652.658138 0.382847472988 14.1493 0.066
53622.462923 0.385528966959 13.8673 0.067
56129.617425 0.390245565565 14.2782 0.061
54377.447433 0.391955432057 14.2633 0.069
53580.628075 0.39684562008 14.1463 0.064
54316.549451 0.397593538779 14.086 0.067
53568.541665 0.398421476388 14.1298 0.068
54417.431259 0.399005270279 14.1239 0.063
54262.622949 0.399205962872 13.9971 0.068
53945.568834 0.401213319021 14.066 0.062
55449.488417 0.401448858566 14.2015 0.06
56451.791619 0.40176377171 14.1188 0.059
53622.471049 0.40300836693 13.8603 0.067
56129.625833 0.408331560516 14.2975 0.062
55421.598391 0.408719394117 14.3683 0.068
54377.456872 0.412259155456 14.263 0.069
54316.556573 0.412913288549 14.1553 0.089
53568.549377 0.415010343318 14.072 0.067
54262.631588 0.41778884945 14.0196 0.068
53622.478825 0.419734900789 13.8647 0.067
54417.441063 0.420094125475 14.1643 0.063
53580.638958 0.420255453937 14.0828 0.064
54652.676254 0.42181582271 14.2192 0.065
56129.634217 0.426365930361 14.3388 0.062
53945.582689 0.431016061658 14.1194 0.062
53568.556903 0.431199115662 14.066 0.067
54377.466294 0.43252631106 14.2356 0.069
55861.398794 0.439626483773 14.0391 0.058
54652.685615 0.441951764525 14.2597 0.065
56129.643007 0.445273624889 14.3727 0.062
56184.500735 0.446771183135 14.2125 0.06
53568.564196 0.446886694301 14.0494 0.066
54296.583115 0.449085923758 14.2821 0.061
56063.631414 0.451299135014 14.2548 0.06
55861.405869 0.454845134377 14.0102 0.058
55861.412931 0.470035821374 14.0338 0.058
56184.511937 0.47086720067 14.2428 0.06
54296.596813 0.478550952149 14.3138 0.061
56063.644157 0.478709914463 14.3008 0.06
55861.419981 0.485200695825 14.0394 0.059
56184.523339 0.495393427399 14.2642 0.061
56063.657061 0.506467012314 14.3191 0.06
54296.610293 0.507547052521 14.3313 0.061
56184.534698 0.519827159164 14.2955 0.061
53851.716203 0.519884807198 14.3418 0.06
54034.423132 0.530897517514 14.3304 0.07
56063.669898 0.534079990095 14.3865 0.06
54296.624032 0.537100273813 14.3261 0.061
54242.698217 0.540190466522 14.1705 0.061
53851.729529 0.548549646464 14.3608 0.06
54034.431655 0.549230882747 14.3511 0.07
54034.440163 0.567531982295 14.3791 0.072
54242.711497 0.568756357685 14.2224 0.062
53851.742904 0.577319887005 14.3911 0.06
54034.448665 0.585820175578 14.3988 0.071
55060.463039 0.589957282388 14.0915 0.06
54729.46132 0.59002654607 14.3206 0.067
53994.471348 0.592771495892 14.1283 0.069
54242.725126 0.598072963913 14.2604 0.062
55060.469881 0.604674739257 14.0955 0.06
54729.469249 0.607082189973 14.3111 0.067
53994.478994 0.609218393768 14.1538 0.092
55524.433561 0.611902684099 14.2688 0.063
54742.489305 0.61382184737 14.3296 0.063
55060.477161 0.620334354304 14.1409 0.061
54729.477204 0.624193761075 14.2825 0.067
54951.69558 0.626147341066 14.1419 0.066
54742.495445 0.627029269936 14.3561 0.064
54242.73889 0.627679961358 14.3256 0.063
56421.682315 0.635265194939 14.2535 0.06
55060.484578 0.636288662646 14.1182 0.06
54742.501572 0.640208728911 14.4103 0.064
54729.485189 0.641369863549 14.2876 0.067
53994.494259 0.642054111288 14.0964 0.169
54951.704083 0.64443768538 14.1632 0.066
55127.432611 0.64458868881 14.1494 0.065
55524.449607 0.646418368568 14.3124 0.064
54675.561188 0.648362053747 14.4007 0.063
54742.50782 0.653648464448 14.3809 0.064
56421.691857 0.655790476074 14.2694 0.06
55127.439651 0.65973205281 14.1898 0.065
54951.712597 0.662751691209 14.1838 0.066
54675.572418 0.672518300576 14.3837 0.067
55127.446732 0.674963609679 14.1885 0.065
56421.701543 0.676625507848 14.2655 0.06
54951.721123 0.681091509598 14.1932 0.066
55127.453919 0.690423177441 14.2221 0.066
56097.68016 0.691718752468 14.5706 0.175
54675.58351 0.696377703031 14.4709 0.175
56421.711191 0.697378799861 14.2517 0.06
53651.438342 0.712988725732 14.4266 0.076
56097.690825 0.714659658274 14.4607 0.121
53651.447832 0.733402152468 14.4513 0.076
56097.701498 0.73761777247 14.4636 0.091
53651.457125 0.753391823151 14.4367 0.076
56097.712218 0.760676985816 14.3648 0.077
53922.495408 0.769212121329 14.2012 0.08
53651.466587 0.77374502061 14.4513 0.076
54675.634007 0.804999073983 14.2619 0.062
54358.587575 0.823532916706 14.2417 0.064
53593.379375 0.825478752935 14.4594 0.063
55324.630219 0.825718809676 14.4006 0.07
55830.431461 0.827468040303 14.196 0.062
54210.757324 0.833859658447 14.2584 0.062
54358.595774 0.841169343044 14.2227 0.064
55007.583909 0.844515080024 14.2291 0.068
55362.76347 0.852096656826 14.255 0.06
53593.392987 0.854758791384 14.4534 0.063
55830.444587 0.855702670376 14.2574 0.062
54210.76812 0.857082351299 14.2308 0.062
54358.603933 0.858719727526 14.2346 0.064
55007.592044 0.862013839401 14.232 0.067
54358.612083 0.876250752604 14.2548 0.064
55007.599859 0.878824264068 14.2064 0.078
54210.779003 0.880492185156 14.2173 0.061
53593.406607 0.884056038191 14.5278 0.063
55830.45777 0.884059910082 14.298 0.063
55324.657892 0.885244706235 14.2821 0.068
54346.531505 0.890371509314 14.2364 0.061
55007.607762 0.895823980771 14.1975 0.07
55830.47083 0.912152571117 14.415 0.066
54758.43455 0.91277766509 14.4301 0.069
55734.704775 0.914960976802 14.2205 0.065
53593.425405 0.924491401312 14.479 0.063
54758.443353 0.931713323225 14.4426 0.07
55362.802651 0.936376790991 14.347 0.061
55734.719242 0.946080159596 14.2212 0.067
54758.452187 0.950715663779 14.4609 0.07
54624.568327 0.960371279156 14.1462 0.057
54758.46104 0.969758874205 14.479 0.07
55734.733426 0.976590596363 14.2273 0.071
54624.576102 0.977095661969 14.1373 0.057
54624.583839 0.993738305036 14.1463 0.057
