54261.541391 0.00032032685908 16.7762 0.135
53851.617154 0.00309649311855 16.8609 0.091
53997.438279 0.00782309413791 16.8123 0.161
53919.612102 0.0098660677585 16.8755 0.16
55685.745577 0.0100689414545 16.8111 0.123
53872.691349 0.0101080925144 16.7893 0.138
53818.747265 0.0129981527626 16.7082 0.13
54965.63826 0.0131013692057 16.8914 0.148
56166.474196 0.0133647490922 16.631 0.096
55767.508645 0.0201592380423 16.804 0.116
55032.510715 0.0247078796608 16.7203 0.139
54172.76412 0.0253663293611 16.8478 0.139
54979.690303 0.0269572861888 16.8209 0.122
56406.702495 0.0309257802417 16.7274 0.097
55302.799113 0.0317977811931 16.8795 0.108
53885.622247 0.033598730067 16.8452 0.107
55355.622226 0.0391617401434 16.8498 0.132
55767.514291 0.0402544107084 16.8015 0.112
53872.699924 0.0406281254007 16.6092 0.129
56475.541191 0.0407526969492 16.8501 0.103
53578.531716 0.0408167623288 16.8169 0.139
53818.756328 0.0452550691715 16.6892 0.129
55032.517842 0.0500742090508 16.8108 0.145
56166.484961 0.0516794026198 16.8702 0.105
54266.614819 0.0576018906356 16.7037 0.145
55767.519947 0.0603851752617 16.853 0.126
53600.453321 0.063919448459 16.9654 0.166
53578.538762 0.0658947975107 16.8848 0.143
53872.708571 0.0714044197967 16.6881 0.133
55032.524935 0.0753195260504 16.6901 0.138
53885.634182 0.0760776329912 16.8378 0.106
53818.765073 0.0763801639319 16.8235 0.136
56406.716155 0.0795442816251 16.7441 0.098
55767.525573 0.0804091641795 16.8976 0.115
56475.55396 0.0861999622505 16.8165 0.106
53600.460418 0.0891790022135 16.825 0.156
53578.545778 0.090866057083 16.741 0.135
54266.624491 0.09202635222 16.7331 0.147
55032.532025 0.100554165484 16.7004 0.138
54673.461917 0.102711033115 16.7858 0.136
53831.699008 0.110680053956 16.8108 0.136
53600.467521 0.114459911074 16.7586 0.152
53578.552794 0.115837316655 16.8813 0.143
53885.646131 0.118606364531 16.8257 0.106
56406.729029 0.125365261612 16.7895 0.099
54266.633945 0.125674910924 16.8785 0.157
55032.539124 0.125820837616 16.5795 0.131
54673.469983 0.131419439567 16.6702 0.129
56475.566741 0.131689937816 16.8367 0.103
53600.474486 0.139249652074 16.7384 0.151
53831.708819 0.145599242591 16.7984 0.136
54274.508305 0.151998661744 16.8027 0.15
54266.643539 0.159821755866 16.6699 0.144
54673.478066 0.160188352202 16.55 0.123
54949.667451 0.169997472968 16.4466 0.083
56406.741827 0.170915743334 16.7877 0.1
53831.718558 0.180262169741 16.7947 0.136
55274.745343 0.183170025942 16.5666 0.136
54274.517184 0.18360068761 16.743 0.147
54673.486146 0.188946587271 16.5526 0.123
54348.413197 0.193367098152 16.7161 0.122
54274.526053 0.215167121642 16.6584 0.141
53831.728404 0.215305929955 16.8086 0.137
54274.534939 0.24679406183 16.4675 0.131
56431.488232 0.248011303978 16.757 0.087
55632.713131 0.257649583729 16.5434 0.115
54316.404976 0.270106740014 16.4702 0.131
55655.760135 0.286258332924 16.4651 0.11
55412.447314 0.290305129123 16.4119 0.121
54316.411049 0.291721685768 16.4421 0.13
56431.500585 0.291977947267 16.6545 0.084
55323.666023 0.301043197839 16.4041 0.129
54316.417148 0.313429170378 16.4968 0.132
55746.524775 0.334631250358 16.4516 0.096
54316.423212 0.335012083434 16.4123 0.129
56431.513118 0.336585244317 16.4345 0.08
55219.720397 0.339069557179 16.3497 0.13
55394.485295 0.360111473735 16.4329 0.105
56431.525395 0.38028138934 16.4603 0.08
55746.537888 0.381302876163 16.412 0.095
55412.473854 0.384765965625 16.3996 0.121
56364.658482 0.388399896055 16.4095 0.1
55219.739159 0.405847033216 16.3999 0.13
54998.621407 0.406306168411 16.3294 0.094
54953.672023 0.423020112953 16.347 0.099
55012.393914 0.425241045962 16.3544 0.122
55746.551141 0.428472788232 16.3898 0.105
54998.629275 0.434309855731 16.431 0.097
55655.802887 0.438420717299 16.62 0.118
55012.399483 0.445062161201 16.3942 0.124
53633.433087 0.445090634689 16.5788 0.171
53900.633154 0.460231418369 16.3533 0.123
54953.682867 0.461615942311 16.4245 0.101
54998.637273 0.462776237429 16.4283 0.099
53633.438607 0.464737349733 16.5347 0.169
55012.40514 0.465196484943 16.407 0.124
53982.395661 0.468325010762 16.4132 0.127
55746.56448 0.4759487904 16.3192 0.096
56075.573084 0.479262393979 16.3566 0.093
55012.410847 0.485508768043 16.431 0.125
54998.645316 0.491402782567 16.4724 0.102
53900.642165 0.492303256991 16.3737 0.124
55394.523624 0.496531571765 16.3656 0.104
53982.404118 0.49842505951 16.3599 0.125
54953.693684 0.500115673574 16.513 0.104
53892.498048 0.505863761413 16.4337 0.12
55806.418453 0.507461836593 16.3527 0.099
54190.601923 0.513451949184 16.3482 0.131
53913.572981 0.515502041173 16.4617 0.129
56075.584081 0.518402779004 16.3441 0.091
53561.527197 0.518545146512 16.5527 0.128
56364.696489 0.523673935707 16.3763 0.098
53900.651151 0.524286115947 16.343 0.123
53982.412587 0.528567818522 16.4068 0.127
55806.427254 0.53878624587 16.4498 0.102
54953.704579 0.538893021479 16.533 0.105
53892.507336 0.538921494997 16.4261 0.119
53561.533483 0.540918199178 16.4585 0.125
54190.610461 0.543840292113 16.4111 0.134
53913.583211 0.551912529386 16.4435 0.128
53900.660145 0.556297448412 16.4145 0.126
56075.594797 0.556543032336 16.3417 0.091
53982.421086 0.55881735317 16.4198 0.128
53561.539637 0.562821439115 16.3353 0.119
55806.43611 0.570306410448 16.3485 0.1
53892.516353 0.571014688751 16.4092 0.119
54190.619012 0.574274904522 16.3135 0.129
55737.602109 0.57718987908 16.464 0.097
53561.545718 0.584464858354 16.4128 0.123
53913.593492 0.588504536172 16.4377 0.128
53646.397872 0.589191459366 16.5317 0.169
56075.605485 0.594583628436 16.4924 0.096
55737.608482 0.599872581086 16.5018 0.098
53892.524945 0.60159522782 16.418 0.119
55806.445001 0.601951146579 16.5386 0.107
54190.627611 0.604880357912 16.444 0.136
53554.527663 0.605891167155 16.4599 0.132
53646.403015 0.607496360731 16.4863 0.166
53957.430214 0.611617899853 16.2844 0.121
56097.525506 0.612048561535 16.3852 0.102
56088.537115 0.620679591247 16.4937 0.105
55737.614964 0.622943234507 16.47 0.098
54233.620295 0.623904215135 16.4003 0.135
56126.468239 0.624662322078 16.5441 0.095
54641.578935 0.625199759378 16.4812 0.118
53913.603875 0.625459580077 16.4955 0.131
53646.408163 0.625819058013 16.6952 0.184
53554.534558 0.630431765022 16.2441 0.122
54246.547901 0.635678007405 16.3077 0.13
54598.596001 0.640877980355 16.5903 0.102
53646.413312 0.644145314484 16.3192 0.156
55737.621331 0.645604581381 16.5365 0.1
53957.439764 0.64560814057 16.4486 0.129
56126.475304 0.649807981819 16.4865 0.093
55714.58482 0.654342386694 16.5346 0.099
53554.541465 0.655015073154 16.468 0.133
56088.547297 0.656919238454 16.463 0.104
56097.538151 0.657054487591 16.443 0.111
54641.587954 0.657300071535 16.6257 0.124
54349.388149 0.663404078099 16.473 0.112
54957.673113 0.663649662032 16.5399 0.098
54233.631534 0.663905923544 16.5286 0.143
53928.505863 0.664429124102 16.5673 0.134
54246.556897 0.667696458248 16.5232 0.143
56126.482406 0.675085331518 16.455 0.093
53957.449211 0.679231784953 16.4353 0.129
53554.548496 0.680039720531 16.4323 0.131
54598.607546 0.681968800147 16.5695 0.102
55243.699419 0.684905129833 16.5544 0.114
54641.596961 0.689357673428 16.5386 0.12
54349.396302 0.692422133866 16.4844 0.113
56088.557601 0.693593106554 16.4601 0.104
53928.515273 0.697921078554 16.4318 0.127
54246.565661 0.698889177568 16.5716 0.146
56126.489488 0.700291497441 16.5256 0.095
55714.597874 0.700804020442 16.4806 0.097
56097.550885 0.702377181313 16.5743 0.128
54233.642886 0.704309820147 16.5204 0.143
54957.684839 0.705384694774 16.6935 0.103
53957.458669 0.712894580411 16.5313 0.134
54349.40445 0.72142239369 16.6457 0.12
54641.605997 0.721518491742 16.4456 0.117
54598.619033 0.722853187071 16.6912 0.106
54246.574232 0.729394973699 16.5148 0.142
56088.567842 0.730042745817 16.3792 0.102
53928.524684 0.731416592221 16.5469 0.133
54233.65429 0.744898794486 16.6637 0.152
55714.610719 0.746521783982 16.6207 0.103
54957.696596 0.747230062314 16.6194 0.101
56097.563592 0.747603776992 16.5757 0.144
54349.412639 0.750568580199 16.5939 0.118
54598.630511 0.763705541297 16.6921 0.106
53928.534142 0.765079387653 16.4829 0.13
54957.708343 0.789039837967 16.812 0.108
55714.623673 0.792627498988 16.6356 0.102
53968.439279 0.794944530044 16.6549 0.143
53877.689082 0.797976957797 16.6146 0.108
55066.444002 0.799639098362 16.7644 0.142
56059.652834 0.816107458978 16.6723 0.089
53968.446937 0.822200787994 16.6324 0.141
55066.452246 0.828981040198 16.6668 0.138
53877.700349 0.838078323464 16.6346 0.11
53968.454621 0.849549584798 16.5704 0.138
53851.576531 0.858511618951 16.7079 0.087
54909.68442 0.86289297877 16.7384 0.14
55685.704711 0.864619184714 16.7572 0.12
56059.666887 0.866124721034 16.7084 0.09
53968.462317 0.876941091867 16.6454 0.143
53877.711844 0.878991183872 16.6876 0.112
54261.508335 0.882667824572 16.7192 0.132
55066.468751 0.887725430027 16.3692 0.163
53919.577922 0.888213038704 16.6081 0.141
54909.693476 0.895124980858 16.7855 0.142
53851.589386 0.904264974378 16.7097 0.087
54979.655843 0.904307684631 16.7707 0.118
54965.609451 0.910564736257 16.7918 0.141
56059.681054 0.916547730473 16.8386 0.094
53877.723191 0.919377284531 16.6768 0.112
54261.519703 0.923128668168 16.7846 0.137
54909.70257 0.927492232065 16.817 0.144
53919.589255 0.928549310747 16.6417 0.143
54378.404258 0.93717678128 16.7731 0.163
55355.593702 0.937639475642 16.8739 0.132
56166.453055 0.938119965955 16.4628 0.091
54965.619015 0.94460480559 16.8109 0.143
54979.667228 0.94482903441 16.8833 0.123
53997.422354 0.951143033063 16.7695 0.156
54378.408658 0.952837206311 16.651 0.156
53851.603131 0.953186006698 16.8044 0.09
54261.530545 0.961717379149 16.8543 0.144
56059.695202 0.966903115353 16.8385 0.094
54378.41306 0.968504749719 16.8216 0.168
53919.600675 0.969195232105 16.827 0.156
53997.427647 0.969981812528 16.742 0.155
56166.463598 0.975644479873 16.7854 0.101
54965.628715 0.979128924433 16.7349 0.138
53872.682754 0.97951687588 16.6861 0.132
53818.73807 0.980271423625 16.7533 0.132
54378.417486 0.984257713631 16.8048 0.168
54979.678743 0.985813078566 16.8449 0.122
53997.432971 0.988930926843 16.7192 0.154
56475.528455 0.99542288485 16.8902 0.108
