56145.486043 0.000927494510074 16.1276 0.087
53578.536036 0.00276440373059 16.1938 0.11
55806.437879 0.00811422103333 16.0618 0.091
54641.606845 0.0151364212469 16.1053 0.104
53578.543061 0.015465473873 16.1008 0.106
55806.446782 0.0242106804663 16.1929 0.094
55714.631837 0.0244873016412 16.1058 0.095
53578.550084 0.0281629280643 16.142 0.108
55355.671192 0.0302764584544 16.0888 0.101
53957.430637 0.037199219669 16.2206 0.119
53578.557099 0.0408459183854 16.1599 0.109
55714.643654 0.045852219204 16.1769 0.098
53957.440186 0.0544636351615 16.1058 0.114
55775.494831 0.0636554131915 16.1626 0.093
55714.655598 0.0674467504179 16.2261 0.1
53957.449628 0.0715345966321 16.1078 0.114
55775.504845 0.0817605400838 16.1216 0.092
53957.459086 0.0886344858037 16.1995 0.118
55714.667583 0.089115408886 16.182 0.099
56431.494788 0.0994516392109 16.1731 0.074
55775.514877 0.0998982106412 16.1831 0.095
56088.576474 0.10947870469 16.1995 0.096
55066.444411 0.113602710518 16.0898 0.11
55775.524973 0.118151592015 16.1425 0.094
56431.507193 0.121879649896 16.1676 0.077
56088.586618 0.12781886918 16.2167 0.101
55066.452657 0.128511326101 16.2277 0.117
55066.460908 0.143428981582 16.208 0.249
56431.51971 0.144510154527 16.1505 0.075
56088.596793 0.146215081089 16.159 0.097
55066.469162 0.158352061009 16.1524 0.123
56088.607001 0.164670956396 16.2323 0.098
56431.532098 0.166907429542 16.1755 0.076
54979.660696 0.210250170398 16.062 0.093
55394.488308 0.210904659709 16.0865 0.093
53885.624228 0.212539075 16.1552 0.086
54979.672164 0.230984102422 16.001 0.092
54953.677947 0.233920264391 15.9821 0.089
53885.636156 0.234104678513 16.1342 0.086
55219.720807 0.234493394534 16.0541 0.117
53982.431125 0.237619394582 16.1121 0.115
54979.683769 0.251965727906 16.0277 0.093
53982.43963 0.252996277365 16.1237 0.115
54953.688776 0.25349889623 16.0353 0.09
53885.648109 0.255715481566 16.1599 0.086
53633.434364 0.257926642957 16.2164 0.146
56077.598152 0.260875460805 16.0792 0.086
56364.659111 0.261783067529 16.0167 0.088
53633.439872 0.267885005147 16.2534 0.149
53982.448126 0.268356888323 16.1139 0.115
55219.73957 0.268416551703 15.9963 0.112
54979.695136 0.272517053787 16.0444 0.093
54953.69964 0.273140807404 15.9749 0.088
53885.660022 0.277253965347 16.0571 0.084
53633.445391 0.277863255126 16.1764 0.145
55394.52669 0.280298606223 16.0201 0.091
53982.456667 0.283798858436 16.0016 0.111
56364.671658 0.284467811598 16.0455 0.089
56077.611559 0.285115068976 16.0537 0.086
53818.739486 0.286161890276 16.0661 0.103
53633.450905 0.287832465195 16.1575 0.144
54953.710717 0.293167818653 16.0604 0.091
55338.670787 0.293858467594 16.0109 0.087
56097.531803 0.300547999192 16.0901 0.097
53818.748603 0.302645257753 16.0759 0.104
53561.557418 0.305736906138 16.0971 0.11
56364.684468 0.307628054808 15.9363 0.086
56077.624959 0.309342021286 15.9965 0.085
54274.510092 0.310992708403 15.9619 0.108
53818.757608 0.318926131297 16.0716 0.104
53561.565849 0.320979998296 16.0559 0.11
56097.544517 0.323534676183 15.9883 0.1
54274.518953 0.327013232613 15.9533 0.108
56364.697169 0.330591228032 16.0092 0.088
56077.63843 0.333697340275 16.003 0.085
53818.766378 0.334782129186 15.9943 0.101
53561.574292 0.336244786227 16.0814 0.109
54274.527829 0.343060876541 15.9887 0.109
53997.424116 0.344669980096 15.9871 0.115
56097.557245 0.346546664911 16.0365 0.11
53900.633579 0.349168238104 16.0098 0.109
54684.38271 0.353109637802 16.0115 0.109
53997.429418 0.354255898085 16.0364 0.117
54172.764651 0.357116124839 16.0535 0.104
54274.536711 0.359119368363 15.8826 0.106
53997.434747 0.363890631579 16.007 0.116
54172.769243 0.365418375965 16.061 0.104
53900.642582 0.365445495684 16.0126 0.109
54684.391675 0.369318192087 15.9705 0.104
56097.569971 0.369555037662 16.172 0.127
53997.440047 0.373472933604 16.1148 0.121
54172.773777 0.373615764154 15.9799 0.1
53900.651567 0.381690209599 15.9774 0.108
54172.778256 0.381713713353 16.0095 0.101
54233.620715 0.383754924483 16.0126 0.117
54684.400456 0.385194077779 15.9708 0.175
55012.395196 0.393621079612 16.0214 0.109
53900.66058 0.397985547 16.0488 0.111
54684.409244 0.401082619333 16.0261 0.113
55012.400771 0.403700576564 15.9262 0.105
54233.63196 0.404085676624 15.9741 0.115
55012.406426 0.413924712034 15.9542 0.106
55012.412149 0.424271790249 15.9455 0.106
54233.643312 0.424609882787 16.0268 0.118
54233.654728 0.445249799766 16.0344 0.118
54957.680235 0.469982986892 15.9906 0.084
54957.691985 0.491226769691 16.0614 0.085
54350.390406 0.501197787749 16.0837 0.115
54350.396382 0.512002285285 16.0893 0.116
54957.703731 0.512463320576 16.0569 0.085
54350.402389 0.522862830253 16.135 0.118
53893.540455 0.524931161106 16.1991 0.095
54957.715487 0.533717951268 16.0755 0.086
54350.408406 0.533741455029 16.095 0.117
53893.550448 0.542998320386 16.1421 0.094
55737.604222 0.558134741632 16.1351 0.088
53893.560278 0.560770778672 16.1741 0.095
55737.610617 0.569696783415 16.1022 0.087
53893.570106 0.578539621008 16.1492 0.094
55737.617095 0.581408887676 16.1663 0.089
55655.761897 0.588723980878 16.2329 0.101
55326.666664 0.590625977432 15.8689 0.292
55737.623464 0.592923921938 16.1491 0.088
55243.704175 0.595979410703 16.1914 0.101
53554.528094 0.596849049815 16.1444 0.117
53919.57834 0.600945935927 16.1553 0.118
53554.534988 0.609313274378 16.2397 0.122
54673.463175 0.610792203253 16.1744 0.108
56075.579833 0.611792017043 16.2246 0.088
53554.541882 0.621777498941 16.232 0.122
54673.471251 0.62539346198 16.1388 0.107
54735.419443 0.626579497847 16.152 0.094
53600.453737 0.629562667356 16.1094 0.118
56075.590512 0.631099451642 16.1739 0.086
54735.423756 0.634377322118 16.1778 0.095
53554.548915 0.63449303294 16.1593 0.118
54673.47934 0.640018224448 16.1378 0.106
54735.428059 0.642157066581 16.1358 0.094
53600.460837 0.642399336105 16.1276 0.118
54735.432378 0.649965738744 16.1623 0.095
56075.601202 0.650426774031 16.1772 0.087
55326.701449 0.653516614444 16.1468 0.116
54673.487412 0.654612251246 16.1738 0.108
53600.467938 0.65523781285 16.006 0.114
53851.578313 0.658154087027 16.1344 0.076
55655.804641 0.666004342774 16.2644 0.103
53600.474902 0.667828596122 16.1354 0.119
56075.611895 0.66975952038 16.1867 0.087
56126.497493 0.669980094126 16.1038 0.084
55326.713484 0.675275671979 16.1527 0.132
56445.64346 0.679989079788 16.1403 0.082
54190.642785 0.680451923051 16.1875 0.123
53851.591207 0.681466200683 16.1199 0.076
56126.507355 0.687810407827 16.115 0.084
55746.526858 0.690095696455 16.1826 0.088
54190.650467 0.694340837056 15.9158 0.113
54909.68485 0.695214092125 16.0874 0.109
56445.654648 0.700216776988 16.0998 0.081
56126.517209 0.705626257671 16.064 0.083
53851.604989 0.706383801929 16.0092 0.074
54190.658182 0.708289414446 16.1403 0.121
54909.693903 0.711581748785 16.1369 0.111
56475.529152 0.712767784665 16.1135 0.085
55746.540007 0.713868845409 16.0702 0.086
54262.568136 0.720157005116 15.9765 0.121
55320.654699 0.721104387425 16.2018 0.101
54190.666014 0.722449525678 16.0897 0.119
56445.666993 0.722536308785 16.076 0.08
56126.527105 0.723518042751 16.0051 0.083
55274.750631 0.727397971086 16.039 0.111
54909.703009 0.728045228458 16.1059 0.11
53851.619531 0.732675469118 16.0639 0.074
55685.710612 0.735447104791 16.0887 0.095
56475.541894 0.73580508513 16.1095 0.082
54262.577138 0.736432454714 16.0708 0.124
55746.553269 0.737846296251 16.0036 0.085
55412.479233 0.738164501001 16.0316 0.105
53928.505441 0.740979528225 16.0087 0.109
53913.572552 0.742592247731 16.0573 0.111
56445.678271 0.74292672431 16.0222 0.079
54909.712163 0.744595491247 16.0567 0.108
54262.586158 0.752740447976 16.0046 0.12
54246.548324 0.756633032187 16.0825 0.121
53928.514851 0.757992634281 15.871 0.104
56475.554663 0.758891201099 16.1948 0.085
53913.582787 0.761096938542 16.0252 0.11
55746.566595 0.761939457923 16.0723 0.086
54262.595127 0.76895623419 16.0151 0.12
54318.459909 0.771449440694 15.9882 0.096
54246.557321 0.772899441875 16.0572 0.12
53928.52426 0.775003932355 16.0039 0.109
53913.593069 0.779686604486 16.0874 0.112
54318.469311 0.788448082906 16.0048 0.096
54246.56608 0.78873555196 16.0613 0.119
55320.694554 0.793161490718 15.9721 0.094
53913.603441 0.798438988757 15.9819 0.109
55412.514504 0.801933817025 15.9809 0.105
54246.574655 0.804238993453 15.9788 0.116
54318.478702 0.805426837315 15.9804 0.096
54965.609873 0.806621913098 15.9537 0.104
55685.751532 0.809429708392 16.1105 0.096
53872.683186 0.815374351614 15.9682 0.102
54318.488089 0.822398359795 15.9488 0.095
54965.619437 0.823913448309 15.9528 0.103
55032.548065 0.829635709807 15.9629 0.105
53872.691768 0.830890448969 16.0364 0.104
55032.556555 0.844985472872 15.8799 0.102
53872.700347 0.84640112239 16.0016 0.103
55032.565052 0.860347891798 16.0638 0.11
53872.708991 0.862029314609 15.9872 0.103
53877.689624 0.866921712588 16.0841 0.091
55032.57355 0.875712118719 15.9472 0.106
53877.700895 0.887299472251 16.0823 0.091
55032.582078 0.891130585078 15.9645 0.106
53877.712412 0.90812199536 16.0513 0.091
56166.453755 0.910163206493 15.9978 0.08
53877.723723 0.928572074282 16.031 0.091
56166.464277 0.929186787991 16.0716 0.081
53968.439694 0.941370775424 15.9983 0.111
56166.474907 0.948405631505 16.0725 0.081
53968.447354 0.955219913836 16.041 0.113
55355.631869 0.959181201324 16.0485 0.098
56145.46618 0.965015557684 16.0278 0.085
54641.57979 0.966221481356 15.9997 0.1
56166.485661 0.967848664711 16.1546 0.083
53968.455037 0.96911063581 16.0235 0.112
55806.420204 0.97615814776 16.0934 0.091
56145.472762 0.976915692008 16.0394 0.085
54641.588802 0.982515010762 16.0218 0.101
53968.462735 0.983028477517 16.104 0.116
56145.479379 0.988879105692 16.1395 0.087
55806.429023 0.992102736734 16.1187 0.092
54641.597816 0.998812156145 16.1391 0.105
