55685.751532 0.00205590835388 16.9646 0.13
53982.431125 0.0257634525847 17.1184 0.175
53982.43963 0.0496507483574 17.115 0.174
55775.494831 0.0566975708354 16.9531 0.122
55394.52669 0.0627332908251 17.0844 0.133
53982.448126 0.0735127665802 17.0778 0.172
55775.504845 0.0848230711191 17.0051 0.125
53982.456667 0.0975011725929 16.9714 0.164
55219.720807 0.0997901962311 17.0494 0.178
56166.453755 0.110954452648 17.1182 0.112
55775.514877 0.112999126523 16.9191 0.122
55714.631837 0.115799318631 16.8864 0.125
54957.680235 0.127932548229 16.885 0.111
53885.624228 0.132173561356 16.8934 0.109
53997.424116 0.135347299659 16.9905 0.174
56166.464277 0.140506730849 17.0361 0.108
55775.524973 0.141354933476 16.8139 0.118
55714.643654 0.1489887571 16.9414 0.129
53997.429418 0.150238592094 16.8176 0.161
55219.73957 0.152488295078 16.8035 0.156
54957.691985 0.160933809293 16.8641 0.11
56145.46618 0.164874300311 16.9337 0.113
53997.434747 0.16520571722 16.8325 0.163
53885.636156 0.165674756423 16.8588 0.108
56166.474907 0.170362339812 16.9686 0.106
53997.440047 0.180091392417 16.904 0.169
55714.655598 0.182534890049 16.7969 0.122
56145.472762 0.18336062373 16.8304 0.109
55338.670787 0.184840765411 16.8146 0.113
56475.529152 0.185666499093 16.8278 0.106
54957.703731 0.193923835901 16.8513 0.11
53600.453737 0.197209918924 16.9499 0.167
53885.648109 0.199246166942 16.7994 0.106
56166.485661 0.200566217377 16.9258 0.105
56145.479379 0.201945248791 16.7817 0.107
53554.528094 0.209624010315 16.8235 0.155
55714.667583 0.216196176353 16.7459 0.121
53600.460837 0.21715110645 16.8797 0.162
56145.486043 0.2206618789 16.7655 0.106
56475.541894 0.221453909179 16.7917 0.1
54957.715487 0.226941948678 16.4391 0.096
53554.534988 0.22898662255 16.8101 0.154
53885.660022 0.232705232725 16.724 0.103
53600.467938 0.237095102616 16.8136 0.158
56445.64346 0.248175100475 16.7271 0.097
53554.541882 0.248349234785 16.6963 0.147
53600.474902 0.256654318114 16.7347 0.152
56475.554663 0.257317151955 16.9424 0.107
53554.548915 0.268102244926 16.6518 0.144
53818.739486 0.278485705534 16.7543 0.134
56445.654648 0.279597918261 16.7565 0.098
53900.633579 0.287706398315 16.7631 0.146
56475.567446 0.293219715376 16.9265 0.103
53818.748603 0.30409187551 16.6408 0.128
53900.642582 0.312992385837 16.7235 0.144
56445.666993 0.314270307006 16.6856 0.095
54641.57979 0.322544495539 16.5666 0.122
54909.68485 0.327232078904 16.6046 0.133
53818.757608 0.32938348027 16.6018 0.126
53900.651567 0.338227818239 16.679 0.141
56445.678271 0.345945900391 16.656 0.094
54641.588802 0.34785576061 16.752 0.132
54909.693903 0.352658497331 16.5944 0.132
53818.766378 0.354015059809 16.5963 0.125
53900.66058 0.36354189195 16.6501 0.14
54274.510092 0.363996888041 16.6829 0.143
53893.540455 0.365830915586 16.733 0.114
54641.597816 0.37317264294 16.6474 0.127
54909.703009 0.378233772498 16.5751 0.131
56088.576474 0.383424098507 16.7015 0.114
54274.518953 0.38888405182 16.6763 0.143
53893.550448 0.393897434893 16.7124 0.114
54641.606845 0.398531654534 16.6671 0.128
54965.609873 0.399256277966 16.5928 0.132
55032.548065 0.403064763928 16.7427 0.142
54909.712163 0.403943861333 16.6087 0.133
56088.586618 0.411914719126 16.6189 0.116
54274.527829 0.413813344863 16.6085 0.139
53893.560278 0.42150614946 16.676 0.112
54965.619437 0.426117900167 16.6513 0.134
55032.556555 0.426909930437 16.7266 0.141
54274.536711 0.438759489619 16.6145 0.14
56088.596793 0.440492406892 16.5439 0.11
53893.570106 0.44910924681 16.6191 0.11
55032.565052 0.450774757259 16.7348 0.142
55243.704175 0.459908382878 16.7148 0.122
56088.607001 0.469162779061 16.7416 0.116
55032.57355 0.47464239272 16.6552 0.138
54350.390406 0.48280985375 16.7015 0.148
55412.479233 0.484568048594 16.7034 0.136
53919.57834 0.49630245445 16.7911 0.153
55032.582078 0.498594286707 16.6189 0.136
54350.396382 0.4995941547 16.7197 0.149
56431.494788 0.509960763616 16.6892 0.084
53851.578313 0.510205113364 16.5963 0.085
54350.402389 0.516465522816 16.6869 0.147
54233.620715 0.521358135294 16.7047 0.155
54350.408406 0.533364977101 16.5504 0.14
56097.531803 0.535521995685 16.6771 0.118
54684.38271 0.539594491732 16.5177 0.133
56431.507193 0.544801669435 16.6677 0.088
53851.591207 0.546419433382 16.6903 0.087
56077.598152 0.549511721762 16.7257 0.104
54233.63196 0.552941044296 16.8143 0.163
54684.391675 0.564773751776 16.7251 0.138
55326.701449 0.567543049091 16.6864 0.144
53928.505441 0.569118683772 16.6756 0.141
56097.544517 0.571230764483 16.8687 0.138
56431.51971 0.57995714049 16.7776 0.087
55412.514504 0.583630812782 16.7104 0.138
55320.654699 0.584532379148 17.0093 0.137
54233.643312 0.58482447542 16.6272 0.15
53851.604989 0.585127806158 16.7438 0.089
56077.611559 0.587166862793 16.8058 0.109
54684.400456 0.589436226124 17.2325 0.332
53928.514851 0.595547778803 16.7329 0.145
54172.764651 0.599923605584 16.7079 0.132
55326.713484 0.601344766279 16.6594 0.164
55066.444411 0.604951031736 16.6906 0.139
56097.557245 0.606978853924 16.5746 0.136
54172.769243 0.612820779285 16.7483 0.135
54684.409244 0.614118360783 16.7236 0.15
56431.532098 0.614750299828 16.7049 0.087
54233.654728 0.616887658093 16.7099 0.156
53928.52426 0.621974065216 16.823 0.151
56077.624959 0.624802343512 16.7916 0.108
54172.773777 0.62555505313 16.7406 0.133
53851.619531 0.625970728573 16.7022 0.087
55066.452657 0.628110895475 16.8148 0.148
53913.572552 0.62833839352 16.8293 0.15
55737.604222 0.636452490827 16.8511 0.11
54172.778256 0.638134852976 16.8021 0.136
53578.536036 0.638761174781 16.7455 0.135
56097.569971 0.642721326108 16.7981 0.166
55066.460908 0.651284802289 16.9825 0.377
55737.610617 0.654413602693 16.7358 0.107
53913.582787 0.657084598379 16.8161 0.15
55274.750631 0.657542403116 16.7227 0.146
53578.543061 0.658491715971 16.7487 0.136
56077.63843 0.662637236092 16.86 0.111
55737.617095 0.672607829868 16.7143 0.105
55066.469162 0.674467134959 16.7362 0.157
53578.550084 0.678216639943 16.7565 0.136
53913.593069 0.685962808286 16.9051 0.156
55737.623464 0.690495917663 16.8185 0.109
55320.694554 0.696469848085 17.06 0.141
55746.526858 0.696728240926 16.816 0.108
53578.557099 0.697919094944 16.7638 0.137
53913.603441 0.715093793794 16.8633 0.154
53968.439694 0.729179012884 16.7964 0.152
55746.540007 0.733658758543 16.9089 0.113
53968.447354 0.750693026491 16.8804 0.158
55746.553269 0.770906649953 16.9534 0.115
53968.455037 0.772271638293 16.9232 0.162
55655.761897 0.772628332766 16.8705 0.127
53872.683186 0.78573053558 16.8561 0.142
56364.659111 0.794077748164 16.946 0.12
55012.395196 0.801354877298 16.8837 0.153
54318.459909 0.802242400574 16.9312 0.135
55746.566595 0.808334292934 16.9273 0.113
53957.430637 0.808943763035 16.9102 0.158
53872.691768 0.809834094927 17.0696 0.157
54190.642785 0.812771909315 17.0146 0.175
55012.400771 0.817012922452 16.8089 0.148
55355.631869 0.822040348596 16.8274 0.13
54262.568136 0.823604748815 16.9431 0.184
53633.434364 0.827191353951 16.6685 0.178
54318.469311 0.828649026675 16.9815 0.137
56364.671658 0.829317477746 16.9522 0.121
55012.406426 0.832895657037 16.8306 0.149
53872.700347 0.833929228438 16.8496 0.142
54190.650467 0.834347712519 17.1047 0.186
53957.440186 0.835763255973 16.8782 0.156
53633.439872 0.842661221699 17.0631 0.217
53877.689624 0.846902234813 16.9166 0.121
54262.577138 0.848887927718 17.0477 0.19
55012.412149 0.848969377647 16.8466 0.15
54318.478702 0.855024757967 16.9462 0.136
54190.658182 0.856016200105 16.9655 0.172
53633.445391 0.858161984235 16.5635 0.172
53872.708991 0.858206922117 16.9644 0.15
53957.449628 0.86228222679 17.1176 0.174
54979.660696 0.862650155734 16.9456 0.127
56364.684468 0.865295873857 16.9681 0.12
54673.463175 0.870792339205 16.9122 0.143
53633.450905 0.873648703675 16.7654 0.189
54262.586158 0.874221661741 16.9081 0.175
54190.666014 0.878013296003 17.1527 0.188
53877.700895 0.878558167886 16.9975 0.125
56075.579833 0.880824722587 17.0391 0.114
54318.488089 0.881389254784 16.998 0.14
54735.419443 0.88227958668 16.971 0.126
54953.677947 0.887034576885 16.9008 0.121
55685.710612 0.887127261295 16.945 0.128
53957.459086 0.888846135488 16.9248 0.159
56126.497493 0.889079250779 16.9376 0.108
55655.804641 0.892679899008 16.9011 0.13
54673.471251 0.893474737892 17.0332 0.151
54735.423756 0.894393155949 16.9137 0.123
54979.672164 0.89485938655 16.9707 0.129
54262.595127 0.899412156261 16.9436 0.178
56364.697169 0.900968130608 16.4096 0.099
54735.428059 0.90647863905 16.9634 0.126
56075.590512 0.910817953815 17.0851 0.116
53877.712412 0.910905020967 16.9357 0.123
55806.420204 0.914255702201 16.8659 0.118
54673.47934 0.916193648585 16.9571 0.146
56126.507355 0.916777841131 17.0187 0.111
54953.688776 0.917449100827 16.9147 0.122
54735.432378 0.918609060032 17.0166 0.129
54979.683769 0.927453398014 16.9907 0.13
53561.549211 0.92925933935 17.2237 0.149
55355.671192 0.932483632782 16.9927 0.143
54673.487412 0.938864812797 16.9915 0.148
55806.429023 0.939024904006 17.1091 0.13
56075.601202 0.940842079831 16.9401 0.111
53877.723723 0.942673298757 16.9308 0.123
56126.517209 0.944453962531 16.981 0.111
54953.69964 0.947961926371 16.9466 0.123
53561.557418 0.952309666972 16.8983 0.152
55394.488308 0.954932916159 16.9988 0.129
54979.695136 0.959378958401 16.816 0.122
55806.437879 0.96389802469 17.0527 0.128
56075.611895 0.970874631724 16.9614 0.112
56126.527105 0.972248045906 16.8929 0.109
53561.565849 0.975989125027 16.8411 0.15
54953.710717 0.979072987559 16.9313 0.122
55806.446782 0.988903150423 16.9916 0.125
53561.574292 0.999702286488 16.9283 0.153
