54246.56608 0.00432938768356 15.1401 0.088
55412.479233 0.00718407769121 15.1743 0.082
54246.574655 0.0148761204716 15.1837 0.089
55412.514504 0.0505652802778 15.1933 0.083
54673.463175 0.0620074091537 15.1648 0.08
56077.598152 0.0633369739538 15.2118 0.07
55685.710612 0.0652999576938 15.2182 0.075
53885.624228 0.0676220838143 15.181 0.069
55320.654699 0.0685457685146 15.2095 0.077
54673.471251 0.0719404020465 15.1771 0.08
56077.611559 0.0798267752921 15.2127 0.07
54673.47934 0.0818893841428 15.1883 0.08
53885.636156 0.082292804362 15.161 0.069
54233.620715 0.0823112534534 15.1414 0.088
55355.631869 0.0883551770591 15.2089 0.078
54673.487412 0.0918174572752 15.1852 0.08
54233.63196 0.0961419251991 15.1445 0.088
56077.624959 0.0963079670587 15.2726 0.071
53885.648109 0.0969942734033 15.1722 0.069
54233.643312 0.110104200491 15.168 0.089
53885.660022 0.11164654485 15.2429 0.07
56077.63843 0.112876484537 15.2121 0.071
55685.751532 0.115629089553 15.2687 0.076
55320.694554 0.117565014614 15.2383 0.077
54233.654728 0.124145191922 15.1826 0.089
56364.659111 0.131002105658 15.23 0.073
53982.431125 0.134266365581 15.2053 0.086
55355.671192 0.136720095249 15.185 0.078
53982.43963 0.144727002589 15.1866 0.085
56364.671658 0.146434158869 15.2562 0.073
53872.683186 0.150920978838 15.1727 0.081
53982.448126 0.155176570145 15.1887 0.085
53872.691768 0.161476321198 15.2978 0.083
56364.684468 0.162189686218 15.2599 0.073
53982.456667 0.165681484979 15.2591 0.087
53872.700347 0.172027973746 15.2529 0.082
56364.697169 0.177811150141 15.2028 0.072
53872.708991 0.182659572375 15.2171 0.082
53851.578313 0.193200155463 15.2702 0.064
56126.497493 0.206576979469 15.2635 0.069
53851.591207 0.209058997744 15.2778 0.064
56126.507355 0.218706644629 15.2802 0.069
54190.642785 0.222049620683 15.3091 0.091
53851.604989 0.226010026468 15.2758 0.064
55338.670787 0.227247345794 15.3207 0.073
55655.761897 0.230186901631 15.3197 0.078
56126.517209 0.230826470268 15.2385 0.069
54190.650467 0.231498017337 15.3903 0.094
54172.764651 0.233023142543 15.1903 0.08
54172.769243 0.238671025577 15.1763 0.08
54190.658182 0.240987001997 15.2778 0.09
56126.527105 0.242997953382 15.2508 0.07
53851.619531 0.243895809346 15.2976 0.065
54172.773777 0.244247572102 15.2373 0.081
54172.778256 0.24975647194 15.2515 0.081
54190.666014 0.250619889604 15.2808 0.091
54735.419443 0.264480079896 15.2805 0.075
54735.423756 0.269784809749 15.2665 0.075
54735.428059 0.27507724021 15.2692 0.075
54735.432378 0.280389349704 15.2714 0.075
55655.804641 0.28275944348 15.339 0.079
53877.689624 0.308537749308 15.2801 0.074
53877.700895 0.322400399487 15.2791 0.074
53600.453737 0.32511856619 15.2511 0.089
53600.460837 0.333851137939 15.3176 0.09
56431.494788 0.334853538788 15.3728 0.064
53877.712412 0.336565614824 15.3325 0.075
53600.467938 0.342584939637 15.3051 0.09
56431.507193 0.350110940557 15.3433 0.066
56166.453755 0.350369227896 15.3501 0.069
53877.723723 0.350477462589 15.3371 0.076
53600.474902 0.351150239595 15.3606 0.092
56166.464277 0.363310653245 15.3922 0.07
56431.51971 0.365506095582 15.3571 0.064
53578.536036 0.367668329543 15.3474 0.084
54274.510092 0.373778669891 15.2969 0.088
53578.543061 0.37630865582 15.376 0.085
56166.474907 0.376384912089 15.389 0.07
56431.532098 0.380742588388 15.4352 0.066
54274.518953 0.384677165431 15.3115 0.088
54965.609873 0.384824758196 15.3099 0.085
53578.550084 0.384946522226 15.34 0.084
53957.430637 0.385174061062 15.4611 0.092
56166.485661 0.389611683442 15.4122 0.07
53578.557099 0.393574549102 15.3841 0.085
54274.527829 0.395594110064 15.3417 0.089
54965.619437 0.396587901331 15.3288 0.085
53957.440186 0.396918755105 15.3897 0.09
55066.444411 0.405224537785 15.3241 0.086
54274.536711 0.406518434337 15.3139 0.088
53957.449628 0.408531845601 15.3502 0.089
55066.452657 0.415366620424 15.3066 0.086
53957.459086 0.420164615131 15.3661 0.09
55243.704175 0.424042614949 15.3487 0.079
55066.460908 0.425514852753 15.442 0.171
54318.459909 0.429402692089 15.3452 0.08
55066.469162 0.435666774903 15.3448 0.093
54318.469311 0.440966585 15.3782 0.081
53913.572552 0.442374865934 15.3916 0.089
54318.478702 0.45251694857 15.3332 0.08
53913.582787 0.4549632986 15.3816 0.089
55326.666664 0.462900099376 15.0329 0.191
54318.488089 0.464062392379 15.3821 0.081
53913.593069 0.467609538432 15.3826 0.089
53913.603441 0.480366472828 15.3758 0.089
53561.557418 0.484992275975 15.4945 0.091
54684.38271 0.492376833838 15.4121 0.09
56475.529152 0.494465271427 15.4809 0.073
55775.494831 0.494473881006 15.479 0.077
53561.565849 0.495361897452 15.4792 0.091
54684.391675 0.503403243104 15.387 0.087
55326.701449 0.505683551279 15.4105 0.091
53561.574292 0.5057462782 15.5118 0.091
55775.504845 0.506790496998 15.422 0.076
56475.541894 0.510137162876 15.5116 0.071
54684.400456 0.514203343472 15.4927 0.142
55775.514877 0.519129251904 15.4444 0.077
55326.713484 0.520485875373 15.3685 0.099
54684.409244 0.525012053412 15.4152 0.092
56475.554663 0.525842262699 15.5295 0.072
53900.633579 0.528218506166 15.4566 0.091
55806.420204 0.530817368719 15.4732 0.077
55775.524973 0.531546722949 15.486 0.078
56145.46618 0.536917869552 15.4606 0.074
53900.642582 0.539291653138 15.4804 0.092
56475.567446 0.541564581675 15.6306 0.073
55806.429023 0.541664206784 15.4601 0.077
56145.472762 0.545013332544 15.4631 0.074
53900.651567 0.550342661197 15.4171 0.09
55806.437879 0.552556552624 15.5334 0.079
56145.479379 0.55315184343 15.4859 0.074
56145.486043 0.561348161483 15.4661 0.074
53900.66058 0.56142810757 15.4394 0.091
55806.446782 0.563506705631 15.5065 0.078
56088.576474 0.56601086283 15.4599 0.078
53997.424116 0.574740974706 15.5239 0.098
56088.586618 0.578487370981 15.3929 0.079
56097.531803 0.580525381033 15.3928 0.079
56075.579833 0.580926341377 15.4707 0.073
53997.429418 0.581262114906 15.4902 0.097
53997.434747 0.58781646348 15.5299 0.098
56088.596793 0.591002007258 15.5136 0.081
56075.590512 0.594060867259 15.489 0.073
53997.440047 0.594335143801 15.5217 0.098
56097.544517 0.596162834178 15.4454 0.085
54909.68485 0.600419655418 15.449 0.089
56088.607001 0.60355723155 15.4567 0.078
56075.601202 0.607208922473 15.4268 0.072
55274.750631 0.609310889398 15.4396 0.091
54909.693903 0.611554299377 15.4226 0.088
56097.557245 0.611817506475 15.351 0.089
56075.611895 0.620360667516 15.507 0.074
54909.703009 0.622754130134 15.3621 0.087
56097.569971 0.627469718882 15.4321 0.098
54957.680235 0.63184830416 15.3617 0.072
54909.712163 0.634012997999 15.4056 0.088
55714.631837 0.636662288083 15.4246 0.079
54957.691985 0.646300095441 15.3322 0.072
55714.643654 0.651196485324 15.3488 0.078
54957.703731 0.660746966971 15.2327 0.07
55714.655598 0.665886884905 15.2356 0.076
54979.660696 0.666489555352 15.1845 0.074
54957.715487 0.675206137893 15.1385 0.069
54979.672164 0.68059450365 15.1684 0.074
55714.667583 0.68062771202 15.1992 0.076
54262.568136 0.685893083806 15.1097 0.09
54979.683769 0.69486795368 15.1241 0.073
54262.577138 0.696965000838 15.111 0.09
54350.390406 0.701988074504 15.1336 0.085
54262.586158 0.708059056782 15.1672 0.09
54979.695136 0.708848678064 15.1507 0.074
54953.677947 0.709275467127 15.1316 0.072
54350.396382 0.709338194054 15.1391 0.085
55032.548065 0.714763458004 15.0977 0.081
54350.402389 0.716726441739 15.1448 0.085
54262.595127 0.719090385809 15.1356 0.089
54953.688776 0.72259448397 15.0986 0.072
54350.408406 0.724126988816 15.1646 0.086
55032.556555 0.725205645919 15.1033 0.081
55032.565052 0.735656443406 15.09 0.081
54953.69964 0.73595654869 15.0554 0.071
56445.64346 0.736866704057 15.0983 0.066
55032.57355 0.746108470842 15.0396 0.081
54953.710717 0.749580590571 15.0371 0.071
56445.654648 0.750627269243 15.0774 0.066
55032.582078 0.756597396464 15.0637 0.081
56445.666993 0.765810874634 15.0222 0.065
56445.678271 0.779682134385 15.0442 0.065
53818.739486 0.803423660103 15.0055 0.076
53893.540455 0.804103816752 14.9975 0.07
53928.505441 0.808927640191 14.9505 0.079
53818.748603 0.814637020201 15.0464 0.077
53893.550448 0.816394604011 15.0198 0.071
53928.514851 0.820501372613 14.9893 0.08
53818.757608 0.825712627053 15.0361 0.077
53893.560278 0.828484911097 15.0117 0.071
53919.57834 0.829131859374 15.0509 0.083
53928.52426 0.832073875096 15.021 0.081
53818.766378 0.83649919808 15.0318 0.077
53554.528094 0.839347738389 15.0367 0.083
53893.570106 0.840572758312 15.0547 0.071
54641.57979 0.84736694513 15.0488 0.077
53554.534988 0.847826942567 15.0602 0.083
53554.541882 0.856306146744 15.066 0.083
54641.588802 0.858451161554 15.0575 0.077
53554.548915 0.864956312542 15.0258 0.082
55746.526858 0.865614330271 15.0805 0.068
54641.597816 0.869537837867 15.0526 0.077
55394.488308 0.879431472681 15.1067 0.073
54641.606845 0.880642963272 15.0548 0.077
55746.540007 0.88178680718 15.0618 0.068
53633.434364 0.889300508704 15.0808 0.096
55737.604222 0.891310230149 15.0552 0.068
53633.439872 0.896075016485 15.0332 0.095
55746.553269 0.898098267257 15.0356 0.068
55737.610617 0.899175694423 15.0504 0.068
53633.445391 0.902863053598 15.0556 0.096
55737.617095 0.907143243698 15.0786 0.069
55746.566595 0.914488443483 15.1277 0.069
55737.623464 0.914976729538 15.0972 0.069
53968.439694 0.925650146118 15.0994 0.084
55219.720807 0.925946561579 15.0505 0.085
55394.52669 0.926639017622 15.1122 0.073
55012.395196 0.927950133323 15.075 0.081
55012.400771 0.934807047064 15.1119 0.082
53968.447354 0.935071484099 15.0781 0.083
55012.406426 0.941762355976 15.0657 0.081
53968.455037 0.944521110685 15.0648 0.083
55012.412149 0.948801300789 15.0902 0.082
55219.73957 0.949023919865 15.0589 0.084
53968.462735 0.953989186372 15.0951 0.084
54246.548324 0.982490578666 15.1349 0.088
54246.557321 0.993556345998 15.1148 0.088
