54226.481801 0.00516345202988 17.2415 0.155
54062.674104 0.0117115343206 17.2462 0.15
54261.35841 0.0146652039123 17.307 0.163
53704.66167 0.0165405496809 17.3683 0.209
54884.604305 0.0172500554945 17.3069 0.136
53818.563602 0.0257172416356 17.3011 0.164
55676.461463 0.0271987647845 17.5336 0.16
55518.731479 0.0301024251538 17.4709 0.187
53704.667724 0.0354627884614 17.1833 0.289
53894.393405 0.0375506734263 17.3748 0.174
54919.484619 0.0383320674962 17.4069 0.172
56383.534746 0.0386790064477 17.2073 0.124
54261.366604 0.0402761759409 17.5144 0.18
54226.495812 0.0489559012605 17.3066 0.16
53818.572112 0.0523158957614 17.1798 0.155
54062.688283 0.0560290803845 17.5892 0.174
53894.400214 0.0588327222997 17.4026 0.177
55592.649468 0.0664153703574 17.3622 0.128
54919.494265 0.0684813762706 17.4697 0.177
54245.37864 0.0686751620043 17.4979 0.214
53818.58062 0.0789082987325 17.2958 0.164
53894.407029 0.0801335246371 17.6273 0.204
56383.548258 0.0809117931333 17.4903 0.138
55294.472278 0.0908636279981 17.3392 0.154
54226.509815 0.0927233458725 17.5767 0.182
55302.472229 0.0953206997644 17.4091 0.136
54245.387727 0.097077273639 17.3464 0.2
54919.503923 0.0986681919504 17.5917 0.188
53894.413946 0.101753135749 17.5839 0.201
54936.464267 0.109517067232 17.477 0.174
56383.560239 0.118359322509 17.6228 0.146
55128.753669 0.124710493504 17.3941 0.296
54245.39691 0.125779440607 17.5624 0.222
54510.628542 0.127476628512 17.4518 0.157
54919.513581 0.128855007653 17.5468 0.184
54944.470884 0.134809230472 17.6086 0.153
54936.472678 0.135806289292 17.4748 0.175
53738.616561 0.145142385648 17.6608 0.233
55128.760379 0.145683110335 17.48 0.239
55361.359783 0.152862559047 17.3011 0.143
54245.405934 0.153984640938 17.2951 0.195
56383.572185 0.155697456724 17.8201 0.161
54936.481059 0.162001744078 17.5103 0.178
53738.623361 0.166396304326 17.815 0.334
54944.48157 0.168209138584 17.6612 0.157
54510.641589 0.168256022214 17.743 0.18
55162.68154 0.168859258432 17.6785 0.199
54185.587194 0.185949909527 17.6881 0.192
55592.687765 0.186115565078 17.6035 0.14
53738.630284 0.188034668902 17.4223 0.222
54936.489441 0.188200324441 17.5306 0.18
54977.441983 0.188494128609 17.5436 0.195
55162.689887 0.194948443634 17.5487 0.186
54944.492261 0.201624674561 17.3848 0.14
54510.654655 0.209094801862 17.6134 0.169
53738.637215 0.209698038096 17.3963 0.279
54977.449091 0.21071072481 17.5306 0.195
56277.691679 0.218099587135 17.6186 0.151
55162.698303 0.221253293581 17.4589 0.178
54185.600307 0.226935591265 17.6038 0.186
54977.456222 0.232999209245 17.3184 0.178
54944.502957 0.235055838424 17.6151 0.155
55361.389029 0.244273162872 17.5092 0.157
55162.706811 0.247845696552 17.3772 0.171
54510.667709 0.249896074606 17.5269 0.163
55736.361856 0.250446176037 17.3705 0.132
54287.350272 0.254212495452 17.2947 0.185
54977.463341 0.255250186774 17.3448 0.234
54463.638616 0.256878611996 17.4378 0.235
56277.704898 0.259416579957 17.4374 0.14
54185.613414 0.267902519538 17.4791 0.176
55736.367497 0.26807755181 17.499 0.138
54912.520049 0.270037288135 17.3919 0.142
54287.356778 0.274547494711 17.259 0.182
55736.373126 0.285671420677 17.6175 0.146
54196.497513 0.286984162724 17.4817 0.213
54463.648666 0.288290653605 17.3101 0.221
56277.714776 0.290291022423 17.495 0.154
54287.363195 0.294604317678 17.2466 0.182
55736.378798 0.303399689325 17.1686 0.122
54912.530742 0.303459075288 17.4159 0.143
54185.626527 0.308888201276 17.4224 0.172
54196.506009 0.313539058768 17.5406 0.219
54287.369637 0.314739280078 17.3023 0.187
54463.659197 0.32120609739 17.2164 0.21
56277.726572 0.327160320196 17.1064 0.189
54912.541447 0.336918369348 17.2922 0.137
54196.514488 0.340040820041 17.1505 0.182
54423.673842 0.343929036918 17.3326 0.206
56301.728392 0.346679544046 17.3343 0.119
54894.629681 0.352327460384 17.15 0.117
53773.557463 0.355596813167 17.3422 0.195
54463.670805 0.357487786829 17.2607 0.215
56301.733641 0.363085693935 17.1311 0.11
54196.522968 0.36654570687 17.2516 0.191
54894.634864 0.368527322237 17.2626 0.122
55244.650443 0.368918019269 17.4162 0.132
54912.552132 0.37031515186 17.2519 0.134
54423.68332 0.373553248882 17.3687 0.2
55602.667539 0.378660440538 17.0675 0.118
56301.738911 0.379557480925 17.3789 0.121
54894.640063 0.384777193305 17.1828 0.119
53773.567075 0.385639852358 17.4332 0.204
56301.744187 0.396048021357 17.1967 0.114
54894.645271 0.401055194569 17.3625 0.129
54423.692809 0.403211842197 17.2667 0.19
53773.577441 0.418039576064 17.896 0.261
54423.702299 0.432873561066 17.2952 0.191
53773.587182 0.448485814594 17.7505 0.24
53722.717748 0.452189622483 17.1875 0.177
54114.64961 0.465120131538 17.3371 0.203
55696.438649 0.467417430113 17.5019 0.155
53722.723394 0.469836626143 17.2422 0.182
54905.546708 0.474328079258 17.1047 0.127
55602.701641 0.485248842768 17.2806 0.127
54773.73481 0.486186515657 17.1297 0.156
53722.729043 0.487493006534 17.3302 0.189
54114.657276 0.489080799279 17.328 0.201
53882.382317 0.495978946141 17.3227 0.169
55696.448802 0.499151406051 17.0518 0.129
54589.454004 0.502470768059 17.3473 0.12
54773.740639 0.504405499787 17.1196 0.155
53722.734626 0.504943098889 17.5829 0.213
54905.557453 0.507912396365 17.2333 0.133
54114.664532 0.511759980767 17.3788 0.206
53848.475739 0.518383076897 17.2225 0.115
54773.746515 0.522771385984 17.2704 0.166
54589.460576 0.523012055354 17.345 0.12
53882.391668 0.525206209897 17.3251 0.17
54184.418149 0.532010589457 17.2882 0.157
54114.671476 0.533463982445 17.2074 0.191
54773.752354 0.541021625865 17.347 0.17
54905.568158 0.541371690424 17.2212 0.133
56063.434699 0.541565476141 17.4547 0.149
54589.467135 0.543512710166 17.369 0.12
54965.399316 0.548219828053 17.3251 0.167
54184.423429 0.548513632221 17.1304 0.148
53882.40101 0.554405343503 17.5281 0.224
55696.469355 0.563391375302 17.2757 0.142
54589.473734 0.564138388026 17.3789 0.121
54184.428661 0.564866647295 17.2996 0.158
53848.491716 0.568320409078 17.2735 0.118
54905.578895 0.574931002913 17.4748 0.148
54184.434038 0.581672870947 17.4454 0.168
54965.410247 0.58238550234 17.5184 0.183
53756.673161 0.582423009251 17.3806 0.141
56063.447995 0.583123138349 17.2811 0.139
53882.410378 0.583685742073 17.0189 0.249
53858.416797 0.589918141164 17.2695 0.162
56421.469863 0.607780809595 17.7257 0.153
54392.726124 0.61447579399 17.6139 0.238
54965.421083 0.616254246893 17.6544 0.195
53858.425324 0.616569930105 17.5089 0.182
53848.507678 0.618210857645 17.429 0.126
56063.459928 0.620420640058 17.4711 0.152
53756.689123 0.632313457796 17.6449 0.158
56421.478201 0.633841864601 17.4458 0.137
54392.734681 0.641221350205 17.6485 0.24
53858.43387 0.643281104969 17.6769 0.197
54139.66329 0.647284968169 17.6982 0.191
54864.650283 0.649432239091 17.5884 0.154
54965.431922 0.650132368179 17.5198 0.183
54616.37773 0.654630072433 17.6783 0.152
56063.471866 0.657733769677 17.6174 0.161
56421.48657 0.659999812482 17.5718 0.145
54139.669883 0.667891892588 17.2906 0.16
54392.743247 0.667995036593 17.7031 0.244
53848.523608 0.66800128776 17.4655 0.128
53858.442436 0.670054791357 17.4053 0.173
54616.384826 0.676809161706 17.6847 0.153
54999.354296 0.677099840289 17.5756 0.161
53756.704961 0.681816334909 17.5285 0.151
56421.495002 0.686354671666 17.5223 0.142
54864.663165 0.689695912691 17.6138 0.155
54392.751849 0.694881243743 17.6785 0.24
54616.391889 0.69888510695 17.7283 0.156
54999.363906 0.707136628325 17.5934 0.163
54139.683068 0.709102615803 17.6345 0.188
54616.398952 0.720961052217 17.5911 0.147
54864.67606 0.730000218797 17.4429 0.147
53756.720917 0.731688029989 17.4237 0.144
54999.373642 0.737567238969 17.3962 0.15
54525.54614 0.753567063936 17.2216 0.175
55633.50289 0.75690205384 17.6089 0.168
54208.488966 0.767185199775 17.5657 0.222
54999.383352 0.767916584624 17.507 0.158
54864.688975 0.770367036427 17.3344 0.141
55648.546485 0.776805723565 17.6195 0.144
54525.555203 0.78189416176 17.3959 0.19
54801.666335 0.788298467548 17.3771 0.253
54208.497489 0.793824486407 17.4635 0.212
54832.706859 0.807823942547 17.2751 0.129
54525.56399 0.809358600512 17.4708 0.198
54492.610955 0.812134112229 17.4446 0.205
54832.710243 0.818400892682 17.206 0.111
54801.676013 0.818547794752 17.2017 0.186
54208.506015 0.820473149747 17.2393 0.19
56357.553659 0.832809799312 17.3203 0.133
54832.714962 0.833150487129 17.0804 0.106
54525.572799 0.836891801943 17.2573 0.179
54208.514509 0.847021794658 17.1966 0.186
54832.719631 0.847743802777 17.2663 0.114
54801.6859 0.849450367415 17.1822 0.188
54492.623132 0.850194254581 17.5076 0.215
55657.531394 0.859824155085 17.3103 0.148
54832.724279 0.862271481323 17.1422 0.109
56357.563253 0.862796578133 17.2839 0.13
55633.536858 0.863071628843 17.4666 0.158
54801.695736 0.880193535701 17.317 0.187
54168.533628 0.883728562459 16.9242 0.162
54492.635085 0.887554267837 17.251 0.186
55266.573535 0.891214317663 17.3043 0.129
56357.572749 0.892477050467 17.3181 0.132
54884.56958 0.908714419244 17.3181 0.137
54168.543904 0.915846984295 17.0399 0.17
55676.425862 0.915925123697 17.1182 0.132
56357.582267 0.922226285479 17.2676 0.13
54062.645772 0.923157707226 17.369 0.16
55567.64869 0.924576718852 17.0632 0.128
54492.647688 0.926945905656 17.3456 0.195
55657.557971 0.942892595842 17.3319 0.15
54884.581155 0.944892964653 17.0558 0.123
54226.467777 0.961330370294 17.1745 0.15
54062.659947 0.967462750958 17.2571 0.151
55518.71419 0.976064336872 17.2163 0.166
53704.649631 0.978911736865 17.4222 0.214
54168.564289 0.979561856736 17.4258 0.204
54884.592725 0.981055882198 17.3796 0.14
54261.350231 0.989101115521 17.3679 0.167
55567.670543 0.992879937252 17.157 0.134
53704.655649 0.997721454907 17.3355 0.205
53818.555031 0.998927927361 17.2218 0.157
