53894.392575 0.00222288632122 15.3916 0.085
53894.399369 0.00640055981138 15.4195 0.086
55128.737015 0.00841130345448 15.398 0.088
53894.406188 0.0105936059601 15.4537 0.089
55128.743671 0.0125041198716 15.8025 0.181
53894.413111 0.0148506023646 15.3872 0.087
55128.750354 0.0166135387648 15.4558 0.152
55128.757043 0.0207266470881 15.4864 0.095
54463.639454 0.0357223673393 15.5781 0.107
54463.6495 0.0418997161604 15.6305 0.109
55361.35368 0.0458670916914 15.7679 0.086
54463.66004 0.0483808286999 15.775 0.115
54463.672128 0.0558138162073 15.8202 0.117
55696.389612 0.0615767181721 15.7882 0.085
55696.426849 0.0844739845471 15.6796 0.083
55657.458299 0.122466585991 15.4528 0.073
54600.418564 0.142060575652 15.4368 0.075
54208.489805 0.142592469611 15.389 0.093
54600.426737 0.147086204948 15.4103 0.075
54208.498329 0.147833931025 15.3651 0.093
55657.500636 0.148499874559 15.3649 0.073
54600.434889 0.152098921208 15.4013 0.075
54208.506856 0.153077237154 15.2611 0.09
54600.443094 0.157144227508 15.4428 0.076
54208.515343 0.15829594703 15.3325 0.092
54226.426473 0.171962854741 15.3922 0.082
54226.4363 0.178005539078 15.4071 0.082
54226.446107 0.18403592529 15.3555 0.081
54226.455902 0.190058932623 15.3851 0.082
56301.689656 0.264394956787 15.4047 0.072
55592.641072 0.265944520693 15.3378 0.071
56301.69735 0.269126045958 15.3921 0.072
56301.705233 0.273973352422 15.3934 0.072
56301.713194 0.27886862158 15.4067 0.072
55244.645179 0.281073060709 15.3354 0.072
55592.679244 0.289416724469 15.3961 0.072
53756.667907 0.314455094625 15.4209 0.076
53756.683833 0.324248092564 15.423 0.076
54761.729194 0.332985296361 15.3851 0.095
53756.699724 0.334019568779 15.4471 0.077
54919.481227 0.335706256794 15.3683 0.083
53774.593398 0.336952671891 15.3051 0.09
54761.736278 0.33734129268 15.5044 0.091
54919.490928 0.341671462937 15.3583 0.083
54761.743333 0.341679456718 15.4212 0.092
53774.6025 0.342549549153 15.3333 0.091
53756.715642 0.34380764747 15.4201 0.076
54761.750435 0.346046521354 15.3656 0.089
54919.500575 0.347603464137 15.3633 0.083
53774.611325 0.347976097362 15.5823 0.118
54919.510245 0.353549608182 15.3739 0.084
54615.399476 0.353917937064 15.3451 0.073
53774.625392 0.356625984467 15.3915 0.093
54615.406077 0.357976933636 15.3661 0.073
54615.412687 0.362041464362 15.3311 0.073
53818.555886 0.369764072748 15.3841 0.084
53818.564446 0.375027670783 15.4024 0.084
54589.42807 0.383936433447 15.3901 0.074
55602.591601 0.384587619232 15.417 0.088
54589.43346 0.387250778473 15.3494 0.074
55633.496873 0.388434473123 15.3652 0.078
54589.438869 0.390576806718 15.348 0.074
54589.444321 0.393929275939 15.3788 0.074
55602.614584 0.398720011022 15.3693 0.086
55633.530969 0.409400318769 15.3701 0.078
54013.776041 0.41186978252 15.4409 0.093
54013.777361 0.412681458855 15.2234 0.087
53722.676513 0.412932340629 15.38 0.091
54013.778681 0.413493135189 15.3295 0.09
54013.779963 0.414281445081 15.3611 0.091
54114.611316 0.416116940426 15.1368 0.087
53722.687481 0.41967663307 15.363 0.09
54114.620899 0.422009587621 15.3402 0.092
53722.698351 0.42636066469 15.4055 0.091
54114.629381 0.427225222966 15.3677 0.093
54392.721882 0.428059650832 15.4025 0.096
54114.637364 0.432134020063 15.4214 0.095
53722.708112 0.432362765211 15.3912 0.091
54392.730452 0.433329397936 15.359 0.094
54392.739004 0.438588076724 15.3388 0.093
54392.747597 0.443871966669 15.3919 0.094
54999.351115 0.448204596548 15.3401 0.077
54999.360722 0.454112001495 15.3343 0.077
54942.447867 0.458038178306 15.3878 0.075
54062.639216 0.458144557099 15.3703 0.081
54999.370393 0.460058760447 15.3606 0.077
54942.455886 0.46296911203 15.4079 0.075
54423.680632 0.464790464528 15.3731 0.092
54999.380088 0.466020277151 15.3644 0.078
54062.653423 0.466880531086 15.403 0.081
54942.463915 0.467906194814 15.3947 0.075
54423.690111 0.470619161468 15.227 0.162
54942.471953 0.472848811757 15.4008 0.075
54062.667607 0.475602362227 15.4091 0.081
54423.699615 0.476463231062 15.4144 0.093
56277.64942 0.481902077402 15.3844 0.074
54062.681779 0.484316814491 15.4023 0.081
56277.659441 0.488064053564 15.3794 0.074
56277.670158 0.494654004518 15.3877 0.074
54903.48653 0.500466098988 15.3677 0.076
56277.6809 0.50125932813 15.4409 0.075
54929.56753 0.537837645058 15.6808 0.111
54929.573957 0.541789647931 15.69 0.112
54929.580437 0.545774240836 15.7136 0.113
54929.586995 0.549806796437 15.7468 0.114
56383.48679 0.561969028402 15.7447 0.078
56383.498572 0.569213854577 15.6957 0.077
55326.431993 0.572301299174 15.7206 0.099
54168.534471 0.573805360016 15.6918 0.102
56383.510589 0.576603183739 15.6129 0.075
54168.544749 0.580125367101 15.7095 0.103
56383.524541 0.585182356617 15.5478 0.076
54168.554919 0.586378964304 15.4518 0.094
56357.516256 0.592523723089 15.4494 0.075
54168.565123 0.592653468319 15.4784 0.095
54181.5762 0.593246852913 15.6502 0.089
56357.526087 0.598568867048 15.4303 0.074
54181.585996 0.599270475153 15.6158 0.088
56357.53566 0.604455365183 15.3937 0.074
56357.545238 0.610344937846 15.3854 0.074
54864.643879 0.61587479032 15.4473 0.076
53882.381479 0.616524131387 15.522 0.088
54895.551315 0.621052301471 15.4036 0.076
53882.390836 0.622277809753 15.3106 0.083
54895.555568 0.623667498024 15.395 0.076
54864.656737 0.623781255688 15.4097 0.076
54895.559816 0.626279620039 15.3716 0.076
53882.400175 0.628020419812 15.1195 0.113
54895.564069 0.628894816587 15.3622 0.076
54864.669628 0.631708012971 15.3959 0.076
54864.682557 0.639658136688 15.3543 0.079
55648.542254 0.639934229622 15.3612 0.072
54261.346987 0.64480736215 15.3632 0.083
54261.355182 0.649846519385 15.3914 0.084
55648.561359 0.651682014729 15.3773 0.073
54261.363352 0.654870303962 15.3754 0.083
54261.371548 0.659910076104 15.3919 0.084
53773.506884 0.668848354267 15.3778 0.092
53773.51539 0.674078747364 15.2888 0.089
53773.524023 0.679387233561 15.4269 0.093
54526.493994 0.685375806142 15.3747 0.088
54526.503207 0.691040938005 15.368 0.088
54526.511747 0.696292237914 15.3585 0.087
54526.520367 0.701592730331 15.3631 0.088
53742.698217 0.724404524726 15.4544 0.072
53742.713021 0.733507597786 15.4454 0.072
55266.532877 0.739956735192 15.3973 0.073
54196.453458 0.741366715371 15.4149 0.083
53742.727805 0.742598372715 15.4527 0.072
54905.508363 0.743703974264 15.3755 0.076
54196.464121 0.747923461381 15.3448 0.081
54905.518617 0.750009223597 15.3763 0.076
53742.742617 0.751706365022 15.4275 0.072
54196.474452 0.754276058502 15.4239 0.083
54905.528775 0.756255441922 15.3739 0.075
56063.429429 0.756677267655 15.432 0.077
55676.38268 0.75918793013 15.4018 0.078
54196.484712 0.76058499727 15.3726 0.082
54905.538936 0.762503504966 15.3864 0.076
56063.442581 0.764764515482 15.3907 0.076
56063.454508 0.772098503075 15.3955 0.077
56063.466543 0.77949890055 15.3704 0.077
55676.417412 0.780544856189 15.3779 0.077
55518.672973 0.782493494293 15.4241 0.088
55518.707115 0.803487625625 15.3401 0.086
55632.552948 0.808009031743 15.208 0.079
54139.660053 0.818743451249 15.3654 0.082
54139.666646 0.822797528569 15.3569 0.082
54967.439958 0.825832706132 15.4153 0.181
54139.673247 0.82685652514 15.5003 0.086
55632.587272 0.829115076027 15.3816 0.079
54139.679839 0.830909987554 15.2711 0.084
55302.468034 0.836711628616 15.4264 0.074
54492.607094 0.848107072407 15.3696 0.091
54492.619529 0.85575343241 15.3947 0.093
54492.631633 0.863196258418 15.346 0.091
54884.565319 0.865694007863 15.3675 0.075
54536.553166 0.870824171229 15.3917 0.088
54492.644131 0.870881357518 15.3754 0.092
54884.576889 0.872808473905 15.3734 0.075
54536.561285 0.875816595587 15.3806 0.088
55162.678233 0.879080518293 15.3288 0.083
54884.588458 0.879922325035 15.3787 0.075
53858.415964 0.879977666604 15.3881 0.084
54536.569434 0.880827467127 15.3406 0.087
55162.686546 0.884192234471 15.3713 0.084
53858.424483 0.885216053485 15.3822 0.084
54536.577599 0.885848177171 15.3239 0.087
54884.600031 0.887038635796 15.3787 0.075
54801.663018 0.888545771167 15.3564 0.093
55162.694896 0.889326702186 15.3946 0.084
53858.433028 0.890470427927 15.4143 0.085
56421.430061 0.893525897395 15.3713 0.073
54801.672682 0.894488225773 15.3221 0.101
55567.643039 0.894496219559 15.3784 0.077
55162.703396 0.894553405843 15.3294 0.083
53858.441598 0.895740175027 15.3639 0.084
56421.439206 0.899149215629 15.3891 0.073
54801.682558 0.900561040522 15.351 0.092
54801.692319 0.906563141042 15.3461 0.098
56421.451592 0.906765445217 15.4171 0.073
55567.665765 0.908470580423 15.4219 0.077
56421.460685 0.91235678832 15.4104 0.073
55294.468774 0.917916156296 15.4081 0.082
54510.624215 0.926948515128 15.3749 0.079
54510.637276 0.934979806479 15.3627 0.078
54510.650331 0.943007408391 15.3637 0.078
54832.654753 0.945559269593 15.4193 0.094
54510.66339 0.951037469933 15.3464 0.078
54832.667552 0.953429455489 15.349 0.083
54977.416946 0.960745610799 15.4129 0.087
54832.67984 0.96098542426 15.3631 0.073
54832.691982 0.968451616711 15.392 0.074
