54262.6212552 0.00660900904531 11.23405 0.0521521823787
56063.5872212 0.023244362824 11.17601 0.0504912787403
54262.6299136 0.0269358610901 11.23241 0.0521489108157
56063.5997523 0.0526629880584 11.20077 0.0505077116044
56063.6104664 0.077815758511 11.21433 0.0505139235909
56063.6211784 0.102963610655 11.24252 0.0505351600199
53865.6719927 0.113326857436 11.30169 0.0515286335014
54952.7244457 0.119273365089 11.29198 0.0515234869458
54178.7576213 0.12513216356 11.27563 0.0526318324259
53990.4841255 0.127067144078 11.29196 0.0518316215809
53865.6810588 0.134610644636 11.33392 0.0515783705091
54952.7331377 0.139679015382 11.29594 0.0516067187545
54178.7645792 0.141466807426 11.25429 0.0530518997671
53990.4926419 0.14706059957 11.31974 0.0518903514385
54773.4077913 0.148631914015 11.31377 0.0518512330881
53865.6900901 0.155813051439 11.37624 0.0516483716602
54178.7715851 0.157914214219 11.32665 0.0526603403702
54952.7422135 0.160985734796 11.33463 0.0515878679964
54178.7785133 0.174179027357 11.36136 0.0526536413464
56451.7018859 0.176086810002 11.40543 0.0505577861102
53865.6990548 0.176858948953 11.42746 0.0517338508608
56408.6812213 0.179127816921 11.40559 0.0501701468281
54952.7514614 0.182696498012 11.39982 0.0517845606005
54773.4293562 0.19925859679 11.42593 0.0520277646097
55324.6235643 0.20387890716 11.41238 0.0521217330485
56451.7141057 0.204774487028 11.48575 0.0506479409267
54756.3938385 0.206025229588 11.43199 0.0519799489285
56408.6974201 0.217156676427 11.51356 0.050244578223
54773.4370707 0.217369540314 11.48023 0.0521840331186
54756.4013607 0.223684550651 11.49006 0.0520948778362
53561.5870816 0.231950438519 11.650145 0.05223944769
56451.7262926 0.233384726007 11.57234 0.0507529482984
54756.4088424 0.241249042856 11.54771 0.0522132243995
55735.6914218 0.242515299298 11.53312 0.0510071447536
56408.7126109 0.252819339823 11.59182 0.0503063988165
54773.4529268 0.254593790245 11.56532 0.0525407147399
55397.4845134 0.255031934675 11.57097 0.0513989331402
53561.5969189 0.255044759119 11.646335 0.0522195035177
54756.4163019 0.258761065338 11.59729 0.0523273643308
56451.7384273 0.261872664792 11.57143 0.0507593992679
55735.7012354 0.265554027113 11.56196 0.0510535720297
55849.4326551 0.26578811154 11.77678 0.0514618752582
55324.6510676 0.268446866595 11.57965 0.0524330048921
54274.6609751 0.271516322411 11.61165 0.0524760919451
53561.6064691 0.277465357524 11.62495 0.0521317466296
56408.7278099 0.28850099561 11.56145 0.0502761255995
55735.71117 0.288876971535 11.54032 0.0510467288936
55849.4427592 0.289508850104 11.77185 0.0514599301187
56124.6130956 0.289923110126 11.56378 0.0507719880978
54274.6709346 0.294897685449 11.58119 0.0524226116384
53561.6153833 0.298392460545 11.55886 0.0519937398092
55735.7212537 0.312549886821 11.48819 0.0510218404436
55849.4528255 0.313141008292 11.73116 0.0514125221872
54274.6808353 0.318140989036 11.51627 0.0522995089863
56124.6259994 0.320216421004 11.46618 0.0506670916852
54742.3912671 0.333052622057 11.54337 0.0519918899309
55849.4632676 0.337655189197 11.64267 0.051302056547
54274.6907895 0.341509853486 11.4513 0.0521839441306
56124.6388865 0.350470604256 11.37298 0.0505725287566
54742.399016 0.351244237463 11.49142 0.0518949690309
54742.4067585 0.369420935993 11.43601 0.0517966522927
56124.6519967 0.381248657362 11.31147 0.0505122633182
54742.4144381 0.387449791748 11.39344 0.0517195497166
55084.4659982 0.400784567304 11.30441 0.0515232404305
55084.474463 0.420656864009 11.27288 0.0514753327948
54675.5544548 0.424393901519 11.28727 0.0512960266964
53568.4884814 0.433940773528 11.23882 0.0519389042162
55084.4829382 0.440553587168 11.25374 0.0514521594105
54594.6309895 0.445369206944 11.31217 0.0513276186835
54675.5658436 0.451130567645 11.28204 0.0509416527446
55084.4914535 0.4605443248 11.22887 0.0514190689757
54594.6383278 0.462597041481 11.28331 0.0512751874061
54017.4654655 0.469493582014 11.24068 0.0518124739661
54675.5769896 0.477297386821 11.27119 0.051879762245
54594.6456539 0.479796045847 11.27228 0.0512508930761
54017.4735894 0.488565615996 11.2204 0.0517869356605
54594.6530672 0.497199680475 11.26123 0.0512318138466
53568.51623 0.499084448045 11.21269 0.0518615798893
54316.5020391 0.499199792222 11.28499 0.0543361835756
54423.4195918 0.502938786721 11.2666 0.0536866159211
54017.4817331 0.507684113278 11.22204 0.0518060950568
54423.423154 0.511301460446 11.26382 0.0537174375358
53568.52299 0.514954428806 11.2217 0.0518794730381
54316.5103406 0.518688668167 11.20222 0.0620882187702
54423.4267283 0.519692690837 11.25253 0.0537088340829
54017.4898822 0.526815082859 11.21808 0.0518105726073
53568.5298431 0.531043114832 11.22351 0.0518766544554
54316.5192265 0.539549471766 11.23135 0.0638652297556
53568.5367422 0.547239699008 11.24382 0.0519111798007
54377.4363153 0.550838786253 11.25587 0.0519069382191
54757.3927663 0.551146397289 11.26266 0.0516369270412
54316.5263406 0.556250934805 11.25313 0.0518309705957
54757.4016677 0.57204363836 11.2735 0.0516631362812
54377.4457659 0.57302535354 11.28012 0.0519513922869
55353.7538488 0.591249765693 11.1739 0.0516733820214
55043.6553128 0.592057364061 11.23531 0.0516897802123
54757.4105844 0.592976719159 11.29226 0.0516981517483
54377.4552025 0.595179042846 11.30293 0.0520019056006
55043.66269 0.609376466788 11.24708 0.0517236484428
54757.419526 0.613968518144 11.31368 0.0517511093039
54377.4646198 0.617287627688 11.32939 0.0520664132608
56383.7363868 0.617679661446 11.2607 0.0507109207016
55043.6700417 0.626635520916 11.27138 0.0517804022364
55032.5976192 0.632592708211 11.29618 0.0516299667089
56383.7442644 0.636173453592 11.28587 0.0507296793225
55043.6773925 0.643892700232 11.29187 0.0518244424918
55032.6053216 0.650675092713 11.31898 0.0516837318375
56383.7520812 0.654524322689 11.31992 0.0507628937539
55043.6847396 0.66114088574 11.33917 0.0518852905774
55032.6129486 0.668580589232 11.357 0.0517521726753
56383.7599326 0.672956707416 11.35761 0.0508009812748
55032.6206646 0.68669506478 11.41298 0.0518506392859
55353.8001335 0.699909686575 11.37726 0.0521113154906
55032.6284375 0.704942925373 11.46645 0.0519577696564
55468.3975927 0.733291146341 11.4783 0.0507840057777
55007.5110037 0.738294034169 11.58581 0.0524029171598
55690.7557717 0.749863108965 11.54096 0.0510751556552
55007.5192162 0.757573932042 11.58797 0.0522978887742
56184.4526379 0.771522952376 11.60033 0.0506806550695
55007.5273884 0.776759272222 11.61248 0.0523220295179
55273.7562473 0.785818520497 11.56874 0.0525663099987
55007.5355536 0.795928309447 11.5199 0.0522874658831
56184.4638768 0.797907743192 11.57139 0.0506486092877
55468.4273583 0.803170121584 11.54108 0.0508602962586
56184.4752148 0.824525369264 11.47506 0.0505548225385
55007.5478406 0.824773583653 11.49218 0.0512887217242
55769.5937242 0.832857936876 11.41219 0.0505839821011
54209.7285526 0.83367588739 11.54468 0.0527618181364
54755.388633 0.846166301746 11.40836 0.0513544279766
54729.4058154 0.84790928701 11.4798 0.0519714852211
56184.4865008 0.851020722352 11.39624 0.0504833997644
54209.7391054 0.858450100935 11.46202 0.0525530091293
55769.6064505 0.862734649713 11.32918 0.0505002498314
54755.3960956 0.863685688069 11.51731 0.0512530698023
54729.4135537 0.86607593129 11.41439 0.0518400402478
55126.4091291 0.868084113037 11.40221 0.0510279705427
56242.4289528 0.878938842356 11.39452 0.0506281780046
54209.749705 0.883334115866 11.38915 0.0524031859157
54729.4212072 0.884043651971 11.36583 0.0517503146575
54755.4055687 0.885925239909 11.36626 0.0511903189934
55126.4186649 0.890470691831 11.33118 0.0509440121313
55769.6192501 0.892783686473 11.26791 0.0504441639663
56242.4375272 0.899068455003 11.34245 0.050591548785
54729.4288326 0.901945343918 11.32503 0.051666088258
54755.415039 0.908158026796 11.24987 0.0511109796698
54209.7603651 0.908360238741 11.34349 0.0522942399664
55126.4282006 0.91285699852 11.27363 0.0508805922651
56242.4460107 0.918984714986 11.31692 0.0505747065487
54534.7726206 0.919571407392 11.30148 0.0520231014831
55769.632045 0.92282128273 11.22951 0.0504102576408
54534.7767237 0.929203870527 11.27872 0.0519640948596
55126.4377385 0.9352487123 11.24674 0.0508612673819
54534.7807399 0.938632572516 11.26385 0.0519220715779
56242.4545146 0.93894882428 11.28976 0.0505720968508
54534.7848748 0.948339757477 11.25611 0.0518971529501
54262.604156 0.966466405278 11.25932 0.0521943454336
54262.6126678 0.986448992133 11.25026 0.052176427332
