53972.671083 0.000937728858575 17.4418 0.183
56153.642854 0.00117451322813 17.406 0.113
54623.775249 0.00287434277528 17.3495 0.113
54018.588116 0.00382461648935 17.4379 0.191
55097.597161 0.00701258094192 17.0679 0.58
53963.74732 0.00750967132331 17.1218 0.135
54018.594125 0.013247380099 17.0987 0.163
54706.685844 0.0156779481721 17.1406 0.134
56153.653652 0.0181069481445 17.2651 0.108
54623.789415 0.025088166907 17.2283 0.109
56164.50197 0.0294459402533 17.2369 0.122
56153.664388 0.0349421603277 17.2979 0.109
55495.549452 0.0393579536915 17.3162 0.17
56164.512371 0.0457558361145 17.2217 0.122
54623.803281 0.0468315585078 17.2875 0.111
54954.78162 0.0567576849211 17.2862 0.145
56164.521813 0.0605619159881 17.5062 0.136
53668.526706 0.069573835176 17.4476 0.187
54954.790002 0.069901569847 17.4136 0.152
56164.531467 0.0757004348491 17.4747 0.133
55495.574005 0.0778597201702 16.9392 0.147
53668.532125 0.0780714148022 17.8044 0.517
53946.576684 0.0820904767311 17.4721 0.155
54954.798576 0.0833465315922 17.386 0.15
55771.707754 0.0855214979984 17.1134 0.12
54954.80701 0.0965719581503 17.4328 0.153
53946.58772 0.0993961214566 17.304 0.144
55771.718421 0.102248510697 17.4151 0.136
53668.552176 0.109513557088 17.5997 0.193
53946.598749 0.116690789408 17.2447 0.14
55771.729264 0.119251510494 17.2804 0.128
53946.609908 0.134189311468 17.3787 0.149
55771.740053 0.13616983243 17.1332 0.122
54351.562067 0.143086758745 17.3277 0.205
55361.701863 0.151824258966 17.5317 0.135
54351.568646 0.153403344159 17.257 0.195
54351.575119 0.163553710079 17.3197 0.198
54351.58153 0.173606853277 17.6077 0.224
54650.672766 0.181097707285 17.3436 0.13
53990.645965 0.187501862145 17.4704 0.19
54650.679601 0.191815728458 17.3616 0.131
56132.726951 0.202770533995 17.2764 0.129
54650.686761 0.203043384863 17.5455 0.141
53990.655902 0.203084155684 17.6442 0.207
56410.773252 0.209521240823 17.6973 0.134
54680.66418 0.210887063273 17.5661 0.145
54650.694137 0.214609752703 17.4183 0.134
53990.665886 0.218740150334 17.5477 0.198
55361.745487 0.220231421455 17.573 0.135
56132.738626 0.221078200009 17.5893 0.147
54296.769467 0.222348367843 17.5042 0.172
54597.770056 0.22391177196 17.4838 0.165
55154.492544 0.225142737083 17.0808 0.288
54680.674469 0.227021330987 17.5318 0.143
56410.784618 0.227344361325 17.7789 0.139
53990.675863 0.234385168209 17.4434 0.189
54597.777798 0.236052067488 17.566 0.171
56132.750443 0.239608537417 17.698 0.155
54680.684289 0.242420155845 17.3259 0.132
56410.795382 0.244223480548 17.3895 0.122
54597.785557 0.248219020857 17.4566 0.163
54296.786537 0.249115978879 17.5796 0.195
54680.694086 0.25778291422 17.6948 0.155
56132.762365 0.258303526221 17.3564 0.132
54597.793318 0.260389110445 17.5635 0.17
56410.806142 0.261096327347 17.6279 0.145
55154.519553 0.267495777877 17.4611 0.207
54296.803665 0.275974540202 17.8439 0.223
54325.500729 0.276082739684 17.6163 0.165
54325.510038 0.290680261133 17.6806 0.17
55124.56829 0.300667543778 17.6172 0.184
54296.820757 0.302776649624 17.7792 0.22
55738.686998 0.305395390709 17.569 0.159
54325.519581 0.305644719956 17.5439 0.159
55124.576574 0.31365775407 17.5857 0.181
53610.651096 0.314341449353 17.3622 0.209
53886.782031 0.317590570038 17.4042 0.14
54325.528879 0.320224992206 17.4357 0.151
55124.584877 0.326677758433 17.3996 0.168
53610.659757 0.327922836533 17.452 0.218
55738.701465 0.328081215481 17.6456 0.162
53568.571854 0.329527011465 17.9138 0.249
53886.794395 0.336978662755 17.7497 0.163
55124.593341 0.339950228249 17.5991 0.184
53568.578867 0.340524155932 17.688 0.222
53610.668511 0.341650057801 17.5817 0.233
55738.715865 0.350661976986 17.4999 0.152
54084.493878 0.351206110618 17.6693 0.236
53568.586002 0.351712609636 17.7523 0.228
54084.496529 0.355363166079 17.495 0.219
53610.677256 0.355363166089 17.659 0.243
53886.806769 0.356382436573 17.6497 0.155
54084.499198 0.359548447502 17.4401 0.213
53568.593134 0.362896359024 17.4775 0.199
54084.501874 0.363744705687 17.6548 0.238
55738.730396 0.373448160697 17.6769 0.164
53886.819239 0.375936748784 17.5431 0.148
54033.503171 0.392248212754 17.5816 0.206
54033.509218 0.401730564482 17.6488 0.214
54033.515277 0.411231733506 17.6188 0.213
54033.521342 0.420742311183 17.5899 0.207
54058.415341 0.457232194532 17.719 0.296
54718.447044 0.458514907235 17.4606 0.14
54058.422583 0.468588435838 17.602 0.229
55098.530494 0.470579933553 17.6792 0.193
54718.455739 0.472149610097 17.5185 0.141
55089.603755 0.472485185301 17.6006 0.155
54058.429812 0.479924291739 17.2988 0.185
55089.610114 0.482456786867 17.8384 0.172
55098.538826 0.483645413065 17.533 0.18
54718.464431 0.485779608643 17.6126 0.146
54058.436878 0.491004545958 17.5954 0.213
55089.61647 0.492423684095 17.747 0.165
55098.547096 0.496613669843 17.6394 0.19
54718.473175 0.499491148822 17.5928 0.144
55043.70584 0.499577394791 17.4906 0.185
55089.622833 0.502401558086 17.5 0.148
55098.55535 0.509556836889 17.4681 0.176
55043.714458 0.513091353308 17.7196 0.207
55811.52179 0.518247293847 17.5447 0.155
55043.722922 0.526363823124 17.8234 0.216
56481.76748 0.536169205188 17.583 0.137
55043.731345 0.539572000494 17.7167 0.206
56481.778148 0.552897785995 17.648 0.141
55811.546364 0.556781990602 17.6675 0.164
54364.581933 0.559648492826 17.7231 0.18
55542.434565 0.560299257831 17.5341 0.197
56481.789048 0.56999016797 17.5544 0.136
54364.591565 0.574752513301 17.7456 0.183
56481.799704 0.586699931481 17.6886 0.145
55542.451737 0.587226815925 17.8555 0.231
54364.601192 0.589848693231 17.6364 0.174
53908.645087 0.601233160482 17.5879 0.143
54364.610799 0.604913510993 17.9722 0.204
53908.656444 0.619042168015 17.4077 0.134
53908.667797 0.636844903113 17.6191 0.181
54005.601367 0.639193929554 17.8536 0.229
54005.611023 0.654335584622 17.4955 0.192
53908.679184 0.654700953892 17.6421 0.192
55392.633869 0.656563866712 17.6421 0.245
54005.62055 0.669274953712 17.7366 0.217
54005.630547 0.684951333767 17.795 0.224
54764.513576 0.695832438212 17.7318 0.169
56278.440273 0.697060267123 17.7783 0.139
54412.502204 0.703829791244 18.0071 0.296
54764.522298 0.709509480016 17.5998 0.16
54246.703025 0.712738215288 17.5879 0.224
53643.428863 0.713434455432 17.6796 0.282
56278.451812 0.715154670386 17.7934 0.14
55392.671989 0.71634016037 17.3664 0.168
54412.512793 0.7204344915 17.7358 0.239
54764.531009 0.72316927261 17.4982 0.153
53643.436896 0.72603107051 17.9323 0.287
54246.71212 0.727000161521 17.7076 0.237
53731.442331 0.728096269322 17.4912 0.213
56278.46387 0.73406292193 17.5852 0.13
53731.447371 0.735999535854 17.6652 0.233
54764.539749 0.736874540364 17.9039 0.187
54412.523409 0.737081530675 17.776 0.265
53643.444987 0.738718635886 17.5507 0.236
54246.721157 0.741171157479 17.8848 0.259
55155.460743 0.74338375849 17.8189 0.174
53731.452132 0.743465300121 17.8918 0.264
53731.456361 0.750096830702 17.7337 0.244
56278.475193 0.75181861377 17.8907 0.149
54412.533971 0.753643891989 17.7931 0.242
54246.730182 0.755323336129 17.6738 0.231
54389.577987 0.756171682791 17.6188 0.209
53643.456534 0.756825584009 17.9712 0.337
55155.46987 0.757695884198 17.5014 0.151
54389.586898 0.770145097087 17.8821 0.24
55155.478879 0.771822973117 17.8817 0.182
53864.757851 0.781288075647 17.9551 0.222
54389.595787 0.784084012986 17.5905 0.207
55155.487982 0.786097464221 17.5798 0.16
53864.76758 0.796544202635 17.7995 0.205
54389.604657 0.797993134838 17.6467 0.215
53864.777492 0.812087293473 17.7582 0.201
56098.68057 0.81435321016 17.3711 0.173
56181.583262 0.814764054576 17.6582 0.129
54782.447457 0.818102557442 17.696 0.162
54048.442978 0.81948562908 17.8369 0.236
53864.787362 0.827564523757 17.7624 0.2
53592.486314 0.829993523726 17.3238 0.204
56098.691223 0.831058269355 17.4753 0.185
56181.594011 0.831619652175 17.5604 0.124
54048.452459 0.834352865181 17.4907 0.2
54782.458803 0.835894315777 17.6323 0.158
53592.49741 0.847393254955 17.4383 0.214
56181.604674 0.848340392449 17.536 0.122
56098.702257 0.848360777852 17.659 0.25
54048.461918 0.849185602895 17.5888 0.21
54782.47019 0.853750366557 17.5771 0.154
54048.47125 0.863819190839 17.5537 0.206
56181.615366 0.865106607861 17.4863 0.12
53592.508721 0.865130129487 17.4708 0.216
56098.713318 0.86570562529 17.5676 0.2
54782.481525 0.871524875704 17.5669 0.154
55831.5227 0.881843029223 17.5499 0.213
54377.54201 0.882454591507 17.3771 0.187
53592.520138 0.883033223524 17.3688 0.204
55831.531832 0.896162995476 17.7163 0.429
54377.552036 0.89817644671 17.5904 0.207
55831.540841 0.910290084394 17.3548 0.212
54377.562048 0.913876348388 17.2877 0.18
54729.584275 0.92290081245 17.3476 0.166
55831.549881 0.924465784668 17.1646 0.176
54377.57201 0.929497844652 17.317 0.182
53963.697803 0.929861645808 17.4778 0.156
54729.594895 0.939554124061 17.312 0.165
53972.637674 0.948548794054 17.4073 0.18
56245.4442 0.955639780411 17.0551 0.15
53963.714244 0.955642916634 17.2713 0.142
54745.548267 0.956171369171 17.1785 0.112
54729.605539 0.956245070265 17.2675 0.162
53972.648785 0.965972046906 17.1474 0.16
54745.556204 0.968617445845 17.2775 0.117
56245.452648 0.968887160494 17.2832 0.172
55097.574934 0.972158234692 17.3217 0.168
55097.574934 0.972158234692 17.3217 0.168
54729.616172 0.972918767293 17.264 0.163
54706.659696 0.974675048744 17.2596 0.133
54623.760502 0.979749447641 17.3038 0.112
53963.730761 0.981543363696 17.2147 0.139
56245.461071 0.982095337865 17.4119 0.153
53972.65993 0.983448615452 17.281 0.17
55097.582335 0.983763805245 17.3776 0.179
55097.582335 0.983763805245 17.3776 0.179
56153.632165 0.984413002144 17.3168 0.11
54018.576117 0.98500888334 17.401 0.187
54018.582115 0.994414397751 17.2966 0.178
54706.672811 0.995240790897 17.1126 0.128
56245.469546 0.995385056879 17.2818 0.151
55097.589747 0.995386624984 17.2914 0.175
55097.589747 0.995386624984 17.2914 0.175
