54898.406418 0.00896898868982 15.7428 0.108
54173.408827 0.00928226969461 15.7416 0.088
53594.717498 0.00928578970195 15.8446 0.094
54793.581355 0.0235664754138 15.6973 0.083
54898.412835 0.0315569009857 15.7665 0.109
54766.596172 0.0354183533246 15.8208 0.083
54173.417004 0.0380654018124 15.7227 0.088
54898.419254 0.054151853281 15.7087 0.109
53765.470838 0.0629659614888 15.7237 0.086
56303.53107 0.0635714034125 15.7238 0.077
53712.630275 0.0635890034898 15.8094 0.088
54173.425159 0.0667710936562 15.7357 0.088
53594.73399 0.0673378154771 15.8783 0.095
54393.596361 0.0718821500291 15.71 0.097
54793.596382 0.076461684683 15.6641 0.083
54766.60912 0.0809954591827 15.805 0.082
55891.607367 0.0874969199728 15.7251 0.08
56303.539388 0.0928508571072 15.6979 0.077
53765.480773 0.0979372734036 15.7888 0.088
54393.605568 0.104290893721 15.6701 0.096
53712.643325 0.109525150465 15.7456 0.086
56303.547838 0.122594952292 15.7185 0.077
53594.750836 0.126635925226 15.7278 0.09
54793.611399 0.129321693828 15.5016 0.079
55891.619869 0.131504100814 15.7081 0.08
53765.490682 0.13281706502 15.737 0.087
54393.615399 0.138896124469 15.575 0.093
56303.556499 0.15308176985 15.6583 0.076
53712.656339 0.155334577068 15.6089 0.083
55200.437848 0.163004681614 15.474 0.076
53765.500616 0.167784856897 15.5741 0.084
55891.632362 0.175479601517 15.5712 0.077
54393.625995 0.176194163823 15.4467 0.089
54076.581725 0.176792565717 15.4828 0.094
53942.776114 0.179534654506 15.5169 0.089
54793.626416 0.182181702972 15.3635 0.076
54109.53867 0.185610193953 15.4755 0.082
53594.768214 0.187806680987 15.5814 0.086
53712.669402 0.201316484205 15.4882 0.081
54076.590231 0.206733781549 15.3818 0.091
53670.626883 0.211176035747 15.404 0.093
55891.644896 0.219599422705 15.4482 0.075
53942.787552 0.219796543348 15.417 0.086
54109.549564 0.22395719666 15.3503 0.079
54906.424277 0.231922982141 15.3282 0.081
54076.598772 0.236798197739 15.387 0.091
53693.646368 0.240022528071 15.3933 0.088
54906.428062 0.245246224778 15.312 0.081
53670.636845 0.246242387973 15.4675 0.095
54883.419201 0.253796332131 15.4266 0.075
53942.798416 0.258037945708 15.3674 0.085
54906.431845 0.258562427391 15.3661 0.082
56245.632533 0.260068992227 15.2834 0.069
54109.560454 0.262290119317 15.399 0.081
54830.58159 0.264810447393 15.3601 0.082
55200.467166 0.266204371855 15.36 0.074
54076.607317 0.266876694006 15.4223 0.092
53693.655385 0.271762469627 15.3659 0.088
54906.435624 0.271864549953 15.3738 0.082
54883.42563 0.276426484551 15.4012 0.075
53670.646807 0.281308740173 15.4198 0.094
54774.623797 0.292748776791 15.4205 0.095
53942.809343 0.2965011088 15.3568 0.085
54830.59107 0.298180154178 15.3157 0.081
54883.432054 0.299039036909 15.3483 0.074
54109.571369 0.30071104226 15.3259 0.079
53693.664381 0.303428490973 15.404 0.089
54030.596145 0.307032982511 15.2398 0.082
56245.646691 0.309905311697 15.2593 0.066
53670.656728 0.316230771939 15.4016 0.093
54883.438479 0.321655109279 15.3599 0.074
54803.611742 0.330641698051 15.3225 0.069
54830.600552 0.331556900988 15.2991 0.082
54774.635108 0.332563624205 15.3668 0.311
56216.676333 0.333918828545 15.6161 0.071
53693.673366 0.335055792182 15.3692 0.088
54444.524754 0.340399169265 15.3353 0.085
54030.605628 0.340413249308 15.2142 0.082
56245.660869 0.35981203139 15.2009 0.066
54830.610054 0.365004047996 15.283 0.081
54774.646426 0.372403111681 15.3054 0.082
54444.534015 0.372997993578 15.3233 0.085
54030.615208 0.374134957236 15.3347 0.084
54803.624859 0.376813685809 15.3231 0.069
56216.691231 0.386359956335 15.3288 0.067
54444.543342 0.405829138637 15.3488 0.086
54030.625139 0.409092189101 15.333 0.084
56245.67503 0.409658910897 15.2758 0.067
54774.657678 0.412010278438 15.3637 0.074
54440.568084 0.412876201193 15.5756 0.165
56366.414211 0.412936041399 15.2608 0.072
54803.637992 0.423041993741 15.3474 0.069
56366.41956 0.431764581648 15.2995 0.073
54444.552395 0.437695800616 15.3441 0.086
56216.706132 0.438811644189 15.3808 0.068
54471.54219 0.442078214645 15.3789 0.078
54710.746384 0.443535499301 15.3819 0.072
55649.381525 0.449804639358 15.3662 0.076
56366.4249 0.450561441784 15.2915 0.073
54710.752292 0.464331725846 15.3675 0.071
54512.457631 0.464891407637 15.3781 0.085
54090.584301 0.46601781126 15.3863 0.09
54803.651134 0.469301981759 15.4266 0.071
56366.43032 0.469639902839 15.2719 0.074
54471.551886 0.476208243864 15.3826 0.078
54774.676769 0.479210813461 15.3917 0.07
54710.758163 0.484997711982 15.3782 0.072
54512.463682 0.48619099581 15.4477 0.087
56216.721339 0.492340455495 15.2707 0.067
54440.593653 0.50287936922 15.4185 0.087
54710.763836 0.504966735881 15.3935 0.072
54471.56061 0.506916822129 15.3834 0.079
54512.469758 0.507578584243 15.4127 0.086
54090.597528 0.512577000235 15.4413 0.092
53554.804753 0.515973811099 15.474 0.089
54774.690453 0.527378647616 15.4649 0.07
54512.475881 0.52913161321 15.4375 0.087
54471.569313 0.537551480158 15.4523 0.08
53554.811795 0.540761730437 15.4908 0.09
54512.481956 0.550515681655 15.395 0.086
54001.688459 0.551652645273 15.4501 0.089
54090.610779 0.559220669508 15.4477 0.093
54854.529731 0.562536520119 15.4778 0.077
53554.818652 0.564898447675 15.4739 0.089
54774.7042 0.575768242453 15.4731 0.07
54001.696416 0.579661374906 15.4972 0.09
54854.535053 0.581270020056 15.5095 0.077
53554.825667 0.589591326677 15.5171 0.09
54058.519459 0.597412791725 15.5046 0.091
54854.540374 0.599999999982 15.5348 0.078
54001.703808 0.605681298168 15.4497 0.089
54090.624048 0.605927698955 15.5258 0.096
54854.545694 0.61872645992 15.4564 0.093
54774.717979 0.624270477663 15.5408 0.071
54058.528373 0.628790172126 15.5332 0.092
54001.710937 0.630775458488 15.5757 0.092
53731.54502 0.64370445984 15.5361 0.093
54021.602564 0.649526558481 15.5061 0.089
54058.538458 0.66428948573 15.5452 0.092
54357.688483 0.675747122378 15.5676 0.079
54021.61132 0.680347777119 15.606 0.092
54532.405387 0.681217219885 15.5896 0.096
54058.548769 0.700584321867 15.6436 0.095
53731.562893 0.706617621178 15.5918 0.095
54021.620818 0.713780844103 15.5978 0.091
54862.527563 0.71499524799 15.631 0.09
55978.43503 0.721848709911 15.6065 0.076
54058.558169 0.733672427758 15.695 0.096
54862.533106 0.734506670424 15.5948 0.089
55438.667731 0.734876271603 15.6259 0.089
53731.571832 0.738083001865 15.5954 0.095
54357.707902 0.744102221128 15.6724 0.081
54021.630832 0.7490302369 15.6416 0.092
55978.44329 0.750924002961 15.6311 0.077
54862.538701 0.754201133429 15.7031 0.091
54862.54426 0.773768876063 15.7388 0.093
55978.451664 0.780400577276 15.7566 0.084
55486.691989 0.780805378567 15.6794 0.081
54740.672844 0.785011792034 15.6907 0.078
55922.487282 0.785145552466 15.6328 0.079
53652.611307 0.796145587657 15.8265 0.112
55807.718765 0.798672955739 15.7337 0.094
54039.54515 0.807631384408 15.746 0.098
54357.72649 0.8095321905 15.7214 0.082
55978.460022 0.809820831418 15.6918 0.085
55922.496286 0.816839733886 15.7207 0.081
55562.55551 0.821253828 15.6584 0.081
54011.709221 0.824847759497 15.7456 0.095
53817.392062 0.82625928402 15.6975 0.089
53652.62057 0.828751451995 15.7871 0.11
55807.727566 0.829652574887 15.7549 0.094
54536.425946 0.833630187621 15.7124 0.094
54039.553702 0.837734520735 15.725 0.097
54740.688462 0.839987327947 15.7417 0.079
55922.505175 0.848129114001 15.7226 0.081
53817.398877 0.850248160787 15.712 0.09
56180.745775 0.857949945444 15.6836 0.072
55807.736402 0.860755394419 15.7493 0.094
54011.720002 0.862797000951 15.7381 0.095
53652.630352 0.863184202184 15.8321 0.111
54039.562303 0.868010137622 15.7957 0.1
54357.744201 0.871875109999 15.7175 0.082
53817.405741 0.874409518112 15.7429 0.091
55922.514119 0.879612094751 15.7395 0.081
55486.720181 0.880041536116 15.7663 0.084
54740.703365 0.892446055825 15.7031 0.079
55807.747009 0.898092153884 15.786 0.097
53817.412627 0.898648315661 15.7039 0.09
54039.571047 0.898789116111 15.8182 0.1
53652.640484 0.898848956322 15.8616 0.113
54011.730695 0.900436481385 15.734 0.094
56180.75798 0.900911682919 15.676 0.071
55036.729202 0.906726741527 15.6909 0.092
55562.58385 0.921010947238 15.759 0.083
55036.736883 0.93376394803 15.7605 0.094
54011.741336 0.937892921248 15.761 0.095
54740.717471 0.942099334724 15.7533 0.08
54766.569671 0.942134534815 15.8361 0.084
56180.770176 0.943841740281 15.8446 0.073
55036.744645 0.961086275466 15.7338 0.093
54173.40067 0.980569537826 15.755 0.088
54898.400014 0.986426836556 15.7155 0.107
56180.782383 0.98681051778 15.711 0.071
55036.752358 0.988236122342 15.7052 0.092
54766.582828 0.988447323021 15.986 0.104
