54600.535621 0.00239540465755 14.0139 0.059
56036.645104 0.0181979025734 14.0192 0.057
54600.546624 0.0188374741192 14.0184 0.059
55737.520885 0.0290870564489 14.0244 0.057
54614.608779 0.0322819255366 13.9705 0.058
56036.659318 0.0394382529559 13.9444 0.057
54614.613695 0.0396280323661 13.9341 0.058
55737.531652 0.0451764649644 13.9502 0.057
54614.618611 0.0469741391955 13.8979 0.058
53819.613944 0.0507951308884 13.8802 0.055
54614.623545 0.0543471439028 13.8568 0.058
56036.673478 0.0605979097373 13.8205 0.056
55737.542368 0.0611896628584 13.8713 0.056
55737.553068 0.0771789515277 13.8139 0.056
56036.687608 0.0817127367439 13.729 0.058
53819.63654 0.0845609221826 13.7281 0.054
54096.696608 0.102636290009 13.6796 0.064
54096.70519 0.115460596122 13.725 0.064
53819.658605 0.11753322634 13.6973 0.054
54586.563315 0.123214653963 13.7832 0.236
54096.713778 0.128293868184 13.3681 0.061
54643.451781 0.133131001597 13.6674 0.057
55414.370704 0.13735546132 13.7155 0.058
54096.722351 0.141104725358 13.4935 0.062
56386.719426 0.143374606629 13.7155 0.055
54643.462568 0.149250296633 13.6784 0.057
53819.680179 0.149771816422 13.6953 0.054
53884.595913 0.155043798697 13.5628 0.057
56386.729478 0.15839557202 13.697 0.055
55355.496449 0.160022893078 13.6984 0.062
54643.473362 0.165380051943 13.6681 0.057
55414.392638 0.170132008764 13.6978 0.058
53872.56055 0.170287418679 13.6998 0.06
53884.606759 0.171251258978 13.6252 0.057
56386.739495 0.173364236003 13.6843 0.055
54643.48425 0.181650273917 13.6618 0.057
55365.55042 0.18393360411 13.6925 0.058
53872.569994 0.184399833832 13.6884 0.06
53884.617599 0.187449753288 13.6723 0.058
56386.749462 0.188258183681 13.6994 0.055
54586.608263 0.190381620993 13.8651 0.181
54285.473852 0.197388515815 13.6724 0.058
53872.579386 0.198434544038 13.6801 0.06
54169.704476 0.20019486012 13.6934 0.062
55355.528041 0.207231641459 13.6678 0.062
54285.482567 0.210411567283 13.6587 0.058
53872.588845 0.212569374089 13.6743 0.06
54169.716117 0.217590309605 13.6926 0.062
54525.732648 0.222364681306 13.6638 0.061
54285.491288 0.22344358471 13.6739 0.058
55365.579336 0.227143536003 13.6743 0.058
54169.727531 0.234646547061 13.6872 0.062
54285.500029 0.236505488668 13.677 0.058
54525.74417 0.239582305986 13.6709 0.061
56411.551183 0.250115810278 13.6753 0.055
54169.739037 0.251840262527 13.6587 0.062
54525.755625 0.25669981082 13.675 0.061
56411.561814 0.266001990448 13.6896 0.055
54690.386649 0.269126626205 13.7314 0.062
54525.766934 0.273599144054 13.6618 0.061
56362.716921 0.275806263621 13.6792 0.057
54690.393299 0.279063894402 13.6375 0.057
56411.571791 0.280910881392 13.6707 0.055
54690.399952 0.289005645568 13.669 0.057
56362.727638 0.291820955831 13.6912 0.057
56411.581785 0.295845175876 13.6816 0.055
54690.406471 0.298747157053 13.6669 0.057
56362.738262 0.307696675726 13.6935 0.057
54509.729148 0.30791783598 13.7001 0.059
54867.753015 0.312306671576 13.6624 0.057
54867.757717 0.319332992633 13.664 0.057
54627.517037 0.321428037742 13.6528 0.057
54936.687058 0.322242445444 13.6894 0.06
56362.74912 0.323922067914 13.6865 0.057
54867.762404 0.326336898802 13.6679 0.057
54509.742944 0.328533558082 13.6519 0.058
54867.767035 0.333257122706 13.6642 0.057
54627.525318 0.333802551716 13.664 0.057
54936.697233 0.337447212936 13.6982 0.06
54206.607626 0.345533011157 13.6934 0.063
54627.533471 0.345985791957 13.6542 0.057
54509.755528 0.347338157025 13.6946 0.059
54845.693176 0.347714727187 13.6993 0.058
54936.707442 0.352702787519 13.681 0.06
54627.541626 0.358172020839 13.6728 0.057
54206.618033 0.3610844623 13.6605 0.062
54845.704438 0.364543827094 13.6836 0.057
54509.76778 0.365646639717 13.7046 0.059
54936.717743 0.368095840102 13.7049 0.06
56096.438196 0.368572530112 13.5885 0.072
54322.39454 0.368934157012 13.6939 0.058
55294.742746 0.374182230083 13.7222 0.057
54206.628358 0.376513378709 13.7112 0.063
54845.715786 0.381501439042 13.6943 0.057
56096.448902 0.38457078473 13.6999 0.061
54322.405456 0.385246220108 13.6906 0.058
54206.638615 0.391840680945 13.695 0.063
54845.727081 0.398379851704 13.7025 0.057
56096.459504 0.400413629452 13.7185 0.058
54322.41647 0.401704727151 13.6963 0.058
55685.580788 0.413647380899 13.7101 0.058
56096.470093 0.416237047939 13.6511 0.062
54322.427368 0.417989892379 13.7063 0.059
55264.673066 0.440276271009 13.7662 0.059
53608.409419 0.442372810448 13.7104 0.065
53608.418746 0.456310389461 13.7554 0.065
53600.393198 0.463524995593 13.8144 0.063
55685.616458 0.466949990885 13.7918 0.058
53608.428263 0.470531890419 13.7858 0.066
53600.399762 0.473333751751 13.8334 0.064
55030.478474 0.477198078904 13.7723 0.062
53600.406433 0.483302400784 13.842 0.064
53608.437605 0.484491884319 13.8214 0.066
56399.663718 0.486367263511 13.7937 0.055
55030.486097 0.488589326334 13.7721 0.062
53600.413202 0.493417493786 13.8308 0.064
55030.493701 0.499952181571 13.7973 0.063
56399.676546 0.505536478002 13.8071 0.055
55030.501318 0.511334463052 13.7726 0.063
55797.406831 0.518215834482 13.8294 0.058
56399.689411 0.524760982553 13.7978 0.055
55797.412124 0.526125302236 13.8289 0.058
55797.417417 0.534034769979 13.8234 0.058
55797.42271 0.541944237733 13.8347 0.058
56399.702186 0.54385099777 13.7674 0.055
56145.408316 0.545898224448 13.7995 0.057
53885.531725 0.5534520426 13.7563 0.058
53832.668039 0.55786927038 13.755 0.06
56074.483379 0.560917695511 13.777 0.059
56145.421427 0.565490333212 13.7601 0.057
54890.677124 0.56839978602 13.7386 0.061
53885.542692 0.569840316328 13.7196 0.058
53832.677828 0.57249722803 13.7119 0.06
54906.742429 0.575203452493 13.7005 0.057
56074.494052 0.576866637386 13.7522 0.059
54890.684708 0.579732754736 13.7024 0.06
56145.433506 0.583540297497 13.7127 0.057
53885.553556 0.586074674464 13.7081 0.058
54300.457334 0.587595898377 13.7213 0.059
54906.751134 0.588211560706 13.6915 0.057
54890.692261 0.59101939934 13.7069 0.06
56074.504743 0.592842477116 13.7192 0.059
54300.463895 0.597400171555 13.7061 0.059
54906.75989 0.601295879552 13.6605 0.057
56145.445594 0.601603710711 13.6879 0.056
53885.564438 0.602335930479 13.6745 0.057
54890.699912 0.602452487903 13.6714 0.06
54300.47044 0.607180535508 13.6951 0.059
56074.515405 0.608774981398 13.6964 0.059
53877.541792 0.613887070802 13.6874 0.057
54906.768593 0.614300999112 13.6677 0.057
54300.476987 0.616963888124 13.688 0.059
56068.503895 0.625619024571 13.7088 0.056
53877.552646 0.630106485673 13.6712 0.057
55307.62969 0.63147827699 13.7093 0.057
53863.506482 0.640557802026 13.6751 0.06
56068.514607 0.641626245148 13.6764 0.056
54593.605137 0.645992665851 13.6842 0.056
54536.723447 0.646201871494 13.6629 0.061
53877.563561 0.646417054453 13.6897 0.057
54233.577768 0.647718612438 13.6757 0.063
53737.705115 0.652298721754 13.5481 0.062
53863.516427 0.655418874542 13.6761 0.06
56068.525439 0.657812784857 13.7006 0.056
53737.711092 0.66123030852 13.6628 0.063
54536.733803 0.661677112015 13.6771 0.061
54233.587215 0.661835510571 13.6685 0.063
53877.574502 0.662766475701 13.7025 0.057
54593.617212 0.66403665283 13.6696 0.056
53863.525568 0.669078508903 13.6151 0.059
55763.378753 0.669172651443 13.7343 0.059
53737.717069 0.670161895286 13.6766 0.063
55708.505871 0.671195968913 13.6862 0.055
53578.448869 0.671542652553 13.6542 0.06
56068.536288 0.674024728117 13.667 0.056
54233.596619 0.675888152694 13.6755 0.063
53737.723027 0.679065089859 13.6817 0.063
54593.629178 0.681917758281 13.6803 0.056
53863.534611 0.682591699327 13.6584 0.06
53578.456413 0.682815848229 13.645 0.06
55708.514867 0.684638926 13.6826 0.055
55763.392168 0.689219035326 13.7521 0.066
54233.606105 0.690063329541 13.6759 0.063
53578.463959 0.694092032558 13.6277 0.06
54951.658608 0.694619529648 13.6566 0.057
55708.523907 0.698147633445 13.6645 0.056
56475.42518 0.698693062445 13.6725 0.055
55220.679279 0.699214582242 13.6652 0.062
54593.641166 0.699831738894 13.6559 0.056
53578.471512 0.705378677162 13.6378 0.06
54951.666695 0.706704144369 13.6427 0.057
55763.405692 0.709428300748 13.7626 0.063
53851.50739 0.710002121946 13.6739 0.056
55708.532952 0.711663812511 13.6762 0.055
56475.436421 0.715490781506 13.683 0.055
54951.67484 0.718875429997 13.6622 0.059
55763.419221 0.729645037791 13.4613 0.067
53851.520845 0.730108278869 13.6592 0.056
54951.682985 0.731046715625 13.6603 0.058
56475.4477 0.732345284954 13.6646 0.055
55000.537029 0.734917020078 13.6675 0.056
55220.704209 0.736468130518 13.6014 0.071
56475.45905 0.749305885554 13.662 0.055
55000.546801 0.749519574177 13.6829 0.056
53851.534529 0.750556636452 13.6615 0.056
55000.556586 0.764141554521 13.6728 0.056
56367.733179 0.771731236504 13.7053 0.054
53851.549085 0.772308046351 13.6758 0.056
55000.566371 0.778763534864 13.6754 0.057
54154.701417 0.780733056584 13.6643 0.059
53804.71194 0.78234244574 13.5695 0.059
55657.724544 0.787336483373 13.6871 0.058
53804.717064 0.789999372383 13.6573 0.06
56367.74832 0.794356827131 13.7115 0.054
56058.57974 0.795695743269 13.7249 0.056
53804.722211 0.797690668537 13.6622 0.06
54154.717113 0.804187998174 13.6767 0.059
53804.727342 0.805358055466 13.6688 0.06
53914.479363 0.810661418596 13.6476 0.061
56058.593722 0.816589410012 13.7165 0.056
56367.763435 0.816943565289 13.7014 0.054
54187.516639 0.81737393119 13.6758 0.063
53914.487869 0.823372155924 13.6675 0.061
54154.731017 0.824965107489 13.6768 0.059
53554.463991 0.830314794725 13.664 0.062
54187.526046 0.831431056283 13.6892 0.063
56058.606479 0.835652527361 13.6894 0.056
53914.49638 0.836090364885 13.6725 0.061
54976.514473 0.837385945574 13.6562 0.06
55657.758805 0.838533587968 13.6938 0.057
56367.77856 0.839545246702 13.7422 0.054
53554.470544 0.840107113301 13.6673 0.062
54266.500663 0.845258055168 13.6791 0.061
54187.535452 0.845486687049 13.7106 0.063
54154.74483 0.845606233143 13.6836 0.059
54976.521208 0.847450231474 13.6727 0.06
53914.504882 0.848795124917 13.6772 0.061
53554.477114 0.849924835407 13.6607 0.062
56058.619226 0.854700701445 13.6951 0.056
54976.527991 0.857586245037 13.6694 0.06
54266.510022 0.859243452619 13.6854 0.062
54187.544856 0.859539329173 13.6932 0.063
53554.483697 0.859761983757 13.681 0.062
54976.534724 0.867647542283 13.665 0.06
54266.51944 0.873317015292 13.6848 0.062
53772.651417 0.87346794223 13.6268 0.062
54266.528973 0.887562425476 13.695 0.062
53900.480085 0.891175705854 13.7171 0.061
53772.663916 0.892145523449 13.6809 0.062
53900.488622 0.903932767283 13.7189 0.061
55326.54993 0.904485667925 13.74 0.062
53772.676256 0.910585506834 13.718 0.063
53900.497217 0.91677649963 13.7504 0.062
54201.637116 0.917970466142 13.7551 0.06
55690.604433 0.920610940266 13.7831 0.057
56443.455365 0.925365885739 13.7387 0.057
53772.687989 0.928118434307 13.7558 0.063
53900.505788 0.929584368162 13.7976 0.062
54964.53397 0.934608292314 13.7925 0.061
54675.441243 0.93581720209 13.7684 0.061
54201.650211 0.937538665691 13.8252 0.06
56443.465172 0.940020741245 13.8081 0.057
53963.41931 0.942898813207 13.7926 0.059
54675.446317 0.943399412439 13.7663 0.06
55326.578664 0.947423632473 13.8692 0.063
54476.697953 0.948542882683 13.8357 0.065
54964.544448 0.950265840609 13.8628 0.062
54675.451407 0.951005532001 13.8059 0.061
56443.475026 0.954745830088 13.8739 0.058
54130.726974 0.955098491031 13.8539 0.064
54201.663327 0.957138246088 13.8999 0.061
54675.456477 0.958581765043 13.8616 0.061
54476.704846 0.958843272102 13.8235 0.064
53963.431772 0.961521104377 13.8738 0.06
54130.73312 0.964282618897 13.8929 0.064
54964.554842 0.965797865506 13.9565 0.063
53943.359204 0.966559971792 13.8846 0.063
54476.711726 0.969124235286 13.92 0.065
54600.513411 0.969206423216 13.9435 0.058
56443.484965 0.969597936645 13.9447 0.058
55385.483791 0.97088903434 13.938 0.06
53943.364326 0.974213909793 13.9551 0.064
54917.718183 0.976558507348 13.9802 0.057
54201.676437 0.976728860524 13.9944 0.061
54476.718679 0.979514284264 13.9757 0.066
53963.444248 0.980164316096 13.9547 0.061
54964.565229 0.981319430129 14.0137 0.063
53943.369457 0.981881296722 13.9625 0.064
54130.745779 0.983199292288 13.8353 0.064
54917.723383 0.984329002777 14.0147 0.057
54600.524588 0.98590850541 13.9955 0.058
53943.374597 0.98956213259 13.9811 0.064
55690.651506 0.990953350138 14.0494 0.059
54917.728604 0.992130879062 14.0192 0.057
53963.45674 0.998831437041 14.032 0.062
54917.733807 0.99990585746 14.0135 0.057
