54919.7856393 0.00156726173135 15.752952 0.0747979080125
54928.6327992 0.00251534213363 15.831461 0.0641121428716
53956.481283 0.00629520430987 15.714509 0.0785730254372
54172.7361256 0.0110209343946 15.779268 0.0751551202069
53928.4706666 0.0142601247582 15.734313 0.0780925107897
54266.6139802 0.0203835847837 15.758316 0.0792102716956
54919.7948976 0.0204048066695 15.709155 0.0880433961935
53928.4791802 0.0315824380477 15.752222 0.07851698704
54492.7031862 0.0346790611214 15.751344 0.0844344260429
54919.8041799 0.0392911231873 15.751554 0.0840190622317
54266.6236503 0.0400590600259 15.769832 0.0794397301432
54492.7087952 0.0460914932906 15.804955 0.0851434294047
53928.4876662 0.0488485392231 15.790363 0.079266565599
54172.7571801 0.0538596771454 15.772538 0.0748413482618
54212.5688903 0.0570890097887 15.873482 0.0755868325886
54492.7144643 0.0576261213488 15.757304 0.0839282180727
54919.8134877 0.0582292241978 15.709793 0.0771205802121
54266.6330877 0.0592609371983 15.796942 0.0800776053576
54274.504778 0.0754613343623 15.899671 0.0815832592188
54266.6427007 0.0788200558317 15.840059 0.0810115151954
53646.3945036 0.0856338396179 15.971518 0.0973308065735
55679.6622403 0.0908543064501 16.033334 0.067913561048
54274.5136371 0.0934866412396 15.914358 0.0820423366113
53646.3996366 0.0960778777626 15.967928 0.0976765635763
53646.4047855 0.106553942257 15.911968 0.0961450194902
55274.689877 0.110445306544 15.94196 0.082930476762
54274.5224983 0.111516187134 15.922538 0.082314359639
55302.705022 0.111694634196 15.992422 0.0674927152121
53831.698143 0.1152348128 15.936741 0.0779120604807
53646.4099242 0.117009495954 15.96235 0.0983322630126
55679.6770387 0.120963930395 16.13523 0.0691166073612
56124.4698321 0.122344154128 16.020601 0.0675410775066
55714.5762969 0.129031628363 16.031203 0.0701029918132
54274.5313786 0.129584589496 15.965785 0.0832126447611
53831.7079583 0.135205644137 15.961012 0.0785183989535
55745.5438983 0.137521108762 16.05049 0.0706806955815
56124.481108 0.145286740545 16.066113 0.0681444450973
53831.7177139 0.15505493699 15.990036 0.0789647476313
55714.589183 0.155250533387 16.040972 0.070127382265
55745.5538813 0.157833145594 16.025765 0.0703895564624
56124.4924719 0.168408536607 16.079062 0.0683172508286
53831.7275424 0.175052614637 16.010031 0.0793956829685
55745.5638383 0.178092196671 16.085859 0.0713656264477
55714.6021593 0.181652885859 16.07498 0.0705871571824
54246.5470577 0.191051698425 15.945329 0.0864688557225
56124.5038084 0.191474309188 16.062315 0.0681410938505
55745.5737509 0.19826103039 16.084958 0.0714352254585
56090.5982645 0.205275670168 16.141344 0.0734216172242
55714.6151509 0.208086324651 16.108086 0.0711645835003
54246.5560612 0.209370900322 15.954766 0.0867523409931
55216.7462227 0.214904139924 16.001251 0.0833360875898
53556.5173206 0.216271237047 16.056916 0.0863959042522
54869.7602321 0.216953709897 16.007915 0.0719725281011
54586.668825 0.222652595304 15.963404 0.0866249708494
56059.643493 0.222890715654 16.115384 0.06506634168
54869.7635848 0.22377549051 16.008212 0.0719519776134
53588.4677921 0.224565507861 16.053966 0.0747382395407
55216.7513066 0.225248093832 16.06065 0.084563560719
56090.6090088 0.227136614484 16.101507 0.0766009239433
54246.5648193 0.227190622266 15.954 0.0868921635051
53556.5236925 0.229235850063 16.049901 0.0862988388923
54869.7670823 0.230891637964 16.017195 0.0720927295056
54869.7703682 0.237577233388 16.069128 0.0727942731865
53588.4758651 0.240991205799 16.097097 0.0754661786136
54246.5733853 0.244619402708 15.985622 0.0875472874998
56090.6196263 0.248739670343 16.139386 0.0790352430451
56059.6575227 0.251436383759 16.204241 0.0659638159652
53588.4840236 0.257590980966 16.137149 0.0762372200204
55686.6257553 0.259228225792 16.131561 0.0704132070714
53997.401915 0.265801689173 16.058049 0.0879489175362
56090.6304362 0.270734139525 16.133787 0.0808287870262
53588.4921808 0.274188164796 16.135819 0.0761205479649
53997.4070564 0.276262682336 16.106037 0.0894103353179
56059.6716208 0.280121204592 16.148299 0.0654365465697
55247.7426451 0.282034288067 16.093124 0.0895466453815
53997.412203 0.286734273613 16.078902 0.0888895397311
53997.4173537 0.297214106088 16.081908 0.0891523601803
56059.6857934 0.308957494962 16.215785 0.0661599993322
53968.4384469 0.335038919144 16.109325 0.0874562342954
53968.4460999 0.350610059758 16.139964 0.0881799789534
54190.601073 0.360085600929 16.040284 0.0879827552473
53968.4537803 0.366237013694 16.14299 0.0883483768362
53900.6323126 0.372720123383 16.092929 0.0853116293851
54190.6096258 0.377487769868 15.924704 0.0858360852502
53968.4614718 0.381886574716 16.113912 0.0878803539444
55412.44144 0.387815964743 16.076611 0.082600788338
53900.6413109 0.391028515734 16.089999 0.0853205096746
54998.616176 0.394778579516 16.093501 0.0713088375409
54190.6181634 0.394858878335 16.005047 0.0869518790874
54964.7086667 0.404581106772 16.099028 0.0704475684976
53900.6503001 0.409318540624 16.12499 0.0864366143215
54998.6240518 0.410803304287 16.075703 0.0712488463317
54190.6267762 0.412383032175 16.0709 0.0885628047268
54964.7192859 0.426187459783 16.076212 0.0702880528635
54349.3827452 0.426544052385 16.050705 0.0770163923887
54998.6319317 0.426836035019 16.084521 0.0714466835514
53900.6593033 0.427637012265 16.099648 0.0859692444298
53872.6488277 0.435888408961 16.014986 0.0804876625192
55412.4679308 0.441715760058 16.100786 0.0833279330388
54348.4077964 0.442856463808 16.077578 0.0771676098836
54998.6399712 0.443193769668 16.087469 0.072102219686
54349.3909297 0.443196859704 16.060116 0.0771804694837
55655.7530946 0.443910718374 16.118814 0.0770064475604
54964.7298356 0.447652516774 16.085985 0.0705045264761
53872.6575323 0.45359919184 16.112387 0.0826267380383
54348.4159749 0.459496790333 16.06715 0.0770749921034
54349.3990798 0.459779490641 16.092253 0.0778678397749
54964.7404594 0.469268289241 16.084523 0.0706520653978
53872.6662197 0.471275004013 16.021759 0.0807055688155
55445.4136126 0.474923071189 16.176177 0.0783173151052
54348.4241406 0.476111188579 16.095254 0.0776641554197
54349.407229 0.476360236871 16.078849 0.0776773097876
53627.4211609 0.481363419083 16.072237 0.0814478630354
54598.5949285 0.488198972498 16.12559 0.0718169170321
53872.6748644 0.488864060811 16.024806 0.080903619908
53627.4265364 0.492300579876 16.03388 0.0808047270497
54348.4322973 0.492707477975 16.056586 0.0770859968643
53627.4319265 0.503267670909 16.081614 0.0819512573081
54598.6064471 0.511635410991 16.138412 0.0719991248745
55445.431657 0.511637139432 16.168781 0.0784353759724
54908.7324563 0.512115999935 16.075867 0.0824587434643
54129.7347269 0.51786506308 16.159315 0.0913591732076
53627.440163 0.520026191348 16.05792 0.0816765810302
55655.7958045 0.530810930593 16.123004 0.0772548788666
54598.6179493 0.535038408854 16.200302 0.0729627594318
54129.7436731 0.536067484734 16.166428 0.0913299769026
53851.5728895 0.553554177257 16.069244 0.0634965643851
54129.7526412 0.554314625527 16.08436 0.0890636913567
55632.7083532 0.555734727555 16.138382 0.0780288931797
54598.6294311 0.558399960927 16.137139 0.0719539705003
54129.7616294 0.572602531108 16.158779 0.0908680554465
53851.5857842 0.579790531712 15.983189 0.0627006666081
53851.5994054 0.607504980236 15.907795 0.0620519906405
55011.5034443 0.615966969565 15.894213 0.0836219987715
54261.5029048 0.621091369589 15.973456 0.0789852672183
54940.7338817 0.62408397992 16.046722 0.0684044750731
53913.5349415 0.625161972236 16.111723 0.0855101287496
55011.5093199 0.627921764941 15.870116 0.0832819489253
53851.6129107 0.634983653968 15.853367 0.0615766758387
55632.7484039 0.637224278973 15.981049 0.246764032397
55011.515212 0.639910211949 15.853508 0.0831312137719
53913.5434423 0.64245828706 16.082962 0.0848787568916
54261.5142078 0.644089061263 15.993943 0.0789302337708
54940.7470789 0.650935912324 15.998907 0.0680910998549
55011.5211181 0.651927177744 15.771414 0.081466359589
53913.5519643 0.659797650781 16.061116 0.0843173384891
55798.3922058 0.665772410848 15.880558 0.0695687186422
54261.5255007 0.66706626516 15.964827 0.0796992297356
55045.4428615 0.671086364128 15.979393 0.0812345377269
53606.3811359 0.672100363387 15.855887 0.0661179635023
53946.4885028 0.674401401876 15.86998 0.0731799750234
53913.5604694 0.677102608438 16.011857 0.083326303093
54940.7602037 0.677640403843 15.907067 0.0670006631331
55045.449891 0.685388858407 15.952241 0.0806988506197
54261.5363473 0.689135361143 15.910586 0.0779150133377
53606.3909401 0.692048611043 15.860518 0.0661705100235
53946.5004782 0.698767118292 15.822033 0.0726232128371
55798.4086721 0.699275627434 15.765139 0.0681593437263
55045.4569248 0.699700301329 15.966901 0.0809490670335
54940.7733198 0.704327020269 15.836578 0.066244676187
54947.6557758 0.70777376918 15.793658 0.0758737065854
53606.400742 0.711992125062 15.82935 0.0657957641464
55045.4639653 0.714025403109 15.846444 0.0786741474424
53946.5124545 0.723134978014 15.803901 0.0724301140699
55354.6122163 0.725102050737 15.769098 0.0802477136498
54947.665308 0.727168538083 15.790877 0.0759083781241
53982.3948301 0.731510715114 15.792349 0.0796691315526
53606.4105616 0.731971669211 15.80481 0.0656039554058
55798.4251944 0.73289282355 15.639653 0.0667711336541
53818.734389 0.738424235224 15.88665 0.0767348293566
56173.4313715 0.742350131744 15.590311 0.0621772213365
54979.619233 0.742489539408 15.838131 0.0814941507944
54947.6746034 0.746081465082 15.752963 0.0753038753272
53946.5244 0.747439938511 15.794798 0.0723700632871
55323.6598842 0.747680437159 15.690877 0.077929526019
53982.4032835 0.748710620106 15.741917 0.0787438519605
54202.5902027 0.753868724246 15.789046 0.0746909857043
53818.7437821 0.757535988839 15.824862 0.0755206787864
54979.627886 0.76009543362 15.725413 0.0789565484934
54947.6839685 0.765136393723 15.782201 0.0757294456219
53982.4117525 0.765942010195 15.732348 0.0786045526561
55798.441693 0.766461954938 15.548963 0.0658626423501
56173.4448936 0.76986311694 15.63002 0.0630928363017
53818.7528642 0.776014948845 15.763126 0.0745935159096
54979.636621 0.777868292083 15.665494 0.0750454062607
53982.4202522 0.783236088122 15.630216 0.0767331301464
53818.7616014 0.793792235137 15.733245 0.0740865597037
56173.4568997 0.794291262565 15.668457 0.063569276783
54979.6454208 0.795772791117 15.602222 0.07429767876
55354.6529283 0.807937043187 15.554122 0.0765815119736
54673.4585251 0.810042400659 15.594439 0.072398276468
53892.4968135 0.819758855142 15.622799 0.0733430104706
56173.4695853 0.820102270062 15.661313 0.0638334870689
53885.6169829 0.821653791884 15.588988 0.0637973196038
55767.5058491 0.822588113927 15.678393 0.0663575150059
54673.4665956 0.826463224972 15.549009 0.07144624848
55767.5114639 0.834012320054 15.614797 0.0658192566263
53892.5065009 0.839469397109 15.611115 0.0733513212758
54673.4746777 0.842907385206 15.560739 0.0715979685294
55394.481679 0.845838013934 15.683234 0.0691704847381
53885.628894 0.845888809787 15.588689 0.0636590407685
56076.6604745 0.846634484201 15.62641 0.0651274013837
53884.6484974 0.851116713492 15.584442 0.0670133199015
55767.5227733 0.85702319958 15.682723 0.0684351938937
53892.5155101 0.857799973342 15.608675 0.0732251131579
54673.4827593 0.859350839596 15.549879 0.0715133892457
54953.6281886 0.859593420937 15.631664 0.0669821847093
56076.6697558 0.865518869008 15.659019 0.0654618400141
53885.6408561 0.870227657108 15.603319 0.0639023922364
53884.6588155 0.872110502088 15.626154 0.0675381596393
53892.5240956 0.875268550888 15.566661 0.0726714746252
54953.6388263 0.881237688387 15.651609 0.0671973397527
56076.6790242 0.884376949155 15.74059 0.0664368851883
54233.6194258 0.887737267819 15.75033 0.0820356522652
53884.6691448 0.893127063798 15.658363 0.0679820075903
53885.6527854 0.894499765409 15.656195 0.0643978841583
54953.6491117 0.902164856158 15.66194 0.0673234404879
56076.688253 0.903154231788 15.836826 0.0676111623454
54233.630671 0.91061744781 15.764524 0.0824403739534
53884.6816516 0.918574163702 15.695859 0.0684748643882
54953.6593396 0.922975219083 15.700787 0.0678671841778
55394.5199753 0.923757846359 15.780949 0.0706357278041
54233.6420142 0.933697091259 15.757269 0.0823450904937
54641.5755492 0.939078739651 15.596718 0.071607414595
54928.6041558 0.944235708259 15.7099 0.0630628506364
53576.536644 0.948755174039 15.664556 0.0744645492809
53956.4543544 0.951504775145 15.66333 0.0774996578657
54233.6534544 0.956973842628 15.779551 0.0828282294121
54641.5845548 0.957401968334 15.663054 0.0726787435355
53576.5431783 0.962050183227 15.715012 0.0754013964169
54928.6135336 0.963316305546 15.726238 0.0631410816944
53956.4633337 0.969774547036 15.662485 0.0775095156865
53576.5497379 0.975396788081 15.602797 0.0736425932826
54641.5935646 0.975733910837 15.637353 0.0723057742449
54172.7214975 0.98125772041 15.753198 0.074460211483
54928.6230356 0.982649587268 15.772533 0.0635526487306
53956.4723111 0.988040527348 15.744581 0.0794930977007
53576.5562947 0.988737506489 15.734466 0.0758342165475
54641.6026033 0.994124490778 15.679349 0.0730192277354
54172.7286106 0.995730500134 15.748174 0.0743623102814
53928.4621513 0.996934396106 15.706393 0.0775482455955
