55708.514055 0.00621498755163 16.6851 0.092
53578.413679 0.0090129997073 16.676 0.124
54096.695339 0.0145493649172 16.678 0.153
55708.523089 0.0196889970649 16.7027 0.097
55264.668879 0.0210343099398 16.6411 0.113
53578.425129 0.0260904193397 16.7342 0.127
54096.703905 0.027325362871 16.62 0.148
54867.752489 0.0290912724583 16.5791 0.102
55708.532127 0.0331689724802 16.6596 0.091
54867.757191 0.0361042005845 16.5938 0.102
54096.712508 0.0401565454857 16.7117 0.153
54867.761877 0.0430932650703 16.7752 0.109
53578.439418 0.0474021441424 16.7062 0.126
54867.766489 0.0499719602127 16.6659 0.105
54096.721054 0.0529027138863 16.6695 0.148
53885.529024 0.0647003024677 16.6238 0.105
53885.540001 0.0810722531387 16.6887 0.108
55307.626168 0.0908727530837 16.749 0.106
53885.550859 0.0972667179689 16.731 0.109
54998.541534 0.0980348289837 16.6074 0.107
53885.561733 0.113485046439 16.6295 0.106
54998.552322 0.114124890372 16.5919 0.107
54845.692648 0.127330433887 16.7425 0.11
54998.563024 0.130086684679 16.7151 0.112
55657.643656 0.13414946992 16.73 0.115
54593.600206 0.137075749165 16.7658 0.103
54845.703912 0.14413043866 16.6806 0.107
54998.573764 0.146105155136 16.6745 0.111
56443.450893 0.148117158549 16.7775 0.104
54503.764445 0.14904187472 16.8397 0.185
53877.541254 0.151119503155 16.6876 0.106
54593.612263 0.155058495751 16.6437 0.099
54673.402286 0.160098198878 16.7294 0.125
54845.715253 0.161045287223 16.7619 0.11
54503.773381 0.162369719413 16.8468 0.175
56443.460909 0.163055799156 16.7173 0.103
54951.653773 0.165985061348 16.6221 0.105
53877.552101 0.167297561725 16.7787 0.11
54233.577352 0.171018798577 16.6797 0.144
54673.410011 0.171619864088 16.7343 0.125
54593.624316 0.173035276424 16.6306 0.099
56443.470717 0.177684212396 16.7797 0.104
54845.72655 0.177894510756 16.6926 0.107
54951.661871 0.178063047731 16.7 0.107
55385.460247 0.17866560473 16.6495 0.191
54673.417741 0.183148986678 16.7112 0.124
53877.563021 0.183584498171 16.7067 0.107
54233.586779 0.185078958817 16.717 0.147
54951.669964 0.190133576735 16.7314 0.119
54593.636265 0.190856943418 16.624 0.099
56443.480825 0.192760068955 16.6868 0.101
55657.683019 0.19285850648 16.6485 0.115
54673.425484 0.194697498484 16.736 0.125
54976.483498 0.198966107654 16.677 0.127
54233.596194 0.199121221329 16.7389 0.148
53877.573954 0.199890823823 16.7138 0.107
54951.678129 0.202311492125 16.6735 0.121
55248.700686 0.204830597949 16.719 0.134
54976.488622 0.206608439364 16.7071 0.129
56367.726597 0.207018595736 16.6391 0.08
55385.481956 0.211044094043 16.6812 0.115
54233.605688 0.213281310588 16.7957 0.152
54976.493728 0.214223924489 16.7243 0.129
54890.674196 0.216306027351 16.5967 0.122
53863.506065 0.217948144297 16.7744 0.128
54976.498814 0.221809580049 16.7039 0.128
53832.667616 0.223089267913 16.805 0.129
54890.681794 0.227638274883 16.7121 0.127
56367.741649 0.229468318027 16.8019 0.084
53863.51601 0.232780889985 16.9875 0.14
53963.417683 0.23389800678 16.6553 0.115
53832.677396 0.237675919784 16.8711 0.133
53554.429877 0.237707240821 16.7958 0.144
54890.689348 0.238904897407 16.8561 0.134
53914.479779 0.244105680137 17.1716 0.165
53863.525143 0.246402555786 16.8813 0.134
53554.435713 0.246411504652 17.0327 0.16
54890.696951 0.250244602331 16.9223 0.137
56367.756834 0.252116406842 17.0186 0.089
53832.687271 0.252404262042 17.1163 0.147
53963.430164 0.252513139906 16.8613 0.125
53554.441538 0.255099362234 17.015 0.159
53914.488287 0.256795172377 17.1767 0.165
53863.534185 0.259888497114 17.1012 0.147
53554.447348 0.263764847654 17.1853 0.171
54536.722789 0.305676862399 17.0877 0.1
53900.446196 0.313329634456 16.9608 0.149
54227.639256 0.314481055245 16.8934 0.159
55326.54946 0.314540714352 16.9685 0.152
53943.358788 0.316503498995 16.9569 0.152
54266.528553 0.317000161066 17.0001 0.155
53943.363909 0.324141356281 17.0586 0.16
54227.646049 0.324612663238 16.7717 0.152
53900.454725 0.326050447738 16.8921 0.144
55414.389575 0.326113089798 16.9358 0.121
53943.369039 0.33179263686 16.8796 0.148
55686.60806 0.333912026669 16.6953 0.098
54227.652882 0.334803930337 16.7196 0.148
53900.463229 0.338733974065 16.7796 0.138
53943.374178 0.339457340744 16.7331 0.139
54227.659723 0.34500712925 16.8925 0.161
53900.471756 0.35145180438 16.7034 0.133
55326.578192 0.357393851525 16.6826 0.135
54964.525184 0.363407489593 16.741 0.131
54964.535506 0.378802522379 16.7527 0.132
54964.545991 0.394440666024 16.78 0.133
56036.638771 0.396910553088 16.6694 0.096
55676.593776 0.397830794832 16.586 0.096
54285.362376 0.407227104313 16.7462 0.116
54964.556391 0.409952034066 16.6855 0.129
54614.572808 0.417243868522 16.6873 0.102
56036.652834 0.417885203936 16.7724 0.097
54285.373555 0.423900333483 16.5866 0.109
54614.584438 0.434589754133 16.6514 0.101
54463.728326 0.436063334095 16.7286 0.167
56036.667123 0.439196928739 16.7121 0.095
55218.686762 0.43973236923 16.5099 0.124
54285.384447 0.44014550855 16.6752 0.113
54463.733697 0.444074060813 16.8012 0.172
54600.51288 0.447174842942 16.7172 0.104
54614.596025 0.451871506203 16.6661 0.102
54463.739047 0.452053466488 16.6453 0.161
54285.395378 0.456448851257 16.6518 0.112
54463.744432 0.460085073878 16.7204 0.166
56036.681237 0.460247644943 16.7488 0.105
54600.524052 0.463837631764 16.6847 0.103
55676.641558 0.469096582125 16.6506 0.099
54614.60762 0.469165190099 16.5962 0.1
54187.516222 0.471870730634 16.573 0.137
54600.535082 0.480288630758 16.5617 0.099
54187.525629 0.485901061332 16.7698 0.148
55359.518016 0.486406672268 16.6646 0.092
54690.383958 0.487883235183 16.61 0.106
54643.452313 0.490381460329 16.6447 0.102
54600.546085 0.496699359852 16.6107 0.1
54690.390492 0.497628550452 16.8149 0.14
54187.535035 0.499929900541 16.803 0.149
54643.463101 0.506471521718 16.6762 0.103
54187.544433 0.513946807935 16.5266 0.133
55218.736682 0.514186935843 16.7488 0.134
54690.403785 0.517454763476 16.6201 0.103
56386.710317 0.520813571241 16.6644 0.092
54154.69627 0.521644324323 16.6826 0.12
54643.4739 0.522577989356 16.6481 0.102
54201.632254 0.5256176209 16.6912 0.12
53804.712362 0.528451428526 16.7382 0.128
56386.720147 0.535474797001 16.6812 0.093
53804.717502 0.536117623888 16.7154 0.127
54643.484788 0.538817198521 16.6707 0.103
53804.722628 0.543762938565 16.6786 0.126
54154.711667 0.544608606419 16.7245 0.122
54201.645356 0.545158961686 16.7492 0.123
56386.730191 0.550455198987 16.6385 0.092
54917.717542 0.550853423527 16.6538 0.095
53804.72776 0.551417202101 16.6728 0.126
53737.684045 0.557211592952 16.752 0.155
54917.722734 0.558597175733 16.5347 0.091
54201.65845 0.564688370645 16.5974 0.116
53737.689139 0.564809180338 16.7702 0.156
56386.740213 0.565402788454 16.7589 0.095
54154.726102 0.566138086963 16.7355 0.122
54917.727949 0.566375231916 16.6667 0.095
56411.550454 0.569323883316 16.5669 0.088
53737.694235 0.57240975068 16.6093 0.145
54917.733165 0.574154779577 16.4985 0.09
56096.431895 0.577021399715 16.7176 0.12
53737.699334 0.580014795446 16.6936 0.15
55797.403918 0.583463091889 16.7399 0.108
54201.671571 0.584258049495 16.8202 0.126
56411.561108 0.585214086702 16.697 0.093
54154.739959 0.5868054934 16.5527 0.114
56145.384045 0.58806131762 16.6462 0.099
55797.409185 0.591318704906 16.7517 0.108
56096.442547 0.592908620134 16.8481 0.114
56145.390057 0.597028081528 16.6723 0.1
55797.414498 0.59924292591 16.7171 0.108
56411.571087 0.600097542627 16.6914 0.092
56145.396058 0.605978439187 16.7132 0.101
55797.419768 0.607103013372 16.6711 0.106
56096.453152 0.608725741109 16.7614 0.113
56145.402102 0.614992930387 16.6545 0.099
56411.581078 0.614998896302 16.7211 0.093
55619.750026 0.616645487677 16.6706 0.1
54504.749838 0.618733556455 16.6879 0.136
56096.463731 0.624504083662 16.6539 0.096
54504.757198 0.629710832295 16.6814 0.135
54322.390741 0.634207637555 16.7001 0.114
54504.764735 0.640952099689 16.8315 0.144
53847.701787 0.646219998915 16.7054 0.084
54322.401679 0.650521420597 16.6698 0.113
54504.772085 0.651914460758 16.6414 0.133
55619.782096 0.664477177403 16.6833 0.101
54322.412641 0.666870999106 16.7402 0.116
53884.593223 0.66897398266 16.701 0.109
53847.719665 0.67288463717 16.6844 0.084
54322.423569 0.683169867367 16.7492 0.117
53884.604074 0.685158007142 16.7038 0.109
53847.737565 0.699582087945 16.7067 0.085
53884.614908 0.701316676507 16.6934 0.109
53772.647297 0.704122146054 16.7436 0.146
53884.625762 0.717505175424 16.7324 0.111
53872.560128 0.721881170976 16.8155 0.132
54627.516506 0.722480745014 16.6558 0.101
53772.659806 0.722779040559 16.7252 0.145
53847.755476 0.72629594496 16.7113 0.086
55030.477218 0.729395235615 16.7031 0.137
56362.71516 0.732572083108 16.6977 0.103
54627.524785 0.734828688865 16.6419 0.101
53608.401368 0.734982311064 16.7095 0.158
55732.469431 0.735124001443 16.765 0.122
53872.569569 0.735962211911 16.8771 0.136
55030.484848 0.740775210439 16.7065 0.137
53772.67205 0.74104069347 16.6907 0.142
54905.780314 0.746744104185 16.9128 0.173
54627.532939 0.746990197995 16.6236 0.101
56362.725866 0.748539843327 16.8268 0.108
53608.410682 0.748873934333 16.8191 0.167
53872.578969 0.749982102262 16.7088 0.127
55732.480051 0.750963494581 16.8761 0.122
53600.366583 0.751279687859 16.7423 0.143
55030.492436 0.7520925432 16.7954 0.143
54627.541094 0.759153198615 16.8253 0.108
53772.684221 0.759193468517 16.9499 0.16
54905.789114 0.759869107907 16.8778 0.171
53600.373703 0.76189900905 16.8539 0.151
53608.420024 0.762807318969 16.9421 0.178
55030.500065 0.763471026546 16.8625 0.149
53872.588428 0.764089989794 16.7929 0.132
56362.736495 0.764392759758 16.7817 0.106
55732.490669 0.766800004762 16.9149 0.123
53600.380856 0.772567549021 16.906 0.155
54905.797952 0.773050787791 16.7378 0.16
53608.429529 0.776983814477 16.9508 0.181
55294.676805 0.777186655446 16.9577 0.138
56362.74733 0.7805529206 16.8779 0.11
55732.5013 0.78265590416 16.8019 0.156
53600.387962 0.783165989528 17.1064 0.169
56475.4203 0.829774667538 16.707 0.091
55763.375851 0.831360108328 16.7726 0.115
56076.49259 0.837992709651 16.6226 0.109
56399.66302 0.839481204389 16.8368 0.094
54936.686648 0.842851943987 16.7414 0.126
56475.431496 0.846473251826 16.6937 0.09
55763.389224 0.851305639565 16.7076 0.19
56076.505175 0.856762956455 16.6759 0.112
54936.696822 0.858026238064 16.5899 0.119
56399.675836 0.85859598255 16.6787 0.09
56475.442763 0.863277731034 16.7195 0.091
55763.402735 0.871456994728 17.022 0.28
54936.707031 0.873252733867 16.7336 0.126
56076.517559 0.87523341625 16.6157 0.109
56399.688704 0.877788317545 16.7753 0.092
53819.698096 0.879339454349 16.6924 0.123
56475.454083 0.880161258555 16.724 0.092
54936.717332 0.888616445621 16.6728 0.124
53819.705359 0.890172056858 16.7287 0.125
55763.416291 0.891675466378 16.8028 0.174
56076.530131 0.893984273849 16.8014 0.116
56399.701483 0.896847911023 16.7498 0.092
53819.712652 0.901049403702 16.7181 0.124
54169.704901 0.906682714954 16.6828 0.14
54525.730388 0.910755940552 16.6952 0.133
53819.719908 0.911871565863 16.7173 0.124
54169.716534 0.924033075 16.5307 0.132
53854.593308 0.924769864988 16.7034 0.125
54525.741893 0.927915391442 16.7579 0.136
53854.602303 0.938185706862 16.6921 0.125
54169.727949 0.941058292906 16.6016 0.136
54525.75332 0.944958507087 16.6904 0.132
54206.608057 0.946916817294 16.7317 0.145
53854.611313 0.951623920909 16.6402 0.123
54169.739476 0.958250556316 16.5408 0.132
54525.76469 0.961916608496 16.7068 0.133
54206.618458 0.962429676814 16.6813 0.142
53854.620308 0.965039762783 16.6579 0.124
54206.628796 0.97784857324 16.6624 0.141
53578.402198 0.991889344283 16.7387 0.127
55708.505062 0.992802128623 16.6975 0.092
54206.639045 0.99313472816 16.804 0.15
