54895.549725 0.00736716867017 16.0747 0.092
53858.441179 0.00785283135367 16.0348 0.103
54895.553974 0.0182855850632 16.0105 0.09
56421.449812 0.0270198042296 16.0714 0.087
54895.558224 0.0292065710821 16.0316 0.091
56063.42531 0.0315886308527 16.0383 0.091
54895.562475 0.0401301267456 16.0292 0.09
56421.458898 0.0503675875218 16.0591 0.086
56063.437154 0.0620234916694 16.0291 0.09
56063.450343 0.0959145233493 15.9673 0.089
54615.397858 0.116867398652 15.9481 0.085
56063.462371 0.12682219863 15.9716 0.09
54761.727424 0.131725078933 15.9218 0.11
54615.404467 0.133850174339 15.9344 0.084
53722.677004 0.14228631483 15.9182 0.109
54761.734464 0.149815371086 15.6955 0.106
54615.411078 0.150838089297 15.8799 0.084
54463.639876 0.152914361473 15.9084 0.121
54013.775623 0.162039166502 15.9275 0.109
54013.77694 0.165423387353 15.9015 0.108
54615.417688 0.167823434629 15.8759 0.083
54761.741566 0.168064981132 15.8447 0.103
54013.778263 0.168823026053 15.9087 0.109
53722.688302 0.171318150159 15.8233 0.104
54013.779543 0.17211217007 15.8644 0.107
54463.649923 0.178731572423 15.8831 0.12
54761.748644 0.186252919744 15.8158 0.1
53722.69877 0.198217181148 15.8206 0.104
55518.669656 0.203616002697 15.8085 0.1
54463.660884 0.206897437789 15.8279 0.118
55128.734107 0.208161702523 15.789 0.1
55326.428694 0.212825605979 15.864 0.104
53722.708534 0.223307182907 15.7846 0.103
55128.740744 0.225216428241 15.7424 0.108
54463.672545 0.236862053805 15.835 0.118
55128.754103 0.25954429936 15.6163 0.122
54114.611733 0.274921047678 15.8086 0.108
55326.45579 0.282452673574 15.8736 0.105
55518.703718 0.291143208797 15.8186 0.099
54245.377383 0.296058937335 15.8563 0.109
55266.530773 0.29650605535 15.874 0.083
54114.621317 0.299548513571 15.8031 0.107
54245.386466 0.319399011712 15.8276 0.108
54114.629804 0.321357080247 15.8779 0.111
54261.34429 0.325322040596 15.8172 0.095
54114.637788 0.341873116118 15.8288 0.109
54245.395606 0.342885555759 15.8205 0.108
54181.574594 0.34561965673 15.8943 0.096
54261.352479 0.346364853431 15.86 0.096
54245.404675 0.366189655111 15.9497 0.113
54977.414044 0.369504495573 15.9311 0.103
54181.584386 0.37078160854 15.9245 0.097
54832.647515 0.371095105066 15.9137 0.098
54977.420308 0.385600744159 15.8736 0.101
54261.368853 0.388440200523 15.8916 0.097
54903.48269 0.392261260802 15.8607 0.086
54181.594189 0.395971826422 15.9221 0.097
54977.426592 0.401748385618 15.946 0.104
54832.660347 0.404068773927 15.9592 0.096
54977.432877 0.417898596704 15.9856 0.106
54903.493111 0.419039518548 15.9126 0.087
54929.567005 0.419658802681 15.9522 0.124
54181.604004 0.421192880021 15.94 0.098
54832.672664 0.435719076247 15.9685 0.085
54929.573431 0.436171333549 16.0287 0.128
54423.669811 0.444085836368 15.9934 0.349
54929.579904 0.452804637677 16.028 0.129
54832.684888 0.467130401709 16.0291 0.086
55676.382079 0.468361261073 16.0753 0.095
54423.679285 0.468430641444 15.9915 0.113
54929.586467 0.469669209748 15.9663 0.126
56383.484969 0.470897499461 16.0806 0.085
54423.688768 0.492798573322 15.988 0.113
54919.478312 0.495311684927 16.0103 0.101
56277.643777 0.496737837215 16.068 0.089
56383.496752 0.50117561201 16.1243 0.086
54536.550215 0.506512762132 16.0698 0.11
54208.490225 0.509203179155 16.077 0.119
54942.446277 0.51479986329 16.034 0.089
54423.698256 0.517179353423 16.052 0.115
53818.556309 0.517945107257 16.0416 0.102
54919.48801 0.520232090216 16.0421 0.102
56277.653618 0.522025701556 16.0562 0.088
53882.38105 0.524793207915 16.0547 0.104
54536.558324 0.527350003452 16.0985 0.111
54208.498753 0.531117101224 16.0762 0.119
56383.508803 0.532142389081 16.0729 0.085
54942.454295 0.535403267041 16.0407 0.089
53818.564863 0.539925840068 16.0701 0.103
53774.591171 0.543202135876 16.0421 0.115
54919.497657 0.545021443665 15.9834 0.101
54536.566456 0.548246346598 16.0242 0.109
56277.663974 0.548636932457 16.0031 0.087
53882.390419 0.548868200398 15.9983 0.103
54208.507274 0.553013035799 16.0111 0.116
54942.462323 0.55603236722 16.0322 0.089
55676.416827 0.557651242799 15.999 0.092
53818.573375 0.561798647842 16.0606 0.103
53774.600285 0.5666218692 15.922 0.111
56383.522742 0.567960653605 15.9546 0.084
54536.574643 0.569284020144 15.9676 0.107
54919.507326 0.569867329278 16.0074 0.101
53882.399757 0.572863533915 15.9347 0.126
54208.515767 0.574837020325 15.9619 0.115
54942.470361 0.576687163846 15.9365 0.086
56277.67529 0.577715021352 15.9403 0.086
54492.60398 0.580343766931 15.9212 0.11
54196.453991 0.580369463375 15.9256 0.096
53818.581881 0.583656037747 16.0001 0.101
54905.504608 0.587870253542 15.9175 0.087
54864.643354 0.589003466437 15.9556 0.087
53774.609124 0.58933495049 15.9819 0.114
53882.409124 0.596933387108 16.0024 0.119
54226.425941 0.59760406414 16.0292 0.099
54196.464653 0.607767005255 15.9622 0.097
54492.616394 0.612243324688 15.9539 0.112
54905.514889 0.614288761133 15.9353 0.087
54864.656202 0.622018249594 15.9168 0.087
54226.435767 0.622853383831 15.9947 0.098
53774.623187 0.625471850819 15.8748 0.109
54196.474991 0.634331982553 15.8015 0.093
54905.52504 0.64037321505 15.844 0.085
54492.628525 0.643415673274 15.8496 0.11
54226.445572 0.648048740983 15.8552 0.094
54864.669095 0.655148666722 15.8585 0.085
54196.485246 0.660683679401 15.8824 0.095
53756.736404 0.662811344459 15.8734 0.086
54526.493578 0.664538145069 15.9377 0.105
54905.535211 0.666509061842 15.8584 0.086
53756.739059 0.669633748661 15.991 0.089
54226.455369 0.673223541016 15.9252 0.096
54492.640451 0.674061244876 15.8556 0.107
53756.744367 0.683273417793 15.9154 0.087
54526.502791 0.688212273118 15.9454 0.105
54864.68203 0.688387008906 15.8564 0.101
54526.51133 0.710154461278 15.8276 0.102
54062.63652 0.717138753043 15.8389 0.092
54967.437045 0.732171169096 15.8597 0.099
54526.519949 0.732302220935 15.8218 0.101
56357.513152 0.732579742457 15.8662 0.083
54999.349527 0.735881734699 15.8175 0.087
54801.660108 0.744497750256 15.769 0.099
54967.444631 0.751664486736 15.7364 0.128
54062.650722 0.753632833865 15.814 0.091
55602.553587 0.755436723801 15.868 0.102
56357.523048 0.758008937216 15.8573 0.083
53773.5073 0.758039772928 15.8817 0.109
54999.359125 0.760545175617 15.8275 0.087
54801.669749 0.769271685856 15.8286 0.142
54884.563708 0.777217024396 15.7693 0.083
53773.515807 0.779899732497 15.8695 0.108
56357.532703 0.782818847804 15.8553 0.083
54999.368798 0.785401339808 15.7787 0.087
54062.664897 0.790057534318 15.8722 0.092
54801.679504 0.794338560833 15.8398 0.108
53773.524439 0.802080897515 15.8496 0.108
54884.575292 0.806983777831 15.854 0.085
56357.542264 0.807387211907 15.8344 0.082
55632.539255 0.807921697812 15.8171 0.088
54999.37849 0.810306327229 15.849 0.089
54801.689343 0.819621285885 15.821 0.111
53773.533214 0.824629521605 15.8503 0.107
54062.679068 0.826471956175 15.9191 0.093
55657.456198 0.835589052277 15.89 0.082
54884.586861 0.836711986614 15.8532 0.085
54168.534895 0.838238354998 15.9051 0.11
54168.545168 0.864636305449 15.8894 0.11
54884.598433 0.866447904313 15.8773 0.085
54595.462051 0.88894513553 15.8711 0.094
54168.555342 0.890779861175 15.8148 0.107
54595.470201 0.909887732243 15.92 0.095
54168.565546 0.917000506203 15.8967 0.11
54392.721462 0.917853627943 15.9915 0.117
54595.47834 0.930802062902 15.9427 0.096
55244.598727 0.938960681861 16.0171 0.092
53858.415548 0.941990291867 15.9786 0.101
55657.498525 0.944354364149 15.9751 0.085
54595.486498 0.951765216772 15.9967 0.098
53858.424058 0.963857960351 16.0557 0.103
56421.428327 0.971811007832 15.9657 0.084
53858.432609 0.985830984247 15.9958 0.101
56421.437384 0.995084271448 16.0475 0.086
