54940.729206 0.0135183165174 11.1814 0.051
54940.742481 0.0135780009174 11.202 0.051
54940.755648 0.0136371997493 11.1567 0.051
54940.768703 0.0136958950293 11.1787 0.051
53606.380257 0.0142854465168 11.7448 0.051
53606.390054 0.0143294938288 11.7561 0.051
53606.399862 0.0143735905967 11.7448 0.051
53606.409676 0.0144177143407 11.7416 0.051
54274.503011 0.0181653461458 11.6413 0.053
54274.511873 0.0182051896977 11.6474 0.053
54274.520722 0.0182449748017 11.6427 0.053
54274.529607 0.0182849217617 11.659 0.053
54947.652789 0.044646745661 11.1197 0.052
54947.662295 0.044689484637 11.0913 0.052
54947.671686 0.0447317065729 11.1083 0.052
54947.680985 0.0447735148769 11.1311 0.052
55395.479806 0.0580770125145 11.2239 0.052
55395.50488 0.0581897452184 11.2369 0.052
54955.553569 0.0801686525132 11.1077 0.051
54955.565453 0.0802220829771 11.0986 0.051
54955.577436 0.0802759585451 11.0982 0.051
54955.589308 0.080329335057 11.1086 0.051
55400.486283 0.0805861330888 11.1934 0.051
55400.523276 0.0807524536167 11.1778 0.051
53627.38659 0.108729919611 11.5217 0.052
53627.396506 0.108774501947 11.5242 0.052
53627.406413 0.108819043819 11.4927 0.052
53627.416355 0.108863743051 11.522 0.052
53851.570133 0.116659128149 11.2357 0.05
53851.583045 0.1167171805 11.2237 0.05
53851.610103 0.116838833268 11.2375 0.05
56076.654149 0.120636856241 11.6088 0.051
56076.663334 0.120678152001 11.6154 0.051
56076.672616 0.120719883873 11.6298 0.051
56076.68188 0.120761534817 11.6221 0.051
54964.702043 0.121300191585 11.1658 0.051
54964.712676 0.121347997553 11.1746 0.051
54964.723307 0.121395794529 11.1684 0.051
54964.733868 0.121443276785 11.1585 0.051
55413.405593 0.138671350803 11.2167 0.051
55413.418242 0.138728220707 11.2241 0.051
56090.594747 0.1833137848 11.5102 0.051
56090.605424 0.183361788592 11.5101 0.052
56090.61608 0.183409697968 11.491 0.052
56090.626862 0.18345817384 11.5109 0.052
54979.615784 0.188352371068 11.3139 0.052
54979.624412 0.188391162556 11.2973 0.052
54979.633178 0.188430574492 11.3045 0.052
54979.641973 0.188470116812 11.3254 0.052
54316.401898 0.20654274195 11.5049 0.053
54316.408034 0.206570329406 11.4992 0.053
54316.414114 0.206597665086 11.497 0.053
54316.420204 0.206625045726 11.5134 0.053
53872.648412 0.211427070458 11.5516 0.052
53872.657087 0.211466073258 11.5537 0.052
53872.665802 0.211505255898 11.5544 0.052
53872.674447 0.211544123818 11.5599 0.052
55655.703691 0.228043598557 11.8093 0.052
55655.746443 0.228235811549 11.8264 0.052
53877.641553 0.233876232377 11.6252 0.052
54993.611731 0.251278148731 11.6039 0.051
54993.622932 0.251328508427 11.6048 0.051
54993.634188 0.251379115403 11.6139 0.051
54993.64539 0.251429479595 11.6029 0.051
55216.719929 0.254372606153 11.7601 0.053
55216.745183 0.254486148136 11.7564 0.053
53884.645799 0.265367322368 11.7864 0.052
53884.656115 0.265413703104 11.7669 0.052
53884.666444 0.265460142288 11.7868 0.052
53884.678958 0.265516405232 11.7813 0.052
53885.580598 0.269570178669 11.8102 0.052
53885.591555 0.269619441341 11.8056 0.052
53885.602523 0.269668753469 11.8123 0.052
53885.613498 0.269718097069 11.8006 0.052
55445.382446 0.282439281779 11.7096 0.052
55445.400586 0.282520839219 11.7103 0.052
53892.496397 0.300663610948 11.9513 0.053
53892.506083 0.300707159204 11.9589 0.053
53892.515093 0.300747668164 11.9602 0.053
53892.523679 0.30078627082 11.9807 0.053
55011.503034 0.331717446956 12.0249 0.055
55011.508903 0.33174383398 12.0503 0.055
55011.5148 0.331770346892 12.0237 0.055
55011.520707 0.331796904764 12.0339 0.055
56124.469136 0.335613037625 11.6851 0.051
56124.480396 0.335663662585 11.6761 0.051
56124.491772 0.335714809081 11.6816 0.051
55679.659795 0.335750242057 12.3064 0.052
56124.503104 0.335765757753 11.6746 0.051
55679.674587 0.335816746889 12.3537 0.052
54345.41196 0.3369719806 11.9996 0.056
53900.63189 0.337240787448 12.0817 0.054
53900.640892 0.33728126044 12.0835 0.054
53900.649876 0.337321652504 12.0491 0.054
53900.658874 0.337362107512 12.0733 0.054
54347.416118 0.345982674961 12.2005 0.054
54347.424308 0.346019497201 12.2046 0.054
54347.432484 0.346056256497 12.1954 0.054
54347.440655 0.346092993313 12.214 0.056
55686.62508 0.367066163392 12.4691 0.053
55686.668124 0.367259689216 12.4753 0.053
54129.734302 0.367285230992 12.1051 0.055
54129.743249 0.367325456704 12.0981 0.055
54129.752224 0.367365808304 12.0992 0.055
54129.761209 0.367406204864 12.129 0.055
55247.740424 0.393840751563 12.4618 0.057
53913.535359 0.395254784026 12.3257 0.055
53913.54386 0.395293004522 12.3073 0.055
53913.552382 0.395331319434 12.3093 0.055
53913.560897 0.395369602874 12.302 0.055
54586.657949 0.421613946293 12.4104 0.069
54586.684571 0.421733638805 12.4283 0.055
54586.711217 0.421853439221 12.3893 0.056
56366.670975 0.424552504915 12.2829 0.054
56366.702781 0.424695504691 12.3173 0.054
56366.712667 0.424739952147 12.313 0.054
56366.722352 0.424783495907 12.2907 0.054
53928.462567 0.462367511142 12.5093 0.056
53928.471085 0.462405808069 12.5128 0.056
53928.479597 0.462444078021 12.5179 0.056
53928.488083 0.462482231077 12.5201 0.056
54596.649675 0.466536746354 12.6453 0.054
54596.660588 0.466585811202 12.6522 0.054
54596.671528 0.466634997442 12.6795 0.054
54596.682641 0.46668496149 12.675 0.054
55709.526618 0.47003147816 13.1925 0.055
55709.536861 0.470077530687 13.1694 0.055
55709.54707 0.470123430351 13.1844 0.055
55709.557021 0.470168170047 13.1665 0.055
55045.439582 0.484296166644 12.8145 0.057
55045.446598 0.48432771058 12.8184 0.057
55045.45363 0.484359326452 12.8089 0.057
55045.460673 0.48439099178 12.8117 0.057
55274.685126 0.51498413166 13.1478 0.06
53946.485802 0.543399975638 12.6076 0.055
53946.497772 0.543453792758 12.5952 0.055
53946.50976 0.543507690806 12.5982 0.055
53946.521691 0.543561332582 12.6136 0.055
56395.598287 0.554609699565 13.1169 0.055
56395.609033 0.554658013581 13.105 0.055
56395.619412 0.554704677565 13.1002 0.055
56395.630294 0.554753603037 13.1082 0.055
56173.429277 0.555737831388 13.1132 0.054
56173.442472 0.555797156108 13.1029 0.054
56173.454774 0.5558524659 13.0757 0.054
56173.467459 0.55590949766 13.0349 0.054
54616.62183 0.556331555164 13.1072 0.055
54616.627246 0.5563559055 13.1069 0.055
54616.632632 0.556380120956 13.1461 0.056
54616.638022 0.556404354396 13.1175 0.055
54172.718469 0.560542045673 13.1136 0.058
54172.72565 0.560574331449 13.1254 0.058
54172.733196 0.560608258264 13.1245 0.058
54172.754359 0.560703407112 13.1105 0.058
53956.453938 0.588216715059 12.7053 0.057
53956.462917 0.588257084643 12.6768 0.057
53956.471894 0.588297445235 12.6998 0.057
53956.480863 0.588337769859 12.6986 0.057
56406.654518 0.604318514102 13.2502 0.054
56406.664541 0.60436357751 13.215 0.054
56406.674412 0.604407957526 13.2393 0.055
56406.68464 0.604453942614 13.2446 0.054
55745.541754 0.631955529489 13.8597 0.059
55745.551728 0.632000372593 13.8518 0.059
55745.561701 0.6320452112 13.8179 0.058
55745.571645 0.632089919424 13.8457 0.059
54190.600657 0.640940362858 13.1221 0.06
55302.702563 0.640950528313 12.9469 0.054
54190.609205 0.640978794665 13.1316 0.06
54190.617747 0.641017199497 13.0546 0.06
54190.62635 0.641055878585 13.1143 0.06
56416.596961 0.649019737795 13.2677 0.056
56416.607408 0.649066707507 13.2994 0.057
56416.617619 0.649112616163 13.2739 0.056
56416.62793 0.649158974419 13.2535 0.056
54643.549761 0.677399532845 13.207 0.056
54643.560742 0.677448903421 13.2132 0.056
54643.571644 0.677497918813 13.2287 0.056
54643.582533 0.677546875757 13.2225 0.056
54869.757521 0.694429621008 13.0168 0.056
54869.761844 0.694449057216 12.9934 0.055
54869.765228 0.69446427168 13.0091 0.055
54869.768746 0.694480088608 13.0086 0.055
54202.588535 0.694837862303 13.0408 0.057
54202.601055 0.694894152223 13.0278 0.057
54202.6138 0.694951453743 13.0353 0.057
54202.627271 0.695012019359 13.0481 0.057
53982.394414 0.704845095063 12.634 0.057
53982.402867 0.704883099751 12.6158 0.056
53982.411335 0.704921171879 12.5864 0.056
53982.419811 0.704959279975 12.5725 0.056
56429.686597 0.707870741205 13.159 0.053
56429.697957 0.707921815765 13.1245 0.053
56429.709384 0.707973191557 13.1572 0.053
56429.720691 0.708024027829 13.1335 0.053
55767.505155 0.730702980307 13.2213 0.056
55767.51076 0.730728180387 13.2485 0.056
55767.516417 0.730753614259 13.2053 0.059
55767.522075 0.730779052627 13.4266 0.062
55323.62707 0.735027111712 12.7767 0.057
55323.654449 0.735150207696 12.7616 0.057
54212.567264 0.739702227852 12.873 0.056
54212.576512 0.73974380686 12.8593 0.056
54212.585626 0.739784783404 12.8646 0.056
54212.594877 0.7398263759 12.8732 0.056
53997.399792 0.772309274498 12.3739 0.056
53997.404945 0.772332442387 12.3577 0.056
53997.410087 0.772355560818 12.3278 0.056
53997.415233 0.772378697234 12.3357 0.056
56445.597813 0.779407568285 12.7496 0.053
56445.608547 0.779455828349 12.7284 0.053
56445.618532 0.779500720909 12.7281 0.053
56445.628413 0.779545145885 12.7183 0.053
53556.517739 0.790103565765 12.7638 0.058
53556.524112 0.790132218773 12.7888 0.058
53556.530465 0.790160781861 12.7717 0.058
53556.536807 0.790189295492 12.7536 0.058
55337.58306 0.797773242703 12.5362 0.055
55337.616817 0.797925014174 12.5037 0.054
54675.48921 0.820999295436 12.1574 0.053
54675.50014 0.821048436716 12.1368 0.053
54675.511077 0.821097609468 12.1452 0.053
54675.522035 0.821146876636 12.1607 0.053
54231.661587 0.825550303993 12.3199 0.056
54231.672479 0.825599274425 12.3361 0.056
54231.683344 0.825648123465 12.3018 0.056
54231.69421 0.825696977001 12.3136 0.056
54236.603138 0.847767517271 12.1534 0.055
54236.612168 0.847808116151 12.158 0.055
54236.621193 0.847848692551 12.1517 0.055
54236.630216 0.847889259959 12.1502 0.055
55798.390445 0.869563244038 12.3572 0.053
55798.406922 0.86963732463 12.3402 0.053
54908.732044 0.869659076278 11.8029 0.053
54908.740792 0.869698407286 11.7912 0.053
55798.423424 0.869711517622 12.3071 0.053
54908.749423 0.869737212262 11.7825 0.053
54908.758074 0.869776107158 11.7823 0.053
55798.439916 0.869785665654 12.3269 0.053
55354.607006 0.874312903859 12.0788 0.054
55354.647624 0.874495522386 12.1224 0.055
53576.533943 0.880096418878 12.2117 0.054
53576.540481 0.880125813726 12.1996 0.054
53576.547034 0.880155276014 12.1592 0.054
53576.553593 0.880184765278 12.1841 0.054
54246.546642 0.89247351122 11.832 0.054
54246.55563 0.892513921268 11.8559 0.054
54246.564386 0.892553288244 11.8174 0.054
54246.572965 0.892591859428 11.8379 0.054
56475.517966 0.913928576067 11.8787 0.051
56475.530567 0.913985230163 11.8708 0.051
56475.543313 0.914042536179 11.7968 0.051
56475.556079 0.914099932115 11.8524 0.051
53806.707636 0.914957341795 11.8688 0.053
53806.716007 0.914994977811 11.8672 0.053
53806.724018 0.915030995267 11.8684 0.053
53806.73135 0.915063959939 11.8667 0.053
54919.781746 0.919338536431 11.5642 0.053
54919.790968 0.919379998543 11.5681 0.052
54919.800213 0.919421564063 11.5491 0.052
54919.809473 0.919463197023 11.5917 0.052
55365.627407 0.923860626716 11.7966 0.052
55365.649196 0.92395859006 11.8088 0.052
53588.464294 0.933735276932 11.9839 0.053
53588.472576 0.933772512804 11.9551 0.053
53588.480748 0.933809254116 11.981 0.053
53588.488901 0.933845910004 11.9922 0.053
54928.600292 0.958986719216 11.409 0.051
54928.609599 0.959028563488 11.4224 0.051
54928.619126 0.95907139688 11.4107 0.051
54928.62858 0.959113902064 11.4017 0.051
54261.500015 0.959703876176 11.6889 0.053
54261.511214 0.95975422688 11.6941 0.053
54261.522635 0.959805575696 11.7252 0.053
54261.533502 0.959854433727 11.7 0.053
54707.398587 0.964463854316 11.5794 0.054
54707.405118 0.964493217692 11.6332 0.053
54707.411653 0.964522599052 11.2032 0.082
54707.418183 0.964551957932 11.5434 0.052
53820.65937 0.97768433781 11.6628 0.052
53820.670673 0.977735156097 11.671 0.053
53820.681866 0.977785479825 11.6802 0.053
53820.692401 0.977832845185 11.6447 0.06
54266.61355 0.982694329518 11.7062 0.053
54266.623222 0.98273781483 11.7116 0.053
54266.632654 0.982780221102 11.7054 0.053
54266.64228 0.982823499597 11.7105 0.053
54492.701478 0.999185653009 11.7938 0.054
54492.707076 0.999210821617 11.7963 0.054
54492.712739 0.999236282465 11.8122 0.054
54492.718379 0.999261639905 11.8105 0.054
