53922.6501317 0.000921796883805 16.785751 0.134320603024
54728.5107292 0.00647856596518 16.810818 0.139335175847
56115.7572126 0.00678393763629 16.81301 0.101549511048
54594.7017715 0.00736590593942 16.777666 0.126194322977
54320.5295178 0.00760876296087 16.844856 0.122962565443
54944.7909692 0.00970110624487 16.815072 0.116748153274
54062.4697951 0.0108212589487 16.83188 0.156646515309
53645.4785037 0.0176639830384 16.984867 0.195043109772
54320.5364284 0.0329147377781 16.838371 0.122572333928
55884.4658945 0.0340359912469 16.929666 0.119781953347
55770.5918282 0.0351113446313 16.789745 0.0977835748843
54728.519745 0.039494005749 16.74109 0.135724963441
55851.4254089 0.0420713863741 16.905132 0.0935097937053
54801.4337739 0.0456053189161 16.770984 0.142926648783
54944.801882 0.0496630690219 16.853355 0.118017854286
56478.6924429 0.0503986325973 16.87751 0.108567599379
53645.4888795 0.0556596063069 16.879527 0.180794901491
53922.6657141 0.0579832367451 16.7575 0.19357180377
54320.5434287 0.0585496506246 16.92967 0.127138279289
54801.4400488 0.0685835516712 16.808739 0.16574784416
54728.5286977 0.072278032033 16.885244 0.144259653317
55884.4772367 0.0755699974047 16.950984 0.161885184195
56464.7727908 0.0775992338938 16.720309 0.0962059494422
55770.6052544 0.0842771703798 16.87886 0.10059639561
56478.7020212 0.0854739944048 16.979096 0.112396471554
55010.6249022 0.0889927954915 16.992015 0.152681553429
55851.4404275 0.0970685403157 16.939432 0.0942089806116
55429.5330135 0.101411571663 16.948768 0.102299274931
53645.5019454 0.103505907754 16.872121 0.180870165465
56129.7110957 0.104935079419 16.982486 0.106855928726
54349.5045578 0.112193414711 16.946856 0.129828466412
55884.4885898 0.117144269039 16.883777 0.119008339539
55010.633336 0.119877111793 16.932041 0.149468380618
56478.7115819 0.120484508534 17.075981 0.116559286562
56129.7234688 0.150244730814 17.182791 0.114875508041
55010.6419192 0.151308174505 17.050842 0.156824178455
55851.4554245 0.151986435797 17.064748 0.0981470554338
54349.5161148 0.15451448181 17.218648 0.145177581776
56478.7211898 0.155667948926 17.270355 0.125649168193
53665.4515586 0.157604320672 17.223845 0.146777140949
55010.6506425 0.183252117651 17.17804 0.166133404556
53883.6503935 0.186588120666 17.024789 0.110878341956
54349.5273246 0.195564002445 17.17181 0.142616804424
56129.7360523 0.196324532705 17.212084 0.116714103532
53665.4635084 0.201363798498 17.244609 0.149147596757
55851.4704733 0.207094294681 17.224809 0.103918300704
54274.7079997 0.212390785459 17.175273 0.173041280147
53947.5585495 0.213818346228 17.20304 0.143645015214
53561.6969731 0.215515929719 17.107384 0.113307152445
55094.4970203 0.22286623807 17.052141 0.156436862543
53597.4740642 0.228739525377 17.060169 0.1669302975
54349.5386419 0.237007267063 17.188305 0.143823088241
53883.664303 0.237523751245 17.190825 0.117292125211
56129.7484104 0.241579085215 17.012405 0.108791279299
53665.475428 0.245012272915 17.154981 0.14383273448
53597.481057 0.254346889153 17.054455 0.166587160231
53561.7077075 0.254824762676 17.036738 0.110386098279
54274.7197502 0.255420546683 17.11343 0.167823945162
55094.5062028 0.256492001207 17.198923 0.164135288735
54360.4702521 0.26780465354 17.190809 0.143148819976
53947.5733865 0.268150502396 17.010589 0.132123034453
55824.4553392 0.279548770647 16.885781 0.105703775109
53597.4881911 0.280471288611 16.88213 0.154163475237
55429.583658 0.286868308882 16.945124 0.10235042291
53883.678225 0.288505030358 16.937191 0.106867536214
53665.4873195 0.288558221367 16.929067 0.131102021581
55094.515332 0.289922375814 17.126958 0.16489150261
53561.7186561 0.294917732123 16.940403 0.107071575683
54274.7314154 0.298137603246 16.971007 0.157750248454
53597.4955396 0.307381095241 17.002874 0.162725738928
54360.4821546 0.311390909966 16.950258 0.129903789852
55824.4667081 0.321181063754 16.849242 0.104450986063
53947.5880848 0.321974440411 16.903415 0.126367361964
55094.5245016 0.323500667538 16.997827 0.150247429166
55691.7521089 0.329533274475 16.848098 0.142055159644
53561.7295601 0.334847227524 16.978056 0.108089612394
53883.6922459 0.339848898832 16.899516 0.105003113534
54274.7430439 0.340720472718 16.910229 0.154562407552
54360.4934408 0.352720161836 16.908486 0.127715827361
54296.5943845 0.35881248752 16.851401 0.110242437398
55824.478131 0.36301090665 16.874845 0.105429152805
53947.6022968 0.374017805003 16.853196 0.123755654161
55466.473461 0.374765661301 16.936678 0.124307007221
54273.6639507 0.389155989796 16.888863 0.15038342712
54209.7641019 0.39234602274 16.931079 0.172368957399
54360.5046866 0.393901496243 16.877677 0.1262352984
56069.7141492 0.400282833564 16.875801 0.117809222226
55824.4894325 0.404396147984 16.76397 0.101429314887
54296.6079112 0.408346201091 16.827021 0.109180893931
54209.7734875 0.426715614794 16.598407 0.176680640407
56069.7231134 0.433108820099 16.821574 0.115328772344
54951.7346622 0.437022847125 16.8692 0.151639474464
55691.7860373 0.453776646002 16.812763 0.13997077658
54296.6213343 0.4575005833 16.847762 0.109706837129
54209.7828779 0.461102625584 16.545205 0.180956306805
56069.7321908 0.466349739593 16.861765 0.11688690121
54951.7432256 0.468381475371 16.783997 0.142216775578
54746.3876249 0.470429571155 16.773411 0.110294128861
55466.5036949 0.485480105783 16.759762 0.116741765124
53973.5755639 0.486318662251 16.847301 0.148226935963
54746.3936432 0.492468077828 16.810958 0.114861589893
54209.7922668 0.495484126969 16.715711 0.169419572862
56069.7412245 0.499430451841 16.711198 0.110545747864
54951.7520382 0.500652621167 16.744619 0.153805093185
54016.4540077 0.504202912672 16.731217 0.144661692526
54296.634315 0.50503502742 16.89354 0.111574394084
54650.5487755 0.515217186499 16.855182 0.101732805929
54412.4233419 0.516412441736 16.818073 0.15370675336
53973.5838996 0.516843566309 16.82437 0.146975125435
55394.6933064 0.520823331597 16.888588 0.122385549875
54746.4015433 0.521397626293 16.699574 0.106546102651
54377.4712495 0.524276734623 16.823899 0.151070169723
55324.7859093 0.524788600372 16.678754 0.137357122035
54951.760637 0.532140943277 16.873835 0.151406175441
54650.5555217 0.539921316073 16.921943 0.103840485187
54746.407508 0.543239898167 16.844508 0.11405474728
54016.4647117 0.543400192207 16.754947 0.145558880355
54412.4313678 0.545802697719 16.865418 0.156791223473
53973.5922787 0.547526941513 16.910694 0.156620253251
53635.5208609 0.55346732236 16.94499 0.156771459013
54377.4801849 0.556997566972 16.89573 0.156039959859
54650.5622122 0.564421581191 16.894309 0.10278460694
53830.7763518 0.565518506633 16.77507 0.137573067539
55125.4491502 0.567416989119 16.883203 0.242250296364
54264.7014065 0.56894135232 16.931375 0.126408561233
54016.4732116 0.574526093775 16.965849 0.159774332204
54412.4394107 0.575255216747 16.904055 0.159528565793
53973.6006165 0.578059474483 16.973658 0.15698932172
56426.6796941 0.583323839862 16.943858 0.113726873944
53635.5295609 0.585326458157 16.935245 0.156725386946
54650.5689436 0.589071501737 16.884128 0.102328998964
54377.4891495 0.589825207597 16.910072 0.157341472425
55125.4553857 0.590250693907 16.884926 0.159465581117
54389.5049488 0.590848216246 16.827031 0.152976282794
54412.4474431 0.604669207891 16.862633 0.15694302285
56426.6857069 0.605342468847 16.959817 0.114439482901
54016.4817494 0.605791011747 16.908415 0.155390568194
56394.7356571 0.606478175215 16.996011 0.11734862743
55125.4616517 0.613196673824 16.853118 0.158380739737
53836.7971623 0.613308565952 16.935456 0.131265515047
54264.7145755 0.617165418166 16.985154 0.129254471031
53635.5382671 0.617207632154 17.133722 0.171453223214
54389.5125841 0.61880794673 16.977972 0.163505293868
54377.4980812 0.622532476898 16.997365 0.164050290345
53836.8004026 0.625174154066 16.904183 0.122694885208
56426.6917565 0.627495453686 17.049016 0.117975557351
56394.743463 0.635063103814 17.089236 0.121258698876
55125.4679197 0.636149476671 16.782619 0.188854646868
53836.8036551 0.637084624618 17.010584 0.161840976761
55324.8190946 0.646310911067 16.782462 0.14193553795
54389.5202397 0.646842272193 16.960207 0.162136502915
53635.5469923 0.649158738794 17.179541 0.17521920464
56426.6977399 0.649406428473 17.236639 0.126805608682
55394.7319994 0.662514317755 17.041557 0.130362657368
54243.6998551 0.662718393467 17.240069 0.137170735226
56394.751256 0.663600562811 17.100624 0.121286111265
55744.5482875 0.665473445471 17.129829 0.135604818411
54264.727875 0.665867144768 17.151674 0.138162171041
56036.7450031 0.669558744303 17.185222 0.155910602086
54389.5279153 0.67494992014 17.183298 0.17930082165
55084.5167407 0.675775083823 17.047602 0.149440628615
53619.4435179 0.679353560458 17.202522 0.164019417035
55424.5059301 0.692581182761 17.123832 0.134631657684
56394.7592269 0.692789454696 17.178796 0.1248011312
56036.7540179 0.702570369458 17.174213 0.154188302553
55084.5256398 0.708363255412 17.105462 0.153212324944
56181.4893802 0.713418033146 17.065092 0.105378702242
55744.5614607 0.713712768021 17.165744 0.137231408724
54264.7410032 0.713941555187 17.152047 0.137930337344
53619.4536652 0.71651223814 17.169951 0.161554638306
53990.571477 0.72417236888 17.178706 0.172893161652
56036.7629884 0.735419668206 17.122934 0.147643966891
55084.5344937 0.740785328436 17.257318 0.164484614384
53606.6266763 0.744969549919 16.974154 0.144040761073
56181.4995079 0.750504999589 16.968051 0.101509371252
53619.4637697 0.753514265744 17.04966 0.153248753216
53990.5799894 0.755344045674 17.047593 0.162989187167
55744.5747603 0.762414919036 17.065193 0.13121433754
56036.7720319 0.768536404678 17.082024 0.132217707782
55084.5433073 0.773060286702 16.982784 0.146137782751
53592.4378103 0.78632732675 16.915198 0.143002137918
53990.5885199 0.78658226303 16.814695 0.14720559859
56181.5094046 0.786745946945 16.886938 0.0989194947977
56152.5636506 0.789404492045 16.894434 0.109187278608
53619.4748141 0.79395800056 17.027841 0.151307416174
54243.7360652 0.795317111081 16.988681 0.123235284959
56464.6973129 0.801204343026 16.815932 0.0995637031827
53606.6431721 0.805376019452 16.885742 0.139326604713
55744.5879191 0.810601686647 16.891005 0.122189638013
53990.5970728 0.817902280262 16.891577 0.15267556116
56181.5193811 0.823279341198 16.895815 0.0992771963782
56152.5737925 0.826543588667 16.820388 0.10635503051
53592.4492545 0.828235196991 16.92541 0.142926648783
53580.7074858 0.83069352237 16.9063 0.138959820885
55060.5291499 0.834883169359 16.993296 0.10736167147
56464.7119431 0.854779107176 16.79743 0.0989732637648
53580.7151934 0.858918360155 16.855967 0.136280537874
54021.4664956 0.859585560622 16.974909 0.159795454641
54243.7547028 0.863566851074 16.951705 0.121541485002
56152.5839942 0.863901340604 16.86264 0.107851071637
53606.65964 0.865680513726 16.929034 0.142729188723
53592.4609736 0.871149844349 16.801706 0.135438830911
55060.540681 0.877109339353 16.87185 0.102910070235
53580.7229234 0.887224956012 16.909316 0.139485527758
56115.7248298 0.888200666438 16.74602 0.0989763119735
53922.6203557 0.891883915308 16.768688 0.119405416972
54021.475894 0.89400181776 16.958384 0.158916451371
56152.5943736 0.901910145351 16.788922 0.105064842181
56464.7262623 0.907214943577 16.703073 0.0960974702576
54594.6747854 0.908544639646 16.864804 0.131993716641
53592.4725333 0.913480489559 16.851907 0.137724581378
53580.7306882 0.915659000253 16.779884 0.132613254466
54062.4438602 0.915849429447 16.821163 0.154095279359
55060.5514593 0.916578720492 16.876409 0.102910070235
53606.6760869 0.925907870566 16.878078 0.140097450524
56115.7356044 0.927656484156 16.75583 0.099524020573
54021.4853313 0.928560480774 16.798291 0.148275447898
54944.7692665 0.930227423439 16.91386 0.11867358972
55770.5655397 0.938844656852 16.762689 0.0970075424643
54594.6837642 0.941424452868 16.750617 0.12556303928
53922.6351161 0.945935621037 16.898786 0.12589738208
54062.4526026 0.947863730022 16.728779 0.148616647112
54682.6180747 0.950764325808 16.758133 0.109350685814
55060.5621229 0.955628082217 16.745309 0.0984131469018
56464.7408272 0.960550666809 16.826173 0.100140214966
54021.4947234 0.962953808015 16.851311 0.152163236586
56115.7463223 0.966904666006 16.858291 0.102972454679
54944.78011 0.969935465393 16.83284 0.116273148044
54728.5017501 0.973597904983 16.823377 0.139610568123
54594.6927869 0.974464899986 16.780984 0.126775807256
54062.4612223 0.979428341833 16.885347 0.159584618884
54320.522629 0.982382427454 16.812932 0.121390999267
55770.5785045 0.986321036656 16.824606 0.0989286143816
53645.4699751 0.98643301409 16.908238 0.182044762946
54682.6282334 0.987964878746 16.783001 0.110491859286
55884.4546237 0.992763108945 16.805673 0.113258426123
53994.4684266 0.99453122086 16.863971 0.248512740717
