53723.6344694 0.00141617845813 16.830069 0.151330627783
54999.3574679 0.00157513857964 16.701889 0.112507227758
54466.7226313 0.0067432470126 16.687529 0.142780806248
54168.5327957 0.0195935524733 16.724611 0.148291633507
54792.6849028 0.0216798171798 16.530245 0.108011869054
53723.6421736 0.0238937940482 16.674785 0.140947107408
55205.7029143 0.0270815615848 16.661678 0.112774231293
54999.3671368 0.0297847157794 16.629383 0.109959205763
54865.6979754 0.0418010500331 16.546575 0.11881985156
53723.6499251 0.0465092174455 16.699351 0.142733877304
54168.5430678 0.049562850098 16.757572 0.150406139014
54999.3768228 0.0580442687409 16.648608 0.110989610039
54919.5160697 0.0593947014216 16.543078 0.119694445478
54865.7056447 0.0641766530894 16.667993 0.124639259059
54965.4474709 0.0670773357944 16.600645 0.123065541325
54226.4742591 0.0673695928809 16.513015 0.114345705283
54168.5532376 0.0792339770471 16.452105 0.132109029957
54919.5244602 0.0838747642589 16.64465 0.126922097218
54865.7133617 0.0866916829105 16.50311 0.117547297438
54999.3867413 0.0869822568593 16.609677 0.109516795841
54965.4550138 0.0890841573449 16.547954 0.120657128191
55294.4969683 0.0891848879049 16.497003 0.110898850542
54792.7113491 0.0988384438291 16.476132 0.104608512198
54226.4882756 0.108263638714 16.165916 0.1015724816
54919.5328672 0.108402473206 16.487874 0.117593340353
54865.7209151 0.10872892908 16.463385 0.116116605757
54168.5634495 0.109027682119 16.438691 0.131581109847
54965.4625186 0.110979881074 16.525995 0.119860225734
54236.4310763 0.116995177861 16.400378 0.13230560404
55648.5694942 0.117514260457 16.2847 0.0895839603099
54510.6328691 0.117557517094 16.44136 0.10513481984
56090.3783007 0.121827820402 16.352287 0.0894006408533
54063.685782 0.12199485051 16.54974 0.11822129325
54247.403427 0.129501905452 16.479824 0.135744379807
54965.4700263 0.132884047347 16.443658 0.116447428155
54919.5412623 0.132895705057 16.426914 0.114845690107
53849.4727441 0.142307224456 16.384087 0.0971657280776
54236.4416604 0.14787486374 16.381972 0.131805865107
54977.4714847 0.147875720645 16.391614 0.119291076646
55690.3958309 0.148418846565 16.448568 0.0913952304378
54226.5022865 0.149141442794 16.217404 0.103616206377
56090.388845 0.152591377432 16.360301 0.0897891405351
54882.5309503 0.15303877847 16.324291 0.0964919364931
54510.6459156 0.155621664643 16.50882 0.107537131124
54247.4141166 0.160689251986 16.488782 0.136466336101
54063.6994837 0.161970338026 16.463527 0.113843370944
54977.4769476 0.163814182857 16.391499 0.119666121797
55648.588604 0.173268148395 16.308996 0.0906279662711
53849.4848098 0.177509594111 16.343241 0.0959502789147
54236.4522527 0.178778558547 16.29598 0.127355922269
54977.4824293 0.17980734904 16.348861 0.129626273154
56090.3994522 0.183538667017 16.353591 0.0899993748181
54226.5162835 0.18997838699 16.32436 0.107691335655
54600.4589388 0.19062998232 16.482473 0.0984814599662
54247.4249074 0.192172069901 16.429894 0.133472817721
54510.6589693 0.193706443716 16.344327 0.101744385811
55327.4375879 0.195464766646 16.312761 0.101406496116
54977.4879428 0.195893378019 16.178045 0.28376791554
54882.5471718 0.200365878237 16.404829 0.0991518061915
54063.7132982 0.202275098607 16.349549 0.109718252418
54236.4628451 0.209682590625 16.303538 0.12918702703
53849.4968964 0.212773152014 16.354111 0.0963773953287
56090.4100618 0.214492643652 16.305167 0.0890856659189
54247.4355833 0.223319907101 16.377509 0.130959606828
54600.4713135 0.226733826208 16.202649 0.0925381842986
54510.6720092 0.231751342665 16.374649 0.102760327503
54835.6036813 0.239850634276 16.348176 0.110471677034
54063.7270288 0.242335006354 16.408264 0.111641174315
54882.5622014 0.24421571165 16.245234 0.0941588891432
53813.5187218 0.244240166061 16.343816 0.0956463346914
53849.5089291 0.247879250008 16.26842 0.0939637951031
54600.4821995 0.258494588221 16.411831 0.0969046153336
53882.4180965 0.262395137584 16.296384 0.122171658633
54835.6125255 0.26565413507 16.381724 0.111593705807
55518.7179789 0.267747269454 16.303095 0.129354284238
55690.4381114 0.271774929403 16.221292 0.085818678596
55657.5372226 0.281412126841 16.283069 0.100186469062
54882.5762275 0.285137785327 16.325542 0.0966008374665
53813.5329726 0.285817711937 16.357401 0.0959887220131
53882.4266425 0.287328705294 16.274944 0.110011965416
54600.4930946 0.290281689387 16.274055 0.0930316527982
54835.6215504 0.291984788409 16.283513 0.107543099915
55327.4728884 0.298456000254 16.283092 0.100649162825
54893.5491355 0.299270277918 16.309755 0.111411676888
54893.5514175 0.305928260672 16.1286 0.112869994058
54893.5536931 0.312567333222 16.194373 0.159915368134
54905.5509697 0.315358265159 16.404847 0.0984210558187
55518.7353057 0.318299321381 16.291551 0.113782193698
54835.6306315 0.318479555762 16.413856 0.115662479754
54893.5558737 0.318929475249 16.424703 0.195694847451
54801.7003659 0.324846937426 16.761563 0.231354409046
55736.3852566 0.325391427919 16.23042 0.0888385321599
53813.5472129 0.327364563004 16.205302 0.0916476489246
53858.4498943 0.333694023085 16.306468 0.110317505818
54801.7071186 0.344548311014 16.49705 0.141574372921
54905.5617207 0.346724953036 16.289299 0.0948858976352
53892.3871411 0.347694698507 16.272742 0.110397826743
55736.3936903 0.349997477467 16.339292 0.0920473473821
53858.4585846 0.359048408755 16.369745 0.112801818278
55657.5640073 0.359558130373 16.392403 0.10425041075
54291.3547511 0.360187899129 16.38261 0.123155600244
54801.7140369 0.36473293955 16.414454 0.365623342758
53813.5614502 0.36890287118 16.401307 0.0974115133153
55588.6740942 0.36900798391 16.359115 0.084911470493
53892.394632 0.369550137123 16.420148 0.116820640905
55302.4764267 0.36974470258 16.315008 0.091716874604
54291.3589816 0.372530601141 16.428694 0.12556303928
55736.4021484 0.374674441874 16.310724 0.091499733137
54184.4216216 0.376218399889 16.474763 0.113125825078
54905.5724273 0.377962310931 16.448292 0.0997812041815
53858.4672405 0.384302502977 16.329788 0.111307243345
54291.3632289 0.384922267991 16.366866 0.122760275307
53892.4021135 0.391377717995 16.36571 0.114367168806
54184.4268191 0.391382525563 16.316208 0.112172774278
54291.3674927 0.397362223716 16.471111 0.12826641141
55736.4106383 0.399444268738 16.392542 0.0941223990748
54801.7270464 0.402688691524 16.538315 0.146332628527
54184.4321887 0.407048479375 16.531265 0.115087158465
55676.4317538 0.407366696628 16.402752 0.102032385002
53756.6784569 0.40927799722 16.52742 0.102032385002
54905.5831644 0.409288444714 16.432269 0.09923600073
53858.4758778 0.409502533317 16.558409 0.121283615964
53892.4095874 0.413183313885 16.584075 0.124464385354
54423.6765149 0.4170563772 15.968173 0.145842199944
54184.4375954 0.42282282874 16.583518 0.117263914018
56383.5406997 0.441122766888 16.608755 0.100713098496
54423.6860178 0.444781685875 16.525866 0.137827314455
54131.6628491 0.44926083903 16.635676 0.143272279392
53756.6943866 0.455754074088 16.537691 0.102245873065
54423.6955098 0.472475287374 16.510915 0.135597082852
54131.6713879 0.474173503285 16.815425 0.15492081653
55588.7110944 0.476958228104 16.591481 0.0910299953233
56383.5542894 0.480771412866 16.785739 0.106168314418
54131.679932 0.499101397225 16.689241 0.147628036802
54423.7049874 0.500126609619 16.773602 0.151139471678
53756.7103092 0.502209215107 16.564075 0.103081748302
55267.5632059 0.508279687651 16.594102 0.0998701154659
55676.4673496 0.511219657361 16.674666 0.112618451261
56383.5661762 0.515451898459 16.682966 0.102703376187
55357.3670479 0.516501450021 16.808265 0.116605856892
54936.4676135 0.516564340105 16.778722 0.129383319856
55162.6848399 0.519209021396 16.681673 0.127672915983
54936.4760061 0.541050513777 16.728745 0.127051030849
55162.693207 0.543620567933 16.489549 0.118281935138
53756.7261889 0.548539177884 16.758 0.110767558359
56383.5781463 0.550375512615 16.593494 0.0999317291752
54936.4843875 0.565503595313 16.604318 0.120983515768
55162.7016649 0.568296856905 16.616446 0.124290488383
55127.7427519 0.573522148671 16.708127 0.129795770939
55127.7478221 0.588314792036 16.515861 0.12079411518
54936.4927827 0.589997165305 16.534696 0.118109331569
55253.538858 0.591383715636 16.491768 0.107121391172
55162.7103224 0.593555679039 16.47042 0.117255236492
55127.7528822 0.603078092332 16.40354 0.120372963701
54196.4966851 0.605957380562 16.529815 0.137691770784
55127.7580197 0.618066961833 16.583701 0.125184016226
55357.4045935 0.626043048031 16.355417 0.100066207162
54196.5051739 0.630723830064 16.316532 0.126408561233
56357.5584583 0.636338548282 16.485441 0.098132428702
54525.5497568 0.638493154238 16.448672 0.125201016013
56277.6979927 0.638527813993 16.363547 0.0953175496195
55615.5046586 0.648826656887 16.417926 0.103303197597
53773.5566309 0.652386966375 16.429015 0.132207177947
54196.5136532 0.655462927136 16.253041 0.123623383866
54912.5242953 0.66046383594 16.362198 0.0967830877789
56357.5680026 0.66418447711 16.430304 0.0964006061603
54525.5586902 0.66455700653 16.414321 0.123545368887
54492.6550193 0.666077205096 16.427068 0.131337293036
56277.711049 0.676620326063 16.394172 0.0978017868815
53773.5658374 0.679247406874 16.404714 0.130740386965
54196.5221331 0.680203374162 16.43557 0.133276732908
54525.5675071 0.690280814708 16.305221 0.118550764482
54912.5349947 0.691679919591 16.257039 0.093721818255
56357.5774802 0.691836205469 16.380437 0.0948842471727
54492.6654917 0.696631028856 16.444859 0.135674533151
54208.526972 0.70505802622 16.446226 0.133520191874
53773.5761204 0.70924871861 16.266389 0.123049676923
56277.7228897 0.711166447761 16.528769 0.140119334983
53738.6173952 0.715021862756 16.390489 0.127703560633
54525.5762558 0.715805728638 16.310782 0.11876034182
56357.5871129 0.719940087874 16.241235 0.0909760670331
54616.4077509 0.722268362543 16.285944 0.0832998363423
54912.5457008 0.722915554681 16.263307 0.0939771566078
53821.5662863 0.723503673801 16.341022 0.110633562765
54492.6760008 0.727291930609 16.383585 0.130282975829
54208.5355814 0.730176372413 16.385162 0.130622934899
54408.7034501 0.732220651364 16.284458 0.124334559318
53738.6241953 0.734861685132 16.254098 0.129470576162
53773.5863403 0.739065959649 16.438324 0.131450398393
56277.7330036 0.740674440116 16.114728 0.109876989269
54616.4143088 0.741401419397 16.255076 0.0826469118874
53821.5743894 0.747144969839 16.211441 0.105318850092
55615.540575 0.753614724052 16.28115 0.0973298714342
54912.5564093 0.754158315625 16.288474 0.0948867219093
53738.6311179 0.755058808692 16.27639 0.128542092022
54208.544282 0.755560777479 16.337782 0.128285136962
54492.6864845 0.757878847397 16.440675 0.147016934049
54408.7122754 0.757969110024 16.37229 0.128011612085
54616.4208966 0.760621599004 16.236486 0.0822097864456
53821.582472 0.770726464605 16.360778 0.111560355557
53876.4240925 0.774520677624 16.30753 0.110471677034
53738.6380462 0.775272477481 16.461731 0.180913222261
54535.5370245 0.776959867195 16.36986 0.121824437015
54616.4274704 0.779801255425 16.221067 0.081988207559
54208.5529017 0.780709515324 16.362748 0.129821926313
54922.5054282 0.781031649415 16.229263 0.0837860712131
54408.7211099 0.783744278372 16.301429 0.124254725005
55696.44329 0.792252157533 16.304845 0.0990353213707
53821.5905668 0.794343414763 16.311308 0.109612446305
53876.4326058 0.799358647642 16.30815 0.110631869469
54185.5958339 0.80205490762 16.300295 0.107197782438
54535.54569 0.802241955402 16.363276 0.121644754845
53850.3850227 0.803936039461 16.378766 0.106645093473
55560.718628 0.80721910536 16.29514 0.0986867772098
54922.5146179 0.807843193917 16.252565 0.0843838798883
54408.7299423 0.809513336183 16.260596 0.121763580798
54114.6504529 0.814550633984 16.263079 0.12556016956
55696.4535162 0.822087734281 16.531239 0.10680087305
53876.4411186 0.824195335104 16.359784 0.112456330388
54535.5543816 0.827600055429 16.421698 0.124445013358
54922.5238519 0.834784037429 16.290698 0.0921565209894
53850.3960641 0.836149935238 16.364337 0.108658077493
54114.6581283 0.83694409981 16.378111 0.131204113817
54185.6089643 0.840363535726 16.314468 0.10890309946
53876.4496268 0.849018447735 16.420136 0.115592958819
54535.5629673 0.852649513937 16.440457 0.125377231508
56059.4388054 0.853950976511 16.324941 0.07767046743
54114.6653797 0.858100606267 16.309167 0.127700495597
54922.5330646 0.861662746535 16.341716 0.0947846368631
55560.7398094 0.869017378756 16.224199 0.0965332659698
53850.4073847 0.869178688085 16.365558 0.106165497429
54125.6382582 0.872147090599 16.352888 0.104591393657
54114.6723139 0.878331497694 16.40562 0.133283973927
54185.6220678 0.878593821766 16.46019 0.114687213756
55696.4740597 0.882024609931 16.404305 0.102517789314
54944.4762149 0.882150739895 16.431128 0.0977941167809
55205.653375 0.882547596213 16.349835 0.100902720984
56422.4265182 0.892885150492 16.47919 0.0954293478007
56059.4528557 0.894943592452 16.423747 0.0796357057308
53850.4186466 0.902035900602 16.657895 0.1463995086
54944.4868905 0.913297228031 16.410769 0.0971945420508
54140.733573 0.913654832351 16.269115 0.127565887839
54125.652875 0.914792720675 16.433433 0.107324661962
56422.4347122 0.916791831985 16.494512 0.0955708793564
54185.6351759 0.916837614961 16.453283 0.114687213756
54140.7387165 0.928661261485 16.490826 0.13962352934
54466.6959661 0.928946034444 16.518311 0.133233305273
56059.4669392 0.936033155467 16.457754 0.0805515883222
56422.4430411 0.94109194345 16.608861 0.0990587698963
54140.7438747 0.943710576169 16.506985 0.142018312226
54944.4975828 0.944492678672 16.587451 0.103111311275
54466.7051458 0.955728200573 16.579677 0.138395475124
54125.66732 0.956936895782 16.61896 0.114845690107
54140.7490189 0.958719032412 16.609549 0.150639635539
56422.4515096 0.965799298044 16.569658 0.0979799687392
54792.6677915 0.97175652717 16.615287 0.112862612841
56059.4810431 0.977182151236 16.612953 0.0840756504157
55237.5620846 0.978166739793 16.593156 0.109206446443
53723.6267358 0.978852927777 16.72381 0.144288930446
54466.7139625 0.981451670588 16.76192 0.1473898728
54792.6763397 0.996696577991 16.501709 0.107887383423
54125.6810504 0.996996127225 16.766411 0.121393500542
