54423.4254014 0.000997319096768 18.145347 0.456168648325
55769.5874157 0.0072755112275 17.862411 0.15069678485
55769.6000457 0.0300368568051 18.041537 0.163034497089
55769.6128772 0.0531613680322 17.774603 0.145227543536
55769.6256488 0.0761778122531 18.108068 0.168462765649
54377.4358825 0.120288778408 18.019731 0.276969380057
54377.4453309 0.137316339276 17.945131 0.267269805636
56242.4332758 0.153609283931 18.246471 0.186424397921
54377.4547669 0.154321582682 18.173708 0.302344077904
54377.4641853 0.171295120944 18.019176 0.278862633024
56242.450257 0.184212197201 18.285461 0.193196214872
55468.3954809 0.209665022558 18.263692 0.191081748981
53942.4734911 0.246222297067 18.230434 0.310614135655
53942.4864116 0.269507188381 18.052094 0.272397743304
53942.4929515 0.281293036384 18.179453 0.291696627786
55069.478742 0.295817526997 18.203454 0.274239000268
55084.4651743 0.303843655511 18.213851 0.265491444946
54316.5015333 0.306527829664 17.844972 0.302502224364
55084.4736353 0.319091725337 18.146191 0.256743168456
55069.4920053 0.319720056706 18.123303 0.263046047017
55069.498618 0.331637332288 18.457884 0.314735400535
54316.5258572 0.350363411114 17.954694 0.262592803036
54236.6415961 0.385731381516 18.119368 0.391978532908
55397.4808796 0.409841362613 18.5244 0.261384063879
54236.6553693 0.410552972928 18.301582 0.348994974069
55273.7552809 0.435878316906 18.21904 0.30813703078
54729.4107574 0.437144547157 18.153776 0.267968984895
54729.4260784 0.464755449076 18.148969 0.266358056037
55397.5192776 0.479040854186 18.145528 0.216002923598
56065.6079012 0.485080374044 18.406495 0.206966153865
56065.6193584 0.505728034359 18.373297 0.203869972913
56065.6308031 0.526353397194 18.323255 0.205955798157
55123.4379719 0.53926159977 18.152073 0.20708311263
54594.6301318 0.540197192548 18.190069 0.24418170548
54594.6374841 0.553447174311 18.347863 0.264384418496
55123.4485604 0.558343796351 18.00729 0.193397128472
54594.6448121 0.566653540238 18.068469 0.22827086175
55123.4591886 0.577497537428 18.457209 0.242086903267
55123.4698093 0.596637720111 17.997362 0.195112109485
55353.7526768 0.604397947624 17.943849 0.260700789848
56184.4484419 0.65536210418 17.613353 0.130599495322
56184.4596417 0.675545874026 17.561706 0.128257056472
55353.7989331 0.687759454022 18.12533 0.29198172698
56184.4709569 0.695937811242 17.44439 0.12255152198
56184.4822659 0.716318484761 17.503876 0.125594591822
54644.6844188 0.746289283729 17.914785 0.174128188873
53990.4803512 0.762512823934 17.587255 0.21273773726
55805.5313044 0.784099287042 17.521358 0.152448420114
54644.7076055 0.78807546512 17.60786 0.152573799853
55660.7136738 0.798811237976 17.998627 0.273137654253
56383.7339926 0.800837932906 17.781883 0.163512933675
55805.5447861 0.808395643372 17.569842 0.156033484482
56383.7418097 0.814925607524 17.560845 0.148087118883
56124.610272 0.817097264833 17.784385 0.147074487096
55032.5946328 0.824561109533 17.592095 0.201236989568
56383.7496606 0.829074189559 17.419105 0.139206785425
53865.6715327 0.836408895421 17.401685 0.179009006721
55032.6023741 0.838512161827 17.57235 0.199210426019
55660.7374296 0.841623256471 17.912804 0.328779464478
56383.7575088 0.843217974041 17.643608 0.15283768472
55032.6100235 0.8522975782 17.615067 0.204045201339
53865.680615 0.852776664165 17.527207 0.189604300377
55805.5720792 0.85758225776 17.790611 0.173404138381
54757.3904435 0.861160009918 17.969899 0.248867015847
56124.6360389 0.863533366463 17.96745 0.159823641686
55032.6176755 0.866087792297 17.724436 0.215526778798
53865.6895893 0.868949845568 17.670884 0.202547540987
54757.3993556 0.877220972839 17.741268 0.22186225057
55032.6254697 0.88013416741 17.665171 0.209415341633
53865.6985314 0.885064893799 17.8173 0.21774484676
56124.6491473 0.887156831617 17.902652 0.155646604978
55330.6054398 0.889253809908 18.016726 0.217510046805
55849.4273023 0.891937400357 17.74083 0.165452738766
54757.4082652 0.89327753398 17.881073 0.238211938348
53989.4484043 0.90277408021 17.702182 0.277459613457
54274.6614689 0.903821447069 17.697743 0.224832967728
54757.4172141 0.909405035184 17.783488 0.22761522663
55849.4374013 0.910137454202 17.65679 0.158695906387
55735.6865007 0.912227656718 17.90765 0.17065101928
54274.6714402 0.921791412 17.619008 0.216694430655
55849.4474678 0.928278894972 17.60204 0.155486406629
55735.6970238 0.93119202412 17.916897 0.173087656267
54274.6812847 0.939532789409 17.888112 0.250510553844
55849.4576061 0.946549680011 17.577783 0.155749438472
54697.5103637 0.947366511911 17.450868 0.176462268455
55735.7069416 0.949065644049 17.902247 0.172883920606
54274.6912246 0.957446227447 17.757312 0.235314831914
55330.64459 0.95980897212 17.887869 0.201619615646
55735.7169556 0.967112388068 17.902645 0.174977967604
54697.5281409 0.979403918383 17.910975 0.220340654409
54423.4218283 0.994558083148 17.770187 0.4512306386
54697.5370048 0.995378089568 18.018604 0.233345193743
