56419.663991 0.00126249687294 14.6752 0.063
54234.656817 0.00722057116162 14.5913 0.075
54955.503383 0.0123303386461 14.6281 0.065
53804.685488 0.0145977090087 14.6194 0.07
56419.674714 0.0165249026474 14.5733 0.066
55718.506257 0.0199280931922 14.6529 0.064
53804.692004 0.023872150484 14.6734 0.07
54187.598347 0.0273208877059 14.6353 0.075
54955.514892 0.0287114845952 14.6439 0.065
56419.685499 0.0318755551015 14.723 0.065
53804.698554 0.0331949853169 14.6772 0.071
53975.424647 0.0333729020085 14.6769 0.075
55299.780908 0.0340859921238 14.6864 0.064
55718.520337 0.0399686297332 14.686 0.065
53804.704235 0.0412809432703 14.714 0.071
54187.609598 0.0433348136065 14.6793 0.075
54955.526551 0.0453061305885 14.7355 0.066
53975.433181 0.0455196306193 14.7632 0.077
56419.696294 0.047240440896 14.7314 0.114
53975.441711 0.057660665894 14.7896 0.078
54187.621069 0.0596618728826 14.7565 0.084
55718.534508 0.0601386896204 14.7811 0.067
54955.54002 0.0644770103193 14.8359 0.067
53975.45024 0.0698002778347 14.8682 0.08
55057.418989 0.0722327548901 14.8206 0.067
54187.632902 0.0765041789062 14.8446 0.081
55718.548759 0.0804226161999 14.9293 0.088
55057.427456 0.0842841201512 14.8724 0.068
54993.498987 0.0927486848408 14.9294 0.075
54187.645868 0.094959121862 14.8895 0.079
55057.435918 0.0963283687524 14.8847 0.068
54993.506568 0.103538976564 14.882 0.075
55057.444383 0.108376887345 14.9316 0.069
55742.458015 0.111269101134 14.8776 0.08
54187.657955 0.112162954619 14.8042 0.133
54993.51427 0.114501491656 14.9742 0.077
54993.521985 0.125482510079 14.9001 0.075
54910.620508 0.12902803398 14.9307 0.075
54187.669817 0.129046537319 14.9246 0.08
54710.388737 0.132428377859 14.9139 0.067
55031.466591 0.133313691328 14.9407 0.076
54910.628918 0.140998269232 14.9085 0.074
53928.428931 0.142793092852 14.9349 0.077
53885.571874 0.142905536202 14.9176 0.068
54710.396976 0.144155223072 14.9208 0.068
55031.475022 0.145313816584 14.9203 0.076
54187.681297 0.145386406602 14.9167 0.08
56058.644524 0.150138917362 14.9357 0.065
54910.637446 0.153136457838 14.9436 0.075
53928.437441 0.154905661457 14.9631 0.078
54710.405138 0.155772471595 14.9372 0.068
55742.490247 0.157145988481 14.8925 0.091
55031.483444 0.157301131834 14.9145 0.076
53885.582904 0.158604905383 14.8858 0.068
54910.646066 0.165405593136 14.8549 0.073
53928.445952 0.167019653395 14.879 0.076
54710.413293 0.16737975678 14.9068 0.068
54691.444183 0.168008870217 14.9177 0.069
56058.657388 0.168448680287 14.8705 0.065
55031.491853 0.169269943752 14.8599 0.075
55742.500941 0.172367117579 14.8422 0.081
55414.39824 0.172781307651 14.8764 0.069
53885.593864 0.174204641212 14.7973 0.067
53928.454496 0.179180615336 14.8183 0.075
54691.452341 0.179620425403 14.8821 0.068
56058.670227 0.186722859881 14.8192 0.064
55742.51162 0.187566896676 14.8717 0.074
54173.660578 0.189226503616 14.7611 0.07
53885.604836 0.189821457038 14.7509 0.066
54691.460519 0.191260447271 14.7987 0.067
54691.468695 0.202897622471 14.7593 0.066
54173.670722 0.203664799259 14.7096 0.069
56058.683081 0.205018389476 14.7371 0.064
55326.600642 0.207513493201 14.6688 0.073
53588.430373 0.211434777169 14.6745 0.066
55414.42767 0.214670014346 14.7131 0.067
54173.681109 0.21844896495 14.676 0.069
53588.438464 0.222950969006 14.6709 0.066
55673.684708 0.223913142496 14.6418 0.06
54627.552097 0.228258579857 14.633 0.061
55773.455123 0.230493213548 14.6824 0.065
54173.691437 0.233149153975 14.6089 0.068
53588.446645 0.234595260876 14.6421 0.066
53576.504781 0.237339447981 14.6158 0.07
54627.55874 0.237713784704 14.6224 0.061
55773.463928 0.24302566555 14.5131 0.067
53588.454581 0.245890836009 14.5959 0.066
53576.511328 0.246658012802 14.6096 0.07
54627.56539 0.247178952889 14.6339 0.061
55773.472778 0.255622167573 14.6394 0.065
53576.517889 0.255996504299 14.5814 0.07
54627.572015 0.256608537723 14.575 0.062
53831.555832 0.260060121609 14.6074 0.069
53576.524433 0.265310799117 14.6195 0.071
55773.481724 0.268355309602 14.6306 0.065
53819.619619 0.270847566668 14.6108 0.058
56037.654 0.273621643785 14.6419 0.061
56068.567475 0.273808100483 14.622 0.062
55673.727219 0.28442047551 14.6298 0.06
56068.578149 0.28900076291 14.6305 0.062
56446.56542 0.290969233223 14.5944 0.06
56037.666824 0.291874473369 14.6106 0.061
53959.450305 0.296555817449 14.5673 0.066
54242.590477 0.299465111247 14.4577 0.078
53819.642143 0.302906731797 14.5801 0.058
56068.58887 0.304260322017 14.5798 0.062
56446.576849 0.30723651249 14.5889 0.06
53959.459735 0.309977852928 14.5986 0.067
56037.679647 0.310125879619 14.6168 0.061
54242.60034 0.313503450159 14.5718 0.073
56068.599548 0.31945867778 14.5972 0.062
53959.468421 0.32234092824 14.5753 0.067
56446.588344 0.323597731783 14.5492 0.06
54242.610161 0.327482009062 14.6296 0.073
56037.692438 0.3283317392 14.5971 0.061
53819.663925 0.333909783429 14.5776 0.058
53959.477124 0.334728200222 14.6048 0.067
53919.431426 0.336342260488 14.5988 0.072
56446.599752 0.339835121045 14.5611 0.06
55381.495963 0.341866218036 14.6086 0.066
54199.766706 0.346954635518 14.5854 0.068
54922.718375 0.348328152397 14.6109 0.197
53919.439981 0.348518879103 14.5582 0.071
54199.773361 0.356426920363 14.6051 0.068
53919.448495 0.360637141033 14.5601 0.072
53819.6855 0.364618205007 14.576 0.058
54199.780017 0.365900628543 14.5683 0.068
54323.433761 0.366424415297 14.5609 0.066
53919.45701 0.372756826308 14.5792 0.073
54199.7867 0.375412766731 14.5887 0.068
54323.444682 0.381968641119 14.5579 0.066
55381.532415 0.393749573004 14.4491 0.071
54285.516388 0.397354876907 14.5596 0.066
55978.725661 0.398939047161 14.6665 0.099
54285.524708 0.409197012137 14.5328 0.066
53900.517885 0.416064596574 14.582 0.071
55978.738422 0.417102206742 14.606 0.066
56116.443322 0.417107900072 14.6097 0.062
54285.532897 0.420852690668 14.5484 0.066
56116.451785 0.429153571997 14.626 0.061
53900.528239 0.430801792263 14.5614 0.071
54285.541094 0.432519755872 14.5834 0.066
54297.487032 0.43557422969 14.5691 0.066
56116.460184 0.441108150584 14.5945 0.061
54297.497372 0.450291498713 14.6021 0.066
56116.468828 0.453411445878 14.5918 0.061
55978.764193 0.453782935945 14.6199 0.065
56092.583219 0.456222529665 14.5998 0.065
54131.698359 0.462991904084 14.6064 0.075
54297.507701 0.464993111071 14.5879 0.066
56092.591787 0.468417651612 14.622 0.066
53900.558574 0.473978615842 14.6103 0.072
54131.707817 0.476453792905 14.6113 0.075
54297.518083 0.479770160103 14.5873 0.066
56092.600522 0.480850470273 14.3468 0.079
53900.569172 0.489063104924 14.6048 0.072
56092.609165 0.493152342243 14.8987 0.122
53772.703571 0.493661895652 14.6329 0.074
55220.719464 0.503279360529 14.4526 0.084
53772.712238 0.505997927629 14.5892 0.073
55353.508602 0.506516021047 14.5954 0.068
53772.720745 0.518106226231 14.6362 0.074
54131.738231 0.519743059832 14.5866 0.075
53772.729174 0.530103504819 14.6359 0.074
55681.634355 0.538912516231 14.6798 0.064
55220.749278 0.545714627321 14.5972 0.071
54939.720264 0.547687367637 14.635 0.065
54207.63809 0.550559654759 14.6489 0.075
55001.550468 0.552691808435 14.6352 0.07
55353.545846 0.559526656195 14.6389 0.071
54207.646646 0.562737696709 14.6299 0.075
54939.73327 0.566199243923 14.6507 0.065
54207.655327 0.575093655351 14.6465 0.075
54939.746234 0.584651340211 14.6581 0.065
54207.664049 0.587507970669 14.6467 0.075
54892.680538 0.594466648451 14.5348 0.071
55360.598234 0.597427182254 14.6783 0.066
55681.677353 0.600113012686 14.6504 0.064
54939.759274 0.603211609844 14.6595 0.065
54892.687426 0.604270570014 14.531 0.077
54155.686768 0.606499510375 14.6628 0.069
54975.593868 0.607791897254 14.6653 0.095
54892.694338 0.614108651595 14.6027 0.076
54155.69791 0.622358292917 14.6487 0.069
54975.604259 0.622581756282 14.5475 0.075
54892.7015 0.624302566562 14.6105 0.07
55360.619583 0.627813930452 14.6673 0.067
54859.688162 0.635310628317 14.6733 0.065
54975.614676 0.637408621984 14.6902 0.072
54155.709228 0.638467582157 14.6788 0.069
54859.698931 0.650638507436 14.6563 0.065
54975.625141 0.6523038077 14.6453 0.063
54155.721018 0.655248684837 14.6612 0.069
54181.72051 0.661198219126 14.6601 0.069
56385.703148 0.663654892855 14.69 0.061
56385.703148 0.663654892855 14.6963 0.061
54859.709733 0.666013356569 14.6536 0.065
53851.513998 0.667187606755 14.6622 0.062
54181.731667 0.677078351668 14.6604 0.069
56385.714492 0.679801188769 14.6928 0.061
56385.714492 0.679801188769 14.6782 0.061
54859.720964 0.681998815789 14.6549 0.065
53872.601916 0.682329029174 14.631 0.07
55263.703155 0.683409339352 14.6459 0.066
54226.702037 0.684915226259 14.7028 0.07
53851.527568 0.686502243173 14.6553 0.062
54181.742795 0.692917207533 14.6277 0.068
56385.725859 0.695980221357 14.6571 0.061
56385.725859 0.695980221357 14.6564 0.061
53872.611614 0.696132518052 14.6424 0.07
54226.710866 0.697481838268 14.7086 0.07
53946.384599 0.699697968617 14.6608 0.064
53851.542003 0.707048063133 14.6335 0.062
54181.753943 0.708784530079 14.6215 0.068
53872.621302 0.709921773589 14.6492 0.07
54226.719655 0.709991516935 14.6671 0.069
56385.737418 0.712432533987 14.6957 0.075
53946.395803 0.715644997838 14.6216 0.063
54226.728432 0.722484115605 14.6276 0.069
53872.631041 0.723783619142 14.6285 0.07
53851.556769 0.728065006496 14.6127 0.061
53946.406963 0.731529400382 14.63 0.063
53946.418131 0.747425189588 14.594 0.063
55004.505583 0.758806164742 14.5599 0.069
55004.519359 0.778414007879 14.5498 0.07
53877.589 0.780613058234 14.5953 0.064
54512.718572 0.781848511762 14.5802 0.063
53613.424021 0.785732789051 14.5783 0.079
56385.792236 0.790456833144 14.5811 0.061
56385.792236 0.790456833144 14.6162 0.061
55634.741911 0.795323210584 14.6296 0.066
53877.599947 0.79619429073 14.5902 0.064
53613.432581 0.797916524337 14.5981 0.08
55004.533231 0.798158491043 14.5494 0.071
54595.636257 0.80137237822 14.5526 0.068
54512.733952 0.803739381937 14.5819 0.063
56385.803704 0.806779622418 14.5382 0.061
53613.441189 0.810168579626 14.5398 0.096
53877.610871 0.811742786544 14.5846 0.064
54923.748194 0.814104096925 14.5543 0.064
54595.646586 0.816073990578 14.5662 0.067
55004.547105 0.817905820864 14.5554 0.072
53613.449773 0.822386474918 14.5391 0.08
56074.575824 0.825692878779 14.6048 0.065
54512.749824 0.826330532213 14.5508 0.063
53877.622036 0.827634305758 14.5816 0.064
54923.757898 0.827916125807 14.5658 0.064
54260.527421 0.829719489423 14.5732 0.069
56400.573974 0.829800619436 14.6102 0.06
54595.65691 0.830768486256 14.5489 0.067
54645.541888 0.833731866732 14.5668 0.068
54491.6816 0.839220240949 14.5773 0.069
56074.586452 0.840820067872 14.5802 0.065
54267.561556 0.841639907999 14.567 0.072
54923.767594 0.841716768006 14.5516 0.064
54260.538306 0.84521247524 14.5569 0.069
54595.667293 0.845546958621 14.5536 0.067
54645.550641 0.846190305395 14.5629 0.068
56400.586211 0.847217952226 14.5864 0.06
54512.765018 0.84795666234 14.5527 0.063
56364.756419 0.849472512581 14.5778 0.068
54355.389494 0.850091662688 14.5969 0.074
54267.570156 0.853880576626 14.5534 0.072
54491.692271 0.854408633374 14.5417 0.068
54923.777383 0.855649780241 14.5687 0.064
56074.597211 0.856133713651 14.5927 0.065
56364.762135 0.857608287216 14.5692 0.068
55634.78623 0.858403930677 14.61 0.066
54645.559321 0.858544840704 14.5622 0.068
54260.549178 0.860686957714 14.5415 0.069
54355.397513 0.861505374515 14.5741 0.073
54966.638768 0.861697524537 14.549 0.07
55653.758858 0.862782104716 14.6051 0.062
56400.597901 0.863856721554 14.5831 0.06
56181.394791 0.864713568355 14.6198 0.064
56364.767874 0.865776798523 14.4912 0.068
54267.578825 0.86621945526 14.6016 0.072
54491.702978 0.869648265814 14.5521 0.068
56074.608133 0.871679362807 14.6058 0.066
56419.573225 0.872072202867 14.578 0.06
56048.614631 0.874255596545 14.5813 0.058
56181.401929 0.874873323315 14.6184 0.064
54966.648168 0.875076860014 14.5359 0.069
54267.587471 0.878525597232 14.5682 0.072
56400.61008 0.881191500991 14.58 0.06
53561.501068 0.882051194461 14.5883 0.077
54491.713753 0.884984684938 14.5539 0.068
56181.409089 0.885064391614 14.5969 0.064
56419.583873 0.88722785863 14.582 0.06
54966.65768 0.888615608843 14.5387 0.07
53561.506478 0.889751429033 14.5846 0.077
54355.418013 0.890683712515 14.5964 0.074
56048.626872 0.891678622672 14.5955 0.058
55701.556733 0.895101739882 14.5874 0.062
56181.416235 0.895235533236 14.6326 0.065
56148.395563 0.895804866662 14.5858 0.062
53561.512185 0.897874393662 14.5814 0.088
54355.423154 0.898001070344 14.5932 0.074
54966.667132 0.90206895767 14.5629 0.07
56419.594664 0.902587051078 14.558 0.083
53561.517681 0.90569703491 14.5966 0.078
56148.40403 0.907856231923 14.5684 0.062
56048.639206 0.909234018813 14.6033 0.058
55701.571203 0.915697376513 14.6017 0.063
53554.500436 0.917816720189 14.5819 0.072
56419.605483 0.917986096879 14.6885 0.085
56148.41238 0.919741067163 14.5705 0.062
56495.486692 0.922257520895 14.5796 0.063
53554.506244 0.926083441504 14.5761 0.072
56048.651513 0.926750984945 14.5613 0.058
56148.420701 0.931584625727 14.5765 0.062
53554.512073 0.934380052834 14.5963 0.073
56495.495605 0.934943692922 14.6145 0.064
55701.585388 0.935887363077 14.6183 0.063
53554.517883 0.942649620827 14.5841 0.073
56495.504697 0.947884641659 14.5912 0.063
56405.57812 0.952369565713 14.6287 0.061
55701.599749 0.956327856349 14.5929 0.063
56495.513533 0.960461217006 14.6069 0.064
54234.624417 0.961104563778 14.5821 0.074
56405.589249 0.968209844912 14.6257 0.061
54234.635197 0.976448099572 14.6014 0.074
56405.600102 0.98365728405 14.6045 0.06
54234.646041 0.991882728704 14.6006 0.075
56405.610995 0.999161656539 14.6302 0.061
