54226.714677 0.00500999210301 12.2772 0.053
56116.445416 0.00567303372479 12.2461 0.052
56037.694566 0.00991773944898 12.2496 0.052
53605.414128 0.0137658595355 12.1995 0.053
54155.712167 0.0161329801103 12.2511 0.053
53919.456587 0.0194791715023 12.2159 0.054
54910.637857 0.0215395578663 12.214 0.053
53820.694966 0.0238447119344 12.2802 0.059
53959.479813 0.024455082015 12.2417 0.053
55381.538667 0.0254589394379 12.2543 0.053
54491.704068 0.0283589719655 12.2615 0.053
56116.453898 0.0319530293793 12.2172 0.052
54226.723456 0.0322101903839 12.273 0.053
54187.670241 0.0326439559339 12.2418 0.055
53605.420905 0.0347632104745 12.1985 0.053
53885.572475 0.0354758253118 12.195 0.052
54595.636673 0.0453842697975 12.218 0.053
55263.73971 0.0459636566412 12.2296 0.053
54910.646491 0.0482904989764 12.2077 0.053
54155.723935 0.0525940729018 12.2207 0.053
53605.427572 0.0554197456218 12.1898 0.053
56116.462293 0.0579634707267 12.2272 0.052
54226.732215 0.0593484221817 12.2546 0.053
54187.681721 0.0682127310141 12.2357 0.055
53885.583446 0.0694675527709 12.1789 0.052
54595.647004 0.0773930690343 12.2019 0.053
55718.512581 0.0802807082779 12.2597 0.052
55654.608304 0.0840389769292 12.2465 0.052
56116.470938 0.0847484934273 12.2208 0.052
56092.58872 0.0898669269176 12.2306 0.053
56148.425364 0.0899567783613 12.2149 0.051
53885.594396 0.103394215421 12.183 0.052
54595.657333 0.109395671641 12.1921 0.053
56092.597456 0.116933897231 12.2218 0.053
56148.435512 0.121398584046 12.2086 0.051
55718.526704 0.124038357271 12.2371 0.052
54943.593435 0.128642468746 12.1854 0.052
53885.605379 0.137423122797 12.1651 0.052
54595.667742 0.141646140247 12.1994 0.053
56092.60612 0.143777788088 12.23 0.053
56148.445489 0.15231057612 12.1779 0.051
54943.603108 0.158612569908 12.172 0.052
55654.634678 0.165754209849 12.2047 0.051
55718.540906 0.16804077396 12.2248 0.053
56092.614771 0.170581400747 12.328 0.053
56148.455442 0.183148208381 12.2021 0.051
54943.612692 0.18830692011 12.1634 0.052
55673.685626 0.191789437797 12.2152 0.051
55353.51387 0.195519821537 12.2003 0.055
54285.518013 0.196876888037 12.1962 0.053
54943.622332 0.218174776523 12.1549 0.052
54285.526325 0.222630168383 12.1799 0.053
55360.623603 0.223785843744 12.2095 0.052
54209.680157 0.226524763366 12.1622 0.054
54285.534515 0.248005453043 12.1813 0.053
55718.56702 0.248950442285 12.1703 0.054
56181.397731 0.24907747361 12.1701 0.052
54209.690866 0.259704729578 12.1589 0.054
56181.404908 0.271314154682 12.1495 0.052
54285.542736 0.273476785799 12.174 0.053
54297.488645 0.285789530744 12.1536 0.053
55742.463015 0.286517637213 12.1785 0.055
54975.598402 0.290443215445 12.0987 0.052
54209.701593 0.292940465665 12.1475 0.054
56181.412034 0.293392821175 12.1585 0.052
53877.588455 0.298384223312 12.1307 0.052
55360.649181 0.30303480968 12.1966 0.052
55353.551152 0.31103158742 12.1827 0.054
56181.419292 0.315880466596 12.1482 0.052
54297.498988 0.317835509898 12.1512 0.053
54955.596654 0.318520239806 12.1361 0.052
55773.458614 0.320967916842 12.1561 0.052
55673.728134 0.323493051989 12.1893 0.051
54209.712311 0.326148316837 12.1635 0.054
53877.599404 0.332307787635 12.1273 0.052
53772.704091 0.332499883804 12.12 0.054
54265.552141 0.336109432845 12.1289 0.054
53900.517455 0.339886291455 12.1316 0.054
54860.714073 0.341413765861 12.1364 0.053
55773.467466 0.348394292883 12.1524 0.052
54297.50932 0.349847407461 12.1496 0.053
54955.607428 0.351901597189 12.1446 0.052
56076.535832 0.352797013211 12.2016 0.053
55978.742959 0.358659044788 12.1111 0.052
53772.712914 0.359836408424 12.1298 0.054
56364.75882 0.361388669425 12.1861 0.053
53877.610325 0.366144598842 12.1171 0.052
54265.561981 0.366596954335 12.1288 0.054
54860.723347 0.370147635193 12.1277 0.053
55773.47635 0.375919815324 12.145 0.052
56076.544151 0.378571981842 12.1967 0.053
56364.764521 0.379052222258 12.1845 0.053
54955.618217 0.385329429445 12.1321 0.052
53772.721274 0.385738408393 12.1094 0.054
55742.495195 0.386221747148 12.182 0.058
54892.682694 0.390602779199 12.1027 0.053
56364.770272 0.396870691389 12.199 0.053
54265.571865 0.397220802143 12.1397 0.054
55978.755555 0.397685550963 12.0909 0.052
53588.43235 0.398692506701 12.0893 0.052
54860.73269 0.39909528898 12.1313 0.053
53877.621485 0.400721909811 12.1143 0.052
55773.485317 0.403702498788 12.1621 0.052
56076.552677 0.404988303813 12.1897 0.053
54892.689601 0.412002912413 12.0959 0.053
53772.729847 0.41230035166 12.1015 0.054
56495.492033 0.415417266967 12.1617 0.052
54955.628978 0.418670508585 12.1385 0.052
55742.505903 0.419398615033 12.3537 0.059
53804.685967 0.422757199719 12.1192 0.053
53588.440555 0.424114266235 12.0932 0.052
53975.424225 0.425431054515 12.1603 0.054
54265.581732 0.427791978424 12.1745 0.055
54860.742036 0.428052237768 12.123 0.053
56076.561036 0.430887205455 12.1749 0.052
54892.696621 0.43375315642 12.1114 0.053
55978.76858 0.438041238714 12.0918 0.052
53804.692591 0.443280506876 12.1168 0.053
56495.501077 0.443438521474 12.162 0.052
53576.5064 0.44821923749 12.1015 0.053
53588.448605 0.449055785334 12.1029 0.052
53975.43276 0.451875261424 12.1566 0.054
55742.516593 0.452519713088 12.1518 0.053
54892.703759 0.455869002808 12.1166 0.053
54922.721303 0.459986677189 12.2074 0.067
53804.698989 0.463103592491 12.135 0.053
56400.618183 0.46536227168 12.0985 0.051
53900.558146 0.465960248488 12.1525 0.054
53576.512956 0.468531858519 12.1083 0.053
56495.509981 0.471026010443 12.145 0.052
53946.391195 0.471658068796 12.1126 0.052
53588.456548 0.473665783643 12.1005 0.052
53975.441288 0.478297780048 12.154 0.054
53804.704746 0.48094065158 12.1185 0.053
53576.519509 0.488835184569 12.1104 0.053
56495.51887 0.498567024515 12.1585 0.052
53900.568747 0.498805595561 12.1598 0.054
53975.449811 0.50470480704 12.1497 0.054
56400.631084 0.505333767093 12.0792 0.051
53946.402381 0.506315936229 12.1166 0.052
56386.753154 0.506991371151 12.1765 0.051
53576.526055 0.509116822357 12.1166 0.053
54199.767265 0.513160136946 12.1671 0.053
54234.624843 0.513277873295 12.1577 0.054
53851.514658 0.513277873302 12.1265 0.052
55634.741321 0.529661817784 12.1316 0.053
54966.639185 0.531874022084 12.1632 0.053
54199.773926 0.533798082134 12.1763 0.053
53946.413548 0.54091493546 12.1175 0.052
54245.607545 0.541261947907 12.1627 0.054
56400.643955 0.545212312736 12.0975 0.051
56386.765835 0.54628123498 12.1807 0.051
54234.63564 0.546730492163 12.157 0.054
54589.66854 0.55416647301 12.145 0.052
54199.780585 0.554429830671 12.1864 0.053
53851.528216 0.555284968464 12.1165 0.052
54966.64859 0.56101377204 12.1743 0.053
54526.734511 0.564068720856 12.1649 0.054
55701.563321 0.56595869932 12.1947 0.052
54245.616091 0.567740236406 12.1663 0.054
55045.403928 0.570674350505 12.1762 0.054
54199.787234 0.575030595965 12.1914 0.053
53946.424721 0.575532524673 12.1328 0.052
54234.646458 0.580248175863 12.1808 0.054
54589.677261 0.581186968427 12.1612 0.052
53556.539731 0.584982416987 12.1321 0.054
56400.656902 0.585326331118 12.1138 0.051
56386.778771 0.586361171771 12.19 0.052
54966.65811 0.590509829419 12.1772 0.054
54526.743417 0.591662406455 12.1763 0.054
54245.624653 0.594268098082 12.1852 0.054
55045.412167 0.596201453114 12.187 0.054
53851.542649 0.600003098326 12.1595 0.052
54181.721042 0.60008985142 12.1769 0.053
53556.546553 0.60611919257 12.1494 0.054
54589.685993 0.608241545435 12.1615 0.052
55701.577575 0.610122228937 12.2113 0.052
54234.657255 0.613700794708 12.195 0.054
54131.698787 0.614868863376 12.1904 0.055
54526.75223 0.618967947811 12.1813 0.054
54966.667568 0.61981379063 12.195 0.054
54245.633205 0.620764976517 12.1902 0.054
55045.420426 0.621790522206 12.1897 0.054
54344.396719 0.622264565984 12.186 0.053
56386.791621 0.626174652582 12.1956 0.052
53556.553415 0.627379901163 12.1646 0.054
54173.66235 0.631640098515 12.1851 0.053
54181.732205 0.634676457368 12.1836 0.053
54589.694713 0.635258942525 12.1828 0.052
54923.748725 0.643274310221 12.2307 0.052
54131.70824 0.644157332954 12.2085 0.055
53851.557482 0.6459605583 12.1615 0.052
55045.428683 0.647373394667 12.1949 0.054
53556.560214 0.648445415238 12.1592 0.054
54677.489508 0.652098340835 12.1741 0.052
54344.40654 0.652693219319 12.2041 0.053
55701.591892 0.654480953027 12.2176 0.052
54173.672493 0.663066412591 12.1992 0.053
54181.743333 0.669154621915 12.2053 0.053
54645.54231 0.669284751575 12.1988 0.053
54923.758424 0.673324967846 12.245 0.052
54677.497467 0.676757912344 12.1796 0.052
54323.435415 0.677324905881 12.2027 0.053
56068.571701 0.677328004208 12.1715 0.052
54344.416357 0.683109479325 12.2139 0.053
54173.682821 0.695065916871 12.2095 0.053
53914.510671 0.695422224269 12.1859 0.054
54645.551072 0.696432278352 12.2072 0.053
55701.606235 0.698920233604 12.2354 0.052
54677.505416 0.701386500589 12.1899 0.052
54923.768121 0.703369428819 12.2504 0.052
54181.754479 0.703688556337 12.227 0.053
56068.582429 0.710566838622 12.1745 0.052
54323.446303 0.711059472339 12.2224 0.053
54344.42616 0.713482362784 12.226 0.053
53859.649689 0.718250685491 12.216 0.053
55299.783007 0.719824634772 12.1964 0.052
53914.519176 0.721773481431 12.1974 0.054
54645.559749 0.723316447453 12.2074 0.053
54256.640573 0.725172344331 12.2439 0.053
54677.51337 0.726030580466 12.1995 0.052
54173.693223 0.727294697215 12.2288 0.053
54923.777912 0.733705132362 12.2585 0.052
54131.738671 0.738442471834 12.2342 0.055
56068.59316 0.743814967992 12.1915 0.052
54323.457298 0.745125559631 12.2313 0.053
53914.527734 0.748288949825 12.2048 0.054
54645.568543 0.75056312063 12.2268 0.053
53859.660157 0.75068395531 12.2182 0.053
55220.721517 0.761605552186 12.3245 0.06
54256.654161 0.767272389262 12.2408 0.054
54131.748249 0.768118232078 12.2437 0.055
53914.536265 0.774720763428 12.2124 0.054
56068.603839 0.776901984479 12.2027 0.052
54323.468183 0.77885083111 12.2537 0.053
53859.670575 0.782962308854 12.2297 0.053
53831.595283 0.796573252157 12.2297 0.053
54256.667772 0.809443695677 12.2653 0.054
54187.598772 0.81120974112 12.2623 0.055
53859.681021 0.815327415514 12.2454 0.054
55326.603001 0.816892069838 12.0828 0.057
53928.429348 0.820012083455 12.274 0.054
53831.603236 0.821214233708 12.2427 0.053
55681.635048 0.821685179142 12.2176 0.052
56405.579045 0.835726789658 12.2375 0.051
53613.426131 0.837557899948 12.2245 0.056
56446.570425 0.840358786062 12.1823 0.051
55414.40128 0.844526033666 12.2561 0.053
53831.61112 0.845641430804 12.2433 0.053
54187.610016 0.846047311417 12.257 0.055
53928.43786 0.846385028879 12.2729 0.054
56048.615556 0.846697959736 12.2939 0.051
53872.601487 0.84713482362 12.2716 0.054
54993.530014 0.848411333678 12.2507 0.052
55220.751353 0.854047187487 12.2699 0.054
55004.507527 0.860318198011 12.2848 0.054
53613.434709 0.864135334847 12.2285 0.056
56405.589962 0.869551207559 12.2412 0.051
53831.619 0.870056234594 12.2407 0.053
53928.446369 0.872748679324 12.2795 0.054
56446.581918 0.875967839386 12.1908 0.051
53872.611185 0.87718238292 12.2717 0.054
54187.621493 0.881606791518 12.3427 0.056
56048.627809 0.884661740315 12.3085 0.051
54993.541818 0.884983966152 12.2611 0.052
54691.444716 0.889873123564 12.2922 0.052
56037.656114 0.890780932891 12.2315 0.052
53613.443313 0.89079332621 12.2464 0.056
53928.454913 0.89922077117 12.2766 0.054
55004.521306 0.903010023082 12.3017 0.054
56405.600825 0.903208315902 12.2543 0.051
53872.620875 0.907205155608 12.273 0.054
56446.593359 0.911415779759 12.205 0.051
54691.452874 0.915149261824 12.3004 0.053
54256.702552 0.917203451535 12.2885 0.054
53613.451891 0.917370761087 12.3871 0.061
54187.63335 0.918343635247 12.1923 0.055
54993.553648 0.921637155113 12.2582 0.052
53820.662379 0.922879583582 12.2606 0.053
56048.640155 0.922913665159 12.313 0.051
56037.668973 0.930622298639 12.2317 0.052
55326.640218 0.932202444573 12.2793 0.054
54627.553409 0.933816672082 12.2636 0.052
55414.430754 0.935846075192 12.2979 0.053
56405.611695 0.936887112507 12.2639 0.052
53872.630615 0.937382844571 12.2722 0.054
53919.430999 0.940199222302 12.2386 0.054
54691.461052 0.940487366567 12.2898 0.053
53959.45372 0.943610478522 12.2506 0.053
55004.535178 0.945989992396 12.3035 0.054
54155.68953 0.945996189063 12.2679 0.053
56446.604741 0.946680918964 12.2301 0.052
54627.560058 0.954417437376 12.2491 0.052
55681.678064 0.954962742629 12.2609 0.052
53820.673725 0.958033183059 12.2494 0.053
54993.565449 0.958200492631 12.2687 0.052
54187.646455 0.958947189043 12.2665 0.055
56048.652461 0.96104165697 12.3137 0.051
54491.682675 0.962076497634 12.2753 0.053
54691.469228 0.96581927468 12.2878 0.053
53919.439559 0.966720887349 12.2436 0.054
54910.620918 0.969057024672 12.2361 0.054
56037.681776 0.970290158155 12.2277 0.052
53959.462425 0.970581400739 12.252 0.053
54627.566699 0.97499341606 12.2469 0.052
54226.705817 0.977558829451 12.2941 0.053
54155.700746 0.980747006243 12.266 0.053
55004.549054 0.988982355038 12.2877 0.054
53820.684864 0.992545429196 12.2249 0.054
53919.44807 0.993090734446 12.2268 0.054
53605.407457 0.993096931105 12.2124 0.053
54910.629329 0.995117039242 12.2301 0.054
54491.693354 0.995163514122 12.2705 0.053
54627.573403 0.995764589239 12.2429 0.052
54187.658401 0.995959783731 12.3653 0.07
53959.471111 0.997493454777 12.2413 0.053
