54212.4122809 0.00386464569346 14.092518 0.0626876945817
54114.6675228 0.0151020008434 14.093265 0.0679999872004
54423.6837509 0.0165851551667 14.097346 0.0674959786991
53894.3946598 0.019712668152 14.086166 0.0641503796474
54212.422971 0.0275961727985 14.070977 0.0625088350142
54114.6745262 0.0306491997023 14.083298 0.0678987398839
54510.629085 0.0311348661342 14.097126 0.061478906107
53894.4014875 0.0348699367221 14.078298 0.0643188249486
54423.6932372 0.0376441581886 14.096926 0.0674494330276
54534.5081282 0.0414868352348 14.128646 0.0663136775868
53894.4083058 0.0500061357207 14.074447 0.0647059458955
54212.4334894 0.0509466611886 14.075507 0.062539170596
54423.7027277 0.0587126674917 14.091051 0.0671651668308
56426.448494 0.060058693997 14.144274 0.0575550225244
54510.6421273 0.0600881396707 14.106842 0.0615387062762
53894.4152197 0.0653547724428 14.116542 0.0657188798154
54534.5190217 0.0656700879054 14.096262 0.0660575356556
55592.6501608 0.0669998750014 14.122596 0.0588918143506
54212.444069 0.074432812236 14.085282 0.062622937223
56426.4555929 0.0758178934824 14.142002 0.0575586477786
53848.4750797 0.080405976102 14.134643 0.0581082513275
54510.6551934 0.0890943162482 14.122894 0.0616858946531
56426.4626815 0.0915542254533 14.142192 0.0575905708966
55736.3611519 0.09863680038 14.143622 0.0593874615751
55657.531974 0.101571685156 14.1814 0.0623045967476
56426.469748 0.10724148136 14.155346 0.0577009275331
55736.3667921 0.111157667931 14.141495 0.059373398842
54599.4062474 0.112257187314 14.10363 0.0576068817097
54773.7352258 0.114384796429 14.11869 0.0644535842905
56357.5530698 0.115459290052 14.164421 0.0600703435672
53848.4910557 0.115872088081 14.184208 0.0583646946468
54510.6682467 0.118071999729 14.151054 0.0619350471363
55736.3724163 0.123643079071 14.154986 0.0595130123309
54599.4122699 0.125627008611 14.11827 0.0577133050284
54773.7410591 0.127334522031 14.126967 0.0644797650418
55294.4728589 0.12742285818 14.159656 0.062440386142
55736.378088 0.136234066947 14.171124 0.0596411291304
56357.562645 0.136715904843 14.181245 0.0602290769529
54599.4182146 0.138823883129 14.134824 0.0578086946476
54773.7469292 0.140365927937 14.151305 0.0647222349261
53848.5070264 0.151326149924 14.213139 0.0586399944045
54599.4241604 0.152023353448 14.130231 0.057784925625
55592.6884765 0.152059016549 14.199388 0.0593869702455
54773.7527711 0.153334667216 14.162405 0.0647317711677
55644.4920884 0.153639474301 14.184831 0.0613031794704
56357.5721554 0.157828402063 14.215956 0.0604764078259
54884.5690327 0.160219938949 14.175361 0.0605560699871
55657.5586546 0.160801494694 14.246553 0.0629775772979
56279.6491544 0.172433482428 14.213544 0.0604690766985
56357.5816642 0.178937533406 14.25697 0.0607874795031
55368.3729897 0.182235243084 14.192497 0.0624162327051
56063.4340932 0.185173366327 14.231988 0.061510121352
54884.5806162 0.185934856144 14.206144 0.0608320772913
53848.5229528 0.186682008822 14.280871 0.0590768424805
54245.3791259 0.188709103124 14.198873 0.0689111577184
55266.5742284 0.193776223189 14.244281 0.0602870210834
56279.6596364 0.195703034665 14.240289 0.0606493403251
53738.6195002 0.206189717163 14.292444 0.0721695372986
54245.3881514 0.208745207118 14.273548 0.0698558739213
54884.5921927 0.211634126219 14.258003 0.0612477263175
56063.4473885 0.214688308159 14.285943 0.0621747559907
56279.6697506 0.218156008066 14.286593 0.0609817689186
53738.6263108 0.221308855167 14.290643 0.0743791187621
54245.397331 0.229123552139 14.262534 0.0698330852618
53738.6332339 0.236677738744 14.334244 0.075133254942
54884.6037659 0.237326175674 14.327984 0.0617688468923
56279.6795686 0.239951707142 14.355088 0.0615260293162
56063.4593171 0.241169212574 14.332177 0.0626519921409
54245.406359 0.249165281699 14.336712 0.0709626459232
53738.6401592 0.252051760411 14.357946 0.0778448562523
56063.4712762 0.267717922337 14.38726 0.063164834353
55644.548209 0.278224491843 14.285688 0.0785761451156
53756.6738214 0.285932996043 14.38216 0.0623526504558
55602.6682389 0.306661831898 14.312891 0.0607583451098
53756.6897768 0.321353373219 14.344755 0.0620131880828
54977.4415677 0.332876855659 14.295577 0.0682668344362
54908.5225756 0.335957913238 14.30123 0.0659630812411
54526.53504 0.341606384126 14.273716 0.0674858316955
54977.4486736 0.348651702023 14.297134 0.0671244104102
54908.5305666 0.353697650402 14.261913 0.0655717398256
53882.3827385 0.35381278471 14.278455 0.0658820045423
53756.7056204 0.356525289251 14.20147 0.0609723373152
54287.3498472 0.361735113204 14.248053 0.0680722252447
54526.5441157 0.361753998123 14.24199 0.0671236343032
54977.4558052 0.364483358778 14.254265 0.0668143678663
54908.5385653 0.371454369963 14.220214 0.0650999716464
53882.3920911 0.374575202894 14.233421 0.0656687066087
54614.3898003 0.37503956865 14.165318 0.0609756473188
54287.3562945 0.376047926115 14.222914 0.0678692768444
54977.4629245 0.380288009804 14.108163 0.0705228516727
54526.5529957 0.38146710295 14.210331 0.0667994046647
55602.7023492 0.382385197561 14.219109 0.0599193945411
54908.5465619 0.38920646561 14.191348 0.0648432697887
54287.3627744 0.390432937876 14.225849 0.0679233299392
53756.7215796 0.391954016996 14.228227 0.0611336043678
54614.3979624 0.393159086476 14.159691 0.0608232658668
53882.4014333 0.395314316241 14.196265 0.0689438658629
54526.5617086 0.400809445451 14.195084 0.0665839395679
54287.3692125 0.404725195569 14.20972 0.067861477743
54614.40611 0.411246230732 14.161621 0.0641098133261
53882.410801 0.416110239964 14.22179 0.0816177737209
54038.7242423 0.42459341406 14.182989 0.0704156667746
54038.73272 0.443413373656 14.16896 0.0696589755512
54185.5877337 0.454632435724 14.103125 0.0633905851719
54038.7412339 0.462313755261 14.147349 0.0705672505409
53859.4581817 0.462375472181 14.136765 0.0641710133098
55696.4380487 0.471226583709 14.099971 0.0612050143949
54038.7497347 0.481185333872 14.136051 0.0696750033238
54185.6008468 0.48374292966 14.089877 0.0632537399269
53859.46845 0.485170689064 14.115063 0.0640105517879
54894.6290307 0.492942167991 14.053771 0.0581886559714
55696.4482026 0.493767662389 14.114655 0.0612623343008
54139.6627448 0.503318393186 14.052223 0.0627597856033
54894.6342157 0.504452470349 14.064812 0.0583134879478
53859.4787037 0.507933531053 14.080632 0.0637258836653
54185.6139525 0.512836980862 14.069623 0.0638946736434
54894.6394149 0.515994606838 14.061258 0.0583443370311
54139.6693361 0.517950863115 14.439039 0.0941533321851
55244.649801 0.522579234109 14.089899 0.0586668433038
54062.6452288 0.528057584461 14.098942 0.0624185185924
54923.474395 0.528293402736 14.044065 0.063077450065
53859.4890137 0.530821220518 14.097358 0.0637922083637
54139.6759384 0.532607460582 14.066918 0.0629805160377
54393.7368151 0.535796869634 14.083091 0.068330763478
55696.468759 0.539402032143 14.084913 0.0611543516462
54185.6270717 0.541960836031 14.081989 0.0633532593935
54923.4829001 0.547174256973 14.049203 0.0631972585432
54139.6825296 0.547239672995 14.070153 0.0635702922183
54393.7423055 0.547985490157 14.048986 0.0677923838042
55162.6811235 0.555972722101 14.072235 0.0636596084377
54062.659399 0.559514780217 14.092369 0.0622861417049
54393.7477401 0.560050009536 14.061204 0.0677837194852
54923.4911883 0.565573581 14.048795 0.0631957809735
54393.7531688 0.572101399225 14.089667 0.0679931193669
55162.6894741 0.574510793628 14.086198 0.0637681303476
56406.4128419 0.581853827185 14.129528 0.0576233672285
54923.4993989 0.583800756331 14.071672 0.063437972219
54062.6735591 0.590949391059 14.107463 0.0623461230474
55162.6978645 0.593137020814 14.082295 0.0637705963996
54965.3989004 0.598722206622 14.107573 0.0638451655207
56406.4213204 0.600675841577 14.132599 0.0576490762377
54168.5365769 0.601866728225 14.068837 0.0670914327332
55162.7063351 0.6119413324 14.095191 0.0638444743939
56406.4298747 0.619665920608 14.131966 0.0576813355569
54062.6877397 0.62242971073 14.138474 0.0625566162791
54965.4098288 0.622982797799 14.140991 0.0642307278791
54168.5468443 0.624659915638 14.111116 0.0675948892461
55567.6808759 0.636362562036 14.224777 0.0619216408057
56406.4384533 0.638709931177 14.158635 0.0578359342885
54261.3496932 0.642616944893 14.121533 0.0636473038007
54477.5717632 0.64543615748 14.146067 0.0682199199399
54965.4206645 0.647037554709 14.1737 0.0645967692577
54168.5570251 0.64726088642 14.148889 0.0680105434873
54859.5659581 0.654571185895 14.184621 0.0646186732229
53818.5580009 0.665899061397 14.248643 0.0650866543014
54477.5827012 0.669718073967 14.170076 0.0684195645835
54168.5672224 0.669898342125 14.193112 0.0686803184229
54859.5732606 0.670782341148 14.217186 0.0649693837203
54965.4315033 0.671099018549 14.201346 0.0648088205201
55567.6968694 0.671867497433 14.263896 0.0622517971641
53818.5665445 0.684865475734 14.263291 0.0652540129884
54859.580643 0.687170809838 14.238493 0.0652496436099
54477.5938006 0.694358189615 14.234016 0.0691978353607
55334.368941 0.69484745282 14.273025 0.068265031802
54261.3742398 0.69710910712 14.219781 0.0647625554175
54859.5880041 0.703512258568 14.27869 0.0656756107089
53818.5750564 0.703761463159 14.289556 0.0656087003416
54477.6050581 0.719349284723 14.022326 0.0766439392881
54463.641564 0.721049630144 14.29264 0.073715687454
53818.5835685 0.722657913686 14.334528 0.066053069085
54463.6517849 0.743739500945 14.319087 0.0741590728565
53773.5579437 0.767889968916 14.311274 0.0707122291367
54463.6629957 0.768627049902 14.333216 0.0743400735872
54938.4525621 0.779119282281 14.351472 0.0615943228139
53773.5676735 0.789489545561 14.331552 0.070289839702
56383.5341093 0.792144239214 14.393875 0.0614701309836
53704.6492096 0.793743196056 14.434815 0.0729471215004
54463.6745875 0.794360235314 14.365858 0.0748331768349
54938.4633013 0.802959777552 14.315056 0.0613091423253
53704.6552265 0.80710045309 14.381103 0.0721671864266
54197.4585359 0.807254642128 14.333096 0.0707873650443
53773.5779354 0.812270579399 14.086655 0.068143952234
53704.6612458 0.820463182081 14.410549 0.0742216882717
56383.5476366 0.822174138651 14.368742 0.061152293017
54938.4739981 0.826706208321 14.28837 0.0610960159363
54197.4679192 0.828084969132 14.3269 0.0707206653858
53773.5876741 0.833889965803 14.022284 0.0676484354069
53704.6672969 0.833896132172 14.346323 0.0715561704768
56383.559642 0.848825650446 14.338024 0.060910457895
54197.4772982 0.848906020284 14.259578 0.0697273321952
54938.4846917 0.850445469963 14.260975 0.0608461236166
54818.6642153 0.854627101184 14.287867 0.0627893336299
54184.4187566 0.859558171412 14.246166 0.0643001574654
54197.4866502 0.869666974636 14.210617 0.0692282063997
54184.4239797 0.871153237788 14.22196 0.0643847742495
56383.5715875 0.875344067166 14.287325 0.0606112461736
54184.4292275 0.882803031783 14.189811 0.0639036797884
54818.6770621 0.883146353269 14.217035 0.062085245996
55302.4729232 0.887189186608 14.224575 0.0601839332023
54184.4346935 0.894937438604 14.189725 0.0637024823955
55675.4586246 0.89789244239 14.235095 0.0602386077618
53722.7181757 0.905997711225 14.151908 0.0673396744451
54818.6901048 0.912100629572 14.160537 0.0614740640957
53722.7238947 0.918693555914 14.116829 0.0668736909874
54915.5447571 0.924870318117 14.144145 0.0607212069858
53722.7295413 0.931228813211 14.125279 0.0669523606515
54818.7029798 0.940682343813 14.132114 0.0611835300916
54915.5527738 0.942667094291 14.160289 0.0608859968945
53722.7350712 0.943504818395 14.088792 0.0665974212562
54915.5608073 0.960501127727 14.122778 0.0606614162996
55675.4903607 0.968344986671 14.145142 0.0596343410316
54999.3537646 0.976922715891 14.08575 0.0608981502887
54915.568821 0.978290993195 14.094376 0.0604490461073
54114.6530571 0.982988762811 14.097636 0.0679808488225
54423.6742653 0.995527437285 14.087608 0.067435119694
54999.3633732 0.998253328588 14.061837 0.0607711511579
54114.6604745 0.999455083908 14.099413 0.0680108340295
