54154.762133 0.00392340861111 15.6876 0.087
56074.505924 0.0048992233757 15.6812 0.086
54974.632063 0.007406405257 15.6468 0.076
55326.552768 0.0145422306239 15.7219 0.095
54705.398119 0.0149078013353 15.6676 0.078
54595.620168 0.018019470248 15.6339 0.085
54190.550753 0.0218104674266 15.6941 0.098
54201.667654 0.0219169722653 15.6778 0.086
54154.768783 0.0230654976117 15.7383 0.088
53885.532806 0.0247148836353 15.718 0.081
56036.646507 0.0262030730954 15.7192 0.074
54169.708706 0.0277776178588 15.5299 0.093
53877.543936 0.0286757128733 15.7503 0.081
54844.712417 0.03245519601 15.7376 0.081
56074.51659 0.0356014070187 15.7102 0.085
54705.405654 0.0365973713558 15.7143 0.079
54154.775407 0.0421327453578 15.7868 0.089
53554.464839 0.0423860542023 15.6685 0.096
54190.558487 0.0440728608466 15.6639 0.098
56004.693068 0.0479214282081 15.7268 0.079
53885.543769 0.0562719846325 15.7725 0.082
54201.680759 0.0596398408885 15.7429 0.088
53877.554806 0.0599651124687 15.8052 0.082
53900.483473 0.0603537112682 15.7742 0.096
53554.471397 0.0612633203117 15.8667 0.102
54169.72034 0.0612661988176 15.7109 0.098
54844.72321 0.0635229503522 15.8494 0.083
54301.386871 0.0646426906126 15.8085 0.087
54190.566222 0.0663381327772 15.7953 0.102
56036.660731 0.067146993988 15.7945 0.076
56004.702592 0.0753363538589 15.8255 0.081
56048.475896 0.0772131421391 15.8744 0.077
53554.477974 0.0801952781015 15.7773 0.099
54301.393435 0.0835372277647 15.7673 0.086
53578.449943 0.0837387234425 15.8219 0.093
55263.697261 0.0843604815257 15.848 0.085
53900.492036 0.0850023891775 15.7956 0.097
53851.508732 0.0860904658114 15.8248 0.076
53885.554631 0.0875383561431 15.8326 0.083
53877.565759 0.09149342836 15.7815 0.081
54169.731727 0.0940437878892 15.701 0.098
54844.734009 0.094607975779 15.8524 0.083
55326.581536 0.0973511954441 15.8636 0.1
53554.484537 0.099086936743 15.7977 0.1
56404.571335 0.101360959357 15.8069 0.073
54301.400086 0.102682195276 15.8015 0.087
56004.712199 0.102990195806 15.8539 0.082
53578.457491 0.10546571408 15.8976 0.096
55413.435461 0.107210090911 15.9117 0.088
56048.48647 0.107650502891 15.8678 0.077
56036.674852 0.107794428352 15.8465 0.076
56145.41186 0.108318317114 15.89 0.08
53900.500613 0.109691366193 15.7666 0.096
54587.664811 0.118447792483 15.7084 0.08
53885.565515 0.118868054887 15.7968 0.083
55799.403589 0.120180655273 15.9071 0.083
54301.40668 0.121663087725 15.8197 0.087
53877.576664 0.122883575805 15.791 0.082
53851.522165 0.124757485576 15.7737 0.075
54844.744796 0.125658459079 15.8396 0.083
53578.465034 0.127178312164 15.8171 0.093
54169.74342 0.12770220091 15.7617 0.1
56004.721788 0.130592224582 15.8013 0.082
56404.582503 0.133508154817 15.7851 0.073
53900.509182 0.134357315166 15.7695 0.096
56048.497049 0.138102256175 15.8836 0.077
55799.410657 0.140525961285 15.8552 0.083
54954.530071 0.14362899466 15.8707 0.096
56145.425021 0.146202382268 15.5055 0.073
56036.689016 0.148565638651 15.8977 0.086
53578.472584 0.148911059823 15.8093 0.093
56419.526567 0.150140183426 15.7547 0.078
54587.676292 0.151495961446 15.7632 0.08
54586.636835 0.159408984402 15.4849 0.187
55799.417773 0.161009435763 15.865 0.084
56404.593306 0.164604694286 15.8123 0.073
56058.581142 0.165260994481 15.7232 0.076
53851.536423 0.165799275766 15.757 0.075
56048.507693 0.168741112606 15.7997 0.075
54954.53889 0.169014571031 15.5578 0.087
55413.457173 0.169708291847 15.8538 0.087
56419.535592 0.176118732771 15.7655 0.078
56145.437093 0.180951750428 15.7885 0.078
55799.424835 0.181337470711 15.8282 0.083
54587.687737 0.18444050409 15.6754 0.079
53740.722838 0.18782850992 15.8049 0.075
55058.42033 0.192739247335 15.8643 0.084
54954.547527 0.193876258641 15.7346 0.092
56404.60409 0.195646542054 15.7359 0.072
53740.727271 0.200588943084 15.7636 0.075
56419.544702 0.202341955432 15.6975 0.077
54207.636412 0.203044311782 15.6392 0.098
55058.424545 0.204872165398 15.7728 0.082
56058.59513 0.205525587082 15.6717 0.074
53851.550469 0.206230821939 15.6251 0.072
56019.686882 0.20775931055 15.7855 0.08
53740.73171 0.21336664729 15.7587 0.075
56145.449218 0.215853679609 15.7271 0.077
55058.428758 0.216999326439 15.7514 0.082
54587.699179 0.217376411203 15.6341 0.078
54954.556326 0.2192042648 15.6397 0.09
53740.736149 0.226144351496 15.6573 0.073
54207.644964 0.227661326075 15.5524 0.095
56419.553701 0.228245663522 15.6391 0.076
55058.432973 0.229132244502 15.6837 0.081
53963.423627 0.234192664401 15.6514 0.084
56019.696288 0.234834572055 15.6861 0.079
56058.607895 0.242269762416 15.6331 0.074
54207.653599 0.252517256663 15.5301 0.095
56019.706078 0.263015181273 15.6324 0.078
55220.682587 0.266207448445 15.6216 0.093
54285.477093 0.26819362008 15.5132 0.08
53963.436084 0.270050258786 15.516 0.081
54207.662305 0.277577561441 15.508 0.094
56058.620648 0.278979395623 15.5512 0.073
55365.554012 0.279998388041 16.0275 0.09
53819.615957 0.282430728676 15.5234 0.065
56019.715546 0.290268910373 15.556 0.076
54285.485802 0.29326256039 15.489 0.079
53963.448567 0.305982694404 15.5534 0.082
56393.527327 0.311077656448 15.5083 0.073
55657.731629 0.316080506167 15.5801 0.08
54285.494546 0.318432248529 15.4088 0.078
53884.596988 0.330953765376 15.5511 0.078
55220.707508 0.337942786747 15.557 0.109
56393.537179 0.339436733239 15.5172 0.073
53963.461052 0.341920887043 15.5019 0.082
54285.503275 0.34355875903 15.5318 0.08
53819.638369 0.346943886339 15.4955 0.065
53884.607837 0.362182716291 15.5195 0.077
55365.582992 0.36341759692 15.5925 0.08
56393.546996 0.367695062202 15.4971 0.072
53804.713617 0.385901635578 15.512 0.085
53928.389082 0.386917749475 15.5434 0.09
53884.61867 0.393365611036 15.5536 0.078
56393.556846 0.396048381994 15.5154 0.073
53804.718765 0.400720203106 15.5229 0.086
53819.660388 0.410325789714 15.5405 0.065
53928.397754 0.411880184914 15.5221 0.09
55657.765993 0.414997610845 15.6753 0.078
53804.723884 0.41545529387 15.5319 0.086
53884.62955 0.424683795717 15.545 0.078
55763.381066 0.429001560162 15.5472 0.08
53804.72903 0.430268104398 15.5156 0.086
53928.406302 0.436485685186 15.6015 0.092
55355.534718 0.439364194807 15.5649 0.093
53915.553966 0.440912832975 15.5617 0.092
54922.673071 0.442947939273 15.6102 0.087
55294.745549 0.457156262777 15.6671 0.078
53928.414866 0.461137241584 15.6458 0.093
53915.562647 0.465901175009 15.6169 0.094
55763.394529 0.467754935203 15.6678 0.098
53819.681954 0.47240372825 15.5975 0.066
53598.388129 0.475998986767 15.5223 0.092
54922.684943 0.477121605523 15.6282 0.083
54939.711519 0.488284465831 15.6306 0.078
53915.571346 0.490941330213 15.6623 0.095
53598.395899 0.498365006547 15.6152 0.094
55763.408058 0.5066982919 15.6497 0.087
54922.69683 0.511338449412 15.6611 0.09
53859.647559 0.513782304071 15.696 0.09
53915.579995 0.51583755995 15.7187 0.098
55236.750827 0.518790910833 15.6111 0.091
53598.403794 0.521090840006 15.5892 0.094
54939.724627 0.526015969986 15.715 0.08
54322.395646 0.538603692549 15.7271 0.084
55307.628982 0.542242128726 15.7437 0.079
53859.657963 0.543730318189 15.7947 0.093
53598.411706 0.543865608145 15.7168 0.098
54922.708679 0.54544590994 15.7275 0.106
55763.42156 0.545563928833 15.7371 0.103
53945.472882 0.562800444452 15.8137 0.088
54939.737632 0.563450987612 15.8441 0.083
54322.406625 0.570206849716 15.7827 0.085
53859.668451 0.573920127114 15.7755 0.092
54182.753046 0.576035831687 15.7486 0.089
54677.453951 0.5773513106 15.7622 0.08
54477.698122 0.578275312184 15.7165 0.105
55000.538326 0.578833743051 15.7934 0.078
53945.479951 0.583148628974 15.7513 0.087
55031.459921 0.586942504658 15.803 0.096
56495.412092 0.587354131526 15.8188 0.079
54939.750598 0.600773743388 15.8537 0.084
54322.417566 0.60170062348 15.7975 0.086
54645.501983 0.603303953356 15.8061 0.09
53945.487043 0.603563019219 15.8371 0.089
53859.678875 0.603925711422 15.8008 0.093
54477.707041 0.60394873951 15.7728 0.107
54182.763055 0.604846834517 15.7844 0.09
54677.46376 0.605586611478 15.7803 0.081
54526.691639 0.606585454312 16.0035 0.105
55000.548101 0.606971174611 15.4785 0.073
55031.4683 0.611061536785 15.3591 0.084
54477.716101 0.630028036684 15.8452 0.108
55706.477255 0.630834019378 15.8676 0.085
54322.428442 0.633007294139 15.8122 0.086
54645.512424 0.633358472324 15.7725 0.089
54182.773018 0.63352542588 15.7796 0.09
54677.473576 0.63384206193 15.7634 0.081
54526.701334 0.634492605107 15.7908 0.098
55000.557882 0.635125877234 15.8067 0.079
55031.476745 0.635370550549 15.8281 0.097
56495.430035 0.639003229686 15.7846 0.079
56362.72346 0.641850075713 15.8676 0.081
53831.554156 0.646651429756 15.7499 0.09
53613.38753 0.651919102371 15.7654 0.113
55731.498388 0.654406134685 15.8005 0.085
56008.725311 0.654771705413 15.7575 0.069
54477.724984 0.65559783767 15.7782 0.105
55385.487444 0.658574216615 15.8537 0.09
55031.485159 0.659590330526 15.8468 0.098
54677.483391 0.662094633892 15.792 0.082
54182.782993 0.662238559371 15.7265 0.089
54526.7113 0.663179832023 15.7895 0.097
55000.567662 0.663277701346 15.7543 0.078
54645.52289 0.663484954036 15.7653 0.089
56495.439036 0.664912694818 15.7379 0.078
55706.489138 0.665039349224 15.7985 0.083
56362.73415 0.672621343569 15.7886 0.08
53831.563521 0.673608672369 15.7463 0.09
53613.395669 0.675347292185 15.8326 0.116
54614.610949 0.683165324332 15.7327 0.078
56008.736501 0.686982228085 15.7268 0.068
56376.635395 0.687488845773 15.6878 0.077
55731.510776 0.690065111901 15.8478 0.086
54526.720869 0.690724290588 15.6588 0.094
53872.563091 0.691265450416 15.7454 0.091
54645.533217 0.693211322901 15.6891 0.088
54267.559878 0.693317827767 15.6864 0.096
54614.615855 0.697287292526 15.7011 0.078
54242.548459 0.697707554935 15.799 0.099
53613.403852 0.698902136444 15.7022 0.111
55706.501061 0.699359819473 15.772 0.083
53831.573024 0.700963149318 15.6421 0.088
56362.744934 0.703663191357 15.7388 0.078
54869.611678 0.705217586551 15.6958 0.11
54614.620777 0.71145531689 15.6494 0.077
54267.568459 0.718018318846 15.3536 0.087
53872.572527 0.718427067197 15.6019 0.088
56008.747613 0.718968227015 15.6592 0.067
54896.714797 0.721806437506 15.6331 0.078
53613.412011 0.722387896449 15.7659 0.115
54534.72239 0.723179486602 15.6731 0.095
54614.625708 0.725649247849 15.6257 0.077
55731.523183 0.725778780777 15.7412 0.084
54242.5586 0.726898521017 15.9096 0.094
53831.582681 0.728760916752 15.5596 0.086
56376.650345 0.730522564648 15.5825 0.075
55706.512909 0.733464401469 15.69 0.081
56362.755853 0.73509363793 15.6025 0.076
54869.623641 0.739653197161 15.6697 0.108
54896.721493 0.741080937931 15.6142 0.077
54267.577122 0.74295484771 15.6154 0.094
56068.509561 0.744310625733 15.6567 0.073
53872.581936 0.745510964255 15.5633 0.087
54234.575099 0.746314068437 15.5585 0.095
56008.758983 0.751696881427 15.6393 0.067
54242.568563 0.755577112401 15.7819 0.104
54534.734151 0.75703363826 15.6076 0.093
54896.72815 0.760243176506 15.6021 0.077
55731.535724 0.761878169967 15.6455 0.082
54267.585778 0.767871227 15.5636 0.093
54234.58374 0.77118727009 15.5325 0.095
53872.591385 0.772710001674 15.5529 0.086
56376.66528 0.773513105863 15.476 0.073
54869.635435 0.773602339648 15.5569 0.103
56092.490826 0.774612696539 15.7803 0.083
56068.520391 0.775484884946 15.6629 0.074
54896.734751 0.779244218529 15.512 0.075
54242.578394 0.783875740492 15.7528 0.091
54534.743828 0.784888975885 15.5738 0.092
54097.713187 0.787983373737 15.5891 0.1
54509.732903 0.790700686807 15.5474 0.081
54234.593563 0.799462870116 15.5311 0.095
56068.531258 0.806765649031 15.5598 0.072
56092.502134 0.807162883357 15.5002 0.076
54869.647602 0.808625166231 15.544 0.103
54097.72049 0.809005129508 15.5755 0.099
54534.752527 0.809929131089 15.5069 0.091
56376.680105 0.816187011017 15.565 0.076
54130.728669 0.823366014007 15.5413 0.094
53774.643297 0.828196153172 15.5625 0.097
54509.746525 0.829911744907 15.5453 0.081
54097.727862 0.830225502448 15.4955 0.096
54234.605049 0.832525431632 15.4788 0.093
56446.514002 0.83373152718 15.538 0.069
54534.761323 0.835248501737 15.5028 0.09
56068.542209 0.838288207901 15.5277 0.071
56092.513537 0.839986528577 15.493 0.074
54627.519314 0.840018192178 15.4646 0.074
54130.734888 0.84126746536 15.5172 0.093
55674.589553 0.84177696156 15.5857 0.08
53774.64876 0.843921451224 15.5183 0.112
54097.735237 0.85145451092 15.5197 0.097
55980.655809 0.856440089595 15.5377 0.071
53774.653921 0.85877743939 15.504 0.095
54130.741216 0.859482674262 15.4964 0.093
55980.658224 0.86339169032 15.5407 0.071
54627.527475 0.863509709226 15.4857 0.074
54509.758975 0.865749189696 15.518 0.081
56446.525387 0.86650335923 15.2747 0.066
55980.660599 0.870228150685 15.5203 0.071
56092.524951 0.872841837414 15.5918 0.073
53774.659356 0.874422139188 15.2976 0.154
55980.662968 0.877047339966 15.524 0.071
54130.747557 0.877735303781 15.5101 0.093
54627.535624 0.886966684125 15.4862 0.074
55264.67247 0.891508972313 15.5355 0.081
56446.536899 0.899640762001 15.4637 0.069
54509.771146 0.900783530322 15.5129 0.08
54627.54378 0.910443808619 15.5429 0.075
54909.634246 0.910564706027 15.4772 0.085
54974.600601 0.916842735506 15.5159 0.073
56446.548611 0.933353866703 15.5388 0.069
54909.643087 0.936013609589 15.5494 0.087
54595.592999 0.939813242302 15.5693 0.083
56074.484573 0.94344016443 15.8073 0.086
54201.641432 0.946436692934 15.5065 0.083
54974.611075 0.946992245302 15.9367 0.081
54909.652201 0.962248346293 15.6251 0.088
54595.602031 0.965811941221 15.5874 0.084
55674.63312 0.967184990301 15.639 0.082
54705.38299 0.971358829253 15.5501 0.076
56074.495239 0.974142348073 15.6534 0.085
54974.621562 0.977179175716 15.5907 0.075
54201.654543 0.984176832599 15.3896 0.08
54154.755448 0.984680571802 15.6316 0.085
54909.661174 0.988077213149 15.523 0.086
54595.61114 0.992032285372 15.6104 0.084
54705.390582 0.993212474314 15.5839 0.077
54190.543098 0.99977547626 15.6233 0.096
