54706.50303 0.000425039052046 18.2322 0.144
54706.503905 0.00197466058648 18.2898 0.147
54706.50478 0.0035242821338 17.9471 0.128
54706.509396 0.0116991998681 18.1242 0.138
54706.510273 0.0132523633958 18.0084 0.132
54706.511149 0.0148037559269 18.0582 0.134
54706.512025 0.0163551484709 18.0241 0.133
56065.634407 0.0167164316534 18.2446 0.208
54706.512902 0.0179083119986 18.1033 0.137
54705.41721 0.0774421149955 17.4811 0.106
54705.420064 0.0824965377012 17.4841 0.106
54705.422976 0.0876536781865 17.4756 0.106
54705.425988 0.0929879182716 17.4532 0.105
56242.429673 0.120433043952 17.352 0.125
55849.431436 0.122110177206 17.0641 0.127
54757.391426 0.123573019943 17.315 0.178
56242.438237 0.135599854076 17.2305 0.119
54757.40033 0.139341968706 17.3932 0.181
55849.441541 0.140006092229 17.1067 0.13
56242.446721 0.150624984506 17.2161 0.12
54757.40924 0.155121543462 17.4183 0.187
55849.451611 0.157840022382 17.1345 0.133
56242.455225 0.165685534857 17.4591 0.132
54757.418182 0.170957790084 17.4535 0.191
55849.461745 0.175787296294 17.2822 0.143
53881.660195 0.207027666496 17.5747 0.193
54274.66189 0.211474637573 17.6422 0.215
54377.435452 0.223046325713 17.5143 0.209
53881.671912 0.227778427141 17.6801 0.205
54274.671863 0.229136781116 17.6316 0.214
54377.444902 0.239782238333 17.6634 0.226
54274.68171 0.246575779146 17.6887 0.222
54377.454344 0.256503982968 17.496 0.208
54377.463761 0.273181452713 17.5956 0.219
55353.753263 0.278026897887 18.0665 0.273
55330.609536 0.290577946857 17.6907 0.183
55468.398299 0.313932071678 17.8085 0.153
54316.509432 0.323305953734 18.2613 0.458
54316.525436 0.351648974424 17.5956 0.215
55353.799527 0.359960258856 18.0466 0.277
53561.587779 0.360045266663 18.0391 0.244
55468.428081 0.366675875845 17.6886 0.145
55084.465586 0.370616342042 17.7502 0.206
56490.454346 0.371147640856 17.9642 0.182
56383.73695 0.375061542112 17.7431 0.158
53561.59752 0.377296539127 17.7921 0.215
55084.474052 0.385609594546 17.9175 0.224
56490.463346 0.387086605245 17.8219 0.171
54954.604956 0.387954393317 17.8954 0.19
56383.744855 0.389061265834 18.013 0.178
55805.541259 0.392780357527 17.9502 0.185
53561.607035 0.394147566478 17.831 0.217
55123.442699 0.398929255793 17.5792 0.156
55084.482528 0.400620557016 17.9361 0.227
56383.752669 0.402899828926 17.6594 0.151
56490.472406 0.403131829407 17.8775 0.174
54954.615405 0.406459530966 17.7208 0.17
55084.491039 0.415693504343 17.784 0.212
56383.760526 0.416814544835 17.7055 0.155
55805.554854 0.416857048746 17.9228 0.181
55123.453307 0.41771598183 17.851 0.177
56490.481554 0.419332901209 17.9132 0.178
54169.754399 0.420723133102 17.5555 0.226
54954.6259 0.425046134447 17.8805 0.183
54169.761566 0.433415861753 18.4483 0.36
55123.463933 0.436534585782 17.9496 0.186
55805.568554 0.441119694536 17.6949 0.164
54954.636424 0.443684096806 17.6405 0.164
56184.453347 0.444589075794 17.8706 0.143
55123.474553 0.455342563767 17.8931 0.182
56184.464591 0.46450215531 17.7359 0.136
55805.582297 0.465458493169 17.7218 0.167
56124.613801 0.468989859278 17.9106 0.153
56184.475929 0.484581708447 17.7642 0.138
56124.62672 0.491869357166 17.833 0.147
54644.673422 0.500433894032 18.0514 0.182
56184.487215 0.504569169796 17.9134 0.148
55032.595055 0.508111161878 17.8626 0.226
56124.63961 0.514697496165 17.888 0.152
54644.684966 0.520878272361 17.8945 0.171
55032.602795 0.521818671257 18.0109 0.245
55032.610444 0.535365019993 18.052 0.25
56124.652719 0.537913483299 18.1165 0.169
54644.696544 0.54138286455 18.092 0.186
55032.618095 0.548914910722 17.9406 0.236
56408.680266 0.549575492256 18.1121 0.136
54729.404454 0.558756335746 18.0005 0.243
54644.708138 0.561915792685 17.9887 0.178
55032.62589 0.562719824891 17.9786 0.241
54729.412201 0.572476242088 18.0537 0.249
56408.696361 0.578079673576 18.1927 0.139
54729.419868 0.586054468751 18.0896 0.254
54729.427487 0.599547687614 17.9181 0.232
55273.755765 0.602774442407 17.775 0.241
56408.711658 0.605170600051 17.8425 0.121
54535.763007 0.620519822763 18.1347 0.298
54535.767519 0.628510556911 18.0728 0.287
53568.516722 0.631175905955 17.9682 0.266
56408.726856 0.632086197923 18.3497 0.148
54535.772032 0.636503062055 18.2043 0.307
53568.523417 0.643032724461 18.085 0.283
54535.776565 0.64453098712 17.9731 0.272
53568.530293 0.655210093269 18.2158 0.302
54423.422244 0.665473015337 18.1482 0.458
53568.537341 0.667692073383 18.4782 0.349
54423.425818 0.671802555201 17.9672 0.394
54423.429392 0.678132095052 18.5276 0.569
55735.692126 0.690242166004 18.0629 0.181
55735.701945 0.707631576154 18.2605 0.202
54017.463359 0.713893818165 18.0796 0.274
55397.483907 0.724824405747 18.2619 0.224
55735.711881 0.725228192847 18.4694 0.225
55769.592312 0.727337449131 18.2762 0.179
54017.471476 0.728268993047 17.9772 0.26
56451.701191 0.739463459041 18.1808 0.171
54017.479632 0.742713236785 17.7902 0.237
55735.721975 0.743104626907 18.0638 0.188
55769.605024 0.74985035083 18.3398 0.184
54017.487785 0.75715216752 18.235 0.3
56451.713399 0.761083778741 18.1553 0.167
55769.617813 0.772499619233 18.1758 0.173
56451.725577 0.782650968555 18.1466 0.167
55397.522338 0.7928855547 18.0061 0.198
55769.630608 0.795159513615 17.9993 0.157
56451.73772 0.804156173512 17.7877 0.144
55069.479154 0.829704562443 18.1141 0.257
55069.48579 0.841456892185 17.8155 0.22
55069.492417 0.85319328297 18.1251 0.258
55069.499029 0.864903108806 18.0613 0.249
54594.630562 0.874726823859 18.1587 0.237
54236.642015 0.878426434593 18.1017 0.423
56108.471296 0.880677370575 17.9518 0.17
53865.6711 0.890403680839 17.9598 0.229
54236.648897 0.890614429368 18.408 0.363
56108.477596 0.891834645638 18.3378 0.203
56108.483938 0.903066302547 18.3442 0.203
53865.680174 0.906473698941 18.193 0.257
53942.473915 0.90788518279 18.1797 0.304
56108.491409 0.916297413997 18.2825 0.201
53942.480215 0.919042457867 18.3428 0.311
53865.689158 0.922384327397 18.7432 0.346
53990.480767 0.927830140231 18.4142 0.322
53942.48684 0.930775306646 18.3463 0.312
53865.698108 0.93823474198 18.2246 0.26
53942.493368 0.942336368828 18.1236 0.278
53990.489295 0.942933194488 17.831 0.236
56065.599748 0.955335479783 18.0876 0.174
53990.49778 0.957960095915 18.3554 0.311
53990.506289 0.973029501249 18.3072 0.303
56065.611474 0.976102179385 18.3685 0.2
54706.494151 0.984700365179 18.1732 0.14
56065.622911 0.996357061138 18.3452 0.197
54706.50128 0.99732579597 17.9592 0.129
54706.502155 0.998875417518 18.2807 0.148
