56451.7850611 0.00418156480894 17.33592 0.128058073077
56486.5952272 0.00455037052199 17.308131 0.17523855333
54954.6786505 0.00593054379878 17.358789 0.143372279569
55362.806279 0.00656339300429 17.12406 0.11739870894
54210.7852677 0.00756183841853 17.390321 0.14390034279
54187.762121 0.0106020190122 17.223714 0.193855067767
54260.6722355 0.0136832463451 17.237355 0.163049607035
53594.6214492 0.0139154501207 17.361283 0.173863715537
54005.4924497 0.0233848695069 17.289275 0.182464131382
54377.4423431 0.0342511005529 17.324813 0.189415971501
56486.6041966 0.0372738014328 17.240192 0.219632257331
54758.4371744 0.0443983407378 17.311834 0.177160259378
56421.6456782 0.0445583374582 17.304624 0.131650107168
54296.5873322 0.0452476853122 17.368707 0.133897826094
53851.7315302 0.0466451296149 17.360589 0.12379896722
54210.7963863 0.0481265627049 17.46622 0.1484592333
53594.6309634 0.0486267779572 17.404129 0.177452163419
56451.7981047 0.0517693161384 17.407302 0.134714566834
54005.5023263 0.0594185622046 17.196285 0.174977967604
55506.4467356 0.060109050534 17.473674 0.162270108702
54377.4517977 0.0687451318137 17.333631 0.190606403521
56486.6131006 0.0697590747843 17.097297 0.170792696374
53580.6579236 0.0698065360735 17.174413 0.1555247993
54758.4459848 0.0765419595467 17.148878 0.164476825521
56421.6546022 0.0771161984247 17.211937 0.126476358411
54296.600294 0.0925372331002 17.299105 0.130170418304
55696.6783641 0.0954929626673 17.393463 0.132112529493
53851.7449219 0.0955030537007 17.199979 0.116237588347
54005.5123969 0.0961595494426 17.173135 0.173180535165
54377.4612152 0.103103614449 17.281623 0.186033220593
54758.4548195 0.1087742542 17.275625 0.174384513275
53580.6688277 0.109588466069 17.26815 0.162463766847
56421.6637596 0.110525850901 17.322442 0.131847519544
55696.6904967 0.139756854389 17.182634 0.12143857149
54758.4636793 0.14109817912 17.100131 0.16190730814
54296.613678 0.141366866972 17.102244 0.120603486543
55861.4223541 0.142538526088 17.185303 0.121189043837
56421.6729286 0.143977689145 17.257538 0.12801780153
53851.7583213 0.144388807545 17.051198 0.109796675849
55449.4587456 0.146830976147 17.210673 0.130025317202
53580.679743 0.149411691209 17.152174 0.154481073898
53694.430843 0.155522880051 17.113081 0.181552264717
54677.6098684 0.156472639421 16.986367 0.117685663039
55861.4294634 0.168475903272 17.160567 0.119158633748
54644.7217851 0.168573278249 16.982608 0.116118684102
55057.5104817 0.174507918069 17.018158 0.122043537231
54677.6152755 0.176199933624 17.032512 0.119793799106
53694.4372617 0.178940475398 17.248745 0.194576001682
54590.7299316 0.186309761954 16.9969 0.105795117094
53580.6906773 0.189303915825 17.344033 0.168742757005
55449.4707319 0.190561168951 17.076039 0.117281271806
54296.6273868 0.191381840252 17.060404 0.118596194697
55861.4366925 0.19485032526 17.194364 0.122509944176
54677.6206771 0.195906917687 16.919862 0.11478020507
56097.7079325 0.199775793453 16.804542 0.203695225449
53694.4436931 0.202404520711 17.119219 0.183323853868
54644.7328398 0.208904911084 16.930974 0.114033537064
54590.7366023 0.210647091727 16.948575 0.103913191154
56390.7197073 0.215171029041 16.945208 0.133743342691
54677.626083 0.215629566767 16.902709 0.114207594344
55861.4437089 0.220448582084 17.071555 0.115802047643
53694.4501504 0.225963152571 17.117649 0.184334522646
55696.7149073 0.228815976227 16.979355 0.112214122661
55449.4827814 0.234522338258 16.960228 0.112351215954
54590.7433894 0.235408799508 16.817814 0.0994033516986
54623.6349677 0.236059341474 16.938961 0.128294499964
55830.475497 0.236950531773 16.979689 0.11080840937
56097.7186508 0.238879902967 16.928554 0.168879084469
54644.7438548 0.249091749216 16.922509 0.113742124538
56390.7303894 0.254143349208 17.011151 0.12409020332
54590.7502534 0.260451354847 16.902129 0.102154795328
54358.5924369 0.26281734912 16.848682 0.126092117074
54623.6426107 0.26394382459 17.475032 0.46229307026
55449.4947615 0.278230192456 17.012599 0.113314654659
55127.4334301 0.279301182457 16.973023 0.14390034279
54346.5368194 0.279462783718 16.846128 0.111796499877
55830.4894809 0.28796927235 16.933301 0.10895524176
54740.4139154 0.288879295875 16.863863 0.139100131867
54644.7550121 0.289797552328 16.94557 0.11485562577
54358.6006138 0.292649784567 16.990909 0.13381314295
56390.7410652 0.293092486572 16.867776 0.129138936499
54273.6322936 0.296771597458 16.911115 0.151956489106
55127.4404742 0.305000784415 16.939269 0.141660920003
54346.5467749 0.315784420006 16.91638 0.114766335836
54358.6087709 0.322409632797 16.996311 0.134533923947
53945.5481692 0.324464879724 16.882778 0.125565905735
53668.4398104 0.330616902924 16.954665 0.148453817371
55127.4476249 0.331089331442 16.999602 0.145740782037
54740.4256475 0.331682573223 17.011034 0.129975995234
56390.7517269 0.331990530678 16.89185 0.117569214793
54273.6420764 0.332462792479 16.943711 0.153406972572
54729.4639326 0.339289677688 16.944607 0.145948966242
55830.5036048 0.339498530448 16.831556 0.105257795894
54358.6169368 0.352201994586 16.938579 0.131903139586
54346.5567767 0.352274581085 16.850779 0.111940301578
55127.4547404 0.357049089944 16.918542 0.140795243496
56065.6819519 0.357145704597 16.912948 0.129001463301
54273.6518298 0.368046730522 16.914617 0.151394547182
54729.4718725 0.36825735532 17.062924 0.153928336263
53668.4512917 0.372504750924 16.819851 0.140493337709
54757.4311589 0.374081530513 16.928944 0.147958478921
54740.4374131 0.374607842176 16.915786 0.127259011048
53945.5625787 0.377035950337 16.855033 0.124073799921
55830.5177897 0.391249984498 16.873682 0.107112590962
56065.6919924 0.393777367343 16.909111 0.116550830435
54729.4798417 0.397331824748 16.94385 0.146224832431
55421.5703294 0.399567253702 17.079197 0.158840517946
53606.5141276 0.402807842921 17.0055 0.1278356657
54346.571102 0.4045386224 16.864997 0.112910612025
54757.4399768 0.406252596747 16.942624 0.149032066262
55004.6740962 0.407819032103 16.817542 0.169731099048
53668.4627283 0.414229605821 16.864295 0.14338181468
55425.686782 0.417909687889 16.621169 0.0957289877916
54740.4493602 0.418195308588 16.98435 0.121403510747
54729.4878324 0.426484878261 17.000071 0.149618561687
53945.5762052 0.426750652536 16.952186 0.128826460946
55425.6896473 0.428363704578 16.899135 0.121025497503
56065.7020761 0.43056649156 16.962221 0.127807970731
55468.4494117 0.431809218727 16.964914 0.109018596524
54757.4488231 0.438527117624 16.953258 0.149791668512
53606.5282496 0.454329923226 17.031849 0.129363961265
53668.4741882 0.456039715445 16.871348 0.14993742131
55770.5104174 0.462147949455 17.005438 0.10516719122
55035.6627855 0.466026453986 16.998843 0.154952397519
55004.6902949 0.466918108346 16.599609 0.163467150787
56065.712163 0.467367061085 16.934158 0.122439908148
53990.5393639 0.468993795243 16.950888 0.15584606566
53614.4812198 0.469708857881 16.962261 0.14220751861
54757.4576757 0.470824862555 17.033704 0.155422491021
53945.5898185 0.476416833592 16.960601 0.12930273044
54623.7014233 0.478513844478 17.063111 0.0977950739153
55035.6702907 0.493408020586 17.000594 0.153829715107
53990.5478925 0.500109578081 16.953263 0.156221705042
56154.5287527 0.503156557781 16.869685 0.108561373384
53606.5421738 0.505130563141 17.013611 0.128450985111
55421.5998736 0.507355350544 17.126588 0.16144497865
55770.5231934 0.508759340379 17.133122 0.109804859044
53651.4958333 0.512717567276 17.069985 0.194946641561
54018.5098205 0.515571150533 16.965318 0.16125551786
54623.7122665 0.518074041873 17.046831 0.0972289863036
55035.6778003 0.520806054856 16.985454 0.153400877817
53614.4953147 0.521132043297 16.975591 0.149385180506
55468.4748209 0.524511346087 16.973211 0.109416675563
55004.7065177 0.526104637461 16.736194 0.191782503288
53990.5564315 0.531262942417 17.133984 0.169575093821
56154.537635 0.535562444793 16.889653 0.109337829715
53651.504861 0.54565377772 16.982157 0.187723856361
55035.6853209 0.548243782282 17.039899 0.157716600913
54018.5197755 0.551890675135 17.095903 0.171471197364
55770.5359774 0.555400288607 17.132901 0.109703577148
53606.5561056 0.555959157232 17.0527 0.130559346061
54623.7231128 0.557645176683 17.00874 0.107092074519
53990.5649864 0.562474158254 17.253746 0.179332180975
54034.4201986 0.562518917909 16.957036 0.16074926263
54388.5512145 0.563525513432 17.021609 0.169852774075
56154.5466756 0.568545991739 17.066372 0.117444514722
55739.5677944 0.572007424442 17.164575 0.121536457782
55795.4854615 0.580351805041 17.054912 0.122815311535
55004.7226011 0.584783180289 16.676557 0.20773859991
54388.5578527 0.587744146015 17.068007 0.174422592364
54018.5297687 0.588349588286 17.006577 0.165532317701
54623.7339648 0.597237423914 16.852836 0.148977164955
55739.5748804 0.597859885086 17.1065 0.118428459
53973.5813772 0.599982484562 17.043585 0.162433918793
55428.4778464 0.600745770653 17.164181 0.103206428366
56154.5557151 0.601525313509 16.940699 0.111429123892
55770.5492909 0.603972805435 17.156223 0.110501952333
53614.5185943 0.606064537135 16.93559 0.12828201274
55428.4806942 0.611135559957 16.906674 0.0948207968089
54388.564459 0.611846274481 17.081262 0.176591194608
55739.5820345 0.623960679703 17.172641 0.121293589275
55795.4974642 0.62414195737 17.069793 0.123877629771
54018.5397702 0.624838906602 17.042985 0.169221566374
53973.5897281 0.630449668186 17.120813 0.168008011435
54242.751475 0.632116685824 17.01594 0.125020151254
56129.6222523 0.635025544089 17.112643 0.124748011147
54388.5710573 0.635919225825 17.101698 0.179279923539
55739.5891966 0.650090608756 17.108575 0.118392325004
53614.5324844 0.656740819083 16.974908 0.139701375559
53973.5980819 0.660927366437 17.214518 0.175519907858
54944.7170963 0.662493970367 17.192028 0.116464280069
56129.6306193 0.665551380752 16.986897 0.118879479295
55795.5093332 0.667444394849 17.143149 0.130522587824
53593.431619 0.672974631791 17.136931 0.123910237113
53936.5997189 0.677206359489 17.168888 0.14091578832
55084.5101442 0.679268956405 17.144162 0.155697987671
54242.7660361 0.685240924882 17.225949 0.136021237026
53973.6064466 0.691444800185 17.214659 0.175354791347
56129.6390343 0.696252498246 17.143472 0.126420342791
54062.4153043 0.699025259495 17.213361 0.184541181369
55389.5854727 0.706972879492 17.154937 0.178988222261
54944.7301653 0.710174536577 17.148881 0.114388649483
55795.5212241 0.710827019117 17.230642 0.145837124125
55084.5189245 0.711302784824 17.25027 0.163467150787
53936.609958 0.71456262904 17.150538 0.139796749188
54062.4216278 0.722095753319 17.198638 0.184300155147
56129.6478123 0.728277883241 17.271827 0.132963126921
55330.6615808 0.730807926817 17.184132 0.143972909259
54242.7812057 0.740585093503 17.027982 0.125677930232
55084.5278333 0.743805371873 17.368834 0.172893161652
54062.4280194 0.745414539147 17.226233 0.187214972507
53821.7732818 0.747867772128 17.112877 0.15465644032
55663.6920852 0.749339282383 17.229317 0.14567500248
53936.6200066 0.751223385715 17.124328 0.138491724736
54944.7432861 0.758044192368 17.274834 0.12031018498
53821.7783832 0.766479526449 17.239634 0.163551113885
54062.4343196 0.768400157258 17.441423 0.207924686671
55084.5366489 0.775967992878 17.237133 0.163299691411
53821.7835831 0.785450587224 17.088669 0.152777566002
53936.6299502 0.787501528317 17.147791 0.140119334983
53994.4650218 0.79124693557 17.431088 0.319141324265
54242.796766 0.797354872954 17.19341 0.135744379807
53821.7887333 0.804240495462 17.253483 0.164104360003
54944.7564162 0.805947754979 17.281866 0.119922044761
53994.4726083 0.818925353623 17.035689 0.19233338512
53936.6398028 0.823447390879 17.17021 0.141374689394
54316.5363325 0.826583722458 17.262692 0.182597234473
53994.4802593 0.846838974813 17.374949 0.311701720267
54316.5440389 0.854699606722 17.303419 0.187626569299
55362.7670703 0.863515488806 17.304784 0.125606074296
53882.6553699 0.868257102854 17.278812 0.16653020574
56184.5060581 0.871461122997 17.282764 0.127986858515
55663.725593 0.871588478466 17.268904 0.145867594849
55330.7009727 0.874524191996 17.311211 0.150954927239
54316.5512049 0.880843895024 17.336854 0.192425703425
54417.4186558 0.882634805831 17.33032 0.155326792359
53882.6651006 0.903758276895 17.204905 0.160756454041
54316.5583336 0.906852170608 17.30616 0.19200485888
56451.7591832 0.909769177496 17.226261 0.155129678357
54260.6440973 0.911024572522 17.339942 0.169290347652
56184.5173 0.912475558855 17.347464 0.131944917434
54417.4284625 0.918413450459 17.186005 0.146580120484
54954.6570051 0.926960136839 17.30168 0.141180552219
54210.7633367 0.927549703943 17.370711 0.14299269583
54187.7419991 0.937190141398 17.209498 0.194003978009
53882.6749756 0.939786016551 17.517027 0.185562678322
53594.6023285 0.944156333032 17.311522 0.169402327463
54260.6532605 0.944455296912 17.215017 0.160756454041
56184.5286274 0.953802092349 17.303395 0.129962854218
54417.4382613 0.954162916159 17.483691 0.167857362066
56451.7721132 0.956942646186 17.395457 0.126615357255
54187.7486304 0.961383480554 17.295026 0.201313328053
54954.6678134 0.966392768576 17.266424 0.13856303328
54210.7741945 0.967163022689 17.3621 0.142253808916
56486.5861889 0.971575270264 17.284021 0.155028282328
53882.6849247 0.976083963604 17.235075 0.16273324367
55394.5934744 0.97801645854 17.318743 0.144494491131
54260.6627254 0.978986907839 17.153263 0.156666216057
53594.6120144 0.979493837912 17.355539 0.173124789772
55506.42559 0.982962069748 17.294749 0.152897888221
54187.7553904 0.986046378471 17.100288 0.182530645913
54005.4826346 0.987575864231 17.190422 0.174194521751
54417.4480685 0.989943208406 17.310126 0.156104781651
56184.5400282 0.99539638156 17.334612 0.131722704584
53851.7181818 0.997945215719 17.367619 0.124232740133
54377.4329074 0.999826364244 17.226049 0.180388149729
