54645.4681105 0.0137701114123 18.224431 0.247721190219
55264.527197 0.0161385193184 18.247719 0.231757899198
54616.5259584 0.0193532637892 18.735803 0.249610021533
53813.6909294 0.0263637090886 18.502738 0.233955249642
54859.5993909 0.0278139491202 18.33693 0.282550210366
53765.640851 0.0339031771302 18.410759 0.186104146744
56369.7334518 0.0365071709793 18.554379 0.232163568067
55397.4503401 0.0404513204322 18.478912 0.219210630787
54598.5474752 0.040579678794 18.180758 0.234594952102
56375.6371952 0.0457470148391 18.193184 0.189215765326
54949.5268415 0.0463565124641 18.26036 0.355436545364
55303.5965313 0.0494516563691 18.343853 0.207317653323
53761.711155 0.0495683253513 18.402712 0.345779533461
54616.5357995 0.0543741817772 18.423193 0.213673205887
54273.4277141 0.0595753337166 18.24761 0.285757664613
54859.6095028 0.0637982498606 18.151175 0.253490909123
55592.7568167 0.0639796741627 18.591036 0.220605609979
53813.7030674 0.0695584775328 18.011036 0.183605891543
54598.5556523 0.0696791816656 18.038693 0.217882189249
54287.4821705 0.0741884931598 18.550783 0.2803290143
56019.6108238 0.0795455013416 18.572335 0.243847271075
54209.6451296 0.0809432846821 18.372373 0.339225953626
53761.7210937 0.0849364556606 18.25937 0.321317590748
54273.4354036 0.0869395111041 17.822992 0.229230853283
56375.6490675 0.0879958634558 18.280894 0.197463198496
54616.5456969 0.0895952712872 18.35848 0.207351231149
54598.5638658 0.098908015812 18.16998 0.233102538984
54859.6197011 0.100090263949 18.137307 0.252712548942
54209.6516343 0.104090898094 18.239521 0.315984886632
54533.6535947 0.107255879037 18.232207 0.285134247601
56419.4920842 0.109080014004 18.224304 0.193679559497
53813.7152803 0.113019771751 18.287094 0.210516226545
56019.620268 0.113153591908 18.134186 0.196269206259
54273.4430701 0.114221723997 17.981745 0.249252538153
54949.5464917 0.116284214631 18.311211 0.316765562761
54287.4952432 0.120709470572 18.107717 0.226122559794
53761.7312852 0.121204004162 18.000494 0.305716220259
54616.5555203 0.124553127843 18.226245 0.195278026189
54209.6580735 0.127005799139 18.248218 0.318221518795
54598.5720503 0.128033469281 18.092569 0.224616651403
56375.661034 0.130580435347 18.285212 0.198112592426
54859.6298891 0.136345620916 17.939359 0.226564951712
56387.465668 0.138907604074 18.183989 0.190952895157
54273.450778 0.141651432179 18.145148 0.271856334855
54533.663311 0.141832749714 18.117783 0.268785410457
56008.6700493 0.145374772869 18.18467 0.199269533831
56419.502405 0.145807838242 17.953813 0.170527376223
56451.5374842 0.146808489103 18.173009 0.168555917341
56019.629755 0.146914490039 18.424947 0.227121738093
53729.7039374 0.147716549748 18.318838 0.31449901732
54209.6645586 0.150083803592 18.081078 0.292650129012
55961.7441584 0.153481555248 18.122386 0.1913144029
54868.6269949 0.153718302396 17.936671 0.184518179847
53761.7408975 0.155410883718 18.044913 0.280709770633
53813.7275249 0.156593551413 17.951668 0.179678362026
55273.5589538 0.156820991632 17.887145 0.166165671688
56375.6729367 0.172937607949 18.079202 0.180005612239
54533.6729368 0.176087529848 18.126863 0.26953406901
56387.4763677 0.176983959827 17.930558 0.17323634708
54526.6484385 0.17849570224 18.100315 0.262941239821
53935.4102533 0.180427049865 18.006543 0.203806367641
56008.6799447 0.180588859353 18.01997 0.18398039419
56419.5124505 0.18155613276 18.006092 0.174728269743
56451.5480789 0.184511227836 17.93769 0.152299645832
55961.7536138 0.187130009932 17.988662 0.179731009189
54868.6376477 0.191627435253 18.003466 0.18884223792
54533.6825762 0.21039050237 17.963851 0.247925669006
54526.6581977 0.213225007914 18.048734 0.25606331637
56387.4870484 0.214992353563 17.636592 0.15742827057
56008.6898665 0.215896856303 17.919489 0.175969332255
56419.5225779 0.21759566524 17.92469 0.168008011435
55961.7631397 0.221028927391 17.975903 0.178884427293
56451.5588341 0.222784873334 18.122426 0.166343545179
54240.5970953 0.227543320977 18.271711 0.254497834196
56293.6346424 0.228985110342 17.814162 0.1776341577
53872.4784698 0.229481292997 17.88039 0.216597972515
54868.6484702 0.230140792207 18.138876 0.200629614759
56399.5757028 0.234043282544 17.787261 0.134850665174
55685.5391684 0.242059378227 17.891354 0.182942584404
54526.6678056 0.247415907794 17.924479 0.240364730249
56008.6998531 0.251435504089 17.941723 0.178286369321
55294.6613782 0.252546166093 17.948039 0.197779820359
56387.4978775 0.253529188594 17.778242 0.167698842526
55961.772623 0.254776686349 17.827725 0.166963106246
56293.6429602 0.258585088987 17.943761 0.187154693407
53872.4869941 0.259815896036 17.657955 0.194221250479
56451.5694523 0.260571264775 18.065595 0.162381737408
55217.669214 0.265904383866 17.877176 0.229970720612
54240.6079868 0.266302159726 18.09713 0.232981502676
54868.6595623 0.269613455538 18.005745 0.187371996584
53859.5643769 0.272999954798 17.759742 0.201973712071
54168.6731117 0.276682478369 17.546512 0.213176344549
55338.5064686 0.281009368796 18.064821 0.216540164692
54526.6772922 0.281175157197 18.262708 0.286835754839
56293.6514472 0.288787232349 17.837473 0.17690991143
53872.4955269 0.290180938905 17.829842 0.211420987819
54240.6188898 0.305102184626 17.966721 0.218553162783
53859.574858 0.31029818794 18.007142 0.22900115124
54195.6608068 0.315909670562 18.05453 0.27848920995
55734.4553563 0.316683474797 17.720259 0.156293307645
56293.6597745 0.318420984527 17.577072 0.156228208088
56399.5996631 0.31930913429 17.819516 0.136653099288
53872.5040325 0.320449189168 17.853136 0.214043615826
55685.5660906 0.337865570243 17.927763 0.186650860232
54240.6298469 0.344094145335 18.083619 0.232619552135
53859.5853207 0.347531344779 17.838679 0.211029186097
54195.6701814 0.349270262649 18.000657 0.27251417195
56043.5734783 0.353771651228 17.801896 0.179499745481
55734.4687721 0.364425340636 18.312002 0.206021563904
56399.6123558 0.364477871715 17.983645 0.146694063113
54324.3776207 0.371452251015 18.000828 0.226853948709
55217.6995549 0.373876355043 17.817568 0.222195576436
54195.6795754 0.382700011016 18.180123 0.310443417899
53859.5957917 0.38479378628 17.962023 0.22485462982
56043.5841244 0.3916572644 18.018163 0.253147538896
55706.3759238 0.392366643185 17.738364 0.172883920606
55338.5417215 0.406461297048 18.196275 0.235539635714
54324.3875202 0.406681125373 18.016703 0.22987782795
53832.6261225 0.409713992878 17.815034 0.204863993384
56399.6250776 0.409750032903 17.898956 0.141788831329
56412.5516456 0.410625199713 17.833963 0.161892554649
55734.4821989 0.412206294846 18.098285 0.187931125604
55248.6232217 0.419771233807 17.97623 0.250269454836
56043.5949188 0.430070534895 17.916036 0.203410293248
55706.3866293 0.430463591638 18.131764 0.208094312093
54324.3971193 0.440840722481 18.008556 0.230156840601
53832.6357036 0.443809542466 17.957308 0.220462820674
54168.7205754 0.445588041932 18.143223 0.292363119819
56412.5622795 0.448467607201 17.989008 0.173516307778
54590.5136715 0.451243183266 18.124544 0.188200486759
55734.4957035 0.460264482727 18.126296 0.191521984268
56043.6056986 0.46843191129 18.029597 0.183639831569
55706.3973435 0.468591389176 18.243496 0.219270706255
55185.6922666 0.471773331631 17.938281 0.196044413231
54590.5202383 0.474612015001 17.984908 0.176442460408
54324.4066492 0.474754014311 18.073116 0.239992960232
54884.7348841 0.475739384776 18.040305 0.206153306615
54168.7317517 0.4853605935 18.271992 0.313324711997
56412.5731751 0.487240861257 17.915007 0.168083512987
55031.4252361 0.492457920257 17.768498 0.217373438932
55360.4846128 0.493097287607 17.940053 0.188594560788
54227.4646024 0.493857556576 17.925175 0.211260434285
55765.416278 0.495154998977 17.864174 0.195458301261
54590.5268089 0.497994439984 18.102508 0.186567320815
55664.53593 0.499300647306 17.943205 0.193909170201
55706.4082807 0.507512918894 18.147747 0.209121391606
54884.7444692 0.509849183829 17.881026 0.190837166387
53832.6551054 0.512853434975 17.884815 0.213029828461
54908.6321986 0.517444636241 17.98198 0.231567755408
55031.4328 0.519374797414 18.242307 0.277541560349
55765.4233276 0.520241817814 18.670905 0.340404721312
54590.5333653 0.521326203606 18.218926 0.197148219294
56412.5840172 0.525823825383 17.887814 0.166278789272
54227.4765969 0.536541349861 17.920518 0.21083415107
54487.6899017 0.539469483661 18.19349 0.239675705405
54884.7541654 0.544354387616 18.030353 0.205693374272
55765.4304087 0.545440750591 18.279653 0.245932101657
56152.377102 0.545634103421 18.00066 0.173722591138
55031.4403992 0.546417709529 18.06672 0.254371310195
55185.7134539 0.547170986136 18.350451 0.412403512173
54908.6417029 0.55126694529 18.043364 0.238601333907
55664.5509114 0.552614157638 18.501683 0.254942170526
54150.7680857 0.559315899254 18.026945 0.276360179543
54168.7541028 0.564899850538 17.933047 0.262627586681
56152.3831017 0.566984648774 17.976585 0.172405569805
55360.5058651 0.568726374771 18.391995 0.238471318911
55326.5041363 0.56914705967 18.266931 0.292315362493
55765.4374479 0.570490871033 18.505759 0.265491444946
54150.7715158 0.571522370615 18.128085 0.292124575235
55031.448003 0.573476685627 17.833364 0.226787157618
54227.4882219 0.577910342803 17.880103 0.206816085771
54884.7638003 0.578641337402 18.135224 0.21766649563
54487.7012191 0.579744075399 18.336913 0.257559633064
54150.7749563 0.583765954571 18.072835 0.283986989928
54908.6511111 0.584747353619 18.219227 0.261110115375
56152.3890852 0.588277942182 18.034423 0.17791851111
54150.7783869 0.595974073235 17.936226 0.26459760811
55664.5658706 0.605848217295 18.294888 0.23036677783
54150.7818135 0.608168189033 18.402417 0.338859956858
56152.3951262 0.60977552836 18.103933 0.185084433794
54908.6605303 0.618266891203 18.049067 0.239202206769
54487.7127285 0.620701644083 17.868035 0.203221058983
54086.7163532 0.62288561424 18.247683 0.32100408514
54895.7361009 0.625002042305 18.209336 0.199774217784
54505.7012008 0.63502277488 18.306923 0.297306852627
54895.744194 0.653802110962 18.246118 0.204188936241
55664.5807569 0.658823124335 18.367007 0.239438602047
55615.6870927 0.66435264209 17.952529 0.194371078747
55326.5327081 0.670823591215 17.88394 0.239728488213
54919.6351744 0.672966941397 18.222338 0.250782633896
54505.7134941 0.67877003774 18.226207 0.28425053932
54895.752285 0.682595178044 18.283066 0.20823032788
53963.3712613 0.683315034848 18.215805 0.231378092141
54227.5192848 0.68845202397 18.134696 0.235765100489
56358.6777203 0.693247104861 18.091697 0.184841047008
53945.3897733 0.693848463561 17.893443 0.195764598845
53900.4289158 0.694782852034 18.194432 0.272204015286
56104.3672907 0.696469149159 18.228795 0.183076845283
54505.7256792 0.72213223477 18.344348 0.303137171971
53945.3984688 0.724792443243 18.141293 0.221696171947
54681.3567727 0.728247683516 17.910142 0.212719528335
53900.4383235 0.72826111911 17.799485 0.222698521268
56104.3785274 0.736456249494 18.171606 0.178925917345
54448.6855825 0.737520937898 18.536984 0.375498464105
56485.4243542 0.737647862157 18.407834 0.212974968255
56358.690301 0.738017186395 18.330579 0.207721713812
54122.7204137 0.748022892656 18.097029 0.227144092575
53945.4071779 0.755784981146 18.298494 0.240898886648
54182.5770982 0.755828755854 18.203508 0.240898886648
53963.3941545 0.764783571236 18.378819 0.255324900968
54505.7378321 0.765379888399 18.310393 0.298163170242
54968.5573997 0.769075896688 18.153152 0.222614446255
53878.5315823 0.770269982248 18.254272 0.260496856762
54681.3700388 0.775456948751 18.090545 0.23373507315
56104.3898012 0.776575562519 17.59463 0.161153819005
56485.4355259 0.777403899189 18.161508 0.190172993538
56358.7030787 0.783488284268 18.338795 0.20877724291
54182.5869206 0.790783319979 18.331674 0.257625291719
54968.5638769 0.792125894375 18.687099 0.309819735814
54189.6133673 0.795308751389 17.723828 0.231948525448
55653.6598613 0.795393928622 18.522253 0.193263110485
54939.6242679 0.806758882868 18.614911 0.246275318779
54182.5924838 0.810580630003 18.448758 0.273922983038
56485.4465943 0.816792127238 18.051709 0.18264167619
54189.6219376 0.825807035757 17.728906 0.232331247517
55615.7328304 0.827115944806 18.50329 0.275554042132
56358.7163217 0.830615174716 18.140145 0.19003346636
54182.5981607 0.830782404346 18.408624 0.268042904606
54122.7442779 0.832946884592 18.277504 0.313091367978
54968.576884 0.838413335962 18.371039 0.361433426292
54681.3891838 0.843586719889 18.697994 0.324179240446
54939.6355704 0.846980383758 18.418594 0.222593449266
54815.7126642 0.85118219474 18.348967 0.299640649208
56485.4576106 0.855995012212 18.235517 0.210958202977
54189.6305492 0.856452813991 17.761167 0.237106371824
54298.385399 0.87474674439 18.169904 0.22085105189
54999.5003506 0.883595706517 18.31803 0.251207652005
56075.476577 0.885102473952 18.508884 0.248896609363
54815.7227259 0.886988193181 18.380895 0.303349698107
54189.6391457 0.887044596383 18.598413 0.371649113488
54939.6468661 0.887177541841 18.553939 0.239728488213
53821.5252379 0.90577057012 18.392965 0.343100111274
54298.3941488 0.905884304647 18.539796 0.26712330285
54999.508496 0.912582356298 18.558889 0.287561151298
56075.4860527 0.918823047813 18.223846 0.215678794696
54645.4419721 0.920753283729 18.36611 0.265168628712
55674.4897766 0.921360079291 18.645379 0.18585630561
54939.6583705 0.928117357916 18.264049 0.208196294866
55397.4201405 0.932981964133 18.168485 0.185703429386
54298.4029625 0.937248770658 18.185607 0.223800519512
53821.5346646 0.939316919847 18.306047 0.267233154753
54999.5165925 0.941394780544 18.336801 0.258251526989
55592.7245759 0.949246635132 18.560656 0.217686072177
54645.4508424 0.952319198794 18.32966 0.260496856762
54298.4117287 0.968444406369 18.396937 0.249341768135
54999.5246795 0.970173389623 18.202145 0.243958591462
53821.5446488 0.97484691733 18.338875 0.267932058868
54287.4546021 0.976082742413 18.169648 0.225551432722
54645.4594723 0.983030053695 18.542994 0.292410899955
56075.5051179 0.986669032784 18.582878 0.258882354859
53765.6292074 0.992467911471 18.39227 0.184979994384
