53804.712784 0.00065677631436 13.5884 0.059
55731.490245 0.00195938266825 13.6172 0.058
56296.706771 0.0025580961465 13.5027 0.056
53804.71793 0.0031058856666 13.5658 0.059
56046.672902 0.00522279946495 13.5141 0.055
53804.723049 0.00554214505008 13.5916 0.06
56296.716783 0.00732305589567 13.5008 0.056
53804.728184 0.0079860192305 13.5741 0.059
55731.504884 0.00892644676434 13.6181 0.058
56296.726413 0.0119062123404 13.5161 0.056
55731.517269 0.0148207762156 13.6275 0.058
56376.580898 0.0166411888218 13.5033 0.056
53884.592674 0.0174826239825 13.5209 0.057
55731.529826 0.0207969647402 13.5629 0.058
56376.592889 0.0223480038752 13.516 0.056
53884.603531 0.02264974024 13.5117 0.057
53884.614369 0.0278078139256 13.51 0.057
56376.604933 0.0280800429481 13.4832 0.057
53884.625223 0.032973502408 13.5121 0.057
56376.616837 0.0337454525381 13.5097 0.056
56004.745322 0.0508449570056 13.56 0.058
56004.757416 0.0566007923194 13.536 0.058
56004.769469 0.062337114714 13.5209 0.059
54922.668266 0.0634683881184 13.4797 0.057
56004.78144 0.0680344112704 13.5408 0.063
54922.680128 0.0691138088643 13.5147 0.057
55414.36716 0.0751980323365 13.5656 0.057
56101.465339 0.0823059701924 13.5979 0.056
55414.388967 0.0855765258617 13.5011 0.057
56101.478023 0.0883426011779 13.5725 0.056
54588.639765 0.0909992137716 13.7164 0.057
56101.49078 0.0944139746765 13.5886 0.056
55706.471373 0.094856108876 13.5885 0.057
54588.652806 0.0972057499325 13.5766 0.057
56061.578546 0.0991894047684 13.5978 0.056
53737.683189 0.0996058390279 13.547 0.063
55706.483174 0.100472498206 13.569 0.057
56101.503596 0.100513427745 13.598 0.056
53737.68829 0.102033531761 13.5063 0.062
54588.665894 0.103434654563 13.5817 0.057
56061.58907 0.104198038048 13.602 0.056
53737.693395 0.104463128198 13.5346 0.062
55706.495055 0.106126961524 13.5874 0.057
53737.698486 0.106886061684 13.4772 0.062
56061.599689 0.109251884187 13.6447 0.056
54588.678975 0.109660227721 13.5946 0.057
55649.77196 0.110195643192 13.6118 0.058
55294.676093 0.111243153821 13.5404 0.06
55706.507005 0.111814263658 13.5418 0.057
56061.610278 0.114291452579 13.586 0.055
56414.614443 0.117750950421 13.5841 0.053
55649.787968 0.117814248427 13.6518 0.058
56414.628589 0.124483383559 13.5763 0.053
53859.608516 0.126900605947 13.5165 0.059
53859.617533 0.131192020451 13.5281 0.059
56414.642748 0.131222003719 13.5867 0.053
53819.701045 0.133942866172 13.534 0.059
53859.626586 0.135500568253 13.5044 0.059
53819.708327 0.137408551037 13.5326 0.059
56414.656914 0.137963955354 13.5447 0.053
53859.635676 0.139826725274 13.5047 0.059
53819.715615 0.140877091452 13.5451 0.059
56019.648389 0.143585103933 13.6279 0.057
53819.72286 0.144325167098 13.5209 0.059
56019.657796 0.148062129135 13.6344 0.057
54645.498585 0.151525434377 13.6361 0.059
56019.66713 0.152504411824 13.609 0.057
54939.669862 0.154950665629 13.581 0.055
54645.508917 0.156442690079 13.6303 0.059
56019.676528 0.156977153704 13.6106 0.057
54939.678978 0.159289196697 13.5453 0.055
54939.688132 0.163645812909 13.5583 0.055
54504.750287 0.16591073934 13.6127 0.061
54939.697376 0.168045262356 13.5465 0.055
54504.757764 0.169469229554 13.559 0.061
54704.372328 0.171003611316 13.5847 0.057
54504.765163 0.172990597626 13.5825 0.061
54998.541002 0.173190010145 13.5624 0.057
54704.378866 0.174115208083 13.5613 0.057
54504.772527 0.176495308333 13.63 0.061
54704.385352 0.177202056755 13.5605 0.057
55763.376438 0.177391474852 13.639 0.061
54998.55179 0.178324287586 13.5835 0.057
55057.388554 0.180203238953 13.6264 0.057
54704.391846 0.180292712828 13.5655 0.057
55057.3949 0.183223458145 13.6017 0.057
54998.562489 0.183416207718 13.5681 0.057
55763.389825 0.183762681017 13.6806 0.068
55057.40133 0.186283655027 13.5936 0.057
54998.573232 0.18852906854 13.5494 0.057
55057.407685 0.189308157541 13.5766 0.057
55763.403326 0.190188142617 13.6363 0.061
56391.664418 0.195263405375 13.5914 0.056
55763.416858 0.196628357886 13.6492 0.061
56076.492006 0.196875838817 13.5642 0.057
56391.678179 0.201812607441 13.6415 0.056
56076.50458 0.202860118067 13.5349 0.057
56391.692081 0.20842891491 13.6177 0.056
56076.516975 0.208759206765 13.5741 0.058
56076.52953 0.214734443443 13.5295 0.057
56391.705966 0.215037131658 13.6327 0.056
56429.553772 0.227749084796 13.5962 0.055
56036.639477 0.230066362961 13.6219 0.056
55248.700175 0.230160596085 13.4995 0.06
56429.564301 0.232760097697 13.5809 0.055
56036.653547 0.236762625811 13.6389 0.055
56429.574952 0.237829173433 13.6147 0.055
54126.690861 0.238029537802 13.5525 0.059
56429.58561 0.242901580642 13.6071 0.055
56036.667846 0.24356787545 13.614 0.055
54126.70557 0.245029916636 13.5446 0.058
56036.681947 0.250278891969 13.6109 0.057
54267.513234 0.258898367196 13.6257 0.061
55307.595699 0.260004892506 13.602 0.058
54267.52131 0.262741936403 13.6306 0.061
54267.529534 0.266655942493 13.6338 0.061
54267.53754 0.270466196959 13.6179 0.061
55326.548991 0.280347824929 13.6693 0.061
53872.563938 0.292708069591 13.6695 0.06
55326.577711 0.294016387044 13.6938 0.062
53578.402741 0.294080160975 13.6502 0.06
53872.573383 0.29720317994 13.6649 0.06
53578.414217 0.299541874724 13.6461 0.06
54227.677026 0.299856461059 13.6449 0.06
53872.582782 0.301676397742 13.6732 0.06
54227.684182 0.303262179391 13.6382 0.06
53578.425667 0.304991214428 13.6362 0.06
53832.668889 0.305662268486 13.6212 0.059
53872.592231 0.306173411792 13.6694 0.06
54227.691296 0.30664790888 13.636 0.06
54227.698436 0.310046012415 13.5836 0.059
53832.678703 0.310332995108 13.6065 0.059
53578.439957 0.311792180745 13.6532 0.06
53832.688601 0.315043699421 13.6284 0.059
55385.460849 0.317965878092 13.4899 0.069
56404.53117 0.318870611259 13.6185 0.055
53832.69864 0.319821509139 13.6203 0.059
55799.398933 0.321392537115 13.6587 0.057
56404.542216 0.324127677316 13.5987 0.055
55799.405936 0.324725438946 13.6168 0.057
55799.413038 0.328105457334 13.6432 0.057
55385.482577 0.328306773554 13.7054 0.059
56404.553174 0.329342861983 13.6342 0.055
55799.420113 0.331472625753 13.6182 0.057
56404.564161 0.334571848474 13.6116 0.055
54677.447471 0.356794684109 13.6258 0.057
54677.45729 0.361467790356 13.6076 0.057
54677.467098 0.366135661431 13.6244 0.057
54677.476921 0.370810671378 13.6178 0.057
55030.477648 0.372633939534 13.6039 0.061
55030.485266 0.376259535156 13.6071 0.061
54322.391284 0.37672689337 13.6143 0.058
55030.492864 0.379875612277 13.6108 0.061
54322.402218 0.381930655844 13.612 0.058
54595.557538 0.383339393443 13.6397 0.059
55030.500484 0.383502159745 13.5897 0.061
54322.413183 0.387149171984 13.6214 0.058
54595.567896 0.388269023193 13.6529 0.059
54322.424109 0.392349127058 13.6014 0.058
54595.578272 0.393207219589 13.6545 0.059
54595.588648 0.398145415985 13.6489 0.059
54908.686061 0.408989364031 13.64 0.06
54887.67975 0.411563641626 13.5659 0.057
54908.694556 0.413032345758 13.6537 0.06
54908.703009 0.417055338638 13.6319 0.06
56362.715753 0.417873929405 13.6086 0.057
54887.693912 0.418303689561 13.5848 0.057
54908.711629 0.421157810972 13.6395 0.06
56362.726457 0.422968229158 13.6058 0.057
54887.708138 0.425074196687 13.5776 0.057
53765.682942 0.425384499698 13.6245 0.059
56362.737091 0.428029214173 13.5834 0.056
53765.695411 0.431318806837 13.6255 0.059
54887.722019 0.431680509734 13.5981 0.057
54614.57227 0.432923149555 13.5921 0.056
56362.747924 0.433184908233 13.6092 0.057
53765.70821 0.43741016918 13.6114 0.059
54614.583898 0.438457203882 13.5962 0.056
53765.721196 0.443590529475 13.6003 0.059
54614.595483 0.443970793441 13.5756 0.056
54614.607075 0.449487714475 13.5744 0.056
53847.702672 0.460613410039 13.6033 0.054
53885.528482 0.462856919853 13.5304 0.057
55732.468832 0.467693268327 13.6321 0.058
53885.539383 0.468044976804 13.5549 0.057
53847.720558 0.469125802171 13.6133 0.054
55732.479465 0.472753777414 13.612 0.066
53885.550321 0.473250642975 13.5225 0.057
54240.651406 0.47468650829 13.636 0.059
53847.738457 0.477644381325 13.5903 0.054
55732.49008 0.477805719856 13.6186 0.058
53885.561194 0.47842537403 13.5344 0.057
55732.500731 0.48287479559 13.6867 0.063
53847.756361 0.486165340105 13.5954 0.054
56459.522041 0.490393456602 13.5259 0.055
56459.532662 0.495448254592 13.5146 0.056
56459.543433 0.500574441311 13.5565 0.063
56459.554084 0.505643517048 13.5108 0.058
53963.418235 0.532527084882 13.4569 0.057
53963.430703 0.538460916097 13.4553 0.058
53963.443176 0.544397126937 13.4484 0.058
53963.455661 0.550339048873 13.4671 0.058
53900.446618 0.562768778568 13.5369 0.06
53900.455153 0.566830797289 13.509 0.06
56495.406196 0.568555073075 13.6004 0.056
53900.463652 0.570875682713 13.5177 0.06
53608.401796 0.571376355671 13.537 0.063
56495.415095 0.572790328443 13.5691 0.056
53900.472185 0.574936749584 13.5245 0.06
53608.411105 0.575806740237 13.5343 0.063
56495.423972 0.577015113468 13.6163 0.056
53608.420447 0.580252830323 13.5345 0.063
56495.433096 0.581357451936 13.6393 0.056
53608.42995 0.584775544314 13.5155 0.063
54154.752165 0.593101849823 13.5517 0.058
54627.515963 0.59314849046 13.6103 0.056
54154.758871 0.596293401967 13.5489 0.058
54627.524241 0.597088196491 13.601 0.056
54154.765551 0.599472580063 13.5513 0.059
54627.532401 0.600971743387 13.5983 0.056
54154.77216 0.602617967496 13.5277 0.058
54526.688208 0.606712825032 13.5775 0.054
54526.697992 0.61136927391 13.5672 0.054
54526.707618 0.615950526658 13.5673 0.054
54526.717389 0.620600788511 13.5659 0.054
54190.542264 0.626499877212 13.5485 0.061
54190.549911 0.630139274653 13.5469 0.061
54190.557637 0.633816270156 13.5278 0.061
54190.565387 0.637504687861 13.5154 0.061
54463.728756 0.642744144694 13.5977 0.065
54463.734119 0.645296529746 13.5895 0.065
54463.739473 0.647844631473 13.5935 0.065
54463.744857 0.650407010943 13.6014 0.065
53877.545019 0.663328371022 13.5703 0.057
54955.452717 0.666403797499 13.5967 0.06
53877.555883 0.668498818754 13.5618 0.057
54955.465416 0.672447567357 13.6077 0.06
53877.566845 0.673715907122 13.5762 0.057
54955.474831 0.676928399959 13.6215 0.06
53877.577767 0.678913958496 13.5721 0.057
54955.484408 0.681486332388 13.6099 0.06
54503.763953 0.696489863752 13.5936 0.065
54503.7729 0.700747963519 13.4922 0.063
54169.707863 0.710890398312 13.5542 0.061
54169.719474 0.716416361915 13.5788 0.061
54169.730886 0.721847616471 13.5144 0.061
54169.742542 0.727394996697 13.5177 0.061
53915.522514 0.73776254395 13.6683 0.061
53854.59288 0.739834720811 13.6028 0.059
53915.530003 0.741326745264 13.6513 0.061
53854.601882 0.744118996447 13.6019 0.059
54207.599215 0.744326975612 13.6429 0.062
53915.537554 0.744920453919 13.6579 0.062
53600.367005 0.747419535383 13.6383 0.062
53854.610888 0.748405175779 13.6292 0.06
53915.54512 0.748521301446 13.6491 0.061
54207.608809 0.748892998763 13.6469 0.062
53600.374129 0.750810024121 13.6328 0.062
53854.619878 0.752683740311 13.6089 0.059
54207.618371 0.75344379232 13.6439 0.062
54285.362972 0.75403251138 13.6035 0.058
53600.38128 0.754213362828 13.6671 0.062
53600.388385 0.757594808991 13.6459 0.062
54207.627954 0.758004580302 13.6129 0.062
54285.374116 0.759336218072 13.6046 0.058
54285.385002 0.764517136151 13.5952 0.058
54285.395921 0.76971375975 13.629 0.058
54974.595405 0.776884995611 13.5683 0.056
54869.607356 0.810461970747 13.601 0.065
54869.619333 0.816162122854 13.5676 0.064
54869.631157 0.821789458456 13.6079 0.064
55619.750742 0.822351525718 13.6056 0.056
54869.643095 0.82747104949 13.6015 0.064
55264.666515 0.828938801772 13.6492 0.059
55619.782815 0.837615863907 13.5734 0.056
55657.644256 0.856817052578 13.6059 0.058
55657.683611 0.875547075632 13.5995 0.059
53554.429454 0.884596786934 13.5371 0.061
53554.435283 0.887370952972 13.5443 0.061
53554.441108 0.890143215309 13.5485 0.061
53554.446919 0.8929088147 13.5216 0.061
54201.632794 0.904758867906 13.7067 0.059
54201.645896 0.910994435487 13.7095 0.059
54201.658992 0.917227147514 13.7093 0.059
54182.749792 0.917868694234 13.7094 0.06
55674.582231 0.918020514265 13.6392 0.058
54182.759793 0.922628418805 13.6948 0.06
54201.672109 0.923469853966 13.6741 0.059
54182.769744 0.927364347134 13.6843 0.06
54182.77975 0.932126451333 13.6986 0.06
54300.456259 0.937303086086 13.595 0.058
55674.626 0.93885126967 13.6172 0.058
54300.462821 0.94042610505 13.5979 0.058
54300.469365 0.943540557363 13.5974 0.058
54533.700702 0.944133083822 13.6022 0.061
55218.686345 0.945832611514 13.6329 0.061
54300.475914 0.946657389305 13.6309 0.06
54533.711152 0.94910649866 13.5962 0.061
54533.721596 0.954077057948 13.5837 0.061
54533.731955 0.959007163622 13.6302 0.061
54844.708133 0.960302631103 13.5794 0.057
54096.695771 0.962620385193 13.5796 0.063
54844.718919 0.965435956694 13.5864 0.057
54096.704341 0.966699061284 13.6016 0.063
55218.736251 0.969584117817 13.6227 0.06
54844.729723 0.970577848932 13.5656 0.057
54096.712931 0.970787255875 13.6032 0.063
55359.518942 0.971567296728 13.6005 0.055
54096.721493 0.974862124565 13.5859 0.063
54844.74052 0.975716409698 13.5589 0.057
56145.384647 0.98459669175 13.5889 0.056
53943.360053 0.986339528604 13.4475 0.06
56145.390695 0.987475085334 13.5839 0.056
56046.636588 0.987940063926 13.5489 0.055
53943.365172 0.988775787987 13.4539 0.06
56145.396663 0.990315404926 13.577 0.056
53943.370304 0.991218234393 13.4503 0.06
56145.402714 0.993195226284 13.6 0.056
53943.37545 0.993667343748 13.475 0.06
56046.648634 0.993673054846 13.5607 0.055
55359.566938 0.994409786539 13.5868 0.054
56296.697225 0.99801491739 13.4984 0.056
56046.66078 0.999453638254 13.5324 0.055
