56408.688785 0.00863096598062 13.1956 0.053
56408.704066 0.00869679652853 13.2133 0.053
56408.719253 0.00876222212446 13.1874 0.053
56408.734475 0.00882779850036 13.2068 0.053
56184.458927 0.0426487389879 13.1164 0.054
56184.470243 0.0426974883158 13.1357 0.054
56184.481551 0.0427462031797 13.0922 0.054
56184.492865 0.0427949438917 13.1781 0.054
54792.429562 0.0457862424597 13.2348 0.06
54792.43292 0.0458007087237 13.2223 0.06
54792.436279 0.0458151792957 13.2249 0.06
54792.439638 0.0458296498677 13.2193 0.06
53636.428027 0.0657316362335 12.8851 0.055
53636.440675 0.0657861238174 12.9407 0.055
53636.453284 0.0658404433894 12.9358 0.056
53636.465915 0.0658948577373 12.925 0.056
55032.643324 0.0806271277939 13.2965 0.059
55032.650988 0.0806601443058 13.3128 0.059
55032.658615 0.0806930014218 13.308 0.059
55032.666311 0.0807261557898 13.3093 0.059
55032.674071 0.0807595858697 13.297 0.059
55734.69689 0.105073886142 13.1805 0.057
55734.711294 0.105135938574 13.1429 0.058
55734.725612 0.105197620518 13.1156 0.06
55734.739843 0.105258927665 13.1894 0.062
55735.754437 0.109629798612 13.1694 0.056
55735.768563 0.10969065342 13.1711 0.057
55735.782765 0.109751835636 13.1503 0.056
55735.796938 0.109812892919 13.1365 0.057
55273.757195 0.119345682695 13.3511 0.061
53649.42277 0.121712989004 12.9453 0.06
53649.432382 0.1217543975 12.9387 0.06
53649.442015 0.121795896464 12.8271 0.06
53881.66106 0.122195541007 13.0135 0.057
53881.672787 0.122246060923 13.0206 0.057
53881.685074 0.122298993319 12.9976 0.06
53881.697528 0.122352645151 13.0786 0.061
54346.403175 0.124304569792 13.2177 0.057
54346.412239 0.124343617504 13.2142 0.057
54346.421584 0.124383875764 13.2109 0.057
54346.431134 0.124425017164 13.2073 0.057
54589.716503 0.172498385437 13.226 0.055
54589.730652 0.172559339329 13.2081 0.055
54589.745143 0.172621766557 13.2025 0.055
54589.760288 0.172687011217 13.221 0.055
54358.393896 0.175960595792 13.1235 0.056
54358.403478 0.176001875048 13.1255 0.056
54358.412519 0.176040823676 13.1424 0.056
54358.421493 0.176079483668 13.1301 0.058
53664.422485 0.186331761139 13.0685 0.058
53664.430658 0.186366970423 13.0879 0.058
53664.438818 0.186402123703 13.0654 0.058
55057.472557 0.187591463417 13.268 0.056
55057.480849 0.187627185353 13.2844 0.056
55057.489113 0.187662786665 13.2736 0.056
55057.497334 0.187698202733 13.2651 0.056
56451.70762 0.193956106917 13.2438 0.054
56451.719846 0.194008776525 13.2804 0.054
56451.732021 0.194061226425 13.2589 0.054
56451.744171 0.194113568625 13.2565 0.054
54599.655637 0.215316174653 13.1274 0.054
54599.668934 0.215373458129 13.1441 0.054
54599.682182 0.215430530512 13.1262 0.054
54599.695447 0.215487676132 13.1253 0.054
55765.523251 0.237873849155 13.4038 0.056
55765.531743 0.237910432691 13.3761 0.056
55765.540554 0.237948390479 13.3733 0.056
55765.549901 0.237988657355 13.3943 0.056
54377.434603 0.25798796144 13.0552 0.059
54377.444043 0.25802862896 13.0357 0.059
54377.453499 0.258069365408 13.0493 0.059
54377.462915 0.258109929536 13.05 0.059
54614.752057 0.280351551927 13.1789 0.055
54614.765186 0.280408111659 13.1593 0.055
54614.778281 0.280464524919 13.1722 0.055
54614.791412 0.280521093267 13.1739 0.055
53922.489078 0.29808264232 13.2322 0.057
53922.497643 0.29811954034 13.2263 0.057
55084.468505 0.303890007248 13.2274 0.058
55084.476979 0.30392651324 13.2271 0.058
55084.485457 0.303963036464 13.2103 0.058
55084.493976 0.303999736316 13.2276 0.058
54388.489149 0.305610945546 13.1311 0.059
54388.496015 0.305640524274 13.132 0.059
54388.50284 0.305669926374 13.1373 0.059
54388.509675 0.305699371554 13.1316 0.059
53692.429932 0.306987842656 13.3245 0.063
53692.436522 0.307016232376 13.3308 0.063
53692.443124 0.307044673792 13.3333 0.064
53692.449741 0.307073179828 13.3035 0.063
53692.45639 0.30710182372 13.3471 0.064
54622.658195 0.314411194386 13.189 0.055
54622.67424 0.314480316246 13.1737 0.055
54622.69017 0.314548942686 13.2022 0.055
54622.705859 0.314616530898 13.1817 0.056
56486.58025 0.344187396759 13.4439 0.059
56486.589087 0.344225466555 13.4875 0.059
56486.598249 0.344264936451 13.4232 0.062
56486.607269 0.344303794611 13.4629 0.06
53936.476983 0.35834253698 13.3195 0.057
53936.487862 0.358389403712 13.3201 0.057
53936.498787 0.358436468612 13.3273 0.057
53936.509888 0.35848429172 13.324 0.057
54169.758 0.363317156894 13.354 0.061
54169.765179 0.363348084026 13.3481 0.061
54169.772392 0.36337915763 13.36 0.061
54169.779561 0.363410041682 13.3589 0.061
55330.614258 0.364285909777 13.2956 0.057
55330.653591 0.36445535634 13.2982 0.057
55795.47668 0.366913221117 13.538 0.057
55795.488515 0.366964206297 13.5475 0.057
55795.500424 0.367015510269 13.514 0.057
55795.512321 0.367066762545 13.5531 0.057
53945.499988 0.397213642469 13.3873 0.058
53945.510615 0.397259423585 13.392 0.058
53945.521638 0.397306910669 13.3915 0.057
53945.532181 0.397352329913 13.3924 0.057
54644.677767 0.409271510437 13.2753 0.056
54644.689315 0.409321259221 13.2788 0.056
54644.700961 0.409371430189 13.297 0.056
54644.71253 0.409421269441 13.2857 0.056
54423.421335 0.456098802636 13.6074 0.083
54423.424909 0.456114199428 13.62 0.071
54423.428483 0.45612959622 13.6106 0.071
54423.432068 0.4561450404 13.6191 0.071
55127.427695 0.488958197525 13.4105 0.06
55127.434719 0.488988456916 13.4161 0.059
55127.441775 0.489018854164 13.4203 0.059
55127.448917 0.4890496219 13.418 0.059
54199.708363 0.492343320528 13.6197 0.058
54199.721712 0.49240082802 13.7542 0.059
54199.73498 0.492457986564 13.7499 0.059
54199.748278 0.492515274348 13.7439 0.059
55362.758439 0.502763041342 13.3249 0.055
55362.797548 0.502931522914 13.3472 0.055
56059.759707 0.505444499935 13.3555 0.054
56059.774751 0.505509309487 13.3674 0.054
56059.789833 0.505574282743 13.3396 0.054
56059.804929 0.505639316311 13.3435 0.054
55830.420878 0.517452825903 13.4314 0.057
55830.433872 0.517508804055 13.4207 0.057
55830.447022 0.517565454255 13.4094 0.057
55830.46017 0.517622095839 13.397 0.057
54206.68877 0.522414913844 13.8412 0.067
54206.697789 0.522453767696 13.8577 0.066
54206.7068 0.522492587084 13.8583 0.066
54206.715757 0.52253117384 13.8608 0.066
54677.551724 0.550892517007 13.6669 0.058
54677.557362 0.550916805511 13.6551 0.057
54677.562861 0.550940495203 13.6525 0.057
54677.568272 0.550963805791 13.6474 0.057
53990.481604 0.590994443942 13.7028 0.063
53990.490132 0.591031182566 13.7037 0.063
53990.49862 0.59106774887 13.7009 0.063
53990.507123 0.591104379794 13.6908 0.063
54925.747232 0.620118764064 13.6632 0.057
54925.757015 0.620160909228 13.6703 0.057
54925.766846 0.620203261176 13.6431 0.057
54925.776683 0.620245638972 13.6674 0.057
55397.488116 0.652378489661 13.5173 0.058
55397.526629 0.652544403665 13.5219 0.058
54005.4797 0.655606241425 13.7035 0.063
54005.489386 0.655647968713 13.7426 0.063
54005.499285 0.655690613605 13.7176 0.063
54005.509194 0.655733301577 13.704 0.063
54017.464203 0.707235480281 13.6109 0.062
54017.472324 0.707270465549 13.6045 0.062
54017.480474 0.707305575749 13.6117 0.062
54017.488623 0.707340681641 13.6285 0.062
56108.475498 0.715312127287 13.4004 0.056
56108.481826 0.715339388311 13.4222 0.056
56108.489292 0.715371551839 13.4298 0.056
56108.500504 0.715419853135 13.4328 0.056
55414.500679 0.725668610969 13.536 0.056
55414.527464 0.725784000749 13.5101 0.056
54954.610513 0.744461778448 13.3984 0.057
54954.620944 0.744506715196 13.3903 0.057
54954.631466 0.744552043972 13.3905 0.057
54954.642019 0.744597506296 13.3955 0.057
54260.569242 0.754531986915 13.5178 0.06
54260.578045 0.754569910239 13.5155 0.06
54260.586888 0.754608005883 13.5263 0.06
54260.595761 0.754646230767 13.5126 0.06
54029.398293 0.758647539934 13.4559 0.058
54029.408107 0.758689818646 13.4565 0.058
54029.417923 0.758732105973 13.4659 0.058
54029.439273 0.758824081773 13.4277 0.061
54029.447008 0.758857404153 13.4108 0.061
54029.454751 0.758890760997 13.4021 0.061
53568.517554 0.773173318934 13.4344 0.061
53568.52426 0.773202208382 13.4129 0.061
53568.531147 0.773231877578 13.4276 0.061
53568.538375 0.773263015802 13.4216 0.061
54729.408106 0.774289810369 13.45 0.06
54729.415799 0.774322951813 13.4528 0.06
54729.423444 0.774355886473 13.4473 0.06
54729.431029 0.774388562653 13.4416 0.06
56124.618023 0.784854124895 13.4778 0.055
56124.630995 0.784910008271 13.4769 0.055
56124.643871 0.784965478079 13.5047 0.055
56124.656983 0.785021964575 13.5039 0.055
53805.765294 0.795236581509 13.376 0.06
53805.771242 0.795262205493 13.352 0.06
53805.777165 0.795287721777 13.3661 0.06
53805.783105 0.795313311297 13.3549 0.059
55663.683342 0.79914752176 13.4534 0.058
55663.716757 0.79929147358 13.4926 0.058
54274.662732 0.815246741755 13.2946 0.06
54274.672702 0.815289692515 13.3088 0.06
54274.682569 0.815332199551 13.299 0.06
54274.69249 0.815374939219 13.2899 0.06
54740.408656 0.821680179707 13.3488 0.058
54740.421321 0.821734740527 13.3272 0.057
54740.433094 0.821785458611 13.36 0.058
54740.44482 0.821835974218 13.3466 0.056
53580.600315 0.825225853254 13.4782 0.059
53580.611216 0.825272814762 13.4819 0.059
53580.622127 0.82531981935 13.4767 0.059
53580.633014 0.825366720546 13.4669 0.059
55445.450739 0.859001469274 13.4114 0.057
55445.472558 0.859095465525 13.3995 0.057
53593.369844 0.880236984114 13.383 0.056
53593.383391 0.88029534459 13.4229 0.056
53593.397195 0.880354812221 13.405 0.056
53593.410615 0.880412625581 13.3807 0.056
54986.560728 0.882103304487 13.1351 0.056
54986.56824 0.882135666183 13.1529 0.056
54986.57588 0.882168579303 13.135 0.056
54986.583399 0.882200971155 13.1381 0.056
55684.621938 0.88935099321 13.2551 0.056
55684.638989 0.889424448917 13.2618 0.056
54757.394944 0.894857108314 13.1025 0.058
54757.403857 0.894895505518 13.1108 0.058
54757.412771 0.89493390703 13.1037 0.058
54757.421722 0.894972467938 13.1037 0.058
56383.766025 0.901263716042 13.3151 0.056
56383.773685 0.901296715322 13.3043 0.055
56383.781481 0.90133030049 13.3401 0.055
56383.789251 0.90136377365 13.3252 0.055
54296.542671 0.909505518843 13.2219 0.055
54296.551208 0.909542296239 13.2179 0.055
54296.560164 0.909580878687 13.2078 0.055
54296.569392 0.909620632911 13.2154 0.055
53835.750675 0.924413602687 13.1949 0.054
53835.765227 0.924476292703 13.2203 0.055
53835.779866 0.924539357515 13.1871 0.054
53835.794741 0.924603439015 13.2024 0.054
53606.434279 0.93651857002 13.3188 0.055
53606.454363 0.936605091891 13.3349 0.055
53606.474447 0.936691613763 13.3004 0.055
53606.493732 0.936774693543 13.2866 0.055
56160.391451 0.938966052516 13.3039 0.058
56160.395099 0.9389817681 13.2812 0.058
56160.398707 0.938997311364 13.2662 0.057
56160.40235 0.939013005408 13.3628 0.131
54535.764727 0.940074134735 13.0785 0.059
54535.76922 0.940093490579 13.105 0.059
54535.773774 0.940113109211 13.0958 0.059
54535.778285 0.940132542599 13.1011 0.059
55468.402504 0.957877672763 13.2373 0.055
55468.432326 0.958006145939 13.1965 0.055
53614.424453 0.970940239566 13.194 0.057
53614.437584 0.970996807914 13.199 0.057
53614.450722 0.971053406418 13.2018 0.057
53614.463357 0.971107837998 13.1747 0.057
53851.664893 0.992972053741 13.0806 0.053
53851.681081 0.993041791645 13.0779 0.053
53851.697233 0.993111374461 13.0811 0.053
53851.713464 0.993181297609 13.0836 0.053
54316.499956 0.99548150251 13.3019 0.072
54316.508524 0.995518413454 13.2655 0.066
54316.517454 0.995556883894 13.3274 0.065
54316.524586 0.99558760855 13.3287 0.072
55709.578853 0.996865382888 13.0635 0.055
55709.587349 0.996901983656 13.0734 0.055
55709.59591 0.996938864444 13.0677 0.055
55709.604464 0.996975715076 13.0823 0.055
