53756.542778 0.00278580092278 16.1176 0.098
54079.651378 0.00468634732934 16.2286 0.104
55097.760528 0.0071120447131 16.3692 0.115
54059.659132 0.00719206772193 16.2659 0.102
54899.417966 0.00760968778799 16.3863 0.097
54794.650295 0.0103592282791 16.3532 0.095
53756.553724 0.0164722357664 16.0964 0.098
55097.76896 0.0176550758375 16.3537 0.115
55541.64167 0.0181052052447 16.3996 0.113
54079.665191 0.021957562801 16.2738 0.105
54794.659939 0.0224176950857 16.3927 0.096
54911.427449 0.0237805869235 16.2924 0.112
54059.674025 0.0258136714325 16.367 0.106
54467.557346 0.02659014467 16.3541 0.102
55097.777271 0.0280468134593 16.2619 0.112
53756.564684 0.0301761756486 16.3266 0.106
54467.563956 0.0348550208178 16.3672 0.103
54911.437531 0.0363867111851 16.3777 0.115
54079.678963 0.0391775135348 16.304 0.106
54911.44258 0.0426997761906 16.4133 0.117
54467.570558 0.0431098940955 16.3146 0.101
53756.575655 0.0438938694898 16.3186 0.106
54059.688931 0.0444515298126 16.3844 0.107
54467.577185 0.0513960263616 16.3584 0.103
55541.671626 0.0555609737854 16.2616 0.11
54079.692747 0.0564124685875 16.3938 0.111
54718.736138 0.0903734823781 16.0433 0.084
54718.749842 0.107508408666 15.9847 0.083
55809.640066 0.112439826452 15.9183 0.1
54863.520389 0.122734036034 16.0426 0.124
55809.649737 0.124532052967 16.0047 0.102
54718.764149 0.125397301729 15.9705 0.083
54084.548403 0.127727971794 15.9403 0.105
54863.528788 0.1332358053 15.9612 0.098
55809.659594 0.136856846341 15.9635 0.1
54084.557829 0.139513860233 15.9715 0.107
54718.778752 0.143656301186 15.9188 0.081
54863.537183 0.143732573117 15.9068 0.096
55809.66932 0.149017842633 15.963 0.099
54084.567219 0.151254735734 15.9209 0.105
54863.545593 0.154248096333 15.9024 0.096
54391.683241 0.156683796592 15.868 0.102
53712.679829 0.158331770386 15.8534 0.089
54084.576591 0.162973104766 16.0023 0.108
53712.685867 0.165881440916 15.847 0.089
54488.462942 0.166100253822 15.9479 0.092
54391.692302 0.16801330383 15.9008 0.103
53712.691903 0.173428610726 15.8554 0.09
54391.701062 0.178966452857 15.8519 0.101
54488.474197 0.180173049757 15.9618 0.093
53712.69796 0.181002038085 15.8611 0.09
54391.709753 0.189833327087 15.8632 0.102
54488.485433 0.194222088854 15.9661 0.093
54004.629695 0.20061392651 15.8633 0.102
54488.496653 0.208251122202 15.9792 0.093
54004.638275 0.211342010827 15.872 0.102
54424.519843 0.214240344103 15.8716 0.127
56293.586948 0.220010753089 15.8604 0.084
54004.646858 0.222073846232 15.9203 0.104
54424.528821 0.225466071497 15.856 0.126
56293.596383 0.231807894767 15.96 0.084
54004.65549 0.232866949246 15.9003 0.103
54424.537806 0.23670055141 15.8741 0.126
56293.606083 0.24393638171 15.9158 0.082
54424.546849 0.248007552171 15.9089 0.128
56293.615655 0.25590482264 15.9708 0.084
55655.412512 0.272555859815 15.9871 0.103
55655.426634 0.290213436368 16.0002 0.104
55615.442082 0.295149855587 15.9341 0.078
54125.481819 0.309212648639 15.852 0.1
55163.589954 0.31755879816 15.8624 0.077
54125.492093 0.32205884192 15.8854 0.101
55163.603642 0.334673718698 15.8543 0.077
55615.475831 0.337348237624 15.9543 0.079
55163.617392 0.351866161523 15.8694 0.077
55179.622157 0.363575778035 15.9308 0.079
55163.631038 0.368928566964 15.9144 0.078
53818.422091 0.374171324258 15.7884 0.092
55179.635401 0.380135538969 15.8802 0.079
53818.428918 0.382707528413 15.88 0.095
53818.435762 0.391264988687 15.8731 0.095
54529.435084 0.396006351824 15.9269 0.09
55179.648422 0.396416469735 15.9219 0.081
53818.442594 0.399807444642 15.8198 0.094
53693.682269 0.404552558859 15.8823 0.103
54412.675691 0.404792627878 15.8709 0.104
54529.443271 0.406243044873 15.9265 0.09
55179.661841 0.413195043578 15.9336 0.082
54529.451442 0.416459732172 15.9151 0.09
54412.68509 0.416544756618 15.8484 0.104
56019.425019 0.419044225219 16.0363 0.087
53693.694918 0.420368355905 15.8516 0.102
55963.44535 0.424334496172 16.0431 0.079
53693.699091 0.42558610601 15.913 0.105
56019.430306 0.425654875781 16.0275 0.087
54529.459589 0.426646410843 15.8733 0.089
54412.694474 0.428278129968 15.8929 0.111
53693.703266 0.430806356825 15.9488 0.106
56019.435591 0.432263025623 15.9997 0.086
54109.588101 0.436351701117 15.8769 0.092
54768.59865 0.43643797592 15.9277 0.082
56019.440917 0.438922440203 15.9693 0.086
54412.703998 0.440186553632 15.8987 0.107
55963.459364 0.441857033902 15.9896 0.078
54768.604075 0.443221176093 15.9367 0.081
55264.46553 0.448291383776 16.0029 0.09
54768.609491 0.449993123028 15.9382 0.091
54109.601709 0.4533665929 15.8431 0.092
55055.730425 0.454374382639 15.9061 0.099
54768.615212 0.457146429596 15.9494 0.08
55963.473573 0.45962339173 16.025 0.079
55055.740416 0.466866724186 15.9172 0.099
54109.614927 0.469893844485 15.8794 0.093
54021.641861 0.471936931865 15.9453 0.103
55963.487671 0.477250959656 16.1135 0.08
55055.750454 0.47941783263 15.8705 0.097
54109.62818 0.486464858648 15.869 0.094
55055.760626 0.492136489246 15.9543 0.1
53617.783033 0.503223426736 15.845 0.109
54021.66973 0.506783200173 16.0521 0.106
53617.789847 0.511743376222 15.9566 0.113
54021.679029 0.51841029296 15.9683 0.103
53617.796685 0.520293334337 15.959 0.113
53617.80365 0.529002088104 15.9379 0.113
54473.573645 0.549126623902 16.0712 0.109
55439.69656 0.550070645308 16.1832 0.094
56375.430633 0.554038035941 16.0137 0.083
53734.593067 0.557756605028 15.9939 0.108
54473.581587 0.559056978884 15.999 0.107
56375.440256 0.566070245199 15.9894 0.083
53734.599901 0.566301561702 15.9507 0.107
55439.709986 0.566857971671 16.1128 0.092
54473.589518 0.568973579907 16.0181 0.108
55584.473802 0.573667429388 16.0505 0.089
53734.606722 0.574830263698 15.9577 0.107
56375.449736 0.577923653055 15.9254 0.082
54473.597448 0.57888893057 15.9828 0.107
53734.613549 0.583366467863 16.0008 0.109
55439.723487 0.583739074989 16.0602 0.091
56375.459586 0.59023969391 15.9913 0.083
55439.736937 0.600556409971 16.0063 0.089
54829.515988 0.605008940071 15.9882 0.08
54361.65375 0.609025094713 15.9567 0.09
55584.502214 0.609192642887 16.0151 0.088
54126.522157 0.610009127625 15.9653 0.092
54829.526691 0.618391537568 15.9789 0.08
54361.661982 0.619318053939 15.9753 0.09
54126.5352 0.6263175663 15.9354 0.092
53941.790466 0.628988334146 15.8988 0.104
54361.67026 0.629668529703 15.9731 0.09
54829.537334 0.631699113497 16.014 0.081
53941.796453 0.636474236348 15.8453 0.107
54361.67847 0.63993398102 15.9812 0.09
54126.548248 0.642632256774 15.9093 0.091
53941.802442 0.643962639261 15.8875 0.105
54829.54799 0.645022944097 16.0134 0.081
53941.80844 0.651462295412 15.8503 0.104
55560.548438 0.658361779011 15.9615 0.087
54126.561311 0.658965702638 15.8805 0.091
55560.569588 0.684806881978 15.9438 0.086
53670.719942 0.693389349444 15.886 0.111
53670.728558 0.704162446708 15.8502 0.109
54199.37882 0.707028270627 15.8185 0.104
53670.73716 0.714918038934 15.8021 0.108
54199.385246 0.715063080635 15.8981 0.107
54506.500787 0.71989071858 15.8915 0.101
54926.380865 0.72092601623 15.8996 0.084
54022.640786 0.720952273785 15.8162 0.1
54199.391669 0.723094139563 15.8604 0.106
53670.7459 0.725846180781 15.8543 0.11
54926.385117 0.726242544731 15.9336 0.085
54506.508319 0.729308426175 15.8505 0.099
54199.398183 0.731238981206 15.8921 0.108
54926.389418 0.731620340848 15.9216 0.085
54022.650267 0.732806931991 15.8083 0.099
54926.393672 0.736939370068 15.9019 0.084
54506.515847 0.73872113233 15.9077 0.101
55928.507398 0.739335058833 15.9503 0.086
53594.7813 0.742788551713 15.8562 0.109
54022.660188 0.745211748381 15.824 0.1
54506.523383 0.748143841356 15.829 0.099
53594.78978 0.753391600086 15.893 0.11
55928.520492 0.755707265845 15.9485 0.086
54022.669728 0.757140177804 15.862 0.101
54882.427496 0.763414481661 15.9361 0.084
53594.798453 0.764235967846 15.8836 0.109
56247.635837 0.764603573531 15.9985 0.069
54882.433906 0.771429285919 15.9071 0.084
55928.533814 0.772364554814 15.9786 0.086
55205.543415 0.774466409094 15.8592 0.084
53594.807166 0.775130349976 15.8343 0.108
56247.647185 0.778792652891 15.9121 0.068
54882.440323 0.779452842697 15.9682 0.086
54882.446742 0.787478900186 15.9366 0.085
55928.547032 0.788891806399 15.9816 0.087
56255.656833 0.793731947938 15.903 0.075
55205.568626 0.805989221903 15.8854 0.085
56247.669989 0.807305850436 15.9422 0.124
56255.669666 0.809777811124 15.8826 0.076
56255.68342 0.826975255389 15.9279 0.076
56219.700505 0.835396426475 15.8961 0.075
55504.710683 0.841095564973 15.9497 0.08
56255.700451 0.84827012766 15.9375 0.077
56219.715006 0.853527889268 15.9831 0.076
54067.535129 0.855019568132 15.8445 0.105
54067.54577 0.868324643333 15.8884 0.107
56219.72934 0.87145054203 15.9509 0.076
54067.556537 0.881787263836 15.9162 0.108
55504.748852 0.888820535902 15.8812 0.079
56219.743578 0.889253160287 15.9574 0.076
55488.754401 0.890007127049 15.9393 0.074
54067.566789 0.894605949208 15.9414 0.108
54039.582142 0.903737324482 15.944 0.106
55488.765688 0.904119934482 15.9093 0.074
54039.592881 0.917164934916 15.9238 0.105
54039.603867 0.930901384147 15.9106 0.105
55113.702029 0.939718919191 15.9907 0.089
54039.615895 0.945940707958 15.9826 0.107
55113.713471 0.954025532346 15.9981 0.089
55242.481996 0.960971279247 15.998 0.101
55113.724945 0.968372156999 16.0368 0.09
54172.398735 0.972223264193 15.9781 0.093
55864.716545 0.977837378252 16.3337 0.077
55113.736286 0.98255248384 16.1133 0.092
54899.398693 0.983511509564 16.2036 0.092
54794.630978 0.986206034238 16.2107 0.091
54059.644202 0.988524200713 16.1129 0.097
54899.405096 0.991517561303 16.2433 0.092
55097.752093 0.996565262518 16.2242 0.108
54794.64063 0.998274503924 16.3232 0.094
54899.411512 0.999539867712 16.2287 0.092
