55326.6030015 0.00391066477263 17.010826 0.23133074763
55326.6402178 0.00403645608399 16.612708 0.135135891369
55634.7413212 0.0454181438521 16.011895 0.091919886385
54155.6895295 0.0462232879476 16.402678 0.110431369042
54155.7007464 0.0462612009447 16.319905 0.107357226588
54155.712167 0.0462998024992 16.219804 0.103700839748
54155.7239355 0.0463395800506 16.497199 0.114353510389
55045.4039279 0.0534578341025 17.062039 0.154694108939
55045.4121672 0.0534856829935 16.947287 0.147442677202
55045.4204256 0.0535135964334 16.949495 0.147580290579
55045.4286826 0.0535415051782 17.139203 0.160562637189
53576.519509 0.0886286968522 17.059843 0.152651593319
53576.5260547 0.0886508214545 17.124244 0.157629232469
53872.6014866 0.089385741163 17.037836 0.148071020729
55353.5138702 0.0948693973132 17.283064 0.220769147168
55353.551152 0.094995410046 16.356732 0.122483986673
54173.66235 0.106971418839 17.044636 0.141005331006
54173.6724931 0.107005702521 16.765601 0.12583080633
54173.6828211 0.107040610957 16.548693 0.115894799659
54173.6932225 0.107075767845 16.430877 0.111321144112
55654.6083045 0.112568544598 16.171245 0.0810525066714
55654.6346782 0.112657687673 16.326718 0.0843112254775
55360.6236029 0.118900293142 16.676251 0.101389397881
54181.7210419 0.134209796169 16.548024 0.116540261307
54181.7322054 0.134247528822 16.953444 0.136764827542
54181.743333 0.134285140199 16.858377 0.131729625136
54181.7544788 0.134322812998 16.289611 0.106382030734
54187.5987724 0.154076524496 17.068936 0.17328290085
54187.6100158 0.154114527079 17.158392 0.180516269183
54187.6214929 0.154153319893 17.195655 0.203552599621
54187.63335 0.154193396716 17.049432 0.194275686295
54187.6464546 0.154237690518 17.040879 0.170730661291
54187.6584014 0.154278070523 16.739628 0.39713386566
54187.6702411 0.154318088665 16.683392 0.145862515791
54187.6817209 0.154356890477 17.18492 0.183222675797
55673.6856262 0.177049889447 16.571466 0.0866096954471
55673.7281337 0.177193564948 16.154305 0.0780091162345
54491.6826753 0.181880075085 17.101279 0.14936855793
54491.6933538 0.181916168516 17.105397 0.148807436928
54491.704068 0.181952382475 17.139044 0.150213492043
54491.7148367 0.181988780654 16.911918 0.135923506835
53900.5174545 0.183741708947 17.250666 0.172708614515
53900.5581458 0.183879245601 17.139822 0.164922948444
53900.5687473 0.183915078372 17.209391 0.170562673125
53605.4275718 0.186337945171 17.240522 0.163819245016
55381.5386675 0.189593208527 16.645714 0.116504357367
54199.7672648 0.195206027148 17.156094 0.148807436928
54199.773926 0.195228542172 17.256855 0.155665863503
54199.7805851 0.195251049763 17.075892 0.144240145351
54199.7872337 0.195273522147 17.126495 0.147675839314
55681.6350476 0.20391893259 16.455455 0.0954055777128
55681.6780636 0.204064326686 16.39475 0.0935504667486
55978.7429594 0.208143634557 17.138447 0.127416641093
55978.7555546 0.208186206204 17.114212 0.134260957466
55978.7685805 0.208230233597 17.156386 0.13121433754
53613.4261314 0.213373075598 16.968969 0.188904324366
53613.4518909 0.213460142791 16.989375 0.278572058383
54209.6801573 0.228711602654 17.141876 0.18130225219
54209.6908661 0.228747798189 16.654319 0.14602540429
54209.7015928 0.22878405436 17.084021 0.17690991143
54209.7123115 0.228820283577 17.116063 0.179384489428
53919.4395588 0.247698418706 17.20441 0.173413474108
53919.4565872 0.247755974784 17.11328 0.173891985918
55701.5775751 0.27132467296 16.18801 0.0875629643153
55701.5918921 0.271373064348 16.553031 0.0980293664105
55701.6062348 0.271421542622 16.406535 0.0938744394502
53928.4293475 0.278083903544 17.183489 0.169774521314
53928.4378596 0.278112674346 17.045812 0.160262752909
53928.4463687 0.278141435093 17.130356 0.166133404556
53928.4549128 0.278170313983 17.049734 0.160412454013
54226.7058174 0.286258331466 17.043891 0.141383740969
54226.7146775 0.286288278459 17.264553 0.155839618775
54226.7234561 0.286317950046 17.081861 0.144171947011
54226.7322151 0.28634755552 17.31062 0.159423642719
54526.734511 0.300355275268 16.692635 0.137389637206
54526.7434166 0.300385376044 16.606772 0.132577752084
54526.7522305 0.300415166948 17.18064 0.169948590987
55414.4012798 0.300668833865 16.700235 0.112975362617
55414.4307539 0.300768456114 16.618745 0.110000415385
54234.6248432 0.313024637554 17.109302 0.177260732716
54234.6356397 0.313061129622 16.965129 0.166335447757
54234.6464584 0.313097696839 17.090287 0.176740351754
54234.6572546 0.313134188122 17.094074 0.177532971719
55718.5125809 0.328564990231 16.123248 0.0869893813619
55718.5267045 0.328612727917 16.137279 0.0896201301583
55718.5409062 0.328660729665 16.397351 0.104394802216
55718.5670204 0.328748995663 17.217841 0.184633275592
54245.607545 0.350146168016 17.083871 0.175471290055
54245.6160907 0.350175052462 16.486592 0.135342682755
54245.6332049 0.350232898422 16.274182 0.124561416978
53959.462425 0.382975701298 17.175565 0.142752643199
53959.4798133 0.383034473667 16.88033 0.127328635327
54256.6405727 0.3874378001 16.291647 0.109964144114
54256.6541611 0.387483729135 16.139675 0.10521853307
54256.6677718 0.38752973332 16.315391 0.113572959772
54256.7025524 0.387647291748 17.170547 0.163942326661
56037.6561139 0.40727008877 16.989405 0.105856208602
56037.6689734 0.407313553965 16.587487 0.0929675506868
56037.6945658 0.407400055947 17.124669 0.111591951944
55742.4630151 0.409517454789 17.098993 0.200207946912
55742.4951953 0.409626223771 17.037853 0.261487024376
55742.5059026 0.40966241426 16.091275 0.157281475294
55742.5165925 0.409698546418 15.769479 0.0857170455033
54265.5521407 0.417558898807 16.650438 0.134843087806
54265.5619811 0.417592159412 16.25893 0.115857660276
54265.5718649 0.417625566721 16.244494 0.116294087492
54265.5817318 0.417658916914 16.461126 0.136466336101
54860.7140727 0.42920614839 16.253917 0.107225758021
54860.7233469 0.42923749519 16.068523 0.100421449249
54860.73269 0.429269075146 16.161517 0.103437881498
54860.7420358 0.42930066371 15.857546 0.0936784425559
53975.4412882 0.436984256696 17.013009 0.168184356452
53975.4498105 0.437013062119 17.164397 0.182254049171
56048.6155559 0.444313001101 16.709879 0.0856337466723
56048.6278094 0.444354417835 16.434811 0.0797477853249
56048.640155 0.444396146007 16.542875 0.0819963508658
56048.6524608 0.444437739643 16.462569 0.0802710866603
54285.518013 0.485043544413 16.025618 0.0924490450417
54285.5263247 0.485071638197 16.222281 0.0982105605106
54285.5345145 0.485099319653 16.094783 0.094523721637
54285.542736 0.485127108298 16.422634 0.105336518654
56068.5717008 0.511764768308 15.906022 0.0785299831182
56068.5824295 0.511801031168 16.419389 0.0901621146974
56068.5931597 0.511837299466 16.441846 0.0907200627986
56364.7588197 0.512877190028 16.213719 0.10512538797
56364.7645214 0.512896461857 15.996886 0.097908504988
56364.7702724 0.512915900338 15.882511 0.0956755665878
56364.7759745 0.512935173339 16.302786 0.137528144521
54589.6685403 0.513072285694 16.009925 0.0854378555797
54589.6772614 0.513101762852 15.836876 0.081669711632
54589.6859929 0.513131275612 15.985728 0.0849963132848
54589.694713 0.513160749289 15.952566 0.0843759828912
55773.4586135 0.514282573122 15.333121 0.0736619131037
55773.4763502 0.514342523052 15.429082 0.0752838383377
55773.4853167 0.514372829993 15.342119 0.0740838971231
54297.4886452 0.525504279627 15.79512 0.0865198755679
54297.4989878 0.525539237706 15.790319 0.0865188626575
54297.5093204 0.52557416179 15.824344 0.0874675207298
54595.636673 0.533244573325 15.736932 0.0888356054098
54595.6470042 0.533279492713 16.170584 0.100106931311
54595.6573329 0.533314403887 15.472402 0.0816530998033
54595.6677419 0.533349586203 15.552071 0.0834890391714
54892.6896006 0.537283428583 15.518681 0.086773414818
54892.6966213 0.537307158333 15.654077 0.089397006516
54892.7037592 0.537331284764 15.566808 0.0870316815334
56076.5358324 0.53868353199 15.973775 0.0901824105121
56076.5441508 0.538711648072 16.59541 0.109772142323
56076.5526771 0.538740467148 16.049942 0.0919009501839
56076.5610361 0.538768720622 16.142427 0.0938947812915
56386.7531544 0.587218038417 15.561384 0.0712433081751
56386.7658345 0.587260897245 15.691499 0.073181888921
56386.7916208 0.587348054922 15.578755 0.0718228088123
56092.5887197 0.592942289021 15.841128 0.0861741580006
56092.5974563 0.592971818603 15.949544 0.0884600981708
56092.60612 0.593001101723 15.801769 0.0855646806325
56092.614771 0.593030342165 15.739884 0.0849328624489
54910.6293293 0.597919709253 15.082501 0.0772983784061
54910.6378566 0.597948531499 15.375764 0.083030286643
54910.6464911 0.597977716036 15.267723 0.0807442657281
54323.435415 0.61320435821 15.408519 0.0782718510453
54323.4463026 0.613241158194 15.448715 0.0791661325761
54323.4572977 0.613278321605 15.734632 0.0854779635767
54323.4681833 0.613315114899 15.404424 0.0786641403111
56400.631084 0.63412543861 15.611812 0.0701741025843
56400.6439549 0.634168942142 15.261296 0.066002497894
56400.6569023 0.634212704299 15.763078 0.0724596335142
54922.7213031 0.638790578816 16.770031 0.395544961497
54627.5534085 0.641123135109 15.278081 0.0673364784315
54627.5734033 0.641190717384 15.83284 0.0755156739349
54923.748725 0.642263264732 15.33359 0.0734793198845
54923.758424 0.642296047288 15.023284 0.069075349059
54923.768121 0.642328823194 15.436534 0.0753432076602
54923.7779123 0.642361917968 15.476775 0.076202438494
55220.7215171 0.646031262017 17.204993 0.303829434697
56405.5790451 0.650849546339 15.998283 0.0776237322187
56405.5899616 0.650886444163 15.922471 0.0762010480764
56405.6116948 0.650959902513 15.77904 0.0738683098095
56116.4454162 0.673577919864 15.931117 0.0769645254373
56116.4538977 0.673606587192 15.320722 0.0678527358311
56116.4622928 0.673634962682 15.917867 0.0768533923391
56116.470938 0.673664183563 15.734925 0.0735633371903
54344.3967186 0.684053561622 15.453641 0.0800817660003
54344.4065401 0.684086758071 15.344957 0.0780889681039
54344.4163575 0.684119940829 15.60998 0.0838168337335
54344.4261605 0.684153075077 15.590287 0.0836294926935
54645.5423102 0.701925620387 15.275652 0.0789720721354
54645.5510725 0.701955236816 15.383562 0.0812488871562
54645.5597488 0.701984562969 15.314377 0.0799207894103
54645.5685426 0.702014285805 15.617178 0.086711817277
54943.5934353 0.709338383101 15.254605 0.0679566549006
54943.6031082 0.709371077244 15.395152 0.0696991610933
54943.6126916 0.709403469379 15.682545 0.0739207540031
54955.5966536 0.749909259208 15.467592 0.0765075256318
54955.6074279 0.749945676204 15.531052 0.0776709941177
54955.618217 0.749982143625 15.855566 0.0843939742313
54955.6289781 0.750018515984 15.815662 0.0835352882298
56148.4253645 0.781670140594 15.691906 0.0717600089923
56148.435512 0.781704439143 15.793092 0.0733794872794
56148.4454893 0.781738162583 15.83223 0.0740302371186
56148.4554416 0.781771801483 15.669348 0.0717495082353
54966.6391846 0.78723301248 15.496442 0.087190407478
54966.6485899 0.787264802514 15.486217 0.0867430968113
54966.65811 0.787296980268 15.886179 0.0984329237563
54966.6675678 0.787328947518 15.40649 0.0854751284444
56446.5704253 0.78940040594 15.819516 0.0743656308966
56446.5819176 0.789439250042 15.63563 0.07153768513
56446.5933591 0.789477922014 15.80078 0.0741210346714
56446.604741 0.789516392905 15.47506 0.0693838102842
55263.7397101 0.791432748495 15.807056 0.0859161312004
54677.4895077 0.809907143462 15.549695 0.0716928573627
54677.4974669 0.809934045601 15.500005 0.0710707799769
54677.5054155 0.80996091214 15.693915 0.0741382202067
54677.5133701 0.809987798631 15.440943 0.0704804990058
54975.5984021 0.817515166498 15.871835 0.0826838426732
54691.4447156 0.857075744373 15.915337 0.085234728503
54691.4528738 0.857103319031 15.724613 0.0811099025814
54691.4610519 0.857130960975 15.856333 0.0840576204046
54993.5300138 0.878124011546 15.69927 0.0761239960051
54993.541818 0.878163909628 15.854673 0.0790809861164
54993.5536482 0.878203895691 15.6531 0.0751242282211
54993.565449 0.878243782428 15.8661 0.0789776413831
56181.3977309 0.893116734883 16.317105 0.0937016664015
56181.4049083 0.893140994363 16.255114 0.0923617918607
56181.4120341 0.893165079366 16.574432 0.102722745813
56181.4192921 0.893189611515 15.856875 0.0834203548329
55299.7830067 0.913259085963 15.900992 0.0824932539284
55004.5075273 0.915228005558 15.638873 0.0886499535663
55004.5213064 0.915274578984 15.897071 0.0990618308048
55004.5351778 0.915321464198 16.429142 0.123317844326
55004.5490543 0.915368367016 16.067023 0.110010313353
56495.4920329 0.95475543295 16.778166 0.108033184707
56495.5010769 0.954786001608 16.099193 0.087417063296
56495.5099806 0.954816096125 16.142126 0.088628555065
54131.6987865 0.965134579897 16.862297 0.164930810786
