54323.439193 0.00419793370854 15.6156 0.083
56495.51057 0.0075220460319 15.6386 0.078
56181.399548 0.011728358856 15.6864 0.079
53556.540148 0.0140769034632 15.6417 0.098
54323.45009 0.0172418127096 15.6471 0.084
56495.519466 0.018170696815 15.6752 0.08
56181.406708 0.0202989905583 15.6639 0.079
53556.546981 0.0222561110622 15.6399 0.098
55301.725905 0.0286541594477 15.6818 0.074
56181.413803 0.0287918162463 15.6659 0.08
54323.461079 0.0303958171483 15.5879 0.083
53556.553832 0.0304568649405 15.6472 0.099
54627.554726 0.0352353512237 15.6694 0.073
56181.421182 0.037624594358 15.646 0.079
53556.560632 0.0385965710287 15.6499 0.099
54627.561377 0.0431967019793 15.693 0.074
54323.471972 0.0434349080853 15.591 0.083
54256.642206 0.0471624146628 15.7026 0.091
56115.432793 0.0484934960145 15.5721 0.066
53804.686405 0.0490177888482 15.6802 0.091
54627.568007 0.0511329154161 15.677 0.073
53804.69312 0.0570557486107 15.6717 0.091
54627.574786 0.0592474841682 15.6894 0.074
54256.655778 0.0634083103997 15.6248 0.09
53804.699563 0.0647681201241 15.6302 0.09
56115.447937 0.0666211002682 15.599 0.067
53804.705193 0.0715073179557 15.6366 0.09
54256.669392 0.0797044807915 15.6484 0.092
56115.463192 0.0848815732638 15.5738 0.066
54344.399412 0.0939070708883 15.6621 0.085
55353.580125 0.0989644618032 15.7438 0.108
56115.47842 0.103109726827 15.6417 0.067
53851.516636 0.105534880435 15.6499 0.074
54344.409238 0.105668946182 15.5669 0.083
54993.531957 0.11569036079 15.6165 0.075
54200.728197 0.117221343741 15.6318 0.087
54344.419044 0.117406881165 15.6478 0.086
54256.70417 0.121334289345 15.6633 0.093
53851.530196 0.12176641198 15.6638 0.074
54200.733619 0.12371156233 15.6246 0.087
54993.543766 0.129825918023 15.6005 0.075
54200.739047 0.130208963016 15.6941 0.088
54860.7145 0.131122285918 15.7176 0.091
54200.744456 0.136683620397 15.6085 0.086
53851.544715 0.139145881491 15.6523 0.074
54860.723773 0.142222211578 15.6964 0.091
54993.555597 0.14398780959 15.7471 0.077
54860.733101 0.153387973102 15.592 0.088
53851.559628 0.156996975144 15.6705 0.074
54993.567403 0.158119775775 15.5254 0.074
54860.742465 0.164596827193 15.6977 0.091
53928.429766 0.171751389436 15.5775 0.093
53820.662815 0.1730298021 15.6159 0.088
53928.438284 0.181947568326 15.634 0.094
53820.674149 0.186596776913 15.6039 0.088
53928.446792 0.192131777055 15.6326 0.094
53588.435641 0.193479616614 15.5687 0.081
53820.6853 0.199944697875 15.5393 0.092
53928.45533 0.202351896248 15.5742 0.093
53588.443848 0.203303523657 15.5867 0.081
54155.690061 0.205869925103 15.6225 0.087
55045.404337 0.207738466454 15.5397 0.089
53820.695384 0.212015403194 15.5413 0.127
53588.451883 0.212921544007 15.4985 0.08
54226.706349 0.213474565213 15.4278 0.083
55045.412578 0.217603072023 15.6075 0.091
54155.701281 0.219300440143 15.5231 0.085
53588.459844 0.222450985199 15.527 0.08
54226.715233 0.224108851813 15.5349 0.085
55045.420836 0.227488026847 15.476 0.088
54155.712702 0.232971555314 15.4815 0.084
54226.724014 0.234619845799 15.3225 0.081
55045.429093 0.237371784664 15.5006 0.089
54226.732748 0.245074580058 15.4325 0.083
54155.724539 0.247140628986 15.4788 0.084
56090.542553 0.254487910739 15.5136 0.074
55004.509504 0.255985377258 15.4187 0.085
53831.598561 0.263288369435 15.5191 0.086
56090.55384 0.267998625825 15.5168 0.074
55004.523252 0.272441947734 15.4467 0.088
53831.606427 0.27270409415 15.446 0.084
55673.692133 0.278032010586 15.4829 0.068
56090.565213 0.281612284254 15.5062 0.074
53831.614407 0.282256278646 15.4544 0.085
55004.537118 0.289039766054 15.4777 0.09
53831.622625 0.292093352856 15.4341 0.084
56090.57661 0.295254671049 15.501 0.074
55004.551 0.305656736622 15.4206 0.091
53959.455335 0.309841503162 15.5059 0.082
53877.587919 0.31326736181 15.4504 0.076
54000.397206 0.317899812189 15.4214 0.094
53959.46404 0.320261523966 15.5394 0.082
54000.401572 0.323125982303 15.3888 0.093
53877.598856 0.326359121434 15.3909 0.075
54000.405946 0.328361728536 15.4566 0.095
55673.734754 0.329050012504 15.4607 0.068
53959.472733 0.330667180587 15.5339 0.083
54000.410314 0.333590292682 15.4728 0.096
53877.609781 0.339436516874 15.4289 0.076
53959.481434 0.341082413327 15.3966 0.08
53872.601053 0.343910961189 15.4525 0.085
54943.598193 0.344195850901 15.4299 0.071
53877.620946 0.35280119606 15.4158 0.076
54721.386446 0.353268032137 15.3676 0.076
54922.721713 0.35472360311 15.3287 0.251
53872.610758 0.355527997598 15.4681 0.086
54943.607879 0.355790144015 15.3897 0.07
54721.391857 0.359745083559 15.4687 0.078
54721.397237 0.366185027485 15.3983 0.077
53872.620447 0.367125881752 15.4697 0.086
54943.617492 0.367297054978 15.4123 0.071
54721.402647 0.372660881891 15.4012 0.077
53872.630175 0.378770449512 15.4322 0.085
54491.684364 0.396292363878 15.4827 0.085
54892.684 0.399112532634 15.346 0.084
54187.599188 0.401592748957 15.3439 0.091
56405.618812 0.405685345297 15.375 0.068
54892.690891 0.407361167135 15.3422 0.086
54491.695038 0.409069308397 15.4254 0.084
54181.760772 0.412917713557 15.4662 0.084
54187.610433 0.415053189389 15.3678 0.091
54892.697926 0.415782171889 15.3881 0.086
54181.766774 0.420102201195 15.481 0.084
56405.631198 0.42051158053 15.3747 0.068
56400.618894 0.420705497053 15.4377 0.068
54491.705784 0.421932438042 15.4512 0.084
53975.423803 0.424346818508 15.4667 0.093
54892.705083 0.424349212543 15.4363 0.085
54181.772787 0.427299856 15.4372 0.083
54187.621921 0.428804504606 15.2895 0.091
56446.573973 0.429651991652 15.4185 0.069
53975.432337 0.434562149645 15.4535 0.093
54181.778869 0.434580104883 15.4475 0.083
54491.716531 0.434796764703 15.4746 0.084
55654.609156 0.435410833707 15.4776 0.07
56405.643862 0.43567058609 15.4565 0.069
56400.63179 0.43614221024 15.4264 0.068
54187.633786 0.443007094709 15.4868 0.106
56446.585491 0.44343921734 15.4461 0.07
53975.440865 0.444770298686 15.4178 0.092
56405.656318 0.450580612417 15.3875 0.068
56400.64466 0.451547801019 15.4516 0.069
53975.449382 0.45496528056 15.404 0.092
56446.596924 0.457124696702 15.4554 0.069
54187.646983 0.458804109591 15.4741 0.094
55654.635582 0.467043167976 15.4955 0.07
56400.657615 0.467055138124 15.4593 0.069
56446.60835 0.470801796961 15.4728 0.07
54187.658853 0.473012684774 15.4277 0.119
53919.499971 0.48264746334 15.4477 0.09
54187.67066 0.487145847975 15.3992 0.092
54131.699223 0.488462565135 15.5106 0.098
56076.538811 0.4917902685 15.4688 0.079
53919.508963 0.493411027625 15.4807 0.093
56364.759299 0.496210847112 15.4603 0.084
54131.708667 0.499767180463 15.4329 0.095
54187.682139 0.500886390047 15.4681 0.094
56076.547167 0.501792530857 15.4207 0.078
56364.764996 0.50303024499 15.4661 0.084
53919.518001 0.50422965462 15.4807 0.092
56364.770736 0.509901114538 15.4209 0.084
53914.511091 0.510880273302 15.4813 0.09
56076.55571 0.512018635138 15.4556 0.078
53605.410175 0.512261629301 15.4857 0.087
53919.527057 0.515069827903 15.5587 0.093
56364.776465 0.51675881692 15.5048 0.105
53605.416938 0.520357045815 15.4843 0.087
53914.519594 0.521058496951 15.4607 0.089
56076.563998 0.521939500434 15.4634 0.078
56432.449683 0.52265651278 15.5099 0.071
53605.423625 0.528361489138 15.5176 0.088
53914.528159 0.531310935576 15.5104 0.091
55798.379983 0.531333678869 15.525 0.076
55360.625719 0.532650396035 15.5326 0.075
56432.460974 0.53617201593 15.4736 0.07
54131.739103 0.536199547287 15.4921 0.096
53914.536687 0.541519084617 15.5122 0.09
54131.74867 0.547651395541 15.4893 0.096
56432.472423 0.54987664754 15.4879 0.07
56148.433215 0.550513459837 15.4644 0.071
55798.396323 0.550892913787 15.4581 0.075
54691.47744 0.551721248585 15.447 0.072
54691.483387 0.55883990036 15.4627 0.072
55263.74265 0.562105358918 15.5323 0.081
56148.443338 0.562630848763 15.492 0.07
56432.483893 0.563606416478 15.4893 0.07
54691.48936 0.565989674542 15.4339 0.072
55381.541645 0.569340121206 15.4887 0.088
55798.412804 0.570620927901 15.487 0.076
54691.495315 0.573117902445 15.3833 0.071
56148.453313 0.574571079381 15.4699 0.069
56148.463298 0.58652328016 15.5063 0.07
54614.649068 0.586961387865 15.5047 0.071
54923.753032 0.589228535415 15.4552 0.076
55798.429332 0.590405201749 15.5417 0.077
54923.76272 0.600825222553 15.4362 0.076
54614.660977 0.601216646655 15.4595 0.071
55381.574579 0.608762633002 15.5621 0.082
54923.772422 0.612438667914 15.4459 0.076
54614.672901 0.615489860676 15.4985 0.071
54923.782248 0.624200543208 15.5118 0.077
54614.684834 0.629773847841 15.4456 0.07
55223.701412 0.632118801406 15.4389 0.082
55701.56402 0.641115570656 15.4849 0.074
54285.547404 0.647135362111 15.5516 0.082
54975.599043 0.649712536705 15.5209 0.076
55634.740729 0.65259375325 15.557 0.081
54285.555694 0.657058621447 15.4937 0.081
55701.578272 0.658175436998 15.5452 0.075
54975.60944 0.662157907903 15.5286 0.074
55223.728337 0.664348446453 15.5293 0.081
54285.563886 0.666864573249 15.5493 0.082
54975.619886 0.674661932868 15.5747 0.074
55701.5926 0.67532627653 15.6073 0.076
54285.572078 0.676670525043 15.5038 0.081
55742.531717 0.680088004583 15.5185 0.083
56077.532403 0.681135393233 15.5356 0.067
54975.63034 0.687175533962 15.292 0.093
54589.672329 0.689415150148 15.5202 0.076
55742.541757 0.692106041216 15.6194 0.091
55701.606941 0.692492677254 15.5407 0.075
54234.62527 0.692546542954 15.4886 0.095
56077.54739 0.699075066044 15.5368 0.067
54589.681052 0.699856717231 15.5014 0.076
55742.551756 0.704075000209 15.5492 0.077
54234.636057 0.705458750247 15.4861 0.095
55634.78502 0.705610771228 15.588 0.082
54589.689779 0.710303072379 15.5013 0.076
54955.603621 0.714880460038 15.5458 0.079
55742.561728 0.716011639779 15.5083 0.076
56077.562476 0.717133243395 15.4532 0.067
53946.429794 0.718065718553 15.579 0.083
54234.646897 0.718434399353 15.4697 0.095
54589.698503 0.720745836479 15.5154 0.076
54173.664071 0.721040302316 15.4959 0.084
54955.614435 0.727824986746 15.5589 0.079
54234.657672 0.731332242453 15.4847 0.096
53946.441258 0.731788305395 15.5734 0.083
54173.674263 0.73324028532 15.4598 0.083
56077.577443 0.735048975894 15.5665 0.068
54955.625199 0.74070966267 15.5672 0.079
53946.452712 0.745498922084 15.6023 0.083
54955.635982 0.75361708189 15.5526 0.079
56046.686807 0.758475768211 15.5639 0.073
53946.464169 0.759213129822 15.5947 0.083
53900.517028 0.759768545065 15.5379 0.091
56046.696022 0.76950626697 15.5672 0.073
53900.527384 0.772164838624 15.6052 0.092
56046.705266 0.780571479184 15.5929 0.073
55413.466709 0.784139782693 15.5197 0.093
56046.714558 0.791694148148 15.6102 0.074
55681.641346 0.793363984908 15.612 0.076
55413.484774 0.805763869516 15.6305 0.084
53900.55772 0.808477503883 15.5282 0.091
55326.604408 0.808610372617 15.5887 0.095
54677.494114 0.813461876849 15.5725 0.073
53900.568323 0.8211694603 15.6421 0.094
54677.502071 0.822986529985 15.5544 0.073
56386.760147 0.83156913184 15.5079 0.071
54595.639657 0.832399860666 15.5057 0.085
54677.510019 0.832500409978 15.5342 0.072
54209.680575 0.833357473145 15.5063 0.096
54245.607115 0.837986332473 15.3748 0.092
53859.650126 0.841449298608 15.5711 0.088
54677.517959 0.842004713843 15.5751 0.073
54595.649994 0.84477341093 15.5328 0.084
55681.684476 0.844991267773 15.5843 0.076
54209.691285 0.846177510231 15.5665 0.098
56386.772987 0.846938812148 15.5482 0.071
54245.61567 0.848226800938 15.5322 0.097
53859.660602 0.853989234045 15.6386 0.09
54595.660316 0.857129005963 15.582 0.085
54245.624228 0.85847086045 15.5925 0.099
54209.70201 0.859015502549 15.5598 0.098
56386.785906 0.862403056695 15.5352 0.071
53859.671001 0.866436999275 15.5852 0.088
54245.63278 0.868707737867 15.683 0.102
54595.670756 0.869625848832 15.5771 0.085
53885.573051 0.871594939495 15.6538 0.081
54209.712739 0.871858282931 15.5338 0.097
56386.798742 0.877767948947 15.587 0.072
53859.681465 0.87896257052 15.5582 0.088
53885.58398 0.884677122999 15.6412 0.08
55774.448838 0.885379771149 15.5929 0.073
53885.594929 0.897783246807 15.613 0.08
55774.461511 0.900549549863 15.5867 0.073
53885.605913 0.910931266165 15.6495 0.081
55774.474319 0.915880925676 15.6216 0.074
53576.509093 0.91721559807 15.565 0.089
53576.515654 0.925069217429 15.5395 0.089
55718.513252 0.929610694611 15.5803 0.076
55774.487082 0.931158435786 15.6384 0.074
54966.644661 0.931177588034 15.6165 0.091
53576.522199 0.932903684532 15.563 0.089
53576.528757 0.940753712842 15.5836 0.09
54966.654165 0.942554024305 15.6198 0.091
54297.491892 0.944873840537 15.567 0.082
55718.527404 0.946550859397 15.5826 0.078
54966.663673 0.95393524864 15.6082 0.091
54297.502234 0.957253375882 15.6 0.083
55718.541607 0.963552071972 15.6295 0.084
54966.673095 0.965213529625 15.6208 0.092
56495.492653 0.986075117517 15.6876 0.078
55718.569348 0.996758481749 15.7036 0.098
56495.501673 0.996872198233 15.5804 0.077
