53874.410011 0.00018184038648 17.3308 0.216
54589.58674 0.000480172281699 17.1772 0.127
56384.568798 0.00433859817269 17.2302 0.123
56061.472348 0.00455453364987 17.1583 0.098
54894.73551 0.00630758869839 17.2679 0.137
53874.415154 0.0147944209066 17.281 0.217
53740.676345 0.028577354611 17.4361 0.132
53874.42029 0.0293871126268 17.2679 0.204
56266.674063 0.0351946402413 17.115 0.124
54894.7463 0.0369647428401 17.2088 0.138
56061.485497 0.0419142111063 17.3021 0.103
56384.582991 0.0446645470889 17.1583 0.121
55603.59239 0.0502959168161 17.2876 0.144
55391.362582 0.0510431672007 17.1896 0.14
55294.576619 0.0573280258565 17.3498 0.149
54526.606562 0.0576604528331 17.1943 0.168
53740.689097 0.0648090533764 17.4019 0.13
56266.685198 0.0668320277649 17.3523 0.136
55738.399798 0.0726764917175 17.2234 0.14
53886.403141 0.0757365246308 17.3874 0.142
56384.597383 0.0855559059689 17.3023 0.128
54526.616481 0.0858428728345 17.3055 0.177
56266.694866 0.0943012924727 17.1881 0.126
53740.701908 0.101208386251 17.2976 0.124
55208.715545 0.104021229855 17.3521 0.142
55738.41158 0.106152171989 17.2495 0.143
53886.414046 0.106720423219 17.3357 0.139
55391.38444 0.1131473447 17.2859 0.144
54526.626253 0.113607628202 17.1954 0.169
56266.704562 0.12185011236 17.2512 0.13
54241.545315 0.125631824342 17.2612 0.157
53758.661615 0.12933682238 17.2718 0.206
54598.432918 0.134738050374 17.3657 0.157
56402.564514 0.134777827958 17.2923 0.112
53886.424909 0.13758498907 17.4 0.143
53740.714862 0.138014018751 17.327 0.125
55738.423368 0.139644899804 17.3209 0.147
54526.635909 0.141042797824 17.4106 0.186
53708.688078 0.141716175545 17.3943 0.202
54476.658282 0.141801413223 17.3271 0.188
54810.667068 0.146327534328 17.1712 0.17
55391.398474 0.153021533876 17.2769 0.144
54241.555139 0.153544324998 17.4 0.167
54598.442051 0.16068724303 17.3246 0.154
54855.72398 0.164557033954 17.3641 0.138
53758.674105 0.164824112023 17.4562 0.207
56402.575186 0.165099713882 17.2636 0.113
55647.627719 0.165946408207 17.1518 0.12
53708.696607 0.165949249468 17.3684 0.199
53886.435788 0.168495015015 17.4406 0.145
54810.67594 0.171535159119 17.2736 0.178
53850.537257 0.171572095456 17.4365 0.127
53813.582042 0.172339234619 17.5131 0.146
55738.435152 0.173126262569 17.2638 0.144
54501.658732 0.174484383037 17.3318 0.169
54476.669995 0.175081046814 17.4028 0.195
55208.740746 0.175623726762 17.328 0.14
54964.483373 0.177854112859 17.2502 0.12
53892.423695 0.181672761146 17.238 0.161
54241.56508 0.181789252657 17.2467 0.157
54598.451222 0.186744403436 17.4151 0.161
53708.70531 0.190676701968 17.458 0.206
55237.607138 0.192438280802 17.3425 0.146
56402.585917 0.195589233894 17.196 0.109
54922.606931 0.196154643888 17.3105 0.165
54810.684835 0.196808132803 17.2267 0.173
53758.685803 0.198061126778 17.4686 0.208
54209.543837 0.201234809918 17.2887 0.191
53923.403764 0.203985145911 17.4069 0.154
54964.493967 0.207954380788 17.481 0.131
54476.681678 0.208275442732 17.3465 0.19
54501.670678 0.208426029314 17.3921 0.192
53892.433621 0.209875069947 17.3032 0.166
54241.574986 0.209934736336 17.2641 0.16
53850.551277 0.211406507032 17.4997 0.137
54598.46029 0.21250891444 17.384 0.159
53813.597227 0.215483709645 17.2883 0.133
53708.714166 0.215838866665 17.3869 0.199
54922.615299 0.219930275557 17.3063 0.165
56297.71179 0.221328173607 17.3559 0.162
54810.693753 0.222146455381 17.2705 0.176
53923.410306 0.222572643803 17.1946 0.141
54209.552329 0.225362757369 17.4048 0.202
56402.59674 0.2263401495 17.4307 0.119
53758.697933 0.232525564203 17.366 0.198
53892.443497 0.237935315954 17.5073 0.182
54964.504556 0.238040442431 17.4103 0.127
54501.681527 0.239250817565 17.4569 0.237
53923.416857 0.241185713009 17.0432 0.133
54476.693497 0.241856249477 17.2998 0.186
54922.623665 0.243700224732 17.3313 0.168
56297.72053 0.246160752579 17.3985 0.165
54209.560829 0.249513434876 17.3361 0.195
53850.565256 0.251124427128 17.3734 0.123
53813.612448 0.258730469906 17.4372 0.142
53923.423391 0.259750480864 17.4184 0.156
53879.430645 0.26508920123 17.4183 0.142
53892.453354 0.265941578075 17.4517 0.178
54922.632031 0.267470173907 17.2764 0.164
54964.515188 0.26824867809 17.4011 0.127
56297.729497 0.271638296715 17.4678 0.169
54209.569354 0.273735143771 17.3313 0.195
56400.505394 0.284290410467 17.4008 0.116
55647.670518 0.287549331299 17.3897 0.133
53850.579227 0.290819617166 17.2871 0.119
54617.494183 0.292674957451 17.3844 0.134
56297.737662 0.294837153392 17.2776 0.154
53879.441485 0.295888418187 17.3132 0.136
54512.612806 0.297814789859 17.5433 0.162
54975.436585 0.298735356876 17.4098 0.153
53813.628767 0.305096929451 17.3469 0.137
54195.502473 0.306122622927 17.205 0.18
54617.500162 0.309662828111 17.4542 0.137
54084.638234 0.312418846607 17.4768 0.176
54512.619939 0.318081470161 17.4473 0.155
54975.445158 0.323093446072 17.3521 0.144
56400.5195 0.324369170095 17.3462 0.115
54617.506151 0.326679111364 17.3126 0.13
53879.452343 0.326738777732 17.4539 0.144
54915.614224 0.328082691903 17.3642 0.124
54084.646578 0.336126288145 17.3013 0.16
54512.627054 0.338297007855 17.4828 0.158
54195.514406 0.340027332882 17.2412 0.183
54617.512161 0.343755060975 17.3062 0.13
54975.453705 0.347377662603 17.4281 0.165
53879.463218 0.357637438648 17.4382 0.143
54512.634195 0.358586418215 17.3851 0.151
54084.654934 0.359867824749 17.3911 0.166
56400.533815 0.365041752258 17.36 0.116
54915.627251 0.365095736113 17.2811 0.12
54975.462252 0.371661879134 17.3181 0.187
54195.52635 0.373963296644 17.2633 0.185
54153.644545 0.37702617081 17.3111 0.164
54084.663297 0.383629250153 17.3561 0.162
53569.399151 0.38619206322 17.3506 0.195
56418.491194 0.386555744022 17.0401 0.092
53569.404413 0.401142753216 17.3271 0.193
54915.64029 0.402142875408 17.2962 0.121
56400.547989 0.405313717288 17.3004 0.114
54195.538236 0.407734467555 17.2076 0.179
56418.500549 0.413135695535 16.9874 0.09
54153.658152 0.415687143602 17.2059 0.149
53569.409669 0.416076395689 17.1421 0.178
54287.404723 0.423958040319 17.3454 0.152
53569.415009 0.431248703659 17.1349 0.177
54915.653328 0.439187173425 17.136 0.115
56418.509896 0.439692917033 17.2284 0.097
54287.414578 0.451958619946 17.1463 0.14
55267.615157 0.4529075995 17.1448 0.138
54153.671743 0.454302656279 17.176 0.147
54226.527031 0.454839653693 17.2464 0.153
55564.669957 0.461692763591 17.3996 0.152
54658.381322 0.463511167552 17.2391 0.147
54907.567826 0.4662046784 17.1416 0.124
56418.519278 0.466349582468 17.1762 0.095
54182.539984 0.47637069301 17.1607 0.146
54658.386709 0.478817014566 16.8672 0.132
54287.424529 0.480231960156 17.2251 0.146
54949.456833 0.483604531217 17.1393 0.157
54153.685366 0.493009089164 17.1415 0.145
54658.392103 0.494142750379 17.1312 0.144
54226.540986 0.494489383638 17.0617 0.142
54907.57872 0.49715732318 17.0411 0.119
54949.46197 0.498200064194 17.1471 0.254
54182.54904 0.502101108928 17.0504 0.139
54424.69665 0.505493568802 17.2474 0.19
54287.434421 0.508337666235 17.0866 0.138
54658.397695 0.51003105492 17.139 0.13
54949.46703 0.512576820454 17.07 0.194
56028.567709 0.514045749906 17.1636 0.114
54505.650572 0.516324437348 17.1028 0.163
53724.659213 0.519802134908 17.0146 0.138
56357.649725 0.520356179874 17.0888 0.122
55654.440505 0.52281670771 17.1668 0.12
54938.560431 0.524135050574 17.0858 0.121
54949.47209 0.526953576715 17.1297 0.197
54182.558014 0.527598541864 17.1228 0.144
54907.5895 0.527786064771 17.1518 0.125
54424.705753 0.531357523785 17.1421 0.179
54226.554961 0.534195938704 17.171 0.149
54448.641035 0.537625334906 17.1363 0.179
54505.660463 0.544427302191 17.1229 0.165
54938.569114 0.548805677952 17.048 0.119
56028.581182 0.552325994365 17.2934 0.121
54182.566809 0.552587389938 16.9788 0.136
53724.671298 0.554138715804 16.9911 0.135
56357.661803 0.554672871969 17.0212 0.12
54424.714939 0.557457303008 17.0262 0.169
54907.6003 0.558471631464 17.0213 0.119
54448.64967 0.562159581982 16.7777 0.335
55564.707434 0.568174521321 17.1265 0.144
54505.670014 0.571564139937 17.0959 0.162
54226.569105 0.574382666062 17.0174 0.14
54448.658824 0.588168441018 17.2238 0.184
53724.683382 0.588472455442 16.9551 0.133
56357.673782 0.58870827969 17.1475 0.125
56028.59473 0.590819333026 16.9984 0.109
55327.497627 0.594345331941 17.0688 0.119
55654.466958 0.597976457335 17.0294 0.114
54505.679462 0.598408328282 17.0077 0.156
53693.715406 0.600519381629 17.0415 0.173
54424.731592 0.604772742106 16.8842 0.156
54448.667732 0.613478351045 17.0174 0.167
53693.721865 0.618871055261 16.92 0.163
55685.44773 0.622286245185 17.0765 0.129
56357.685712 0.622604465873 16.9827 0.117
53724.695508 0.622925527817 16.9076 0.13
55621.745707 0.628519961242 17.0669 0.107
56028.608244 0.629216069007 16.9891 0.109
53693.728318 0.637205681371 16.8425 0.157
53821.488859 0.637631869786 17.065 0.145
55253.603453 0.642067070694 16.8384 0.124
53859.502917 0.645308943976 17.0401 0.145
54120.657843 0.653355381475 17.0841 0.122
53693.734816 0.65566816399 17.1059 0.176
53821.497782 0.66298439865 17.0616 0.145
54883.704969 0.665714845835 17.0536 0.123
53859.51317 0.674440343551 16.8929 0.137
54120.669073 0.685262688323 17.0413 0.121
53821.507528 0.690675281352 17.0166 0.142
55685.474541 0.698463164535 17.0606 0.129
54883.717863 0.702350002969 17.0637 0.123
53859.523485 0.703747901007 17.0399 0.146
55621.775215 0.712359748487 17.0725 0.108
56459.433412 0.713885503045 17.0631 0.122
55327.539989 0.714706626077 17.0528 0.119
54120.680465 0.717630278683 17.0726 0.122
53821.517279 0.71838037032 17.0134 0.148
53859.533785 0.733012839627 17.013 0.144
55680.559992 0.734970465139 16.9408 0.115
54883.730778 0.739044826482 17.0409 0.123
56459.443041 0.741243958766 17.0959 0.121
55665.428233 0.741766749903 17.1144 0.134
54120.692133 0.750782055745 17.0711 0.121
54632.438768 0.75406938915 16.9997 0.117
54534.597837 0.762919902142 17.0729 0.163
54169.619552 0.76611347407 17.0891 0.169
55302.569906 0.768304082584 16.9757 0.107
56459.452716 0.768733112274 17.0845 0.121
54883.743706 0.775776586339 17.1037 0.127
54632.448715 0.78233136433 17.1048 0.122
54534.607073 0.789161744179 17.0158 0.158
54169.628063 0.790295405386 16.9864 0.161
56459.46216 0.79556593561 16.9771 0.117
55680.585528 0.807524782857 17.0986 0.137
54632.458764 0.810883147656 16.8709 0.112
54867.566921 0.813386294333 17.0778 0.126
54169.636594 0.814534161844 17.0444 0.166
54534.616223 0.815159238186 17.1713 0.17
54131.627186 0.82006892886 17.0659 0.171
55708.400544 0.837110783401 17.142 0.117
54169.645155 0.838858155955 17.1647 0.175
54632.468834 0.839494597341 17.0926 0.122
54534.625254 0.840818622717 17.1288 0.167
56001.584385 0.847509781021 17.0561 0.109
54131.636972 0.847873461807 16.9422 0.162
54867.580138 0.850939177213 17.1063 0.127
55665.47167 0.865182394428 17.1318 0.134
55708.411196 0.867375844202 17.1401 0.117
54131.646844 0.875922342785 16.9114 0.16
54867.593471 0.888821645818 17.1532 0.128
55184.709078 0.895498597831 17.1549 0.129
55708.421858 0.897669317554 17.1403 0.118
54131.655843 0.901490807108 17.0641 0.172
55184.714498 0.91089820631 17.1188 0.127
55184.719873 0.926169958258 17.1111 0.126
55380.408057 0.926431353823 17.1038 0.134
54867.607134 0.927641728947 17.2404 0.132
55708.432458 0.927786633026 17.1657 0.12
56001.612988 0.928778231425 17.172 0.114
56061.446149 0.93011646309 17.12 0.097
54589.562211 0.93078699953 17.1902 0.127
55603.553355 0.939387481974 17.1643 0.139
55184.725186 0.941265552327 17.1771 0.13
54894.714046 0.94532286614 17.1845 0.132
54589.570394 0.954036998835 17.1637 0.126
56061.459267 0.967388061596 17.1897 0.099
56001.627212 0.969192259271 17.3164 0.12
54894.724777 0.975812386172 17.2351 0.136
54589.578567 0.977258585548 17.209 0.128
55380.426086 0.97765636142 17.207 0.157
53874.404887 0.985623243731 17.1214 0.231
