53610.80651 0.0022843978163 16.0583 0.118
54513.552416 0.00905669899572 16.0514 0.114
54504.590836 0.0121532552641 16.0702 0.093
54739.780765 0.0140817270799 15.7857 0.097
54006.707337 0.0150136060674 16.0834 0.108
53806.441013 0.015078319898 16.1669 0.102
55852.681994 0.0185340378339 16.0265 0.088
54887.510093 0.0205336948459 16.0703 0.086
54531.486263 0.0374434158379 16.0699 0.094
54887.516508 0.0412906524016 16.1033 0.087
53806.449568 0.0427596561101 16.1609 0.102
54006.718 0.0495157788369 16.136 0.11
55852.692696 0.0531624025466 16.0528 0.088
54522.529462 0.0560033392159 15.9884 0.138
56302.675581 0.0587180839504 16.1078 0.078
54887.522921 0.0620411385732 16.0741 0.087
54926.463845 0.0628371185346 16.0409 0.08
54531.494503 0.0641055094039 16.0553 0.094
53806.458295 0.0709975311447 16.1317 0.101
54006.72888 0.0847200965482 16.0981 0.108
55852.703441 0.087929901971 16.0832 0.089
54926.471651 0.0880949222169 16.0903 0.081
54718.78812 0.0883699559413 16.1057 0.086
55122.720729 0.0894636194977 16.112 0.086
54531.50276 0.0908226097114 16.039 0.094
56302.686305 0.093417633865 16.1468 0.079
54718.790315 0.0954722976138 16.1101 0.086
53806.466842 0.0986529818438 16.1646 0.102
55265.507191 0.102328726765 16.0061 0.092
54718.792507 0.10256493221 16.1019 0.085
54718.794735 0.109774051697 16.0682 0.085
54926.479477 0.113417439717 16.1705 0.083
54819.547517 0.114640530896 16.1591 0.104
54531.511025 0.117565595532 16.1483 0.097
54006.739833 0.120160619686 16.1209 0.109
56302.69702 0.128088062551 16.139 0.079
55122.733577 0.131035777019 16.13 0.086
54926.487293 0.138707600296 16.2016 0.084
54819.556251 0.142901055799 16.1749 0.104
55626.498512 0.158684756318 16.1704 0.084
56302.707699 0.16264200637 16.2024 0.08
53724.587867 0.163593299525 16.2266 0.099
56273.657759 0.166013596365 16.2311 0.081
55122.745932 0.171012738896 16.2363 0.089
54819.565155 0.17171164814 16.2276 0.106
56004.475863 0.176584598744 16.1522 0.081
53711.616059 0.190831346067 16.2568 0.102
53724.596519 0.191588497749 16.3332 0.102
54819.574098 0.200648432448 16.2901 0.108
54592.420424 0.20155766163 16.2603 0.122
54137.494419 0.201593254227 16.2096 0.119
55569.647882 0.207614875097 16.3339 0.099
55122.757592 0.208740895567 16.3518 0.092
56273.672076 0.212338983924 16.3413 0.083
54424.608228 0.213151142339 16.3637 0.155
55296.447193 0.214613674664 16.2785 0.105
54488.582809 0.215124913836 16.284 0.103
54592.425228 0.217101921017 16.2587 0.562
55170.665098 0.222625245488 16.3925 0.096
54766.733026 0.223269148003 16.3387 0.096
53711.627482 0.227792643979 16.424 0.108
54137.502948 0.229190462469 16.2589 0.122
54592.430384 0.233785143634 16.3937 0.132
54766.737689 0.238357174975 16.3816 0.097
54424.61722 0.242246475511 16.4162 0.159
55244.53618 0.246617894014 16.4773 0.101
54766.742339 0.25340313795 16.4674 0.1
54488.595173 0.255130996941 16.4984 0.111
54137.511484 0.256810320555 16.6135 0.14
56273.686884 0.260253095742 16.5567 0.088
55170.677536 0.262870769735 16.6341 0.104
53711.638822 0.264485379521 16.6055 0.115
54766.746952 0.268329380389 16.5582 0.103
55648.475391 0.269073589307 16.584 0.106
54424.62641 0.271982475476 16.6324 0.176
55569.669286 0.276871604523 16.6852 0.111
54137.51999 0.284333107903 16.6829 0.144
54110.635458 0.294295800374 16.7129 0.121
54488.607536 0.295133844354 16.6123 0.116
53711.650012 0.300692761418 16.6174 0.115
54424.635895 0.302673004292 16.6949 0.183
55170.689949 0.303035401681 16.6821 0.106
54836.603742 0.303313671103 16.6257 0.1
55626.54334 0.303734310919 16.6497 0.099
56273.701302 0.306905288081 16.6858 0.092
55891.712398 0.308859645431 16.5467 0.12
54863.494361 0.313046629521 16.6612 0.124
55102.705089 0.325038100257 16.6277 0.108
55648.49314 0.326503868251 16.6601 0.11
54863.500665 0.333444425376 16.5903 0.123
54110.64762 0.333648273919 16.64 0.117
54488.619907 0.335162577281 16.5755 0.114
55891.722107 0.34027496901 16.546 0.121
55170.702176 0.342598195115 16.5699 0.102
54836.616623 0.344992606439 16.5173 0.097
55327.393934 0.34870394397 16.49 0.126
54863.507089 0.354230504136 16.4882 0.116
54202.443672 0.357304410562 16.4633 0.113
55102.716484 0.361908798791 16.5017 0.104
55891.731786 0.371593221851 16.3801 0.113
54076.663693 0.372162703479 16.2489 0.122
54110.659747 0.372887498241 16.3832 0.107
54863.513439 0.374777141779 16.3301 0.109
54593.403651 0.382976382681 16.4157 0.108
54836.629562 0.386859211844 16.2609 0.09
54202.454561 0.392537849478 16.3312 0.108
55962.512398 0.395780011826 16.3601 0.095
55102.727968 0.399067473848 16.2364 0.095
54076.672248 0.399844039691 16.2126 0.123
54593.408945 0.40010613066 16.3374 0.106
55891.741521 0.403092673424 16.2464 0.108
54941.403568 0.403163858618 16.2684 0.091
54241.39868 0.40367186209 16.516 0.136
55327.41157 0.40576858983 16.3379 0.121
54110.67188 0.41214613674 16.271 0.103
55962.521275 0.424503240529 16.2949 0.093
54941.411012 0.427250342151 16.3559 0.102
54202.465415 0.427658039219 16.1539 0.102
54241.406415 0.428699931707 16.6329 0.143
54836.642497 0.42871287448 16.1751 0.088
55102.739511 0.436417054666 16.2317 0.096
54085.647025 0.439448897097 16.1654 0.114
54377.702115 0.439465075557 16.273 0.118
53634.741565 0.44872562309 16.227 0.105
54941.418459 0.451346532784 16.1575 0.089
55962.530182 0.45332353997 16.1722 0.09
54241.414144 0.453708587195 16.6592 0.146
53881.369062 0.459089541257 16.1668 0.107
54202.476279 0.462810585881 16.1925 0.104
54085.655621 0.467262896636 16.132 0.113
54076.69393 0.470000291204 15.9724 0.111
53881.37246 0.470084419161 16.2074 0.108
54941.425908 0.475449194777 16.1533 0.089
54241.421899 0.478801370629 16.4818 0.136
53881.375862 0.481092239832 16.2248 0.109
55962.539079 0.48211148249 16.2131 0.091
53634.753097 0.486039611319 16.2124 0.104
53881.37928 0.492151831554 16.1237 0.105
54225.355818 0.493928225902 16.064 0.112
54085.664203 0.495031596511 16.1484 0.114
53683.587496 0.499063267453 16.0642 0.104
54225.360952 0.510540263317 15.9677 0.108
54451.589587 0.516490699001 16.0992 0.088
54059.710962 0.518364164054 16.0796 0.095
54085.672782 0.522790589309 16.0986 0.112
53634.764781 0.523845424552 16.0731 0.099
54225.366082 0.527139357963 16.083 0.113
53683.59731 0.530818338581 16.0783 0.104
54225.371224 0.543777280914 16.145 0.116
56041.367933 0.547922201038 16.1039 0.079
54059.72032 0.54864376012 16.0707 0.095
54039.634101 0.555846408219 16.1557 0.115
54924.453649 0.558464082209 16.0895 0.09
53634.776708 0.562437510698 16.0528 0.098
53683.607127 0.562583116809 16.0731 0.104
54451.606668 0.571759536379 16.1225 0.089
54059.729629 0.578764807322 16.0783 0.095
56041.379258 0.584566401222 16.0586 0.079
54924.462186 0.586087175964 16.1239 0.091
55536.696595 0.587433223419 16.1454 0.094
54039.64485 0.590626850388 16.1777 0.115
53683.616994 0.594509679569 16.1006 0.105
54059.738915 0.608811433631 16.1234 0.097
54924.470781 0.613897939835 16.1441 0.101
56041.390586 0.621220308482 16.1235 0.08
54467.69373 0.62452071326 16.2132 0.098
54451.623326 0.625659676486 16.1593 0.086
54039.655732 0.625837639484 16.2206 0.118
55911.590243 0.627423128055 16.2086 0.085
54924.479383 0.641731353503 16.1821 0.15
54467.703505 0.656149592445 16.2331 0.1
55536.718338 0.657786852076 16.1936 0.095
56041.401909 0.657858037282 16.1446 0.08
55911.601143 0.662692159584 16.2843 0.087
53826.423398 0.67190093607 16.2318 0.09
54039.670098 0.672321575906 16.1899 0.116
54125.588622 0.678113462736 16.2419 0.099
54451.63988 0.679223304736 16.194 0.15
54467.713273 0.687755821808 16.2524 0.101
54417.647321 0.689807249866 16.2251 0.096
55911.611975 0.697741164123 16.3953 0.09
54911.517377 0.700685642892 16.2618 0.095
53826.435722 0.71177759154 16.3135 0.093
56006.495748 0.712308244855 16.3213 0.093
54125.600578 0.716799383905 16.4135 0.105
54467.723045 0.719374993917 16.3002 0.107
54911.525976 0.728509349507 16.3226 0.097
55524.687722 0.730431349958 16.388 0.1
55911.622764 0.732651033951 16.4904 0.094
54417.663043 0.74067878324 16.3764 0.101
54955.41574 0.742222207818 16.3769 0.116
56006.50526 0.74308613731 16.4413 0.097
53826.446602 0.746981909251 16.4676 0.097
54955.41906 0.752964701835 16.3513 0.114
54125.61257 0.755601789964 16.5214 0.109
54911.534542 0.756226278332 16.5137 0.104
54955.42239 0.763739552749 16.4141 0.117
56006.514751 0.773796080279 16.5267 0.1
54955.425729 0.774543524892 16.4904 0.121
56242.632686 0.778465182325 16.5196 0.087
53826.457517 0.782299476137 16.6613 0.104
54911.543119 0.783978799746 16.617 0.108
54417.678473 0.790605494838 16.5473 0.108
54178.472463 0.793880014089 16.5753 0.139
54125.624536 0.794320068076 16.5946 0.112
53739.617597 0.795154876325 16.5304 0.121
55681.397873 0.796051162738 16.4804 0.104
53756.616059 0.796924799294 16.701 0.107
56006.524242 0.804506023224 16.6085 0.104
53739.623027 0.812724678284 16.5652 0.122
54160.554395 0.816549264998 16.5867 0.14
56367.502096 0.817287002529 16.6011 0.099
54178.481826 0.824175788616 16.605 0.141
56242.647109 0.825133553124 16.5483 0.088
55524.717907 0.828100681742 16.5683 0.106
53739.628421 0.830177995352 16.4658 0.127
56398.412934 0.835206259107 16.5135 0.094
53953.803815 0.835565420803 16.5372 0.134
53756.628814 0.838196037571 16.4849 0.1
54417.693897 0.840512792283 16.4899 0.106
55681.412176 0.842331250608 16.5671 0.109
54160.562921 0.844136766163 16.4697 0.134
53739.633824 0.847660433625 16.3808 0.129
56367.51165 0.848200794027 16.4487 0.095
55181.676813 0.853131987052 16.3659 0.088
54178.491204 0.854520098476 16.4913 0.135
53953.81235 0.863182043197 16.4544 0.128
53739.639225 0.865136400537 16.3623 0.172
56398.422517 0.866213885628 16.4637 0.093
55586.540347 0.866411262786 16.3688 0.099
56242.661461 0.871572189881 16.4207 0.085
54160.571423 0.871646610767 16.3648 0.129
55181.68473 0.878748952435 16.2513 0.085
56367.521146 0.878926915432 16.2984 0.091
53756.641545 0.879389619239 16.2502 0.093
54178.50056 0.884793223158 16.4272 0.132
53953.820923 0.890921621843 16.3778 0.123
53857.396852 0.892426218138 16.3554 0.113
56398.432064 0.897105027282 16.2435 0.087
54160.57994 0.899204990728 16.3968 0.131
55181.692514 0.903935570916 16.2559 0.085
54504.558138 0.906352632061 16.2603 0.098
56367.530927 0.910575208769 16.2672 0.091
53857.40328 0.913225239667 16.257 0.109
53610.779085 0.913545573083 16.2994 0.131
53953.829493 0.918651493412 15.9839 0.106
56242.676274 0.919502480136 16.2631 0.081
53756.654315 0.920709392874 16.29 0.094
56398.44169 0.928251788514 16.2186 0.087
55181.700384 0.929400458819 16.1241 0.082
54513.527932 0.929834041389 16.1242 0.117
53857.409707 0.934021025504 16.1979 0.107
54504.569024 0.941576363901 16.1577 0.095
53610.788269 0.943262158895 16.2589 0.131
53857.416144 0.954849168261 16.2055 0.108
54513.536105 0.956279343657 16.1988 0.12
54739.764212 0.960521334522 16.1345 0.118
53610.7974 0.972807253122 16.1606 0.135
54504.579961 0.976965116013 16.1343 0.095
55586.575671 0.980708810446 16.1525 0.092
54513.54425 0.982634046572 16.0641 0.116
55852.671287 0.983889494661 16.1917 0.093
54887.503684 0.999796151466 16.113 0.087
