54412.663182 0.00130492346379 16.277 0.119
53728.574471 0.0117522486934 16.3936 0.109
55486.693757 0.0228393356678 16.3936 0.1
53670.630764 0.0262254691897 16.2567 0.126
53670.640789 0.0421401379835 16.238 0.125
53670.650651 0.0577960445977 16.3511 0.131
54084.510185 0.0590342931359 16.3356 0.121
53942.779887 0.0624505891182 16.3557 0.118
55486.721929 0.0675623331158 16.3718 0.101
54084.518731 0.0726010521906 16.3104 0.12
53670.660729 0.0737948507981 16.33 0.13
54038.539032 0.0799146561037 16.4087 0.125
53942.7911 0.0802512057108 16.3871 0.119
54084.527279 0.0861709862543 16.3462 0.122
54532.4063 0.0932813904006 16.3282 0.125
54038.547715 0.0936989024072 16.4679 0.128
53942.802154 0.0977994100838 16.3966 0.12
54084.535815 0.0997218703339 16.3714 0.123
54038.556621 0.107837160799 16.4386 0.126
53942.812895 0.114850727557 16.4496 0.122
54038.566485 0.123496242399 16.426 0.125
53554.800777 0.146337165551 16.2664 0.117
55806.774939 0.151118709942 16.4425 0.078
54077.639583 0.151966433936 16.4092 0.122
53554.80785 0.157565539859 16.3295 0.12
55806.779661 0.158614876131 16.3979 0.078
54077.64593 0.162042284601 16.2961 0.117
55806.784442 0.166204704706 16.4323 0.078
53554.814785 0.168574839431 16.3983 0.122
55093.716167 0.171648235814 16.3585 0.095
54077.652231 0.17204511035 16.3801 0.121
55806.789184 0.173732620868 16.3523 0.077
53554.821735 0.179607951459 16.2896 0.118
54077.658523 0.18203364861 16.4867 0.126
54869.47296 0.18597540648 16.34 0.136
55093.726175 0.187535917153 16.3081 0.093
54021.606496 0.199545340537 16.3168 0.117
54869.481683 0.199823152707 16.2574 0.131
55093.73614 0.203355336061 16.38 0.096
54710.744898 0.205473058567 16.3879 0.093
54869.490304 0.213508974128 16.4203 0.14
54021.615367 0.213628036487 16.2691 0.115
54710.751101 0.215320309504 16.4026 0.094
55093.745992 0.218995367677 16.343 0.094
54710.757003 0.22468972349 16.3907 0.093
54869.49904 0.227377357838 16.2975 0.134
54021.625234 0.229291880583 16.3734 0.119
54710.762663 0.233674962937 16.4144 0.094
54021.635043 0.244863649791 16.4588 0.123
55170.621595 0.258871733323 16.4029 0.088
55170.627462 0.268185584879 16.3652 0.088
55170.633306 0.277462923989 16.3643 0.088
53727.487447 0.28610367633 16.4266 0.128
55170.639129 0.286706925626 16.3351 0.087
54440.566999 0.298562361696 16.395 0.107
53727.495986 0.299659322905 16.456 0.13
54440.581717 0.32192715924 16.2961 0.486
54423.574126 0.322408171172 16.3733 0.127
54057.595219 0.331575972905 16.4519 0.125
55112.717261 0.335849517876 16.328 0.099
54440.592574 0.33916262649 16.3173 0.103
54423.585417 0.340332612615 16.2993 0.123
54057.603788 0.345179244417 16.4505 0.124
55112.728561 0.353788246807 16.4304 0.102
54423.596691 0.35823006658 16.214 0.12
54057.612425 0.358890465805 16.429 0.124
55112.739812 0.371649188314 16.4048 0.101
54057.621035 0.37255882474 16.3293 0.119
54423.60795 0.376103708077 16.1134 0.115
55112.751206 0.389737142063 16.3865 0.101
53604.720905 0.39444724903 16.5402 0.127
53604.730441 0.409585631239 16.5501 0.128
54471.510378 0.421118805186 16.3416 0.121
53604.739907 0.424612888587 16.4323 0.122
53652.615592 0.427173523077 15.8882 0.115
54471.519386 0.435418988385 16.2879 0.119
54907.426018 0.436384187248 16.3822 0.112
53691.677963 0.438614622133 16.2927 0.121
53604.749485 0.439817945717 16.303 0.115
55502.704703 0.440186245289 15.9077 0.08
53652.624962 0.442048380598 15.9798 0.119
54907.429825 0.442427792649 16.3382 0.11
54907.433613 0.448441235586 16.3283 0.11
54471.528396 0.449722346581 16.2859 0.119
53691.686518 0.452195668676 16.3229 0.121
54907.437405 0.454461028506 16.3593 0.112
53652.634815 0.457689999713 15.9117 0.115
55562.558453 0.457902724463 16.3591 0.099
54471.537435 0.464071742216 16.1921 0.116
53691.695101 0.465821165159 16.1803 0.115
53652.645126 0.474058692988 15.9936 0.119
54353.750359 0.477308301662 16.4824 0.227
53691.703687 0.479451424149 16.1636 0.115
54353.758015 0.489462187384 16.298 0.126
54011.714855 0.496583704014 16.1124 0.108
54353.765105 0.500717549157 16.1694 0.111
55562.586825 0.502943221542 16.0845 0.091
55502.74721 0.507666028497 15.9197 0.081
54353.772156 0.511910998506 16.0848 0.107
54011.725563 0.513582634043 16.1191 0.108
54011.736246 0.530541876616 16.1271 0.108
56277.56985 0.537161743837 16.0102 0.079
56176.785903 0.542833874678 16.0734 0.081
54011.746866 0.547401106808 16.0709 0.106
56277.578398 0.550731677889 16.0595 0.079
56176.791172 0.55119840234 16.0802 0.081
56176.796467 0.559604204968 16.1408 0.082
56277.587392 0.565009636118 16.0071 0.078
56176.801673 0.56786872026 16.0028 0.079
54001.685136 0.574423500055 16.1023 0.11
56277.59622 0.579024069648 16.0431 0.078
54444.523319 0.579212981927 16.13 0.11
53765.471918 0.58638053601 16.1044 0.097
54001.693246 0.587298109931 16.1287 0.111
56219.651858 0.592457478861 15.8559 0.075
54444.532416 0.593654452461 16.1111 0.11
55200.439499 0.594738713685 16.1193 0.09
53818.391287 0.595780112459 15.9251 0.096
54001.700731 0.599180533461 16.118 0.11
53818.395212 0.602011042644 15.9408 0.097
53765.481849 0.602145979986 16.1695 0.099
53818.399081 0.608153072928 15.9535 0.097
54444.54199 0.608853159597 16.0619 0.108
54001.707891 0.610547020107 16.1204 0.111
56219.664697 0.612839367417 15.8553 0.075
53818.402966 0.614320503178 15.9073 0.096
53765.491763 0.617884436485 16.1659 0.1
54444.551032 0.623207317739 16.0952 0.11
54803.609778 0.628296836751 15.8688 0.077
56219.677512 0.633183156016 15.8802 0.076
53765.501697 0.633654642958 16.1849 0.1
54389.755367 0.635191341149 16.016 0.105
54856.53059 0.639987173021 16.1474 0.091
54389.758934 0.640853946995 16.0295 0.106
55542.516378 0.641146046656 16.0565 0.091
55200.46875 0.641174621622 16.071 0.089
54389.76254 0.646578465278 16.0322 0.106
55145.670271 0.648691425294 15.9746 0.083
54803.622908 0.649140687258 15.9228 0.078
54389.766137 0.652288696061 15.9855 0.104
54856.538609 0.652717320564 16.1357 0.091
56219.69028 0.6534523322 15.9024 0.076
55145.67507 0.656309828834 15.9849 0.084
55145.679883 0.663950457356 15.9581 0.083
54856.546655 0.665490330549 16.1659 0.092
55058.752052 0.666180892245 16.1003 0.087
54803.636044 0.669994062758 15.9361 0.079
55145.684679 0.671564098412 16.0334 0.085
54856.55469 0.678245878059 16.1935 0.093
54509.469737 0.681530411703 16.0906 0.098
54803.649184 0.690853788252 15.9762 0.08
54114.515101 0.691782474654 16.1303 0.115
55542.548345 0.691893599532 16.0203 0.09
54509.477089 0.69320169799 16.1462 0.099
53712.629194 0.698654754085 16.01 0.093
55036.725442 0.698978603707 16.0206 0.103
55164.599932 0.699492953094 16.0811 0.081
54114.521942 0.702642549397 16.1236 0.115
54509.484425 0.70484758431 16.1712 0.1
54793.582427 0.709895828377 15.9923 0.09
55036.7331 0.711135664414 16.0223 0.102
54114.528748 0.713447061697 16.1039 0.114
54509.491737 0.716455370662 16.1621 0.1
53743.506896 0.716949082586 16.064 0.081
53712.64224 0.71936525475 16.051 0.095
55164.613526 0.721073402743 16.0678 0.085
55036.740744 0.723270500164 16.0187 0.102
54114.535597 0.72431983643 16.1146 0.115
54740.678612 0.725188197912 16.233 0.091
53743.517072 0.73310346361 16.1748 0.084
54793.597446 0.733738462859 15.9845 0.091
55036.748535 0.735638698125 16.0047 0.102
53712.655261 0.74003606796 16.1386 0.098
55164.629461 0.746370185512 16.1019 0.082
53743.527282 0.749311819565 16.1241 0.083
54740.693903 0.749462631883 16.2116 0.09
55619.439011 0.755682449579 16.1697 0.087
54793.612478 0.757601734825 16.0296 0.092
53712.668321 0.760768793595 16.126 0.098
54174.402614 0.763097653361 16.1727 0.117
53743.537474 0.765491600545 16.2441 0.086
54740.70844 0.772540092271 16.1867 0.09
55619.451781 0.775954800761 16.184 0.088
55438.664288 0.77614688803 16.1173 0.105
54174.411105 0.776577100023 16.1847 0.118
54834.570878 0.778985334693 16.2004 0.104
54793.627482 0.781420556839 16.1005 0.093
54834.577167 0.788969110469 16.1656 0.103
54174.419622 0.79009782164 16.1329 0.116
54740.722516 0.794885716014 16.2255 0.091
54834.583453 0.798948123737 16.1795 0.104
55164.663155 0.799859347671 16.2228 0.085
54174.428178 0.803680455681 16.139 0.117
55544.510088 0.806156952772 16.1128 0.084
54834.589753 0.808949361987 16.1689 0.104
55544.517056 0.817218639766 16.1053 0.084
55891.605616 0.819660211903 16.1551 0.091
54766.568554 0.825422830127 16.1661 0.092
55438.697297 0.828548613956 16.0989 0.105
56245.630413 0.833365083297 16.1495 0.086
55891.618099 0.839476951116 16.1338 0.091
54766.581542 0.846041255904 16.2293 0.098
56245.644555 0.855815481918 16.1548 0.081
55891.630528 0.859207965436 16.1709 0.092
54766.594868 0.867196256047 16.1893 0.093
56245.658735 0.878326205465 16.185 0.081
55891.64312 0.879197741946 16.1403 0.092
54766.607972 0.887998831601 16.1645 0.094
56245.67289 0.900797241568 16.2343 0.081
55922.523523 0.901779902917 16.325 0.097
55922.532312 0.915732424022 16.2522 0.095
55922.541194 0.929832582445 16.3151 0.097
55922.550041 0.94387717845 16.3768 0.099
54412.63598 0.958121799208 16.3213 0.124
53728.541616 0.959594997482 16.3127 0.105
54412.645128 0.97264423214 16.3768 0.13
53728.552446 0.976787602279 16.359 0.107
54412.654118 0.986915840374 16.2921 0.119
53728.563618 0.994523131438 16.4142 0.11
