54955.453584 0.0132485418029 13.306 0.058
54955.466248 0.0183820831942 13.3066 0.058
54955.475709 0.0222172407379 13.3094 0.058
54242.542722 0.0241913679162 13.2802 0.058
54955.4853 0.0261050957218 13.2946 0.058
54242.55299 0.0283536549519 13.2807 0.06
54242.563085 0.0324458138587 13.2755 0.057
53830.591902 0.0337786537272 13.2818 0.057
54242.572996 0.0364633856178 13.2989 0.058
53830.60097 0.037454502855 13.2857 0.057
53830.610061 0.0411396753762 13.2655 0.057
53830.619101 0.0448041742852 13.2797 0.057
54908.688649 0.0563842340631 13.2902 0.058
54908.69709 0.0598059193832 13.2927 0.058
54908.705513 0.0632203081352 13.2959 0.058
54908.714171 0.0667299576441 13.2947 0.058
54627.518244 0.0797644667651 13.3034 0.055
54627.526395 0.0830685962589 13.3214 0.055
56048.470299 0.0838858119449 13.3219 0.054
54627.534548 0.0863735364827 13.2991 0.055
56048.48081 0.088146602658 13.3266 0.054
54627.542704 0.0896796927988 13.2925 0.055
56048.491411 0.0924438762148 13.3296 0.054
56048.502018 0.096743581959 13.3178 0.054
54590.578564 0.105713902357 13.2839 0.055
54590.586939 0.109108833592 13.2845 0.055
53845.579856 0.109369483236 13.2663 0.057
56376.634201 0.11002090467 13.3489 0.055
54590.595257 0.112480659027 13.2953 0.055
53845.588504 0.112875079097 13.2629 0.057
54590.603538 0.115837485961 13.2796 0.055
56376.649172 0.116089622942 13.3302 0.055
53845.597156 0.116382296419 13.2552 0.057
53845.605789 0.119881811804 13.2424 0.057
55799.402412 0.120500804043 13.2954 0.055
56376.664097 0.122139694429 13.3361 0.055
54844.711357 0.122234144456 13.3273 0.056
55799.409475 0.123363896498 13.3161 0.056
55799.41659 0.126248067931 13.2988 0.056
54844.722147 0.126608031983 13.3324 0.056
56376.678921 0.128148824057 13.3827 0.056
55799.42365 0.12910994429 13.3009 0.056
54844.732938 0.130982324874 13.3321 0.056
54844.743725 0.135354996306 13.3349 0.056
54595.592158 0.138049051589 13.2997 0.057
54595.601158 0.141697335901 13.2909 0.057
54595.610282 0.145395885466 13.2935 0.057
54267.514151 0.146732778985 13.3015 0.059
54595.619321 0.14905997901 13.2793 0.057
54267.522218 0.150002857823 13.2961 0.059
54267.530446 0.153338200414 13.2877 0.059
54267.538463 0.156588011008 13.2886 0.059
55355.49549 0.176205241127 13.3271 0.059
55355.527077 0.18900950297 13.3134 0.059
54526.690202 0.207612915413 13.2983 0.059
54526.700031 0.211597247249 13.2943 0.059
54869.608419 0.214629782241 13.3071 0.062
54526.709773 0.215546312336 13.2894 0.059
54526.719424 0.219458489215 13.2838 0.059
54869.620399 0.219486054028 13.3073 0.062
54869.632224 0.224279494252 13.2985 0.062
54869.64416 0.229117929982 13.2999 0.062
54704.377778 0.235923601685 13.2867 0.055
54704.384281 0.238559689783 13.3005 0.055
55032.485297 0.239203003917 13.3056 0.058
54704.390763 0.24118726522 13.2941 0.056
55032.490365 0.241257393349 13.3126 0.058
55032.495428 0.24330975596 13.3047 0.058
54704.397258 0.243820110397 13.298 0.056
55032.500485 0.245359686377 13.3119 0.058
55365.551621 0.252608016578 13.3008 0.056
56495.410895 0.257926404378 13.3252 0.055
56495.41982 0.261544286323 13.3158 0.055
56495.428813 0.26518973308 13.3208 0.055
56495.437852 0.268853826627 13.3262 0.055
56036.643704 0.289799032233 13.2947 0.054
56036.657906 0.295556024879 13.3019 0.054
56036.672062 0.301294370738 13.2893 0.054
56036.686182 0.30701812346 13.2852 0.055
55380.504407 0.313942972453 13.3537 0.061
54097.712765 0.315206900283 13.2675 0.06
54097.720068 0.318167280323 13.2652 0.06
54097.727433 0.321152792985 13.2672 0.06
54677.452876 0.321512757039 13.2852 0.055
54588.645173 0.321985007173 13.2841 0.055
54097.734802 0.324139927108 13.2683 0.06
55380.531831 0.32505970012 13.3309 0.061
54677.462689 0.325490603034 13.3064 0.055
54588.658228 0.327277046253 13.2928 0.055
54677.472505 0.329469665124 13.287 0.055
54588.67133 0.332588137482 13.2831 0.055
54509.730515 0.332750688818 13.2686 0.056
54677.48232 0.333448321852 13.2975 0.055
56004.691888 0.33765357757 13.2617 0.055
54509.744177 0.338288784405 13.2656 0.056
56004.701399 0.341509003358 13.283 0.055
54509.756654 0.343346522556 13.2592 0.056
56004.71099 0.345396858341 13.2693 0.055
54477.696778 0.347397334239 13.284 0.061
54509.768941 0.348327241376 13.2762 0.056
56004.72063 0.349304576207 13.2667 0.055
54477.705701 0.351014405454 13.3014 0.061
53774.642179 0.35372345924 13.2599 0.06
54477.714759 0.354686200934 13.2949 0.06
53774.647577 0.355911619099 13.2747 0.06
53774.652825 0.358038974216 13.2559 0.06
54477.723635 0.358284219996 13.2882 0.06
55264.670118 0.358785251042 13.3132 0.057
54645.501137 0.369398515473 13.2943 0.057
53737.684895 0.372536850712 13.2297 0.06
54645.511577 0.373630525276 13.3057 0.057
53737.689999 0.374605833284 13.2507 0.06
53737.695089 0.376669140745 13.2683 0.06
54645.522053 0.377877128218 13.2874 0.057
56145.407137 0.378679750767 13.3082 0.055
53737.700187 0.378735691127 13.2315 0.06
54645.532365 0.38205725131 13.2804 0.057
56145.420191 0.383971384479 13.3019 0.055
56145.432282 0.388872651773 13.2918 0.055
54322.393458 0.392878873313 13.2902 0.056
56145.444343 0.393761758118 13.3066 0.055
54322.404377 0.397305052915 13.2871 0.056
56061.586937 0.400910773911 13.2841 0.054
54322.415344 0.401750690034 13.2887 0.056
56061.597548 0.405212101116 13.284 0.054
54322.426288 0.406187003759 13.2762 0.056
56061.608146 0.409508158577 13.2824 0.054
56061.618769 0.413814350163 13.2914 0.054
56019.683382 0.414679398911 13.3023 0.055
56019.69273 0.418468750217 13.3187 0.055
56404.532792 0.419131116501 13.3267 0.054
56019.702193 0.422304718488 13.2914 0.055
56404.543736 0.423567430226 13.3286 0.054
56019.712038 0.426295536162 13.295 0.055
54285.474931 0.427402993133 13.2872 0.056
56404.5546 0.427971314759 13.3333 0.054
54285.483645 0.430935343079 13.2868 0.056
56404.565602 0.432431139649 13.3304 0.054
54285.492372 0.434472962769 13.2702 0.056
54154.754355 0.437866677908 13.2762 0.057
54285.501107 0.438013825375 13.2753 0.056
54154.761054 0.440582217534 13.2879 0.057
54201.636039 0.442056935125 13.276 0.057
55326.550892 0.443080481558 13.2992 0.059
54154.767707 0.44327911037 13.2721 0.057
54154.77433 0.44596384226 13.2774 0.057
54201.649131 0.447363972706 13.299 0.057
53873.558263 0.450834301818 13.3246 0.058
55706.476084 0.451426945338 13.3021 0.056
54201.662245 0.452679928316 13.2595 0.057
53873.567262 0.454482180766 13.2861 0.058
55326.579629 0.45472945337 13.3218 0.059
55706.487961 0.456241464535 13.3162 0.056
54201.675359 0.457995883926 13.2645 0.057
53873.57622 0.458113439754 13.2569 0.057
55706.499873 0.461070171507 13.3048 0.056
53873.585295 0.461792126435 13.2564 0.057
53915.523914 0.462237217121 13.2803 0.059
54534.721529 0.463231171916 13.2608 0.059
53915.531414 0.465277454049 13.2815 0.059
55706.511753 0.4658859068 13.299 0.056
53962.405711 0.466473280574 13.2862 0.056
55649.776106 0.467244690023 13.3113 0.056
54534.733287 0.467997452689 13.2473 0.059
53915.538979 0.468344039696 13.2748 0.059
53962.41553 0.47045355876 13.287 0.056
53915.546531 0.471405355601 13.2654 0.059
54534.74295 0.471914493945 13.2732 0.059
53962.425361 0.474438701326 13.2823 0.056
54534.751653 0.475442384876 13.2508 0.059
53962.435195 0.478425059984 13.2852 0.057
54586.564645 0.478611933214 13.0857 0.073
54534.760459 0.479012028393 13.2538 0.059
54169.70956 0.500182211535 13.2487 0.059
53555.450259 0.501007534518 13.2754 0.059
54300.458417 0.501182652166 13.2849 0.056
54300.464976 0.503841440701 13.2874 0.057
53555.457872 0.504093577682 13.2709 0.059
54169.721187 0.504895389503 13.2665 0.059
54586.632421 0.506085946283 13.5068 0.112
54300.471522 0.506494959491 13.2851 0.057
56414.61631 0.506635621118 13.2915 0.052
53555.465453 0.507166649168 13.2746 0.059
54300.478068 0.50914847828 13.2945 0.057
54169.732573 0.509510874523 13.2521 0.059
53555.473066 0.510252692333 13.2587 0.059
56414.630463 0.512372750885 13.2865 0.052
54169.744309 0.514268237268 13.2674 0.059
55763.377604 0.517307258101 13.3074 0.058
56414.644628 0.518114745029 13.2754 0.052
55763.391012 0.522742390997 13.2786 0.063
56414.658794 0.523857144538 13.2884 0.052
55674.588344 0.525255653525 13.3161 0.056
55220.678459 0.526109757419 13.2934 0.059
55763.404505 0.528211979912 13.3172 0.059
55763.418027 0.533693324411 13.4221 0.061
55220.703382 0.536212667411 13.2767 0.065
55674.631926 0.542922267629 13.3122 0.056
53804.714466 0.543973784239 13.2604 0.057
53804.719619 0.546062629693 13.2747 0.058
53804.724736 0.548136882005 13.265 0.058
55294.744135 0.549736857361 13.2791 0.055
53804.72988 0.550222079174 13.2674 0.058
56429.559367 0.564026781651 13.2969 0.054
56429.569945 0.568314731815 13.3002 0.054
56429.580669 0.572661865256 13.2855 0.054
56429.591249 0.576950626147 13.2831 0.054
53945.429687 0.584988607221 13.2606 0.056
53819.625054 0.588203151063 13.2705 0.053
53945.439534 0.588980235622 13.2624 0.056
55731.493678 0.592682028106 13.3342 0.056
53945.449336 0.592953622604 13.2681 0.056
56101.531322 0.592963351364 13.2944 0.055
53945.459152 0.596932684697 13.2641 0.056
53819.647609 0.597346156918 13.2809 0.053
55731.50607 0.597705310242 13.3568 0.056
56101.543251 0.597798949539 13.3036 0.055
56101.555303 0.602684407599 13.3 0.055
55731.518426 0.602713999239 13.3309 0.056
53819.669297 0.606137711384 13.2879 0.053
56101.567425 0.607598241204 13.3087 0.055
55731.530969 0.607798491476 13.3282 0.056
53819.690897 0.614893593735 13.2895 0.053
56074.482207 0.628200913451 13.3195 0.056
53580.436356 0.629494838286 13.2523 0.057
54939.708293 0.630659857079 13.2659 0.055
56074.492872 0.632524130362 13.319 0.057
53580.446291 0.633522138803 13.2558 0.057
54939.721412 0.635977839511 13.2668 0.055
56074.50352 0.636840456068 13.3278 0.057
53580.456187 0.63753363009 13.2451 0.057
56074.514209 0.641173401738 13.334 0.057
54939.734407 0.641245556696 13.2794 0.056
53580.466337 0.641648084063 13.2466 0.057
54939.747364 0.646497870012 13.2766 0.056
55657.723063 0.688662307913 13.4083 0.056
55657.7574 0.702581323299 13.5706 0.056
56296.700788 0.707819043478 13.5844 0.057
56459.523442 0.710411757529 13.6254 0.056
54922.705475 0.738313835958 13.584 0.06
55058.417179 0.751078372038 13.4348 0.056
55058.421384 0.752782931544 13.4004 0.056
55058.425599 0.754491544697 13.3882 0.056
54890.677972 0.755487526313 13.3567 0.058
55058.429812 0.756199347121 13.3766 0.056
54890.685543 0.758556544151 13.3343 0.058
54890.693098 0.761619076151 13.303 0.058
54890.700756 0.764723360735 13.2982 0.058
55307.627573 0.772230719121 13.3221 0.055
54974.599309 0.774253895455 13.2805 0.055
54974.609775 0.778496444747 13.2577 0.055
54974.620267 0.782749533526 13.2695 0.055
54182.750867 0.786670628435 13.2869 0.057
54974.630762 0.787003838402 13.2469 0.055
54182.760875 0.79072752059 13.3084 0.057
54182.770838 0.794766171324 13.3702 0.058
54234.577708 0.795454075599 13.2718 0.06
54182.780844 0.798822252752 13.2775 0.057
54234.586313 0.798942240769 13.2887 0.06
54234.596114 0.802915222386 13.2749 0.06
54234.609241 0.808236447739 13.2748 0.06
53859.65359 0.814367592211 13.2962 0.058
53859.664068 0.81861500588 13.2828 0.058
53859.674476 0.822834044006 13.2749 0.058
53859.684885 0.827053487498 13.2757 0.058
54614.609865 0.847160398441 13.2793 0.055
54614.614772 0.849149524123 13.3053 0.055
54614.619699 0.851146757103 13.2756 0.055
54614.624626 0.85314399008 13.2636 0.055
54207.600068 0.859665095608 13.2648 0.059
54207.609667 0.863556193509 13.2717 0.059
55416.405051 0.86680478801 13.2795 0.056
54207.61923 0.867432698275 13.2778 0.06
56363.702127 0.867811714478 13.3328 0.055
53889.39118 0.868943493346 13.2872 0.056
54207.628815 0.871318121068 13.2636 0.06
53889.400019 0.872526513907 13.2582 0.055
56363.713981 0.872616910285 13.3323 0.055
55416.421377 0.873422775753 13.3025 0.056
53889.408855 0.876108318373 13.2855 0.056
56363.725935 0.877462642584 13.3097 0.055
53879.54771 0.878746027931 13.2855 0.058
53889.417686 0.879688096014 13.2847 0.056
56363.737975 0.882343236263 13.3409 0.055
53879.556791 0.882427146804 13.2793 0.058
53879.565844 0.886096915456 13.2781 0.058
54999.54439 0.886114751515 13.3239 0.058
54999.549729 0.888278994841 13.3165 0.059
53879.574958 0.889791411371 13.2957 0.058
54999.555069 0.890443643535 13.3208 0.059
54999.560442 0.89262166927 13.3088 0.061
54190.545624 0.946391704937 13.3112 0.06
54190.553284 0.949496800253 13.3289 0.06
54190.561026 0.952635135493 13.2978 0.059
56393.518831 0.954457656189 13.3135 0.055
54190.568766 0.95577266 13.2934 0.059
56393.528592 0.95841442321 13.3065 0.055
56393.53838 0.962382135081 13.3022 0.055
55263.694912 0.963470945267 13.3018 0.056
56393.548212 0.966367683013 13.3137 0.055
53608.408574 0.968450853355 13.2454 0.061
53608.4179 0.972231286633 13.2624 0.061
53608.427413 0.976087523151 13.2655 0.061
53899.530092 0.978902782548 13.2873 0.058
53608.436758 0.979875658365 13.2529 0.061
53899.538693 0.982389326257 13.2979 0.058
53899.547222 0.985846683691 13.279 0.058
53899.555799 0.989323498641 13.283 0.058
