55397.4814969 0.010153810768 18.922098 0.204316967699
56182.5051027 0.0151925639783 18.837549 0.180623266744
56182.5164028 0.0365254182489 18.794628 0.177898148131
56182.5276658 0.0577883524748 19.037386 0.2004184283
54005.4511779 0.0688643715783 18.8349 0.257789648712
55397.5198984 0.0826501133159 18.75109 0.188384870889
54005.4600179 0.085553011096 18.94598 0.273176764662
54005.468809 0.102149224983 18.841648 0.259450722461
54005.4775874 0.118721621411 19.140287 0.304849483468
55032.5942 0.158495611223 18.834185 0.240391345796
56102.6022245 0.170724764915 19.400056 0.210781059719
55032.6019516 0.173129599183 19.094869 0.275473805635
53942.4747911 0.179034971731 18.977957 0.284735570552
53865.6702468 0.183749884105 19.223785 0.285981286386
55032.6096067 0.187581139321 19.088887 0.275996557942
53942.4810799 0.190907436227 18.928137 0.274595803195
55275.746211 0.192469686489 19.241546 0.264882653781
56102.6150652 0.19496597548 19.475558 0.22173765832
53865.6792986 0.200838293315 19.04073 0.259383657803
55032.6172513 0.202013036023 19.143572 0.283418419991
53942.4877518 0.203502963972 18.962706 0.276157991421
53942.4943046 0.215873654523 19.090445 0.296806473887
55849.4278784 0.21610807424 19.3435 0.232836520133
55032.6250526 0.216740761295 19.132334 0.282853198126
53865.688248 0.217733241369 19.056666 0.260496856762
56102.628027 0.219435956184 18.734543 0.155142365563
55083.4819479 0.22681546822 18.910253 0.137231408724
53865.6972479 0.234723783224 19.206279 0.281947102578
55849.4379857 0.235189167335 18.912359 0.188163682565
56102.641033 0.243989185879 19.030495 0.178584555963
53994.4221517 0.247742240587 19.129054 0.30398983123
55849.4480573 0.254202744003 19.031957 0.200043073588
55083.4986825 0.258407748518 18.97893 0.141442645164
53994.4306664 0.263816652037 19.054331 0.291554390179
55849.4581892 0.273330181503 19.106639 0.21076336494
53994.4392185 0.27996185796 19.208799 0.317369879847
55083.5154442 0.290051397909 18.995464 0.142518738808
53994.4477671 0.296100290682 19.187024 0.334977474894
54274.6653152 0.304164653653 19.161253 0.304633913875
54377.4299779 0.308200728839 19.055773 0.299949005691
56065.5968779 0.310264819614 19.187397 0.195015530419
55083.5321903 0.321665549098 18.895665 0.137211172943
54274.6752481 0.322916465712 19.264275 0.32366516854
54316.5227969 0.324716816229 19.22692 0.453681321264
54177.7404418 0.324761675835 19.06609 0.341894699493
54377.4393741 0.325939309025 19.036751 0.297658589354
56065.6086158 0.33242428405 19.235249 0.200343175885
54177.7462152 0.335660916134 19.093686 0.342873187578
54274.6851193 0.341551794906 19.320497 0.335260746332
54377.4488292 0.343789106294 19.092461 0.306974742358
54177.7520028 0.346587031244 18.746845 0.285891770672
55805.531884 0.347154327047 19.445845 0.250209285157
54594.62971 0.348223798449 18.929999 0.227032361565
56065.6200679 0.354044029998 19.252604 0.203126643764
54274.6950559 0.360310599363 19.242553 0.322771129711
54377.4582683 0.361608749732 19.071863 0.303936333087
54594.6370612 0.362101773811 19.133121 0.251238095772
55805.545373 0.372619383045 19.358414 0.240125531148
56065.6315101 0.375645182167 18.944898 0.18268614721
54594.6443642 0.375888612383 19.161543 0.254434553245
53881.6645223 0.378506556164 19.238263 0.29198172698
56213.4241239 0.385596837666 19.381083 0.199180902172
54594.6517858 0.389899436358 18.924033 0.224984777914
55805.5589537 0.398257732134 19.141148 0.215735882025
53881.6762882 0.400718789162 19.335091 0.320317467802
56213.4346268 0.405424810331 19.280998 0.190491360295
55805.572673 0.424157648571 19.394508 0.245761037069
53881.6888651 0.424462210706 19.105395 0.596441575843
56213.4452741 0.425525276084 19.193794 0.183211440738
56213.4559048 0.445594474163 19.459423 0.208520309379
53881.7013137 0.447963118396 19.241604 0.323472997988
55769.5881099 0.49078173389 19.245178 0.189003800791
55735.6928296 0.501653433876 19.167882 0.205383141127
55769.600745 0.514634843163 19.215936 0.186269974701
55735.7026552 0.520202717808 19.345503 0.225463973276
54236.6445613 0.526770457404 19.196936 0.423712022063
55769.6135762 0.538858136922 19.06501 0.173638100288
55735.7127441 0.53924885099 19.375741 0.231544012362
54236.6514427 0.539761493772 19.206528 0.353774081367
56150.473133 0.543711143855 19.271992 0.212755962046
54236.6583504 0.55280212957 19.389337 0.40083312656
55735.7226852 0.558016176622 19.352353 0.234126949785
55769.626357 0.562986360547 19.250412 0.189831113983
56150.4834484 0.563184927215 19.334797 0.21955175801
54236.6652355 0.565800158336 19.287636 0.369112466656
54697.5107847 0.572027878626 19.475486 0.313675678976
56150.4937301 0.582595301346 19.308705 0.216733054056
54697.5196705 0.588803044054 19.24739 0.2784064218
56150.504109 0.6021890412 19.055039 0.191965560308
54697.5285642 0.605592871264 19.313379 0.288108732403
54757.3900226 0.614911753432 19.124542 0.286655246325
54697.5374334 0.62233657306 18.991073 0.244265528246
53973.43674 0.630480243204 19.016629 0.278821065805
54757.3989333 0.63173389719 19.187315 0.297056356325
53973.4447815 0.645661401762 18.930306 0.266721642371
54757.4078427 0.648553440454 18.988052 0.26712330285
55123.4384973 0.658696903555 18.601424 0.168066724236
53973.4527031 0.660616170736 18.781112 0.246303987351
54757.4167914 0.665447273716 19.051924 0.277418660667
53973.4602807 0.674921533686 18.493537 0.21281064414
55123.4490873 0.678689189205 18.468731 0.158895725758
55123.4597156 0.698753799246 18.479265 0.160177436296
55123.4703364 0.718804205679 18.463759 0.160212966991
54295.5487741 0.728955285301 18.829961 0.799673428434
54295.556245 0.743059190549 18.273162 0.340404721312
54017.4625173 0.744444463762 18.322315 0.202050952649
54295.5635959 0.756936707173 18.743195 0.525713764454
55330.6060182 0.759432741856 18.49637 0.178646463301
54017.4706347 0.759768718339 18.305195 0.201115043191
54017.4787865 0.775158107813 18.403443 0.212121243384
54729.4025311 0.778789170371 18.518785 0.20600511865
54017.4869305 0.790532857784 18.169369 0.18978063238
54729.4103341 0.793520194841 18.465185 0.200584300858
53990.4799239 0.805416358816 18.354812 0.201038946138
54729.4180256 0.808040563075 18.546461 0.207941625349
55487.4303996 0.819986333645 18.63154 0.183605891543
54644.6723385 0.821086846179 18.403614 0.145816821227
53990.4884491 0.821510653655 18.369353 0.202578710328
54729.4256554 0.822444491314 18.506819 0.203949564185
55330.6452024 0.833406438922 18.608761 0.185762179297
53972.4852915 0.83429030979 18.537269 0.215907429782
53990.4969416 0.837543331581 18.50807 0.217159309424
54644.6838795 0.842874401215 18.417398 0.146917714053
53972.4925808 0.848051365267 18.624461 0.260293390752
53990.5054494 0.85360463401 18.633588 0.231567755408
53989.4479829 0.857268905886 18.446989 0.219411091187
53972.4998767 0.861825092922 18.670392 0.241113563421
54644.6953734 0.864573244011 18.595651 0.159416649613
55487.4604453 0.876708051394 18.902509 0.211118029503
54644.7070623 0.8866400427 18.716275 0.168336021948
54954.6038831 0.924652264118 18.468403 0.167325448857
54954.6143416 0.944396332149 18.388908 0.15668593353
54362.40667 0.946482811866 18.748006 0.254783210183
53806.7510628 0.95330161632 19.060342 0.275033773332
55660.7141531 0.953328461516 18.580287 0.225442115047
54362.4149942 0.96219776823 18.770289 0.257987295416
54954.6248026 0.964145208144 18.779332 0.186902213507
53806.7591739 0.968614115646 18.782316 0.483266062146
54362.4232646 0.977810902207 18.884005 0.274278568008
54954.6353075 0.983976873829 18.501296 0.16339095726
54362.4314988 0.993355864692 18.455079 0.219854135143
56182.4939055 0.994053978892 18.831636 0.180143437609
