53707.577702 0.00275818667941 16.4033 0.124
54441.523961 0.00318952973214 16.5258 0.108
54085.511218 0.0044978617303 16.3521 0.121
54413.631997 0.0101527466297 16.4015 0.123
54077.545931 0.0122770923753 16.384 0.133
53707.585391 0.0143344406768 16.4343 0.127
55543.448366 0.0169495991053 16.4483 0.119
54737.768491 0.0172258694492 16.3843 0.079
54085.52061 0.0186380851102 16.3125 0.12
54441.537024 0.0228566653786 16.3774 0.103
54077.554489 0.0251616783745 16.3587 0.129
53707.593105 0.0259483336862 16.3952 0.125
55833.718532 0.0362200195889 16.3552 0.095
53707.600808 0.0375456655365 16.4158 0.148
54077.563037 0.0380312087646 16.4209 0.133
55487.671644 0.041725101236 16.5172 0.092
54441.550023 0.04242744517 16.4448 0.105
55149.59217 0.0426532792319 16.3769 0.093
55543.465561 0.0428377103728 16.3568 0.118
55149.597473 0.0506372660885 16.3964 0.093
55833.730352 0.0540157436463 16.3965 0.096
55149.602756 0.0585911417376 16.4142 0.094
54441.563043 0.0620298417188 16.434 0.105
55149.608055 0.0665691063505 16.4154 0.094
54763.707048 0.0692904067928 16.2866 0.095
55833.742272 0.071962023752 16.3657 0.096
54763.711473 0.0759525116211 16.2564 0.094
54763.715883 0.0825920330247 16.3343 0.097
54763.720301 0.0892435989266 16.3053 0.096
55883.569436 0.0897675339448 16.475 0.08
55833.754133 0.0898194757853 16.3072 0.094
56245.562221 0.0917736931957 16.43 0.087
53723.582131 0.0983928895466 16.4202 0.105
55891.547746 0.101595216531 16.4286 0.096
55883.578158 0.102899031847 16.421 0.08
53765.432443 0.10656582423 16.4401 0.107
56245.576243 0.112884661283 16.4467 0.088
53723.592562 0.114097390186 16.4025 0.105
55883.586537 0.11551412254 16.4825 0.082
53765.440613 0.118866252789 16.3482 0.104
55891.5604 0.12064657798 16.4011 0.097
55883.594964 0.128201480125 16.4505 0.081
53723.602888 0.129643806995 16.4442 0.107
53765.448785 0.13116969247 16.37 0.105
56245.590447 0.13426964136 16.3081 0.094
53618.664927 0.1392041156 16.49 0.116
55891.572884 0.13944199415 16.3533 0.096
56273.493122 0.143432482017 16.4061 0.084
53765.456952 0.143465604347 16.3846 0.106
53723.613222 0.14520226828 16.4058 0.106
55205.456412 0.149644424272 16.2793 0.094
56245.604651 0.155654621436 16.5245 0.118
55891.585359 0.15822386027 16.4048 0.097
56273.503895 0.159651884327 16.3532 0.083
53618.680782 0.163074775924 16.3875 0.112
53950.788975 0.172022321446 16.414 0.121
56273.514471 0.175574691235 16.3932 0.084
55205.478162 0.182390363211 16.2923 0.094
53950.796917 0.183979482225 16.3596 0.119
53618.696934 0.187392587677 16.5003 0.143
54038.476247 0.190507592166 16.3734 0.121
56273.525183 0.191702254351 16.3319 0.082
53950.804728 0.1957394146 16.2952 0.334
54038.482695 0.200215445696 16.4238 0.123
53950.812704 0.207747764439 16.2889 0.208
54038.489228 0.210051271861 16.3901 0.122
54038.495772 0.219903659195 16.2365 0.115
54857.468874 0.23338369433 16.3173 0.093
54857.474253 0.241482103783 16.3139 0.093
54857.479655 0.249615141127 16.2698 0.092
54857.485057 0.25774817846 16.2455 0.091
54505.466297 0.272239197417 16.0719 0.109
55589.450625 0.276129565517 16.3683 0.099
54505.47029 0.278250900136 16.1637 0.113
54505.474282 0.284261097305 16.132 0.112
53986.731401 0.285515981899 16.259 0.121
54352.709115 0.287073484145 16.2 0.11
54505.478274 0.290271294463 16.0784 0.11
54716.700287 0.297771996428 15.918 0.081
54352.716323 0.297925563592 16.1462 0.109
53986.740081 0.298584246276 16.357 0.127
55589.468311 0.302756906945 16.3242 0.097
54716.704846 0.304635846343 15.911 0.081
53642.686662 0.305377334845 16.2898 0.13
54058.47876 0.305499285235 16.2371 0.115
54352.723405 0.308587942417 16.1038 0.107
54716.709432 0.311540346392 15.8845 0.08
53986.748787 0.311691655204 16.3542 0.131
53642.694397 0.317022844623 16.2772 0.13
54716.714065 0.318515607772 15.897 0.081
54058.487551 0.318734666809 16.1295 0.111
53670.592421 0.319183323815 16.4427 0.134
54352.730558 0.319357216046 16.0322 0.104
53986.757509 0.324823153117 16.3491 0.135
54716.718663 0.325438174541 15.8582 0.08
53642.702045 0.328537370644 16.3103 0.131
54058.495895 0.331297062881 16.0877 0.109
53670.601273 0.332510544572 16.342 0.129
53642.709728 0.340104591287 16.1329 0.122
54424.478476 0.340182127641 15.9127 0.107
54058.504119 0.343678791697 16.031 0.107
53670.609943 0.34556375334 16.2932 0.127
54424.48751 0.353783360397 15.89 0.106
54020.652473 0.355739083376 16.0278 0.104
54010.690104 0.356790717321 16.0631 0.106
53670.618608 0.358609434292 16.222 0.123
54424.496836 0.367824216789 15.8092 0.103
54020.662831 0.371333678112 16.0246 0.103
54010.699766 0.371337442008 16.0265 0.104
54424.505986 0.381600094547 15.8054 0.103
54010.709485 0.385969983644 15.9517 0.102
54020.673151 0.386871061555 15.9817 0.102
54010.719308 0.400759103562 15.9074 0.101
54020.683592 0.402590617804 15.8833 0.099
55092.71381 0.408846221312 15.7194 0.078
55092.720212 0.418484819061 15.7194 0.078
55092.726635 0.428155033579 15.7477 0.078
54782.548096 0.435626377118 16.1236 0.089
56216.566473 0.436923417413 15.8565 0.078
55092.733094 0.43787944828 15.8216 0.08
56216.577208 0.45308560843 15.7329 0.083
54782.560328 0.454042392067 16.1385 0.089
56216.587941 0.469244788314 15.8806 0.076
54782.572392 0.472205472868 16.1945 0.091
56216.598725 0.485480751795 15.8315 0.075
54800.514836 0.485638835636 16.0471 0.099
54782.584338 0.490190897536 16.1836 0.091
54800.526436 0.5031033364 16.0423 0.099
54800.538047 0.520584398335 16.1029 0.1
54800.549655 0.538060943587 16.1125 0.101
53742.47243 0.538879215669 15.918 0.104
53599.669049 0.539762226842 16.017 0.104
53742.479747 0.54989540119 15.9915 0.107
55170.519972 0.550723459422 16.0336 0.085
53599.677708 0.55279887445 16.0504 0.106
53742.487074 0.56092664232 15.9663 0.106
55170.529032 0.564363836741 15.9918 0.084
53599.686668 0.566288695732 16.0244 0.105
53742.4944 0.5719563779 15.9425 0.105
53581.757827 0.573335471234 15.8862 0.106
55170.53811 0.578031314156 16.0425 0.086
53599.695377 0.579400621342 16.0281 0.105
54120.435488 0.585096156387 16.0223 0.092
53581.766227 0.585982178685 15.9866 0.11
55170.547172 0.591674702596 16.0419 0.086
54836.453479 0.593436961065 16.1002 0.086
53655.498489 0.594356858467 16.1013 0.097
53581.774649 0.598662008464 15.9812 0.109
54836.459887 0.603084592169 16.1535 0.088
54120.448103 0.604088800971 16.0995 0.095
55035.722487 0.604966542685 16.14 0.091
53581.783163 0.611480349805 16.0294 0.111
53655.509968 0.611639186426 16.0725 0.096
54836.466301 0.61274125665 16.1382 0.087
55035.733159 0.621033883398 16.1433 0.091
54836.472719 0.622403943363 16.1189 0.087
54120.460694 0.623045312104 16.0863 0.094
54319.722449 0.62365506407 16.1475 0.106
53655.521442 0.62891398658 16.1326 0.098
53997.58803 0.630826801085 16.0865 0.107
55035.743902 0.637208118891 16.1636 0.091
54319.734132 0.641244526347 16.1347 0.106
54120.473296 0.642018384396 16.1121 0.095
53655.533199 0.646614860332 16.1653 0.099
54834.497163 0.648085040077 16.0753 0.217
53997.599543 0.648160318093 16.1391 0.109
55035.75469 0.653450104604 16.1658 0.091
54319.745832 0.658859583159 16.1714 0.107
53997.611426 0.666050892466 16.1288 0.108
54663.81601 0.677298181515 16.1988 0.1
54319.758377 0.677746838512 16.1912 0.107
54472.528638 0.682603776405 16.1984 0.099
54663.819798 0.683001244344 16.2655 0.102
53997.624323 0.685468105077 16.2191 0.111
55558.507146 0.688852604891 16.1873 0.079
54663.823738 0.688933152367 16.2177 0.1
55799.617293 0.694744615559 16.1997 0.088
54663.827626 0.694786771244 16.2061 0.1
54472.537361 0.695736779869 16.2121 0.1
54472.546034 0.708794505308 16.289 0.103
55799.626728 0.708949578037 16.2101 0.088
56163.614233 0.714127200286 16.1845 0.079
54335.725495 0.717207576884 16.1285 0.273
54472.554712 0.721859758552 16.2576 0.103
55799.636257 0.723296063186 16.1414 0.087
55558.531737 0.725875840949 16.2065 0.08
56163.625481 0.731061743793 16.1971 0.082
54335.734885 0.731344789143 16.2099 0.095
55562.524331 0.736967304501 16.2661 0.096
55799.645817 0.737689220713 16.2129 0.088
56163.631084 0.739497398772 16.2346 0.079
54335.744121 0.745250145106 16.2855 0.098
54335.753271 0.759026022864 16.1485 0.096
55562.543802 0.766282071263 16.2925 0.096
54862.478776 0.776093808467 16.2388 0.107
54862.482567 0.781801387978 16.2276 0.107
54862.486357 0.787507461939 16.1946 0.106
54862.49014 0.793202996974 16.2499 0.108
55437.727686 0.848079168389 16.3226 0.114
54053.536172 0.864134464615 16.2654 0.123
54053.542993 0.874403892182 16.3433 0.117
54053.549649 0.884424902274 16.359 0.118
55437.75793 0.893613337461 16.4678 0.121
54053.556391 0.894575390562 16.3325 0.116
54389.649862 0.903599719665 16.4118 0.119
54389.658474 0.916565605932 16.3384 0.116
55980.431255 0.921087556626 16.3346 0.085
54389.667105 0.929560097835 16.4153 0.12
55980.43755 0.930565059412 16.3322 0.085
53691.589679 0.931823707908 16.2675 0.115
55105.683935 0.936152946875 16.5352 0.099
55980.443882 0.94009826793 16.3771 0.086
54389.6758 0.942650945604 16.4432 0.121
53691.60025 0.947738987022 16.4505 0.124
55980.45023 0.949655565423 16.411 0.087
54737.726342 0.953768003685 16.3784 0.079
55105.697556 0.956660185231 16.4326 0.096
53691.610929 0.963816866649 16.4701 0.125
54413.60497 0.969461965407 16.403 0.121
54737.740399 0.974931666383 16.3515 0.078
54085.492475 0.976279142946 16.425 0.124
55105.711302 0.977355618647 16.4671 0.097
53691.621626 0.979921846362 16.4041 0.122
54413.613989 0.98304061475 16.4109 0.122
55487.635411 0.987174130866 16.461 0.091
54085.501835 0.990371188399 16.3269 0.12
53691.632353 0.996071992892 16.393 0.122
54737.754484 0.996137484765 16.3803 0.079
54413.622996 0.996601197373 16.4789 0.126
55105.725152 0.998207630332 16.3617 0.094
54077.537374 0.999394011937 16.4332 0.137
