53859.609376 0.0012722407338 14.2812 0.065
55393.484187 0.00128297694665 14.4094 0.061
55657.637137 0.00158090672665 14.4806 0.064
55399.44655 0.00457630895245 14.4376 0.064
53830.550183 0.00488229089615 14.2895 0.065
54939.696082 0.0103362849077 14.1664 0.058
54973.600521 0.0116192618385 14.1774 0.07
54154.689928 0.0128673460948 14.3814 0.065
54844.695167 0.0229244895608 14.2068 0.061
53859.618385 0.0254528667118 14.2985 0.065
56061.513614 0.0271142950077 14.246 0.059
54207.600922 0.0287354625022 14.3801 0.07
53830.559833 0.0307833943099 14.323 0.065
54973.609752 0.0363957473845 14.2097 0.081
53859.627431 0.0497328026145 14.3369 0.066
54844.70598 0.0519471456473 14.2397 0.061
56061.523462 0.0535468407352 14.2835 0.059
54207.610524 0.0545077314269 14.3952 0.071
55032.482799 0.0547251396371 14.2402 0.066
53830.56951 0.0567569671372 14.3423 0.066
53899.496593 0.0606434746816 14.3172 0.066
55032.487845 0.0682688668883 14.2238 0.066
55706.470205 0.0720829050033 14.4562 0.064
53859.636529 0.0741523092381 14.3551 0.066
55399.473939 0.0780898137679 14.4853 0.064
54207.620077 0.0801484817704 14.4276 0.071
56061.533392 0.0801994787563 14.3188 0.059
55032.492913 0.081871643268 14.268 0.067
53830.579143 0.0826124416682 14.351 0.066
53899.505134 0.0835679642301 14.334 0.066
56046.635167 0.0925863795157 14.3231 0.059
55032.49798 0.0954717355947 14.2625 0.067
54627.514889 0.0997286423268 14.436 0.062
56363.697383 0.10411438357 14.4824 0.062
54207.629675 0.105910014463 14.4047 0.071
53899.513695 0.10654613484 14.3407 0.066
56061.543293 0.106774279277 14.3242 0.059
55657.676501 0.107235936248 14.472 0.065
54627.523165 0.121941858064 14.4405 0.062
56046.647193 0.12486479087 14.359 0.059
55800.378224 0.126104822979 14.4763 0.068
55800.378695 0.127369011548 14.4813 0.068
56145.379916 0.128643936324 14.3692 0.061
55800.379185 0.128684197106 14.4787 0.068
53899.52223 0.12945452009 14.3457 0.066
55800.379685 0.130026223195 14.5066 0.068
56363.709179 0.135775462932 14.5045 0.062
54344.375095 0.137750925341 14.4077 0.07
54627.531325 0.143843723762 14.4335 0.062
56145.385825 0.144504000579 14.3754 0.061
56391.656222 0.147096794973 14.4458 0.061
54344.380186 0.151415434922 14.4001 0.07
56046.659361 0.157524337644 14.3655 0.059
56145.39191 0.160836458019 14.4104 0.061
54344.385275 0.165074576397 14.3442 0.069
54627.539482 0.165737537281 14.4291 0.062
56363.721159 0.167930407903 14.4818 0.062
56145.397877 0.176852197313 14.4332 0.061
54344.390354 0.17870687736 14.3225 0.069
56391.669798 0.183535487209 14.4323 0.061
56046.671459 0.189996000761 14.3977 0.06
56363.733132 0.200066564503 14.4744 0.062
53936.437035 0.210716883506 14.4072 0.064
56076.485537 0.21253667087 14.4405 0.064
56391.683677 0.220787447233 14.3741 0.061
53936.447895 0.239865690029 14.4373 0.064
55264.664191 0.241693529571 14.4201 0.064
56076.498026 0.246057798388 14.4704 0.064
54300.454096 0.251498372132 14.1878 0.062
55000.515426 0.252628358085 14.388 0.061
56101.463937 0.255865325005 14.4634 0.06
56036.636652 0.256050524607 14.4035 0.06
56391.697472 0.257813946877 14.2978 0.06
55000.521314 0.268432057245 14.3929 0.061
53936.458737 0.268966183635 14.4687 0.065
56296.696047 0.26903328493 14.4614 0.062
54300.460651 0.269092334088 14.1454 0.062
56076.510474 0.27946887977 14.4713 0.064
54919.678975 0.283376859725 14.4153 0.062
55000.527201 0.284233072352 14.4064 0.061
54300.467206 0.286686296044 14.1271 0.062
56459.516415 0.287394885808 14.1763 0.059
56101.476608 0.289874950008 14.4765 0.061
56036.650743 0.293871503688 14.4349 0.06
56296.70558 0.294620354251 14.4231 0.062
54533.699863 0.295304787554 14.1358 0.066
53936.469616 0.298165987165 14.4555 0.065
55000.533108 0.30008776852 14.4232 0.061
54300.473756 0.304266837734 14.1517 0.063
55619.747916 0.304935166726 14.1934 0.059
54595.551588 0.308561321209 14.1318 0.063
56076.522985 0.313049056436 14.4838 0.064
56459.526982 0.315757265072 14.159 0.059
54919.691504 0.317005349328 14.436 0.062
56296.715171 0.320363098592 14.4023 0.062
54182.747637 0.321221995277 14.3007 0.065
54533.710278 0.323259190868 14.1229 0.066
56101.489362 0.324107351357 14.4743 0.061
54169.710621 0.329190946156 14.2594 0.068
56036.664999 0.33213535139 14.427 0.06
54595.561916 0.336282211983 14.1199 0.063
55326.547109 0.338673702466 14.1802 0.066
53845.579019 0.343062127753 14.4209 0.066
56459.537756 0.344675243108 14.1503 0.06
56296.725212 0.347313666388 14.4001 0.062
54182.757624 0.348027624265 14.2354 0.064
54919.704148 0.350942504916 14.4602 0.062
54533.720724 0.351296799807 14.0839 0.065
54614.57119 0.358165289313 14.0929 0.059
56101.502184 0.358522268237 14.4658 0.061
54169.722038 0.359834769754 14.1596 0.067
54595.572294 0.364137305372 14.099 0.062
53845.587645 0.366214761755 14.4093 0.066
54645.497743 0.366646894154 14.1081 0.063
56036.679122 0.37004222015 14.4767 0.061
56459.548385 0.373204033605 14.1092 0.061
54182.767587 0.374768836018 14.1897 0.064
54533.731116 0.379189469939 14.0843 0.065
54919.716728 0.384707881187 14.4643 0.062
54887.676986 0.38836892834 14.388 0.062
55248.69842 0.388731275389 14.1658 0.066
54614.582823 0.38938886816 14.0985 0.059
53845.596309 0.389469389734 14.36 0.066
54169.733428 0.390406123938 14.1456 0.067
55619.779967 0.390961722744 14.1577 0.059
54595.582666 0.391976294462 14.0756 0.062
54645.508058 0.394332892258 14.0819 0.063
54182.77756 0.401536888283 14.1396 0.063
53845.604942 0.412640812087 14.322 0.065
55326.575789 0.41565231863 14.1087 0.065
53886.589015 0.416030769974 14.411 0.063
54614.594411 0.420491664677 14.0868 0.059
54169.745176 0.421938368791 14.1201 0.067
54645.518588 0.422595961578 14.0777 0.063
54887.691691 0.427837915463 14.3971 0.062
55799.373966 0.430623961611 14.1897 0.06
53873.557399 0.438493602561 14.353 0.066
53804.632587 0.440702577501 14.2272 0.065
53886.59885 0.44242842305 14.3743 0.062
55799.381011 0.449533109125 14.1953 0.06
54645.528956 0.450424214456 14.0845 0.063
54614.605999 0.451594461194 14.0315 0.059
53804.639024 0.457979821292 14.1735 0.064
55307.592168 0.462623231559 14.1227 0.062
53873.566417 0.462698385016 14.2957 0.065
54887.705863 0.465876302785 14.3531 0.061
55799.388085 0.468520094159 14.1594 0.06
53886.608828 0.46920989556 14.3287 0.062
54526.687116 0.472726003911 14.0495 0.065
53804.645324 0.474889349948 14.1694 0.064
54463.725195 0.479645490393 14.0099 0.07
55674.581045 0.47991389561 14.0925 0.061
53873.575378 0.486750176486 14.2555 0.065
55799.395159 0.487507079193 14.1661 0.06
53804.650838 0.489689213609 14.148 0.064
54463.730569 0.49406958674 14.0528 0.07
53886.618669 0.495623652955 14.2702 0.062
54526.696829 0.49879620261 14.0629 0.065
54887.719799 0.503281253776 14.2861 0.061
54463.735891 0.508354112367 14.0549 0.07
53873.584449 0.511097213696 14.2103 0.065
55416.401477 0.51248486866 14.0756 0.06
53879.54683 0.514438858637 14.1816 0.064
56495.369623 0.519275520641 14.0775 0.059
54463.741251 0.522740631991 14.0282 0.07
54526.706483 0.524708042236 14.0624 0.065
53879.555919 0.538834208783 14.1302 0.064
56495.380159 0.54755469428 14.0764 0.059
54526.716304 0.551068118569 14.0735 0.065
55416.417764 0.556200026304 14.1114 0.061
55805.382523 0.557904399436 14.1084 0.06
55805.383104 0.559463833746 14.1369 0.061
55805.383711 0.561093053416 14.1201 0.061
55805.384302 0.562679328237 14.1464 0.061
53879.564987 0.563173193834 14.1234 0.064
56495.389082 0.571504491771 14.0883 0.059
53879.574089 0.58760343667 14.1108 0.064
53599.403149 0.594184732575 13.978 0.065
56495.398107 0.595728062579 14.1064 0.059
53580.403138 0.59716403049 14.0514 0.063
55674.624786 0.59731702146 14.0889 0.061
54504.752849 0.600009125774 14.0856 0.065
53599.411025 0.615324327453 13.953 0.065
53555.447718 0.615514895161 14.0607 0.065
53580.411266 0.618980006509 14.0357 0.063
54504.760347 0.620134148941 14.1106 0.065
53555.455316 0.635908323519 14.0379 0.065
53599.419094 0.636981944379 14.0 0.066
54504.767731 0.639953190136 14.1168 0.066
53580.419434 0.640903344611 14.0643 0.063
54127.726308 0.641104648509 14.021 0.061
56004.741777 0.648542157079 14.0953 0.061
56019.647236 0.655571689689 14.134 0.06
53555.462913 0.656299067842 14.0534 0.065
54127.732488 0.657692090913 14.0063 0.061
53599.427072 0.658395312573 14.0272 0.066
54504.775073 0.65965950114 14.1646 0.066
53580.427635 0.662915256427 14.0559 0.063
54095.695742 0.669394558368 14.0653 0.068
54127.738665 0.674271481138 14.0113 0.061
53555.470504 0.676673707828 14.0456 0.065
53608.37602 0.677838586485 14.0747 0.064
56019.656626 0.680774939557 14.115 0.06
56004.753791 0.680788359816 14.09 0.061
56376.57973 0.681005768028 14.0771 0.059
56404.52547 0.688829780103 14.1509 0.057
54095.703475 0.690150333773 14.052 0.068
54127.744886 0.69096896968 14.034 0.061
54196.674118 0.700623505331 14.0686 0.067
56019.66596 0.705827882472 14.1102 0.06
53608.386805 0.706786089105 14.0881 0.064
54095.711218 0.71093294969 14.0649 0.068
56004.765827 0.713093611701 14.1193 0.063
56376.591699 0.713131188415 14.1258 0.059
56404.536487 0.718399982821 14.1544 0.057
54954.492252 0.724028440213 14.0738 0.063
53608.393341 0.724329054072 14.1415 0.065
54196.684412 0.72825313834 14.0553 0.067
54240.64817 0.729273078158 14.0492 0.062
56019.67535 0.731031132321 14.1373 0.06
54095.71897 0.731739722103 14.0776 0.068
54285.360621 0.739824087226 14.2129 0.062
53608.399877 0.741872019039 14.1291 0.064
56376.603682 0.745294185546 14.106 0.06
56004.777851 0.745366654949 14.1434 0.075
56404.547276 0.747358221654 14.1985 0.058
56414.606947 0.748039970911 14.1731 0.055
54954.501264 0.74821711835 14.0555 0.063
54588.638691 0.753985146461 14.1897 0.06
54196.694856 0.756285379173 14.1419 0.068
54867.696367 0.75934519863 14.0284 0.059
54240.661218 0.764294590838 14.0634 0.063
54285.371843 0.76994452065 14.2552 0.062
54954.51022 0.772255489554 14.061 0.063
54690.358331 0.774805339131 14.0302 0.059
54908.685236 0.775607870714 14.0168 0.063
56404.558292 0.776925740339 14.2383 0.058
56376.615647 0.777408869721 14.1908 0.059
54196.705291 0.784293463529 14.1741 0.068
56414.621042 0.785871686205 14.2345 0.055
54690.362648 0.786392392334 14.0441 0.059
54588.651731 0.788985186717 14.2339 0.06
55294.674699 0.79146256688 14.2495 0.066
54867.708391 0.791618241898 14.0381 0.059
53734.720375 0.792678442496 14.1532 0.068
54954.519357 0.796779674208 14.0381 0.063
54690.366973 0.798000917942 14.1642 0.06
54908.693727 0.798398157667 14.0146 0.063
54285.382835 0.799447622061 14.2836 0.063
54240.674379 0.799619401399 14.1019 0.063
55763.372903 0.801892793603 14.1837 0.061
55359.50778 0.806834133634 14.3063 0.058
54690.371271 0.809536974176 14.0873 0.059
53734.727746 0.81246259102 14.1392 0.068
54323.390473 0.813930767563 14.3241 0.063
54908.702173 0.821067662271 14.0117 0.063
56414.635183 0.823826867901 14.2905 0.056
54588.664816 0.824106009321 14.2883 0.061
54867.721388 0.82650286791 14.0373 0.059
54285.393756 0.828760155782 14.3173 0.063
55218.684706 0.830357166828 14.1585 0.065
54267.511479 0.831795818791 14.3073 0.068
53734.735066 0.832109852896 14.1809 0.068
54240.687688 0.835341451697 14.1748 0.064
55763.386287 0.837816147804 14.2688 0.068
54908.710761 0.844118302295 14.0229 0.063
54323.402211 0.845436171905 14.3778 0.064
54189.649416 0.845956878024 14.1844 0.068
55732.467654 0.850592236117 14.2927 0.063
53734.742358 0.851681961305 14.1591 0.068
54267.51955 0.853458803824 14.317 0.068
54126.689778 0.859004055608 14.1284 0.063
54588.677895 0.859210727627 14.3451 0.062
54867.734508 0.861717632353 14.0294 0.059
56414.649366 0.861894779787 14.3333 0.056
56429.552385 0.862375225138 14.3669 0.058
54189.657965 0.868902839997 14.1841 0.068
55763.399819 0.874136741723 14.2574 0.07
54267.527768 0.875516344541 14.3274 0.068
54323.413778 0.876482603327 14.3745 0.064
55732.478301 0.879169339549 14.4035 0.111
53819.70189 0.887497953407 14.1795 0.064
56429.562898 0.890592665556 14.3847 0.058
54189.666558 0.891966900267 14.2276 0.068
53765.680794 0.892058158048 14.1991 0.063
54267.535775 0.897007550235 14.3721 0.069
54126.704474 0.898448886254 14.2062 0.063
55057.387502 0.900247201204 14.0766 0.06
53819.709175 0.907051273464 14.2004 0.064
54323.425266 0.907316994614 14.4113 0.064
55732.48891 0.907644448983 14.3385 0.063
55393.449594 0.908433560315 14.4213 0.061
55763.413327 0.910392918408 14.3108 0.066
54227.675955 0.911171293528 14.3906 0.066
54189.675244 0.915280577394 14.3334 0.069
55057.393847 0.91727751221 14.076 0.06
56429.573543 0.919164400881 14.4092 0.059
54154.655342 0.920036717834 14.2637 0.064
53765.693256 0.925506816152 14.2496 0.064
53819.716474 0.926642170225 14.22 0.064
54227.683091 0.930324689794 14.3875 0.066
55057.400277 0.934535967649 14.1024 0.06
55359.555632 0.935271397949 14.3835 0.058
55732.49953 0.936149083002 14.3579 0.072
54939.668548 0.936433592533 14.0557 0.057
54503.762126 0.940856910504 14.4222 0.073
53819.723708 0.946058603594 14.2434 0.064
56429.584196 0.947757608632 14.4281 0.059
54227.690221 0.949461981741 14.4354 0.067
54154.666681 0.95047118537 14.3151 0.064
55057.406631 0.951590435112 14.1115 0.06
53765.706033 0.959800950703 14.2743 0.064
54939.677686 0.960960461241 14.0886 0.058
54973.581925 0.961706627732 14.0967 0.067
55218.734545 0.964127642789 14.3162 0.067
54503.771064 0.964846968773 14.4384 0.074
54844.673555 0.964916754131 14.1339 0.06
54227.69735 0.968596589655 14.4107 0.066
54154.678312 0.981689396111 14.3111 0.064
54939.686835 0.985516854512 14.1131 0.058
54973.591205 0.98661463184 14.1084 0.071
54503.779957 0.988716244691 14.2599 0.071
54844.684363 0.993925989952 14.2114 0.061
53765.719015 0.994645315938 14.2919 0.064
