54086.740872 0.00472927874619 13.2767 0.061
54949.529018 0.0213987027296 13.4083 0.099
56485.430623 0.0267127234126 13.3023 0.055
55590.748932 0.0369043476319 13.3061 0.056
56293.667585 0.0418760803524 13.2716 0.056
54949.538809 0.049326548417 13.2021 0.07
54505.702155 0.0497772275767 13.1837 0.058
54597.556069 0.05385615918 13.1753 0.055
56485.441863 0.0587736963086 13.2761 0.055
55393.379224 0.0596037446186 13.2695 0.056
56293.675886 0.0655538504444 13.2568 0.055
53765.630979 0.070959147933 13.2314 0.054
54949.54862 0.0773114421181 13.1946 0.059
54505.714443 0.0848275153784 13.1614 0.058
56104.368671 0.0857060544916 13.2263 0.054
54597.567963 0.0877826015043 13.1595 0.055
56293.684261 0.0894426981459 13.2481 0.055
56485.452729 0.0897678716995 13.2556 0.055
56152.401712 0.0951389403854 13.2567 0.054
53765.642619 0.104161080711 13.2305 0.054
54444.71997 0.104209571506 13.1786 0.059
54681.362867 0.104343634307 13.1832 0.057
56152.408057 0.113237416638 13.2724 0.054
56293.69264 0.113342955429 13.2436 0.055
56104.379947 0.117869713792 13.2418 0.054
56008.671224 0.118334654937 13.2561 0.055
54505.72661 0.119532662821 13.174 0.058
54444.725493 0.11996337518 13.157 0.059
56485.463785 0.121304003055 13.2831 0.057
54597.579829 0.12162917663 13.1655 0.055
55393.400976 0.121649143414 13.284 0.056
53963.377759 0.12381981962 13.2298 0.056
56152.414437 0.131435726873 13.2662 0.054
54444.731038 0.135779931649 13.1799 0.059
53765.654312 0.137514190683 13.2596 0.054
54681.375433 0.140186889231 13.184 0.057
53859.611516 0.14101693754 13.2855 0.058
56008.681129 0.146587674199 13.2765 0.055
56152.420801 0.149588398718 13.2684 0.054
56104.391202 0.149973472677 13.2415 0.055
54444.736613 0.151682060118 13.1775 0.059
54505.738759 0.154186467072 13.18 0.058
54597.591683 0.155441522948 13.1916 0.055
53963.389196 0.156442715244 13.253 0.057
56412.556359 0.160182211298 13.3019 0.055
55248.624934 0.162506917066 13.2623 0.059
54681.384418 0.165815700751 13.1916 0.057
53859.620543 0.166765549847 13.3168 0.058
53765.665978 0.170790285858 13.3048 0.054
56008.691066 0.174931970263 13.3173 0.055
56104.402506 0.182216999155 13.2527 0.054
56399.592641 0.182476567542 13.3366 0.054
55615.69301 0.187385547467 13.3228 0.057
53963.400647 0.189105544499 13.2834 0.057
56412.567004 0.190546006344 13.3345 0.055
55361.522449 0.191347530665 13.2552 0.056
54681.393425 0.191507265066 13.2191 0.057
53859.629585 0.192556948165 13.3473 0.058
56008.701026 0.203341871521 13.3417 0.056
53859.638669 0.21846814725 13.372 0.058
56399.605279 0.218525195253 13.3749 0.054
56412.577905 0.221640015738 13.3363 0.055
53963.412115 0.221816864524 13.3326 0.057
53830.542678 0.225071452605 13.3794 0.058
53830.552175 0.25216069278 13.4151 0.058
56412.588783 0.252668419937 13.3641 0.055
56399.617993 0.254790605334 13.3939 0.054
54868.629168 0.262688900168 13.3072 0.056
55961.745348 0.266978909345 13.3528 0.056
55361.549728 0.269158142738 13.3545 0.056
53830.561745 0.279458158144 13.4586 0.059
55273.560357 0.288300597296 13.3886 0.055
56399.630705 0.291050310633 13.4047 0.054
54868.63991 0.293329377998 13.3273 0.056
55961.754776 0.293871333956 13.4021 0.056
56019.602686 0.299233845427 13.4044 0.056
55000.462967 0.305380766836 13.3218 0.055
53830.571416 0.307043715873 13.5038 0.059
55326.505991 0.310412399945 13.4191 0.06
55615.738838 0.318105321998 13.4357 0.058
55961.764337 0.321143127713 13.4297 0.056
54868.650612 0.323855759842 13.3656 0.056
56019.611994 0.325783982059 13.4204 0.056
54815.714338 0.328442418599 13.3751 0.059
55000.474799 0.339130360379 13.344 0.055
54815.719359 0.342764317625 13.379 0.059
55961.773787 0.348098305097 13.4516 0.056
56019.62146 0.352784797854 13.4153 0.056
56451.538875 0.353900086136 13.4398 0.055
54868.661869 0.35596522355 13.3675 0.056
54815.724401 0.357146117025 13.3982 0.059
53935.413491 0.358549497688 13.4598 0.057
54589.599718 0.359162763624 13.3568 0.054
54968.580502 0.363846403969 13.3279 0.058
54815.729481 0.37163630763 13.387 0.059
55000.486649 0.372931297094 13.3295 0.055
54908.634803 0.374751128124 13.3634 0.058
54589.606293 0.377917291807 13.3416 0.054
56019.630928 0.37979131843 13.3927 0.056
54968.586985 0.382338511392 13.336 0.056
56451.54949 0.384178309203 13.4088 0.054
53935.424413 0.389703407476 13.4291 0.057
55326.534612 0.392050932456 13.3695 0.059
55738.469225 0.394227313439 13.3747 0.055
54589.612891 0.396737425185 13.3209 0.054
54968.593469 0.400833471196 13.3158 0.055
54908.64424 0.40166922432 13.3287 0.058
55000.498387 0.406412765056 13.3015 0.055
56451.560231 0.414815934653 13.3876 0.054
54227.468146 0.415166779808 13.3425 0.057
54589.619459 0.415471986584 13.3212 0.054
55738.477773 0.418609626273 13.3605 0.055
54968.599947 0.419311316615 13.3085 0.055
55685.540334 0.419873239347 13.363 0.056
53935.435322 0.420820236056 13.3846 0.057
54908.653649 0.428507453318 13.2895 0.058
54887.621192 0.435532913835 13.2711 0.055
55738.486317 0.442980529525 13.3284 0.055
54189.615072 0.44306895391 13.3256 0.06
56451.570863 0.44514264851 13.363 0.054
54227.480047 0.449113188916 13.3069 0.057
53935.446242 0.451968441042 13.3616 0.057
53555.415809 0.453266282917 13.3103 0.059
54908.663179 0.455690822695 13.2892 0.058
54182.608683 0.458046904855 13.3091 0.057
55738.494834 0.467274417958 13.2908 0.055
54189.623639 0.467505462337 13.2837 0.06
54887.632723 0.468423935061 13.2618 0.055
53555.423039 0.473889132929 13.2921 0.059
55294.662774 0.480829021444 13.2739 0.057
54227.491619 0.48212115853 13.2698 0.057
54189.632243 0.492047509568 13.2987 0.06
55653.663232 0.493636296211 13.277 0.054
53555.430287 0.494563326132 13.2627 0.059
55685.567265 0.496691216312 13.2953 0.056
54887.643727 0.499811741623 13.2609 0.055
54182.623784 0.501120993098 13.2669 0.057
54859.601057 0.510907576542 13.2365 0.058
54273.429406 0.515052113349 13.2585 0.059
53555.437527 0.51521470013 13.2622 0.059
54189.640867 0.516646604792 13.2251 0.059
54887.654784 0.531350725359 13.2143 0.055
55264.530679 0.532049563304 13.2549 0.056
53764.742185 0.535763387744 13.3149 0.057
54273.437095 0.536984214821 13.2481 0.059
54859.611221 0.539899367333 13.225 0.058
54182.638979 0.544463206902 13.2386 0.057
55338.508802 0.547227182217 13.2702 0.057
53729.690024 0.552989029678 13.3248 0.06
54273.444762 0.558853563499 13.2365 0.058
54895.729081 0.562473258744 13.2142 0.055
54614.562321 0.562484668343 13.255 0.055
54859.621405 0.568948206118 13.2222 0.058
54227.522526 0.570280276797 13.2202 0.057
55032.459264 0.571609495059 13.2297 0.058
53764.755871 0.574801330361 13.2986 0.057
53729.697834 0.575266271508 13.2962 0.06
54209.645971 0.579199730726 13.2253 0.06
54273.452473 0.580848417765 13.2378 0.059
54895.737167 0.585537762916 13.2159 0.055
55032.464297 0.585965622872 13.2198 0.058
54182.653845 0.586866981191 13.2384 0.057
55397.421554 0.589944720493 13.2456 0.055
53729.705645 0.597546365761 13.3035 0.06
54209.652474 0.597748886142 13.218 0.06
54859.631577 0.597962816115 13.234 0.058
56387.468058 0.598319366076 13.2718 0.055
55032.469336 0.600338865091 13.2378 0.058
54122.709495 0.601619592569 13.2577 0.057
53887.469698 0.603687582363 13.2663 0.056
54895.745272 0.60865646268 13.2341 0.055
55032.474387 0.614746336096 13.2453 0.058
54209.65892 0.616135454761 13.2292 0.06
55057.36673 0.617658636213 13.2346 0.056
53729.71349 0.619923441595 13.2969 0.06
56387.478716 0.628720242331 13.3033 0.055
55057.370936 0.629655829445 13.2352 0.056
54895.753364 0.631738081236 13.2527 0.055
54209.665411 0.634650381369 13.2452 0.06
54122.721561 0.636036647625 13.2673 0.057
54150.768923 0.638324272217 13.2676 0.06
53887.482977 0.641564598294 13.289 0.056
55057.375147 0.641667284681 13.2413 0.056
54645.442815 0.645997227472 13.3132 0.057
55338.5441 0.647911187678 13.3319 0.057
54150.772369 0.648153641652 13.2719 0.06
55057.379359 0.653681592318 13.2496 0.056
54150.775802 0.657945929899 13.2928 0.06
56387.489446 0.659326491374 13.3183 0.056
55185.695419 0.662375706689 13.1224 0.058
54150.779233 0.667732513365 13.2987 0.06
55653.724896 0.669526672787 13.3506 0.055
54122.733468 0.670000171138 13.1722 0.066
53820.53206 0.670787433459 13.3302 0.058
54645.451686 0.671300865417 13.3369 0.057
54487.6916 0.67647511851 13.3453 0.057
56075.477732 0.677199628043 13.3101 0.056
54150.78266 0.677507687207 13.3011 0.06
53887.496265 0.67946728583 13.3717 0.058
56387.500305 0.690300699981 13.388 0.056
55185.705981 0.692502752561 13.2712 0.061
56043.581167 0.695446429069 13.3288 0.056
54645.46039 0.696128152613 13.3498 0.058
54195.664182 0.697548647676 13.3474 0.06
53820.542746 0.701268176913 13.3493 0.058
54298.386494 0.702643033578 13.3148 0.057
54122.745376 0.703966547051 13.4419 0.061
56075.487227 0.704283163417 13.3372 0.056
53587.407004 0.704942067761 13.3481 0.058
54487.702945 0.708835593375 13.3843 0.058
54645.468951 0.720547546656 13.398 0.058
56422.569162 0.720698723834 13.3958 0.055
54195.673554 0.72428133789 13.3885 0.061
56043.591898 0.726055530512 13.4393 0.06
54298.395225 0.727547335572 13.3357 0.057
53587.415608 0.729484114992 13.3884 0.059
53820.553327 0.731449418398 13.3806 0.058
56075.496794 0.731572071578 13.3583 0.056
56422.574855 0.736937435459 13.4346 0.055
54487.714572 0.742000444964 13.402 0.058
54195.68296 0.751111009685 13.384 0.061
54298.404038 0.75268553434 13.3684 0.057
53587.423988 0.753387224677 13.4086 0.059
55185.727371 0.75351558266 13.1187 0.142
56043.602736 0.756969838725 13.4556 0.057
56075.506324 0.758755440955 13.399 0.056
54919.637723 0.75947709808 13.4044 0.058
56422.583824 0.762520608589 13.4573 0.055
53820.564299 0.762745948158 13.4076 0.058
54487.726392 0.7757158097 13.4425 0.058
53587.432456 0.777541345538 13.445 0.059
54298.412806 0.777695375118 13.4081 0.057
54195.692383 0.777989172293 13.4451 0.061
54939.628002 0.779743398112 13.417 0.056
55674.447911 0.779848936917 13.4749 0.054
54533.65446 0.780924291599 13.4169 0.06
54919.646291 0.783916458907 13.4287 0.058
56043.613405 0.787402091367 13.428 0.056
56422.592912 0.788443217277 13.4892 0.055
54526.650373 0.80246846671 13.4475 0.06
54919.65474 0.808016384177 13.4412 0.058
54533.664186 0.808666731324 13.4574 0.06
53899.462014 0.810566429527 13.4717 0.059
54939.639339 0.812081053792 13.4419 0.056
56422.601894 0.814063471595 13.5163 0.056
53873.521697 0.818413381166 13.4827 0.061
56362.657299 0.828117245032 13.4607 0.058
54526.660099 0.830210906435 13.4568 0.06
54919.663224 0.832216143449 13.4583 0.058
53899.470554 0.834925923176 13.467 0.059
54533.673785 0.836046916266 13.4599 0.06
53873.530685 0.844050749888 13.4498 0.059
54939.65062 0.844258975075 13.4472 0.056
54324.380899 0.849076678217 13.463 0.059
54168.723131 0.850902214027 13.4707 0.061
55706.377108 0.854681643666 13.4898 0.057
56375.638357 0.855283500016 13.4731 0.056
54526.669641 0.8574285046 13.4403 0.06
53899.479079 0.859242630815 13.4527 0.059
56362.66883 0.861008266259 13.4404 0.058
54533.683421 0.863532640012 13.4237 0.06
53806.577115 0.865706168598 13.4464 0.059
54240.598173 0.867252169244 13.3652 0.058
55217.670874 0.869154719873 13.4454 0.059
53873.539698 0.869759428607 13.454 0.059
54324.39041 0.876205851981 13.4472 0.059
54939.662124 0.877072981504 13.4097 0.056
54168.734286 0.882720732948 13.4272 0.061
53899.487634 0.883644910454 13.4204 0.059
54526.679058 0.884289552803 13.3961 0.059
55706.387838 0.885287892709 13.4547 0.057
56375.650272 0.889269842714 13.4637 0.056
53806.586476 0.892407482404 13.4186 0.058
56362.680479 0.894235870643 13.4164 0.058
53873.548854 0.895876000479 13.3914 0.058
53761.713779 0.89753894951 13.4181 0.061
54240.609067 0.898326211833 13.3921 0.058
53879.509627 0.898383259833 13.3937 0.058
54324.40007 0.903760033323 13.4364 0.059
54168.745456 0.914582037858 13.3806 0.06
53845.509203 0.915583230174 13.4611 0.062
55706.398573 0.915908403734 13.3901 0.056
53806.595661 0.918606773875 13.3727 0.058
56375.662203 0.923301823822 13.4177 0.055
53879.519202 0.9256949872 13.3688 0.058
55674.499291 0.926405234722 13.4244 0.054
53761.724001 0.9266961795 13.3764 0.061
55774.415285 0.926758932295 13.3945 0.056
56362.692078 0.927320855033 13.3827 0.058
54240.619967 0.929417368827 13.4453 0.058
54324.409552 0.930806487488 13.4114 0.058
53845.516618 0.936733774126 13.5192 0.097
53806.605037 0.945350873691 13.336 0.058
54168.756662 0.946546029172 13.3657 0.06
55774.422307 0.946788483151 13.3721 0.056
55706.409484 0.947030937135 13.3794 0.056
53879.528609 0.952527511396 13.335 0.058
55217.701234 0.955753575481 13.3459 0.059
53761.734206 0.955804918679 13.3122 0.06
56375.674156 0.957396557725 13.3815 0.055
53845.52425 0.958503288821 13.3669 0.059
54240.630931 0.960691079402 13.4478 0.058
55774.42937 0.966934982393 13.3463 0.056
55303.597935 0.96747979074 13.363 0.055
54086.730954 0.976439178275 13.3065 0.061
53879.538107 0.979619603972 13.2855 0.058
53845.531808 0.980061725927 13.2793 0.084
53761.743822 0.983233594412 13.2931 0.06
54086.734246 0.98582927817 13.296 0.061
54949.516748 0.98639975812 13.3012 0.058
55774.436458 0.987152791631 13.357 0.056
55590.732661 0.990492951723 13.3385 0.056
54086.737556 0.995270721256 13.2721 0.061
