54212.58915 0.000890287174092 10.5567 0.051
54212.59834 0.00240374243313 10.559 0.051
54892.736978 0.011043447529 10.5995 0.051
54892.74654 0.0126181656129 10.5794 0.051
54892.75602 0.014179379526 10.624 0.051
55032.511587 0.0298265965634 10.56 0.051
55032.518676 0.0309940486127 10.5487 0.051
55032.525769 0.0321621594022 10.5455 0.051
55032.532859 0.0333297761366 10.5272 0.051
55032.539962 0.0344995337768 10.5532 0.051
54953.67096 0.0459569994261 10.6206 0.05
54953.681801 0.0477423496396 10.6195 0.05
54953.692611 0.0495225946184 10.6099 0.05
54953.703472 0.0513112385333 10.6059 0.05
54261.507193 0.0569587816464 10.5901 0.051
54261.518523 0.0588246628316 10.5838 0.051
54261.52938 0.0606126480062 10.5799 0.051
54261.540168 0.0623892699147 10.5647 0.051
54188.682816 0.0638753874624 10.5885 0.051
54188.691792 0.065353600129 10.5941 0.051
54188.701192 0.0669016392414 10.567 0.051
54188.710527 0.0684389738281 10.5764 0.051
55275.676207 0.0753949393605 10.6109 0.051
54316.405825 0.0979406468629 10.5691 0.051
54316.411906 0.0989420964203 10.5739 0.051
54316.418002 0.0999460162525 10.5607 0.051
54316.424069 0.10094516022 10.5641 0.051
56423.666892 0.132254580631 10.5837 0.05
56423.681066 0.134588825989 10.5827 0.05
56423.695266 0.13692735316 10.5887 0.05
56423.709468 0.139266209699 10.5901 0.05
53818.737049 0.13935233996 10.6033 0.051
53818.74639 0.140890662656 10.6021 0.051
53818.755433 0.142379909218 10.5989 0.051
53818.764187 0.143821561813 10.6052 0.051
53879.624358 0.166579548295 10.5789 0.05
53879.635873 0.168475896207 10.5801 0.05
53879.64744 0.17038080774 10.5766 0.05
53879.658963 0.172278473133 10.5819 0.05
53946.490125 0.178369183613 10.6508 0.05
53946.502108 0.180342604111 10.6471 0.05
53873.641293 0.181258417462 10.6239 0.051
53946.514065 0.182311742799 10.6528 0.05
53873.650379 0.18275474548 10.637 0.051
53873.65944 0.184246956374 10.6409 0.051
53946.526024 0.184281210856 10.6493 0.05
53873.668497 0.185738508526 10.6493 0.051
56126.469636 0.188320934199 10.6378 0.05
56126.47671 0.189485915973 10.6364 0.05
56126.483815 0.190656002982 10.6567 0.05
53600.452476 0.191154833883 10.5252 0.051
56126.490889 0.191820984757 10.6374 0.05
53600.459575 0.192323932783 10.5181 0.051
53600.46656 0.193474257592 10.5213 0.051
53600.473639 0.194640062791 10.5185 0.051
53928.502905 0.216143643537 10.591 0.051
53928.512313 0.217693000129 10.592 0.051
53928.521711 0.219240709871 10.5998 0.051
53928.531173 0.220798959454 10.5841 0.051
54189.707017 0.232545941354 10.6441 0.051
55355.594894 0.236804860448 10.6598 0.051
53995.439672 0.239625914701 10.6213 0.051
53995.443596 0.240272138688 10.6291 0.051
53995.447483 0.24091226933 10.6194 0.051
55355.623421 0.241502829782 10.6279 0.051
53995.451362 0.241551082491 10.6318 0.051
55744.485828 0.281312961138 10.6814 0.05
55744.498011 0.283319318639 10.6636 0.05
55744.509897 0.285276764691 10.6919 0.05
55744.521777 0.287233222632 10.666 0.05
54378.403409 0.308013506805 10.5823 0.051
54378.407806 0.308737626804 10.5917 0.051
54378.412214 0.309463558336 10.5715 0.051
54378.41664 0.310192454199 10.5889 0.051
54979.656923 0.325455625788 10.6376 0.05
54979.668297 0.327328753113 10.6343 0.05
54979.679898 0.329239263937 10.6258 0.05
54979.691376 0.331129518504 10.647 0.05
56406.703895 0.338703217516 10.6535 0.05
56406.717601 0.340960390289 10.6236 0.05
56406.73045 0.343076428009 10.6586 0.05
56406.743257 0.345185548956 10.6434 0.05
56400.67557 0.345928443044 10.6409 0.05
56400.684341 0.347372895284 10.6191 0.05
56400.69293 0.348787374851 10.6391 0.05
56400.701661 0.35022523969 10.6548 0.05
55714.58342 0.356834543274 10.7319 0.05
55714.59644 0.358978742129 10.6676 0.05
55714.609292 0.361095273902 10.7231 0.05
55714.622253 0.363229756342 10.7215 0.05
54530.652152 0.3810995623 10.5631 0.051
54530.658747 0.382185659954 10.5693 0.051
54530.665338 0.383271098867 10.5716 0.051
54530.67196 0.384361643016 10.5714 0.05
55775.491304 0.38745014573 10.6508 0.05
55775.501284 0.389093702148 10.6312 0.05
55775.511313 0.390745328133 10.6462 0.05
55775.521378 0.392402882777 10.6496 0.05
55696.606182 0.396252888987 10.6051 0.05
55696.621173 0.398721682 10.595 0.05
55696.651264 0.403677218694 10.5931 0.05
54925.57983 0.419768920579 10.572 0.05
54925.586427 0.420855347602 10.5797 0.05
56097.526913 0.421888251997 10.6204 0.05
54925.593043 0.421944903641 10.5469 0.05
54925.601045 0.423262713107 10.5844 0.051
56097.539566 0.423972011452 10.6052 0.05
56030.749908 0.424716387706 10.6158 0.05
56097.552303 0.426069604449 10.5908 0.051
56030.761718 0.426661317697 10.6659 0.05
56097.565011 0.428162421581 10.6024 0.051
56030.773571 0.428613329143 10.6341 0.05
56030.785501 0.430578021335 10.6515 0.05
54998.62271 0.448836483923 10.5567 0.05
54998.630588 0.450133872446 10.5632 0.05
54998.63857 0.451448388211 10.5357 0.05
54998.646629 0.452775584722 10.5664 0.051
53863.616291 0.530290843612 10.5585 0.051
53863.626264 0.531933247235 10.5688 0.051
53863.636353 0.533594754321 10.5461 0.051
53863.64647 0.535260872586 10.5498 0.051
53578.532801 0.581312895265 10.4842 0.051
53578.539844 0.582472771803 10.5299 0.051
53578.546862 0.583628531217 10.5086 0.051
53578.553875 0.584783467205 10.4876 0.051
55685.70589 0.601138171054 10.5362 0.05
55685.746747 0.607866706586 10.505 0.05
53627.423848 0.632935553155 10.4282 0.05
53627.429225 0.633821064464 10.4263 0.05
53627.437469 0.635178727702 10.4225 0.05
53627.442857 0.636066050547 10.4313 0.05
55242.725032 0.648830291766 10.5132 0.051
54641.578091 0.648939148559 10.4504 0.05
54641.587108 0.650424113311 10.4474 0.05
54641.596109 0.651906443103 10.4411 0.05
54641.605147 0.653394866241 10.4634 0.05
55655.758972 0.66932962331 10.5086 0.05
56475.524952 0.672499809788 10.4932 0.05
56475.537644 0.674589991959 10.5313 0.05
55655.801708 0.676367601978 10.5268 0.05
56475.550395 0.676689890546 10.4583 0.05
56475.563194 0.678797694015 10.3824 0.05
55012.393047 0.716604596885 10.5012 0.051
55012.39859 0.717517445906 10.4918 0.051
55012.404251 0.718449727759 10.4949 0.051
55012.40992 0.719383327091 10.4966 0.051
56445.604799 0.745099056388 10.5155 0.05
53846.704606 0.745189797829 10.4879 0.05
53846.713351 0.746629968258 10.4928 0.051
56445.614907 0.746763692488 10.476 0.05
53846.722215 0.748089736204 10.4895 0.051
56445.624887 0.748407248907 10.489 0.05
53846.73096 0.749529906633 10.4884 0.05
56445.634764 0.75003384277 10.4976 0.05
56366.732997 0.756095404003 10.5236 0.051
53646.397026 0.757533598212 10.4846 0.051
56366.742886 0.757723974086 10.5229 0.051
53646.402169 0.758380573229 10.4921 0.051
53646.407315 0.759228042299 10.4791 0.051
56366.752594 0.759322736182 10.5511 0.051
53646.412468 0.760076664167 10.4582 0.051
56366.762381 0.760934508394 10.5467 0.051
56166.451651 0.77275955099 10.487 0.05
56166.462167 0.774491378574 10.5028 0.05
56166.472772 0.776237863126 10.4985 0.05
56166.483537 0.778010697279 10.4988 0.05
53561.526112 0.780566114609 10.4965 0.051
53561.532403 0.781602148019 10.4786 0.051
53561.538554 0.782615125527 10.4824 0.051
53968.444321 0.793896213529 10.4854 0.051
53968.452023 0.79516461749 10.4803 0.051
53968.459699 0.796428739642 10.4753 0.051
53968.467366 0.797691379628 10.4854 0.051
53889.53243 0.798290503702 10.4876 0.05
53889.538199 0.799240571536 10.4958 0.05
53889.543785 0.800160502013 10.4882 0.05
53889.549379 0.801081749968 10.4937 0.05
56075.574485 0.806652385182 10.5318 0.05
56075.585512 0.808468366808 10.4847 0.05
56075.596232 0.810233790137 10.495 0.05
56075.606904 0.811991308584 10.5263 0.05
56106.386228 0.88088464836 10.5208 0.05
56106.39862 0.882925425027 10.5424 0.05
56106.409564 0.884727737798 10.5381 0.05
56106.420574 0.886540919779 10.5194 0.05
54266.617998 0.898631763984 10.4869 0.051
54673.461067 0.899587431107 10.5206 0.051
54266.627463 0.900190507621 10.4821 0.051
54673.469132 0.900915615729 10.4935 0.051
54266.636957 0.901754027125 10.5012 0.051
54673.47722 0.902247588105 10.5097 0.051
54266.646551 0.903334015129 10.4921 0.051
54673.4853 0.903578243002 10.4917 0.051
53920.579969 0.911354833949 10.5073 0.051
53920.587802 0.912644811648 10.5201 0.051
53920.595561 0.913922602656 10.5112 0.051
53920.603318 0.915200064293 10.5071 0.051
56088.538295 0.941597589538 10.5927 0.05
56088.548534 0.943283799375 10.5515 0.05
56088.558788 0.944972479488 10.6029 0.05
56088.569035 0.946660006805 10.5399 0.05
55821.434376 0.95358550561 10.6642 0.05
55821.439752 0.954470852234 10.6115 0.05
55821.445126 0.955355869489 10.6235 0.05
55821.450518 0.956243851073 10.6091 0.05
54910.693877 0.968275573358 10.5558 0.051
54910.702665 0.969722825243 10.5623 0.051
54910.711722 0.971214377396 10.5592 0.051
54910.720857 0.97271877498 10.5579 0.051
54236.724516 0.975623324536 10.5476 0.051
55323.665085 0.978443884735 10.5972 0.051
53957.432765 0.98045798243 10.546 0.051
53957.44231 0.982029900869 10.5491 0.051
55323.693874 0.983185001542 10.5959 0.051
53957.451753 0.983585021437 10.5624 0.051
53957.461211 0.98514261228 10.5451 0.051
54212.570637 0.997841473548 10.5618 0.051
54212.579867 0.999361516209 10.5482 0.051
