55242.721727 0.0190648686227 13.3423 0.06
55685.65958 0.0294511845762 13.3941 0.057
56423.661258 0.0297640447232 13.2871 0.053
56423.675402 0.0308181404635 13.3509 0.053
55685.69164 0.0318404881276 13.3409 0.057
56423.689598 0.0318761115555 13.2639 0.053
56423.703786 0.0329334864398 13.2328 0.053
54236.606095 0.0372915433267 13.3067 0.062
54236.615124 0.0379644385784 13.2831 0.062
54236.624139 0.0386362904657 13.289 0.062
54236.63318 0.0393100800292 13.2909 0.062
55323.65895 0.0509923285919 13.3464 0.061
53646.39366 0.0511197680517 13.2311 0.064
53646.398788 0.0515019373782 13.2299 0.064
53646.403934 0.051885448173 13.266 0.065
53968.443473 0.0522040468217 13.3412 0.061
53646.409078 0.0522688099153 13.244 0.065
53968.451171 0.0527777479678 13.3353 0.061
53968.458852 0.053350182172 13.3404 0.061
53968.466531 0.0539224673236 13.3183 0.061
53606.386442 0.0695418499267 13.2852 0.055
53606.396252 0.0702729499838 13.2876 0.055
53606.406062 0.0710040500414 13.2893 0.055
53606.415863 0.0717344793649 13.2849 0.055
53928.465939 0.0728383584729 13.3816 0.061
53928.474455 0.0734730218868 13.3548 0.06
53928.482956 0.0741065674103 13.3718 0.06
53928.491464 0.074740634616 13.3588 0.06
54599.529369 0.0845113658118 13.3318 0.056
54599.538176 0.0851677162914 13.3425 0.056
54599.547261 0.0858447849988 13.3318 0.056
54599.556212 0.0865118672227 13.3543 0.056
54492.702334 0.123119783553 13.3602 0.063
54492.707943 0.123537799886 13.3788 0.063
54492.713612 0.123960287778 13.366 0.063
54492.719229 0.124378900319 13.3572 0.063
53996.420031 0.137185000957 13.3753 0.062
53996.422696 0.137383612747 13.3904 0.062
53996.425362 0.137582299062 13.4005 0.062
53996.428042 0.137782028741 13.3891 0.062
55821.410108 0.14639499853 13.3831 0.058
55821.416017 0.146835372663 13.3714 0.058
55821.42203 0.1472834975 13.3659 0.058
55821.428125 0.147737733468 13.3707 0.058
53956.456886 0.158891667219 13.4119 0.061
53956.465854 0.159560016384 13.4051 0.061
53956.474841 0.160229781544 13.4072 0.061
53956.483837 0.160900217437 13.3909 0.061
56076.659068 0.169078924227 13.3537 0.056
56076.668337 0.169769705718 13.3543 0.056
56076.677609 0.170460710788 13.3461 0.056
53889.530177 0.171111769921 13.346 0.057
56076.686825 0.171147542401 13.3489 0.056
53889.535951 0.171542083044 13.3557 0.057
53889.54161 0.171963825676 13.3391 0.057
53889.547193 0.172379904333 13.3472 0.057
55365.628574 0.178820515756 13.2777 0.057
55365.650402 0.180447269278 13.3117 0.057
55714.574918 0.184395656744 13.2895 0.056
55714.587781 0.185354284679 13.3037 0.056
55714.600743 0.186320290688 13.3086 0.056
55714.61373 0.187288159846 13.3352 0.056
56090.59686 0.207806807145 13.3848 0.057
56090.607587 0.208606247545 13.4098 0.058
56090.618196 0.209396893876 13.4067 0.059
56090.628996 0.210201774673 13.3858 0.059
54641.574698 0.217981543785 13.3121 0.059
54641.583703 0.218652650413 13.3298 0.059
54641.592713 0.219324129671 13.3177 0.059
54641.601747 0.219997397553 13.3266 0.059
53863.615446 0.239790534245 13.4163 0.059
53863.625424 0.24053415467 13.4038 0.059
53863.635482 0.241283737175 13.4021 0.059
53863.645598 0.242037642189 13.3725 0.059
54212.566174 0.245692397216 13.3207 0.059
54212.575279 0.246370956443 13.3368 0.059
54212.584485 0.247057042797 13.3307 0.059
54212.593738 0.247746631873 13.3303 0.059
54910.657777 0.27166701843 13.3429 0.059
54910.66615 0.272291024625 13.3512 0.059
54910.674556 0.272917490179 13.3306 0.059
54910.682997 0.273546564143 13.3441 0.059
54266.617142 0.27389482414 13.365 0.061
54266.626614 0.274600734409 13.3881 0.061
54266.636086 0.275306644679 13.3658 0.061
54266.645697 0.276022914062 13.3629 0.061
54347.417196 0.295599627251 13.3578 0.058
54347.425391 0.296210367819 13.3722 0.059
54347.433562 0.296819319763 13.4108 0.064
54347.441731 0.297428122655 13.3929 0.091
56400.67135 0.316418167173 13.3925 0.055
55045.442042 0.316599116301 13.4153 0.06
56400.679904 0.317055662575 13.4602 0.055
55045.449067 0.317122661449 13.4243 0.06
55045.456102 0.317646951857 13.409 0.06
56400.688634 0.317706274553 13.3947 0.055
55045.463143 0.318171689421 13.4391 0.06
56400.697374 0.318357631791 13.4004 0.055
54173.66952 0.346880371462 13.3576 0.059
53556.542708 0.354887742978 13.4393 0.062
53556.549547 0.35539742629 13.438 0.062
53556.556378 0.355906513394 13.4253 0.062
53556.563201 0.35641500429 13.4319 0.062
55354.611286 0.357746113171 13.3833 0.061
55354.651954 0.360776936529 13.4026 0.062
54925.57722 0.383553423516 13.3672 0.056
54925.583821 0.38404536964 13.3725 0.056
56106.383749 0.384340492599 13.4594 0.058
54925.590418 0.384537017661 13.3719 0.056
54925.598389 0.385131064404 13.374 0.056
56106.396212 0.385269310134 13.403 0.058
56106.407158 0.386085071727 13.3982 0.058
56106.418156 0.386904708672 13.449 0.058
55395.480768 0.403585117933 13.4066 0.061
55395.50585 0.405454379059 13.441 0.061
54979.616672 0.410897609027 13.31 0.061
54979.625332 0.411543004185 13.3287 0.061
54979.634035 0.412191603961 13.3055 0.059
54979.642831 0.412847134654 13.3352 0.06
53946.484724 0.415706324635 13.3169 0.058
53946.496681 0.416597432013 13.3027 0.058
53946.508683 0.417491893062 13.3051 0.058
53946.520615 0.418381137291 13.3187 0.058
56066.609756 0.420143900763 13.348 0.057
56066.619245 0.420851077974 13.3301 0.057
56066.628817 0.421564440844 13.3253 0.057
56066.638398 0.422278474447 13.3419 0.057
53879.623285 0.43279073934 13.3022 0.057
53879.634791 0.433648235493 13.2969 0.057
53879.646344 0.434509234368 13.311 0.057
53879.657885 0.435369338931 13.2997 0.057
54966.683796 0.447062095659 13.3664 0.06
54966.690583 0.44756790362 13.3603 0.06
54966.69741 0.44807669262 13.3879 0.06
54966.704343 0.448593381376 13.3789 0.06
56174.447547 0.456863084411 13.3738 0.055
56174.454611 0.457389536073 13.3568 0.055
56174.461688 0.457916956573 13.3541 0.055
56174.468775 0.458445122333 13.379 0.055
54188.63988 0.462561416877 13.2605 0.061
54188.647652 0.463140632947 13.296 0.061
54188.6556 0.463732965592 13.2931 0.061
54188.664212 0.464374783503 13.2557 0.061
54953.629283 0.474161463262 13.3059 0.056
55275.672373 0.474744703736 13.3575 0.061
54953.639906 0.474953152957 13.3004 0.056
54953.650185 0.475719205708 13.2975 0.056
54953.660416 0.476481681211 13.3038 0.056
53920.577326 0.484931588114 13.3462 0.06
53920.585156 0.485515126692 13.3525 0.061
53920.592933 0.486094715392 13.3479 0.061
53920.600675 0.486671695682 13.3323 0.06
55302.700925 0.489074562965 13.3209 0.055
55745.545295 0.492493964885 13.359 0.056
55745.555305 0.493239970142 13.3288 0.056
55745.56527 0.49398262173 13.3511 0.056
55745.57518 0.494721174387 13.3205 0.056
54202.597384 0.502758356303 13.2879 0.058
54202.610315 0.503722052005 13.2904 0.058
54202.623401 0.504697299238 13.2776 0.058
54202.637116 0.505719423324 13.2938 0.058
54189.707945 0.542160028785 13.2843 0.061
54189.717148 0.542845891561 13.2884 0.061
54189.726423 0.543537120208 13.2554 0.061
54189.735706 0.544228945064 13.3015 0.061
54592.617188 0.569374166427 13.3308 0.058
54592.625716 0.570009724153 13.3422 0.058
54592.634288 0.570648561023 13.3107 0.058
54592.642814 0.571283969696 13.3389 0.058
55263.749158 0.586155185788 13.3231 0.057
54673.457681 0.594092726442 13.2941 0.059
54673.46575 0.594694076734 13.3136 0.059
54673.473834 0.595296544915 13.2978 0.059
54673.481914 0.595898714994 13.2843 0.059
53627.387908 0.634697099508 13.3311 0.057
53627.397814 0.635435354062 13.3408 0.057
53627.407733 0.636174577453 13.3296 0.057
53627.417665 0.636914769682 13.3313 0.057
56445.599288 0.664717662722 13.3355 0.055
56445.609966 0.665513451347 13.2961 0.055
56445.619949 0.666257444403 13.3781 0.055
56445.629831 0.666993910332 13.362 0.055
55775.443875 0.720715530086 13.4026 0.057
55775.4545 0.721507368833 13.4163 0.057
55775.465183 0.722303530088 13.3795 0.057
55775.475863 0.723099467765 13.3944 0.057
53588.466378 0.734031164985 13.3456 0.057
53588.474548 0.734640042403 13.3373 0.057
53588.482713 0.73524854719 13.3617 0.057
53588.490871 0.735856530297 13.3476 0.057
56030.74526 0.747306481318 13.44 0.057
56030.756978 0.748179776983 13.4758 0.057
56030.768855 0.749064922282 13.4313 0.057
56030.780752 0.7499515581 13.4642 0.058
56406.709061 0.766384615569 13.4797 0.055
56406.721926 0.767343392555 13.5211 0.055
56406.734695 0.768295015046 13.4661 0.055
55722.516117 0.776221451326 13.5058 0.056
55722.541794 0.778135055421 13.4477 0.056
55722.554631 0.779091745679 13.4943 0.056
56366.727422 0.786712997991 13.5105 0.06
55011.504276 0.787353176328 13.4172 0.062
56366.738953 0.787572357294 13.48 0.06
55011.510158 0.787791538259 13.4021 0.062
55011.516051 0.788230719975 13.4156 0.062
55011.521955 0.788670721477 13.4039 0.062
56366.758456 0.789025837867 13.4366 0.06
55655.751929 0.800553594032 13.4708 0.058
55655.794622 0.803735332538 13.4521 0.058
54998.617473 0.826951299346 13.3654 0.056
54998.625359 0.82753901138 13.3927 0.056
54998.633374 0.828136337268 13.3619 0.056
54998.641364 0.828731800006 13.3517 0.056
53576.535566 0.844875473017 13.4288 0.06
53576.542102 0.845362574951 13.4124 0.06
53576.548661 0.845851390984 13.4235 0.06
53576.555217 0.846339983438 13.4268 0.06
53831.65155 0.857649229372 13.3474 0.059
53831.663199 0.858517382743 13.3598 0.059
53831.674203 0.859337466844 13.347 0.059
53831.684898 0.860134522411 13.3425 0.059
56126.429148 0.878243893191 13.3771 0.055
56126.438399 0.878933333214 13.4192 0.055
56126.447772 0.87963186541 13.3639 0.055
56126.456973 0.880317579134 13.3558 0.055
54261.501198 0.892623982944 13.3236 0.059
54261.512436 0.893461506129 13.3168 0.059
54261.523714 0.894302010354 13.3395 0.059
56475.519328 0.894538555877 13.2987 0.055
53818.733446 0.894914614072 13.3255 0.059
54261.534588 0.895112406075 13.323 0.059
56475.531983 0.895481682404 13.2873 0.055
53818.742914 0.895620226238 13.3385 0.059
53818.752012 0.896298263783 13.3246 0.059
56475.544749 0.896433081317 13.3058 0.055
53818.760751 0.896949546495 13.3218 0.059
56475.557499 0.897383287813 13.2396 0.055
54892.733935 0.935874774261 13.3212 0.059
54892.743521 0.936589180494 13.3304 0.059
54892.75293 0.937290395626 13.1715 0.062
54892.762043 0.937969551062 13.3177 0.076
56046.733259 0.938828090579 13.3033 0.055
56046.745413 0.939733879579 13.3224 0.055
56046.757677 0.94064786644 13.3285 0.055
56046.76989 0.941558052475 13.3492 0.055
54530.64886 0.951122570229 13.303 0.058
54530.655516 0.951618615283 13.2911 0.058
54530.662109 0.9521099652 13.2937 0.058
54530.66874 0.952604147104 13.2861 0.058
53846.703736 0.979428439241 13.3358 0.059
53846.712504 0.980081883207 13.3339 0.059
53846.721366 0.980742332616 13.3307 0.059
53846.730115 0.981394360588 13.3332 0.059
54316.380461 0.98255592282 13.2862 0.06
54316.385638 0.982941743921 13.28 0.06
54316.390775 0.983324583981 13.2506 0.06
54316.395941 0.983709585296 13.2749 0.06
53873.64046 0.986914724967 13.3578 0.059
53873.649521 0.98759000505 13.3864 0.06
53873.658573 0.9882646144 13.3843 0.059
53873.667642 0.988940490692 13.392 0.06
