54534.517111 0.00453711429834 14.0 0.066
54477.591451 0.00629428982313 14.0015 0.067
54534.526506 0.0155944914355 14.0296 0.066
54477.602663 0.019490171933 14.0312 0.068
54534.535904 0.0266553993935 14.1055 0.067
54534.545162 0.0375515353792 14.1453 0.067
56383.489675 0.139391214586 14.4144 0.062
56383.501629 0.15346038822 14.266 0.06
56383.513521 0.167456591406 14.1758 0.06
56383.527517 0.183929082136 14.053 0.06
54908.520494 0.185107201822 14.0488 0.064
54908.528467 0.194490966368 14.0067 0.064
54908.536474 0.203914746971 13.9809 0.063
54908.544467 0.213322050371 13.9902 0.063
55247.578589 0.237073932005 13.9947 0.066
54168.539179 0.269463396487 13.97 0.067
54977.418189 0.273749821988 13.9429 0.066
54139.659458 0.279685144274 13.9912 0.063
54977.424472 0.28114455328 13.9812 0.064
54168.549379 0.281468212534 13.9728 0.067
54139.666047 0.28744002005 13.9939 0.063
54977.430755 0.288539284581 14.0281 0.066
54168.559568 0.293460082214 13.9379 0.066
54977.437039 0.295935192817 13.9165 0.066
53704.648366 0.296534256682 13.9786 0.067
53704.65438 0.303612390378 14.0135 0.068
54168.569753 0.30544724413 13.9656 0.067
54197.460661 0.308391954883 13.965 0.067
53704.660401 0.310698762677 13.9743 0.068
54393.734584 0.311562638652 13.9719 0.068
53704.666452 0.317820443253 13.9771 0.07
54393.740024 0.317965207213 13.9822 0.068
54197.470045 0.319436385654 13.9976 0.067
54393.745489 0.324397199344 13.9344 0.067
54197.47941 0.330458454505 13.953 0.067
54393.750874 0.330735036049 13.9446 0.067
54197.488759 0.341461692275 13.9722 0.067
53773.510251 0.34303055696 13.9577 0.067
53773.51884 0.353139318237 13.9506 0.066
55592.642458 0.357492829475 13.9341 0.058
53818.558867 0.362672554515 13.9804 0.063
53773.527418 0.363235133147 13.9358 0.066
53818.56739 0.372703637569 13.9802 0.063
53773.536375 0.373777009365 13.9275 0.066
54599.404935 0.373791132672 13.9038 0.057
55644.487257 0.375853136373 13.9592 0.06
54599.410967 0.380890451346 13.9019 0.057
55334.366113 0.381021091983 13.9594 0.065
53818.575908 0.382728835916 13.9636 0.063
54599.416912 0.387887375991 13.8735 0.057
53818.584416 0.392742264832 13.9847 0.063
54599.422858 0.394885477579 13.9349 0.057
55592.680668 0.40246381195 13.94 0.058
55334.388976 0.407929534082 13.9988 0.066
54761.730043 0.421150131994 13.989 0.067
54818.660914 0.425526005135 13.853 0.06
54761.737132 0.429493479147 13.9663 0.065
54761.744204 0.437816818275 13.9918 0.066
54818.67366 0.440527317426 13.8715 0.06
55644.543541 0.44209618211 13.9824 0.061
54761.751287 0.44615310377 13.9749 0.065
56063.431157 0.448838887125 13.9631 0.06
54818.686735 0.455915843885 13.916 0.06
56063.444398 0.464422786078 14.0066 0.06
54818.699662 0.471130182809 13.8778 0.06
56063.456303 0.478434289516 14.011 0.061
54038.727604 0.488671337556 13.9736 0.068
56063.468328 0.492587026088 13.9884 0.06
54038.736106 0.498677704812 13.9748 0.068
53859.463259 0.504800160998 13.9998 0.063
54038.744604 0.508679364305 13.9896 0.068
53859.473519 0.516875593616 14.0152 0.064
55696.436881 0.517586467039 14.0435 0.061
54038.753111 0.518691616278 13.988 0.068
53722.680073 0.518821079986 13.9602 0.066
53756.669229 0.52211181191 14.0407 0.06
53859.483787 0.52896044177 13.9882 0.063
55696.447016 0.529514781806 14.044 0.061
53722.691166 0.531876905904 14.0156 0.066
54967.442875 0.533376330972 14.0229 0.066
53756.685169 0.540872279342 14.0526 0.06
53859.494086 0.541081775154 14.0479 0.064
53722.701587 0.544141826309 14.0065 0.066
53722.711214 0.555472254162 14.05 0.067
53756.701033 0.559543299128 14.0825 0.06
54859.563272 0.565259710067 14.0156 0.064
54859.570599 0.573883169595 14.0415 0.064
53756.716959 0.578287289365 14.0965 0.061
54859.578015 0.58261137703 14.0503 0.064
54859.585348 0.591241898217 14.0544 0.064
53877.392351 0.606315004018 14.1302 0.065
54526.533208 0.607940361954 14.0961 0.066
53877.402769 0.618576393585 14.1341 0.065
54526.542298 0.618638771551 14.1036 0.066
53774.594324 0.618922414751 14.135 0.068
54526.551213 0.629131216165 14.0847 0.066
53774.603351 0.629546676955 14.1017 0.068
54062.638134 0.629996269088 14.1082 0.063
53877.413242 0.630902515008 14.1386 0.065
54526.560015 0.639490666255 14.0895 0.066
53877.42356 0.643046210303 14.1223 0.065
53774.61744 0.646128623364 14.0904 0.068
55657.461786 0.646130977247 14.1058 0.06
54062.652346 0.646722979453 14.085 0.063
53774.626239 0.656484542615 14.084 0.068
54062.666524 0.66340967376 14.0646 0.062
54113.660678 0.680609515108 14.0227 0.073
54113.663667 0.684127396988 14.0113 0.073
54113.666653 0.687641748039 14.041 0.072
54113.669636 0.69115256826 14.0327 0.071
55657.504139 0.695978033533 13.9796 0.059
54245.382515 0.709670585487 14.0092 0.067
54245.391565 0.720321917375 13.9748 0.067
54245.400722 0.731099182137 13.9945 0.067
54245.409764 0.741741098488 13.9559 0.067
56358.540952 0.776172558638 13.9991 0.062
54923.472287 0.782511572282 13.9567 0.063
56358.550852 0.787824291859 13.9421 0.062
54923.480814 0.792547363117 13.9415 0.063
56421.431236 0.794436356224 13.9574 0.059
56358.56051 0.799191204942 13.9707 0.062
54923.489095 0.802293626024 13.9353 0.063
56421.44039 0.805210090165 13.9715 0.059
56358.57039 0.810819399309 13.9523 0.062
54923.49731 0.811962210717 13.9266 0.063
56421.452764 0.819773579751 13.9551 0.059
55675.455146 0.823285576916 13.9707 0.059
56421.461857 0.830475520178 13.9753 0.059
53901.376347 0.834105211613 13.9578 0.065
53901.384863 0.844128056074 13.9458 0.065
53901.393341 0.854106176712 13.9425 0.065
55675.486861 0.860612316228 13.9982 0.059
53901.401901 0.864180806646 13.9537 0.065
54510.625296 0.88523866633 13.9495 0.061
54510.638352 0.900604830877 13.9395 0.061
54510.651428 0.915994534271 13.9179 0.061
56279.642864 0.91763990024 13.9511 0.059
54510.664467 0.931340690794 13.9392 0.061
56279.655657 0.932696528842 13.9631 0.059
56279.6659 0.944751953427 13.9444 0.059
55160.669088 0.94956682622 13.9677 0.064
56279.675957 0.956588466662 13.9397 0.059
55160.677361 0.95930367359 13.9823 0.063
55160.685661 0.969072298416 13.9597 0.063
55567.678517 0.976363458749 13.9628 0.06
55160.693958 0.978837392413 13.9723 0.064
54477.569439 0.980387426009 13.9923 0.067
54534.506208 0.991704907493 14.0241 0.066
54477.580416 0.993306726573 14.0001 0.067
