53588.487521 0.00363945239707 16.6172 0.113
55744.497423 0.00714100130909 16.9383 0.127
54530.650466 0.0114240032044 16.8093 0.131
53831.663718 0.0158249225694 16.8628 0.14
55275.674792 0.0177715599125 16.9337 0.162
53588.495577 0.0197401818839 16.924 0.127
55032.506971 0.0223263715534 16.7889 0.144
54530.657128 0.0247386829282 16.7519 0.127
55744.509304 0.0308863795414 16.8352 0.122
56475.52143 0.0324372939044 16.9928 0.11
55032.514089 0.0365524133124 16.863 0.149
53831.674696 0.0377655641171 16.838 0.138
54530.663729 0.0379314479946 16.7887 0.129
55302.706656 0.0436814230166 16.6869 0.101
55011.506346 0.0504566803361 16.8835 0.163
55032.521185 0.0507344858639 16.8466 0.149
54530.670351 0.0511661836812 16.8934 0.134
55744.521198 0.0546577395952 17.0414 0.135
56475.534113 0.0577855501267 16.8518 0.103
53831.685333 0.0590246827329 16.9628 0.146
55011.512247 0.0622504247087 16.9963 0.171
55032.528274 0.0649025682039 16.8607 0.149
55011.518148 0.0740441690958 16.8825 0.165
53846.704158 0.0756630358841 16.8859 0.14
55032.535363 0.0790706505585 16.8483 0.148
56475.546879 0.0832996902283 17.1857 0.113
55011.524038 0.0858159288647 16.8811 0.165
54261.501753 0.0905426201679 16.8883 0.143
53846.712927 0.0931887678718 16.9641 0.144
56030.746996 0.105817927463 16.8009 0.119
56475.559643 0.108809833127 16.8354 0.107
53846.721784 0.110890376747 17.6565 0.199
54261.512987 0.11299490358 16.7794 0.137
53561.523847 0.114014190069 17.35 0.157
53576.539332 0.123977215958 16.79 0.139
53561.530021 0.126353552519 17.3796 0.159
53846.730529 0.128368142309 17.345 0.171
56030.758766 0.129341460984 16.7968 0.118
54261.524266 0.135537124022 16.9144 0.147
53576.545877 0.13705805936 16.6231 0.13
53561.536282 0.138866793255 17.3823 0.16
53576.552442 0.150178874796 16.7157 0.134
53561.542344 0.150982312392 17.0807 0.161
56030.770601 0.152994903569 16.911 0.124
54261.535138 0.157265913867 16.8361 0.142
53556.542278 0.157845508154 16.8719 0.159
55242.722972 0.160231837729 16.994 0.16
53576.558991 0.163267712606 16.8041 0.139
53556.549124 0.171527930452 16.8872 0.16
54492.705298 0.174174078155 16.9472 0.181
56030.782528 0.176832217463 16.9689 0.126
53818.736633 0.179740181882 16.8322 0.136
53556.555952 0.185174377949 17.021 0.17
54492.710938 0.18544618767 17.0571 0.19
54492.716588 0.196738283216 16.9882 0.183
53818.745973 0.198407115022 16.9848 0.146
53556.562773 0.198806835219 16.9149 0.163
54492.722216 0.207986409526 17.0152 0.183
55714.579895 0.213940241844 16.8946 0.114
53818.755007 0.216462476274 16.8046 0.135
53818.763769 0.23397421805 17.0347 0.149
56445.601387 0.234210052976 17.1553 0.111
55714.592873 0.239878085352 17.0536 0.121
56445.612068 0.255557110036 17.1521 0.113
55714.605736 0.265586089741 16.956 0.114
56106.38442 0.274847606688 17.0354 0.133
56445.622064 0.275535125427 17.1197 0.11
55696.604355 0.288008394139 17.0432 0.133
55714.618707 0.291509943051 17.0621 0.12
54998.618114 0.292023583494 17.0032 0.119
56445.631945 0.2952833017 17.1629 0.113
54212.570093 0.295679024695 17.013 0.145
56106.39681 0.299610272814 16.9624 0.13
53996.42136 0.300609573308 17.1678 0.185
53996.424023 0.305931847714 16.933 0.166
54998.626002 0.307788548019 17.1673 0.127
53996.426696 0.311274108137 17.1114 0.181
56174.451049 0.312878984725 17.002 0.108
54212.579328 0.314136104735 16.8031 0.134
54925.578514 0.315007494764 17.2202 0.127
54266.617577 0.315033476569 17.0871 0.172
53996.429376 0.316630358757 17.1649 0.185
55696.619385 0.318047366848 16.9539 0.128
54979.618391 0.319158589003 17.0901 0.175
56106.407774 0.321522933954 17.0163 0.132
54998.634019 0.323811332071 17.1494 0.126
56174.458139 0.327049065667 16.9248 0.107
54925.585131 0.328232237442 17.1282 0.122
54212.588612 0.332691116226 17.0752 0.149
54236.605667 0.333200759484 16.9311 0.174
54266.627032 0.333930248828 16.9491 0.161
54979.627023 0.336410512651 17.03 0.171
54998.642013 0.339788148299 17.1838 0.131
56174.465209 0.34117917459 16.9854 0.111
54925.591713 0.341387029091 17.1768 0.123
56106.418755 0.343469571306 16.9334 0.128
56126.432764 0.343487558712 17.027 0.112
54212.597797 0.351048266226 16.9061 0.14
54236.614701 0.351256120721 17.0035 0.181
54266.636523 0.352898970731 16.9874 0.165
54979.635757 0.353866293596 16.9914 0.154
56174.472431 0.355613070863 17.011 0.111
56126.441998 0.361942640165 17.0738 0.116
54202.597924 0.365292295405 17.0284 0.148
54236.623717 0.369275507158 17.0423 0.184
54979.644554 0.371447986415 17.1791 0.167
54266.646115 0.372069551329 17.0235 0.168
53957.432343 0.377122014599 17.0208 0.166
56126.451293 0.38051963626 17.1761 0.119
54953.631617 0.38196662337 17.0816 0.128
53968.443888 0.384806635367 16.8252 0.154
54236.632756 0.387340861403 17.0638 0.191
56423.66409 0.390306785256 17.0514 0.093
54202.610864 0.391154192078 16.9861 0.144
53957.441887 0.396196662346 17.0589 0.169
56126.460494 0.398908763872 17.127 0.115
53968.451588 0.400195862911 16.9998 0.167
54953.64206 0.402838013396 17.1389 0.13
53957.451324 0.415057459789 17.1263 0.174
53968.459275 0.415559108634 17.0687 0.173
54202.623951 0.417309883093 16.911 0.139
56423.678222 0.418551014303 16.9844 0.091
54953.652354 0.423411611876 16.9867 0.124
53968.466949 0.43089637255 16.9882 0.166
54673.460645 0.431987608681 17.003 0.151
53957.460788 0.433972219448 16.9938 0.164
56400.673466 0.441223143808 17.2304 0.112
54953.662561 0.443811332071 17.1358 0.13
54202.63776 0.444908564009 16.7805 0.132
56423.692437 0.446961127215 17.0795 0.094
54673.468715 0.448116318591 16.7627 0.134
56400.682134 0.458547017102 17.2452 0.113
54673.476803 0.464281003302 16.8949 0.14
55395.483183 0.466939142602 16.8885 0.151
54188.639458 0.467888478069 17.0749 0.183
56423.706639 0.475345258335 17.1377 0.097
56400.69079 0.475846907175 17.2017 0.113
56406.696122 0.478109323485 16.9424 0.105
54673.484877 0.480417707618 16.8239 0.139
54188.647234 0.483429599282 16.8474 0.162
53928.465514 0.483989207569 16.7735 0.146
56400.699517 0.493288697922 17.2866 0.116
55685.701775 0.498101329081 17.079 0.137
54910.659971 0.498792845019 17.2287 0.169
54188.655177 0.499304486869 16.832 0.164
53928.474031 0.5010112921 16.6723 0.141
56406.709763 0.505372239439 16.4727 0.09
53946.489584 0.506913160801 17.2052 0.147
54910.668334 0.515507145011 16.8911 0.145
54188.663731 0.516400519646 17.0933 0.181
55395.508296 0.517130009002 16.8999 0.153
53928.482539 0.51801538923 16.7777 0.146
53946.501565 0.530858399126 17.0808 0.14
56406.722624 0.53107624664 16.4766 0.091
54910.676754 0.532335365253 17.2493 0.17
53928.491037 0.534999500358 16.6567 0.14
54910.685214 0.549243529533 17.1308 0.16
53946.513531 0.554773658441 17.1037 0.141
56406.735403 0.556616368548 16.4837 0.091
53946.525483 0.578660937347 17.0034 0.137
55685.742638 0.579770160903 16.613 0.113
56088.5312 0.593384630762 16.102 0.093
56366.728907 0.599594284004 16.2215 0.107
54189.707512 0.602502248436 16.4484 0.135
56088.541263 0.61349655242 16.1271 0.093
54189.716725 0.620915359254 16.3917 0.133
56366.74042 0.622604177089 16.1916 0.107
56088.551566 0.634088138316 16.2086 0.097
54189.725999 0.639450384743 16.4734 0.137
56366.750182 0.642114519852 16.2175 0.109
55655.756022 0.648490056971 16.175 0.101
56088.561818 0.654577795556 16.208 0.096
54189.735269 0.657977415811 16.4705 0.137
56366.759925 0.661586889183 16.3029 0.11
53889.531886 0.671202158491 16.6847 0.111
54892.736101 0.676128709916 16.4869 0.121
54599.531075 0.676276606382 16.531 0.102
53889.537666 0.682754072151 16.6731 0.111
56075.570987 0.691090236841 16.5386 0.097
54599.539856 0.693826321589 16.5046 0.101
53889.543246 0.693906265625 16.7179 0.113
54892.745697 0.695307284906 16.5974 0.128
53889.548838 0.705082442304 16.771 0.114
54641.57682 0.708943739395 16.3667 0.114
54599.549024 0.712149495361 16.5667 0.103
56075.581946 0.712992904972 16.5191 0.095
54892.755065 0.714030178878 16.5813 0.131
53920.578646 0.721287099042 16.4803 0.131
54641.585828 0.726947137018 16.2998 0.111
54599.558023 0.73013490557 16.5922 0.104
55821.413053 0.730794443891 16.5645 0.115
55655.798758 0.733902268415 16.648 0.116
56075.592666 0.734417907467 16.5434 0.097
55355.589031 0.734447886494 16.5547 0.116
54378.40561 0.734705706017 16.3251 0.135
53920.58647 0.736924153105 16.3915 0.127
53646.395763 0.739108623972 16.6035 0.171
55821.41906 0.742800039981 16.505 0.112
54378.410015 0.743509543331 16.3168 0.135
54641.59484 0.744958529034 16.5162 0.12
53646.400905 0.749385430212 16.5205 0.166
54378.414421 0.752315379246 16.3053 0.135
53920.594251 0.752475267326 16.7483 0.145
55821.425071 0.754813630463 16.5761 0.116
56075.603347 0.755764964527 16.5681 0.099
53646.406051 0.759670230843 16.5327 0.167
54641.603872 0.763009893083 16.4677 0.118
55821.431146 0.766955131422 16.5903 0.117
53920.601993 0.767948436096 16.5506 0.133
53646.411198 0.76995703009 16.5381 0.168
53606.387321 0.778197261929 16.5218 0.095
53606.397143 0.797827520748 16.5031 0.093
53606.406948 0.817423803353 16.6445 0.098
54316.403645 0.817517737589 16.6686 0.142
53627.422242 0.818610972329 16.5247 0.124
53627.427614 0.829347456789 16.5914 0.126
54316.409784 0.82978714901 16.6916 0.144
53606.416749 0.837012091551 16.6617 0.098
53627.433005 0.840121914666 16.6916 0.133
54316.415877 0.84196462477 16.7418 0.147
54316.421951 0.854104127113 16.6358 0.143
53627.441246 0.856592385343 16.65 0.131
54592.616773 0.857345857911 16.8046 0.13
55775.445646 0.860289797151 16.7162 0.112
53879.623826 0.868943739396 16.6996 0.111
54592.625292 0.874371939645 16.7936 0.13
53863.615868 0.875423203767 16.9057 0.143
55775.456276 0.881534925555 16.7294 0.112
54592.633861 0.891497951447 16.8074 0.131
53879.635341 0.89195762967 16.7669 0.114
53863.625847 0.895367242944 16.8137 0.137
55775.466958 0.902883981216 16.7378 0.113
54592.642386 0.90853602479 16.771 0.144
53873.640876 0.911414010196 16.7667 0.137
53879.646895 0.915049465379 16.7554 0.114
53863.635921 0.915501149206 16.5951 0.126
55775.47762 0.924193064859 16.8674 0.12
55323.662216 0.92548416109 16.9985 0.163
53873.649945 0.929539322477 16.7052 0.134
53863.646039 0.935722993911 16.9263 0.145
53879.658425 0.938093334677 16.8776 0.119
53873.659004 0.947644648756 16.6378 0.131
53873.668065 0.965753972224 16.7459 0.136
53588.471191 0.971002298393 16.9445 0.127
55744.485239 0.982790046979 16.9113 0.128
55323.691005 0.98302188469 16.7828 0.154
53588.479362 0.987332866998 16.8355 0.123
53831.652058 0.992521235143 16.7908 0.136
