53942.4810799 0.00239506421494 18.468037 0.216829701502
53942.4877518 0.0149978660831 18.397506 0.206949466941
53942.4943046 0.0273757009102 18.449545 0.213139682937
55330.6060182 0.0843415362504 17.86777 0.135550690586
55849.4278784 0.106669111539 17.8647 0.120043678938
53994.4221517 0.115859293782 18.016754 0.173741380795
55849.4379857 0.125761224277 17.521459 0.105906314068
55849.4480573 0.144785781597 17.820257 0.11830893349
53881.6762882 0.145913206529 17.770691 0.148243102392
55330.6452024 0.158357954335 17.800761 0.130349363226
55032.5942 0.158493166597 17.753585 0.144548506267
53994.4477671 0.164245271442 17.656024 0.155871870405
53881.6888651 0.169670340288 17.625895 0.260496856762
55032.6019516 0.173135605924 17.858569 0.151290008764
55032.6172513 0.202035723421 17.813572 0.148698305466
54697.5107847 0.206696406881 17.608686 0.128712417803
54362.40667 0.215799745203 17.962806 0.173227038065
55032.6250526 0.216771954196 17.816734 0.149374095773
54697.5196705 0.223481260241 17.98029 0.150582564281
54362.4149942 0.231523777211 18.159489 0.190109529102
54697.5285642 0.240280783851 17.804379 0.139627848962
55805.5589537 0.240990106891 17.810048 0.119850729428
54362.4232646 0.247145928028 18.272805 0.201099820023
56182.4939055 0.24774455969 18.048036 0.128244583616
54697.5374334 0.257034155409 17.852473 0.142907798116
54362.4314988 0.262699867983 18.206679 0.194630769843
55805.572673 0.266904980953 17.956108 0.127045023969
55735.6928296 0.268213363306 17.997382 0.122681824101
56182.5051027 0.268895352655 18.002949 0.125967001489
55735.7026552 0.286773359752 17.801603 0.114396462285
56182.5164028 0.290240526997 18.016628 0.127162387193
55769.5881099 0.294296431056 17.989578 0.111455316652
55735.7127441 0.305830492388 17.613641 0.107795195975
56182.5276658 0.311515740916 18.111586 0.13249623383
55083.4986825 0.313904574266 18.03243 0.0992988580141
54757.3900226 0.314864395236 17.776742 0.148927815083
55487.4303996 0.315874937961 17.97064 0.1370174851
54757.3989333 0.331696254057 18.032115 0.167028785464
56102.6022245 0.337312407318 18.017156 0.115491046197
55083.5154442 0.345566498382 18.176164 0.10422190145
54757.4078427 0.348525510882 18.066152 0.169583745896
56102.6150652 0.361567617578 17.982958 0.115163438694
54757.4167914 0.365429100609 18.054624 0.169307559222
55769.626357 0.366542757065 18.134912 0.117742960903
55487.4604453 0.372629413429 18.274909 0.157294797436
55083.5321903 0.37719890726 18.228365 0.106436120547
56102.628027 0.386051730096 18.123043 0.120635167997
54177.7404418 0.392743865683 18.14629 0.21113581881
54177.7462152 0.403649400472 18.067586 0.200947755453
55397.4814969 0.407974460622 18.471698 0.165270208757
56102.641033 0.410619139683 18.116795 0.121015613897
54177.7520028 0.414581825592 18.394645 0.23790181614
54644.6838795 0.419947712889 18.094198 0.128542092022
56065.5968779 0.436506904267 18.208597 0.126820519814
54644.6953734 0.441659087122 18.176051 0.133309333856
54729.4025311 0.448228087578 18.291785 0.184679383274
55275.746211 0.457566866528 18.364846 0.171877295238
56065.6086158 0.458679166156 18.344049 0.134339263374
54729.4103341 0.462967619456 18.049685 0.165048930162
54644.7070623 0.463738629747 18.325175 0.141807140229
54729.4180256 0.47749637344 18.038661 0.163673497019
54274.6653152 0.477820440207 18.314753 0.197362805929
56065.6200679 0.48031139786 18.296804 0.132369031017
55397.5198984 0.48051263097 18.11129 0.141379214912
54729.4256554 0.491908620183 18.196619 0.175939904594
54274.6752481 0.496583081744 18.308575 0.197592530095
54316.4979408 0.497056741827 18.363677 0.421140284561
56065.6315101 0.501925025047 18.341798 0.139718698557
53973.4527031 0.505871011425 18.253212 0.189528898146
54316.5065107 0.513244721568 18.714746 0.571164616358
54274.6851193 0.515229173146 18.277897 0.19547218712
54316.5155132 0.530249754457 18.881759 0.735926863281
54274.6950559 0.533998811119 18.391253 0.207384826303
54316.5227969 0.544008263545 18.18732 0.256418754118
54377.4299779 0.593897017952 18.571873 0.232836520133
54377.4393741 0.611645842458 18.124651 0.187335722865
53806.7510628 0.616807837781 18.764342 0.235865508306
54377.4488292 0.629505948277 18.417961 0.216194310569
54017.4625173 0.637681573608 18.184315 0.189066061921
55660.7141531 0.638141919135 18.403287 0.206467284774
53806.7671529 0.647200893482 18.336395 0.614287666114
54377.4582683 0.64733588285 18.395063 0.213987927368
54017.4706347 0.653014678193 18.649695 0.238809806874
54236.6445613 0.658973625338 18.310536 0.260973463144
54017.4787865 0.668412955291 18.512243 0.223928764165
53990.4799239 0.669235347141 18.349912 0.200554106868
54236.6514427 0.671972164243 18.280928 0.217120458518
56213.4241239 0.673009489094 18.068583 0.11358433202
53972.4852915 0.678490417436 18.201769 0.183538073884
54017.4869305 0.683796584431 18.354569 0.207586751825
54236.6583504 0.685020331221 18.449437 0.241301891579
53990.4884491 0.685338936699 18.337853 0.199491679666
53972.4925808 0.692259420148 18.293761 0.219833928821
56213.4346268 0.692848912737 18.455898 0.132245811723
54236.6652355 0.698025866561 18.400136 0.229947479599
53990.4969416 0.701380873758 18.34527 0.200448556569
53972.4998767 0.706041102356 18.299392 0.200343175885
56213.4452741 0.712960986839 18.348494 0.126943053056
53990.5054494 0.717451451852 18.438288 0.210024683269
53989.4479829 0.719962807208 18.640189 0.241951000161
56213.4559048 0.733041775207 18.561423 0.138554634163
55123.4384973 0.757738628991 18.498824 0.160462457502
56150.473133 0.762490663378 18.493792 0.148286239802
55123.4490873 0.777742460513 18.622031 0.170289785707
56150.4834484 0.781975693166 18.248597 0.133835213041
55123.4597156 0.797818658194 18.409865 0.155326792359
55123.4703364 0.817880644065 18.548959 0.166473323178
56150.504109 0.821002332665 18.353639 0.140075578844
54954.6038831 0.839619867869 18.291903 0.154631343429
54954.6143416 0.859375338422 18.358208 0.154581193246
54594.62971 0.87072490453 18.502399 0.184231476931
54954.6248026 0.879135619716 18.431832 0.159298050904
54594.6370612 0.88461089465 18.391021 0.174517921871
54594.6443642 0.898405695346 18.444343 0.178553632341
54954.6353075 0.898978738512 18.388896 0.155416106188
53865.6702468 0.91149350792 18.419585 0.190300130961
54594.6517858 0.912424610801 18.399933 0.17464211294
53865.6792986 0.928591785966 18.32463 0.181770604455
54295.556245 0.939491583475 18.271562 0.340108938281
53865.688248 0.945496491128 18.447166 0.191939373232
54005.4511779 0.949005963204 18.4394 0.210922734456
54295.5635959 0.953377114592 17.889895 0.324437174799
53865.6972479 0.962496845299 18.275279 0.177019921456
54005.4600179 0.965704240683 18.48638 0.215831137165
54005.468809 0.982310039156 18.481148 0.215926524791
53942.4747911 0.990515743177 18.349257 0.206351430671
54005.4775874 0.998892006413 18.431787 0.211278250937
