55354.6519544 0.00615017509996 14.80895 0.080324155868
54892.7339354 0.013011753951 14.74466 0.0744740185753
56076.6590683 0.0271731344454 14.7723 0.0659902441681
54892.7435209 0.0302977052489 14.79173 0.0752593738733
53879.6232854 0.0346627037674 14.86694 0.0694688529417
56076.6683368 0.0438873826037 15.03443 0.0691962642452
54892.7529302 0.0472657766545 14.71273 0.0841786753563
54530.64886 0.0521596326895 14.83045 0.0731027256798
53879.6347907 0.0554105161462 14.95389 0.0705949481331
56076.6776087 0.0606077043907 14.89899 0.0675561395691
56046.7332593 0.060901013647 14.8463 0.0656001898752
54892.7620434 0.0636999231703 14.86126 0.12409020332
54530.6555164 0.0641633345821 14.87556 0.0737904203879
55655.7946219 0.0673976127451 14.91344 0.0728089989448
55714.5749181 0.0679895157618 14.83349 0.0669716099623
54530.6621085 0.0760511979517 14.8584 0.0733952863305
53879.6463444 0.076245824012 14.89549 0.0698916340944
56076.6868251 0.0772280699992 14.92737 0.0679504016543
55263.7491576 0.0779141558155 14.83625 0.0712209082983
56046.7454127 0.0828175920733 14.98501 0.06720972418
54530.6687401 0.0880102337429 14.87148 0.073539878822
54641.5746983 0.0886560743563 14.88062 0.0751896880315
55714.5877813 0.0911862327926 14.84028 0.0668786148955
53879.6578847 0.0970567120054 14.83946 0.0692539405336
54641.5837035 0.104895485166 14.93638 0.0762091533632
56046.7576766 0.104933518772 15.01771 0.0676909100189
53928.465939 0.11435127045 15.01066 0.0825706411264
55714.6007433 0.114560987899 14.85124 0.0670002387951
55323.6589502 0.115366873806 14.85301 0.079988305538
56366.7274218 0.117717718488 14.81586 0.0748757385919
54641.5927132 0.121143037316 14.92435 0.0760563795353
56046.7698898 0.126958004816 15.05152 0.0681261307431
53928.4744554 0.129709301604 14.86785 0.0796846368027
54641.6017465 0.137433167125 14.92408 0.0761198566875
55714.6137305 0.13798124368 14.90807 0.0677677351835
56366.7389535 0.138513244227 14.77857 0.0741008312574
53928.4829562 0.145038946987 14.97288 0.0817225773684
56366.7487555 0.156189521717 14.847402 0.0750385346631
55242.7217273 0.158403750577 14.88453 0.0791545279227
56090.5968604 0.161687766349 14.93212 0.0695493768787
53863.6154457 0.167157762453 14.91849 0.0768340361903
53627.3879079 0.16966488292 14.98153 0.07244042828
56366.7584561 0.173682961 14.82211 0.0746821232673
56090.6075867 0.181030960023 15.09665 0.0750539495336
53863.6254238 0.18515175266 14.84851 0.0757489861795
53627.3978139 0.187528632268 15.01536 0.0730531603664
56406.6954253 0.193435236086 15.198622 0.0682340640424
55011.5042756 0.195776549963 14.87662 0.0820895978669
56090.6181957 0.200162491163 15.09086 0.0771261036386
53863.6354817 0.203289549848 14.86321 0.0760893329443
53627.407733 0.205416217027 14.96548 0.0723984363753
55011.5101577 0.206384065724 14.93621 0.0836987787896
53968.4434726 0.207254784427 14.9728 0.0828156476666
55011.5160506 0.217010803961 14.94784 0.0840280503339
56406.7090611 0.218025196735 15.3395 0.0703585056119
56090.6289958 0.219638639707 15.05926 0.0779858584627
53968.4511706 0.221136814545 14.90234 0.0815868503002
54189.7079455 0.221322412207 15.13096 0.0886765926583
53863.6455985 0.221533377211 14.88102 0.0764479726833
53627.4176645 0.223325988584 15.04754 0.073875013021
55011.5219548 0.2276581848 14.92473 0.0835514282577
56030.7452604 0.229175875333 14.93496 0.0708081763526
53818.7334458 0.229856442056 14.92601 0.0764458433747
53968.4588519 0.234988789206 14.8834 0.0812783335025
54925.5772203 0.240471801418 15.04384 0.069032974697
56406.7219256 0.241224230329 15.14561 0.0678528304266
53873.6404602 0.245621793852 14.949 0.0783312103573
53818.7429135 0.246929855112 14.95925 0.0769635340741
53968.4665307 0.24883638139 14.93014 0.0824334903053
56030.7569776 0.250305769406 14.92048 0.070698185969
54925.5838208 0.252374691984 15.0166 0.0687026966904
53873.6495214 0.261962288105 14.94639 0.0783348252009
53818.7520116 0.263336763878 15.05382 0.0788284305595
56406.734695 0.264251676916 15.08564 0.0672045757813
54925.590418 0.264271529654 15.01822 0.0687899504507
54599.5293694 0.266824118167 14.94934 0.0693599630005
54189.7357065 0.271384840792 14.96115 0.0844789642497
56030.7688549 0.271724531848 15.02717 0.0722659502859
53873.658573 0.278285291274 15.15124 0.0821943774125
54925.598389 0.278645950068 15.1216 0.071027426316
53818.7607508 0.279096454454 15.00179 0.0778411192588
54599.5381757 0.282704720052 14.93155 0.0691226129257
56030.7807515 0.293178170438 14.97218 0.0715751324301
54173.6695195 0.298660348079 15.02664 0.0774768632714
54599.5472606 0.299087938748 14.9553 0.0694215522481
53606.3962516 0.31466684135 15.2303 0.0699898213838
54599.5562122 0.315230692588 15.03562 0.0704591393491
55302.7009254 0.32101794643 15.04767 0.0674346700378
54910.657777 0.335710651392 14.99805 0.0791548256412
56445.5992885 0.350150868296 15.12305 0.066851284968
54910.6661504 0.350810830104 14.96527 0.0785175523391
54910.6745561 0.365969013286 15.0125 0.0793596482988
56445.6099663 0.369406608313 15.17079 0.0680819987752
54966.6837959 0.369416739817 14.96184 0.0796465286661
56174.4475472 0.372603768063 15.0413 0.0667834837066
54910.6829975 0.381191710602 14.93809 0.0779343666415
54966.6905825 0.381655251484 14.99571 0.0804266806361
56174.454611 0.385342183435 15.07385 0.0672498075641
56445.6199492 0.38740913551 15.12475 0.0674169745923
55722.5161166 0.388634334778 15.01837 0.0689567235279
54966.6974103 0.393968087275 15.18979 0.0845298416385
55045.4420416 0.396953079014 15.00848 0.080791530323
56174.4616876 0.398103578179 15.01835 0.0667123056103
56445.6298306 0.405228615326 15.12404 0.067397352101
54966.7043428 0.406469606582 15.06165 0.0820145038278
55045.4490674 0.409623034179 15.03604 0.0813198107367
56174.4687747 0.410883946166 15.19069 0.0688779319874
55722.528914 0.411712290992 15.029 0.069130851183
53556.5427084 0.412005169624 15.03185 0.0846839904478
55045.4561023 0.422309270226 15.0222 0.0810884357853
53556.5495466 0.424336791107 15.0215 0.0845059275832
55722.5417938 0.434938854842 15.04661 0.0694266274759
55045.4631434 0.435006775669 15.03265 0.0812765788934
53556.5563777 0.436655450584 15.0511 0.0852803542426
54212.5661741 0.442376394701 15.20584 0.0806626310976
53646.3936599 0.443411166965 15.02502 0.096857011143
53556.5632005 0.448959311878 15.03243 0.0849141980527
53646.3987879 0.452658624813 15.17351 0.102094682588
55722.5546313 0.458089236243 15.00081 0.068910073327
54212.5752786 0.458794866617 15.02956 0.0772762263612
53646.4039337 0.461938226377 15.05579 0.0983795713336
54202.597384 0.465303750757 15.0414 0.0780552241473
53576.5355659 0.465833768531 15.02127 0.079796214697
54212.5844851 0.475397261636 15.03588 0.0773410168967
54202.6103147 0.488622130523 15.06276 0.0781290941936
54212.5937379 0.492083123839 15.04676 0.0775378356803
54202.6234006 0.512220423671 15.02836 0.0772635146498
53831.6515505 0.525532437488 15.06428 0.079518488208
54202.6371156 0.536953148261 15.05693 0.0778083345753
53831.6631991 0.54653883194 15.0564 0.0793672097406
53831.6742027 0.566381950956 15.0889 0.0799724247185
55275.6723728 0.579470914003 15.09233 0.0853785977541
54673.4576812 0.58436935375 14.98419 0.0776588977787
53956.4568861 0.591418508349 15.15788 0.0868735163432
54673.4657499 0.598919953901 14.99967 0.0779021294788
54673.4738343 0.613498918895 15.05746 0.079042019463
54492.7023336 0.621843419619 15.06638 0.0905739857632
54347.417196 0.624004529428 15.13743 0.0778606187843
54673.4819138 0.628068930688 14.99996 0.0780568536814
53946.4966811 0.629827792104 15.066 0.0755381063527
56106.3837488 0.630743193126 15.05315 0.0736885816054
54492.7079432 0.631959401687 15.01946 0.0889183413835
55395.4807684 0.634197716069 15.19254 0.0853823545367
54347.425391 0.638782842878 15.10982 0.0780001856859
53956.4838371 0.640020235762 15.22279 0.0888133774698
54492.7136124 0.642182852266 15.17321 0.0926826102509
53946.5086828 0.651470718878 15.11646 0.0765301475589
54492.7192289 0.652311356326 15.04514 0.0892769364949
56106.3962119 0.653218346956 15.00255 0.0732499477419
54316.3804613 0.654360596576 15.02581 0.0831658248055
55696.6014001 0.6557073632 15.06156 0.0740053031617
53996.4200312 0.658374634103 15.13571 0.0882628285206
53996.422696 0.663180146897 15.09462 0.087320363697
54316.3856379 0.663695717072 15.0633 0.0840327608262
53996.4253624 0.667988603096 15.22787 0.0908311018286
54347.4417309 0.668249302279 15.20205 0.188730648057
53846.7037364 0.669672926884 15.01648 0.0781006914573
56106.4071575 0.672957042921 15.04052 0.0738029904541
54316.3907748 0.672959434861 15.02046 0.0830570487255
54316.3959415 0.682276605683 14.9902 0.0824533833125
55696.6163678 0.682699141432 15.11757 0.0748734823437
53846.7125041 0.685484004593 15.09532 0.0796011340851
54261.501198 0.688639620362 15.01577 0.0788269823236
54979.6166724 0.691731275965 14.99921 0.0836057785008
56106.4181555 0.692790121872 15.04099 0.0739183221581
54979.6253322 0.707347848255 15.0328 0.0848901072595
54261.5124359 0.708905374661 15.0224 0.0785000568742
53846.7301146 0.71724161863 15.05307 0.0788571420107
54979.6340348 0.723041625671 15.13097 0.0827842449391
55821.4101084 0.727675412604 15.09158 0.075541594357
54261.5237139 0.729243345865 15.03085 0.0797833860098
55696.6464968 0.737031926791 15.08666 0.0744969382504
55821.4160173 0.738331163258 15.13561 0.0766002048655
54979.6428315 0.738904924549 14.9477 0.0794041759639
54261.5345885 0.748853909633 15.0283 0.0792309030914
55821.42203 0.749174135292 15.33468 0.0806081586454
55821.4281247 0.760164879863 15.09837 0.0765463685925
56126.4291484 0.779323044103 15.08473 0.0680733976175
54236.6060947 0.794417412636 15.12841 0.0904400936554
56126.4383987 0.796004335569 15.1962 0.0695368574157
55365.6285742 0.80067765397 15.0852 0.0745596330007
54592.6171883 0.801842847253 15.07198 0.0773359021687
54236.6151243 0.81070084288 15.0799 0.0892001635963
56126.4477716 0.812906869075 15.0816 0.0680211130915
54592.6257161 0.817221249062 15.03787 0.0766999349851
54236.6241389 0.826957160325 15.07235 0.089109453944
54953.6292828 0.827750449022 15.10172 0.0724954047768
56126.4569732 0.829500477162 15.0727 0.0679545376673
54592.6342883 0.832679820134 15.02726 0.0766066817139
55775.4438749 0.835137019406 15.10947 0.0726576132502
55365.6504015 0.840039687804 15.07989 0.0747071168542
54236.6331795 0.843260440412 15.04872 0.0890536070224
54953.639906 0.846907673729 15.09684 0.0724344640802
54592.6428143 0.848055092075 15.07553 0.0774053983808
55775.4544999 0.854297583891 15.09014 0.0723681439868
54953.6501848 0.865443708345 15.06888 0.0720429504399
55775.4651834 0.873563530241 15.12182 0.0730028162273
54953.6604158 0.8838937289 15.0208 0.0713850669233
53920.5773264 0.888536516095 15.01042 0.0827630885265
55775.4758631 0.89282261022 15.06281 0.0721540316377
53889.5301774 0.900112180812 15.04819 0.072283382913
53920.585156 0.902656006362 14.9276 0.0815674702317
56066.6097563 0.904892581079 15.10501 0.0730691385048
53889.5359505 0.910523082334 14.92893 0.0706096227342
54266.617142 0.914402862615 14.96835 0.0822387759137
55745.5452951 0.91796824073 15.3635 0.0746503634308
53889.5416098 0.920728583409 14.91667 0.0703845238152
55685.6595796 0.923934580576 14.98911 0.072754223406
53920.6006755 0.930642791519 14.85599 0.0791082161842
53889.5471927 0.930796371691 14.94545 0.0707884459909
54266.6266136 0.931483434563 14.90592 0.0810235583764
55354.6112856 0.932810651939 15.14803 0.0874460306869
55745.5553046 0.936018772533 14.92228 0.0682924047408
56066.6288172 0.939265803707 14.97336 0.0711369017184
54266.6360859 0.948565049368 14.93559 0.0817851254159
55745.5652697 0.953989177823 14.9399 0.0686096819078
56066.6383983 0.956543844674 14.95427 0.0709571422887
54998.6174735 0.956549483883 14.9225 0.0682799598668
54266.6456966 0.965896313252 14.83582 0.0799046780448
54998.6253591 0.970769869333 14.93176 0.0686016403156
55745.5751799 0.97186060757 14.91684 0.068396839133
53588.4663782 0.981090658539 14.87978 0.0710365807725
55685.6916398 0.981749952752 14.79774 0.0701729688041
54998.6333737 0.985222977021 14.88712 0.068176447942
55655.7519288 0.990407670843 15.28923 0.0791387750709
54998.6413642 0.999632482575 14.8693 0.0686473894395
