54491.693897 0.0114690438549 16.7767 0.129
55004.520658 0.0125851232061 16.6145 0.128
53946.412888 0.0214145508438 16.6032 0.1
53914.520443 0.0230054067963 16.4711 0.124
56148.434792 0.0250568669075 16.6459 0.091
53845.655626 0.0274520085951 16.4531 0.114
54297.52024 0.0330359483845 16.6096 0.113
55220.721107 0.0343433556068 16.5138 0.184
53873.600405 0.0388501902633 16.4617 0.117
55774.473616 0.0398458039142 16.4779 0.091
56066.590669 0.042407471707 16.4263 0.09
54491.704613 0.0494369999924 16.3455 0.109
53914.529006 0.0533450492108 16.3355 0.118
56148.444762 0.0603816637072 16.4012 0.085
53946.424062 0.0610052508888 16.3716 0.093
53845.665186 0.0613241306999 16.3421 0.11
55004.534526 0.0617209589257 16.2928 0.116
53873.610276 0.0738242192814 16.2752 0.109
54993.530661 0.0738277623822 16.2966 0.089
53914.537535 0.0835642259555 16.1035 0.108
55774.486382 0.0850771335007 16.3145 0.087
53845.674718 0.0950970457704 16.1733 0.103
56148.454721 0.0956674863204 16.2988 0.083
56115.433743 0.0987429049371 16.251 0.075
55681.635746 0.105152389126 16.0638 0.085
55673.733806 0.107717600035 16.102 0.077
53873.620156 0.108830136266 16.248 0.109
55004.548406 0.110899311942 16.2456 0.117
54993.542468 0.11566125044 16.0807 0.083
54645.543166 0.116199803022 16.2387 0.105
56405.579805 0.117868607358 16.2512 0.082
55634.788539 0.12039130097 16.1447 0.095
54344.397256 0.123413572937 16.2881 0.102
54226.705273 0.127888519624 16.206 0.103
53845.684223 0.128774296865 16.1657 0.103
55220.750938 0.140037840403 16.1657 0.111
54943.594118 0.143212466086 16.2177 0.084
53873.630053 0.143896286123 16.2151 0.116
54645.551933 0.147262239686 16.2061 0.104
54589.669079 0.148218879107 16.1769 0.09
56115.448887 0.152399747734 15.9729 0.07
56405.590683 0.156410547142 16.1663 0.08
54993.5543 0.157583316228 16.0237 0.082
54344.407079 0.158217532717 16.228 0.1
56092.589336 0.158518696984 15.9792 0.089
54226.714139 0.159301724096 16.1567 0.101
55299.783712 0.161771271051 16.0034 0.084
54526.734078 0.162649962101 16.0426 0.107
56366.646637 0.173410384145 16.2638 0.106
54943.603798 0.17750976126 16.1679 0.083
54645.56061 0.178005796536 16.1801 0.103
54589.677799 0.179114789644 16.0266 0.086
55326.602515 0.18371374514 16.1224 0.133
54922.720878 0.187047810721 16.2693 0.301
56092.598063 0.189439409292 16.204 0.095
54226.722918 0.190406678058 15.9961 0.096
54173.662901 0.19298251832 16.1613 0.101
54344.416896 0.193000233861 16.2128 0.1
54256.641111 0.193825778241 16.0761 0.101
54526.742964 0.194134028726 15.9394 0.103
56405.601538 0.194870995418 16.1193 0.079
54234.626981 0.195363487565 16.1843 0.119
54993.566102 0.19939908871 16.0208 0.082
56366.654915 0.202740240511 16.2499 0.105
56115.464142 0.206449875634 16.1562 0.073
53831.594794 0.208391499369 15.915 0.096
54645.569413 0.209195785116 16.1619 0.102
54589.686534 0.210063846833 16.1203 0.088
54943.613423 0.211612185477 16.1641 0.083
53613.426554 0.214535250391 15.9744 0.122
56092.606731 0.220151078175 16.1517 0.095
54226.731677 0.221440769866 16.1356 0.101
53959.453177 0.224579964446 16.197 0.098
54526.751725 0.225175206755 16.2058 0.113
54344.426706 0.227758133209 16.1665 0.099
54173.673096 0.229104514632 16.1086 0.099
56405.612413 0.233402305872 16.1729 0.08
54234.637821 0.233770789188 16.1829 0.119
53831.602742 0.23655212978 15.9217 0.096
54589.695257 0.2409703867 16.1314 0.089
54256.654699 0.241969543438 16.1651 0.106
53613.435132 0.244928039459 15.9237 0.12
54943.62298 0.245473678251 16.0483 0.08
56092.615368 0.250752910668 16.2373 0.104
54526.760181 0.255135736506 16.1814 0.112
53959.461886 0.25543690077 16.0628 0.094
55681.678772 0.257598197271 16.1251 0.086
56115.479396 0.260496460451 16.1982 0.074
55414.400645 0.262058971519 16.006 0.09
53831.610627 0.264489544299 15.9702 0.097
54173.683361 0.265474528608 15.9612 0.095
54234.648622 0.27203990959 16.1934 0.12
53613.443736 0.275412949366 16.019 0.126
56076.535225 0.277053408832 16.0576 0.092
53959.470573 0.286215888721 15.9918 0.093
54256.668317 0.290219601916 16.2678 0.111
53831.618577 0.292657260905 15.9956 0.098
54595.637095 0.293550124364 16.2336 0.104
54173.69382 0.302531905706 16.2641 0.104
53613.452315 0.305809281544 16.4654 0.179
56076.543544 0.306528532665 16.2862 0.099
54234.659373 0.310131874533 16.2359 0.123
53928.431452 0.311226695198 16.087 0.108
55326.639723 0.315545745089 16.3464 0.121
54910.621334 0.317044480209 16.2527 0.109
53959.479275 0.317048023299 16.2444 0.1
54677.493453 0.319549458276 16.1828 0.083
54595.647427 0.330157526647 16.3165 0.105
53889.4882 0.331039760776 16.2665 0.094
56076.552069 0.336733536943 16.3306 0.1
53928.43998 0.341442328832 16.1856 0.112
54677.501416 0.347763235288 16.2492 0.085
56446.56972 0.349605651974 16.305 0.083
56076.560429 0.366353928244 16.4038 0.102
55414.430129 0.366523997486 16.5291 0.106
54595.657755 0.366750756462 16.3888 0.108
54869.711027 0.36736725742 16.3703 0.123
53889.499038 0.369439976204 16.3585 0.097
53928.448505 0.37164733311 16.3184 0.118
54677.509359 0.375906150148 16.3603 0.088
56446.581207 0.390305345152 16.4358 0.086
54869.71795 0.39189620108 16.3012 0.086
54595.668162 0.403623891907 16.5555 0.114
54677.517305 0.404059694312 16.5265 0.092
53889.509795 0.407553199783 16.6595 0.107
54869.724027 0.413427674511 16.5382 0.093
54256.703093 0.413434760729 16.5098 0.123
53900.518739 0.413441846957 16.7164 0.136
53576.509631 0.413852847607 16.6805 0.129
56446.592613 0.430718046482 16.7223 0.094
53919.434006 0.432294729998 16.7571 0.141
54869.730098 0.434937889307 16.5191 0.092
53576.516192 0.437099185811 16.8151 0.136
53889.520399 0.445124327706 16.8088 0.113
55263.740308 0.45606190521 16.9625 0.125
53576.522737 0.460288834251 16.7396 0.133
53919.442515 0.462443044539 16.8731 0.149
56446.604018 0.471127204701 16.8908 0.099
53576.529295 0.483524543125 16.6649 0.129
53820.667144 0.490536355846 16.7702 0.128
55654.650007 0.491737469791 16.747 0.095
53919.451045 0.492665764368 16.7766 0.146
54155.688963 0.509360894007 16.7845 0.127
54285.518558 0.509768351553 16.7938 0.12
56046.686115 0.51840290818 16.6034 0.094
53919.459557 0.522824708239 16.5981 0.137
53820.678447 0.530584116953 16.4926 0.15
55353.513285 0.531505325304 16.4006 0.112
54975.597755 0.535586986886 16.4175 0.098
54285.526863 0.539193871843 16.6803 0.115
54131.709093 0.546067503312 16.3628 0.13
54155.70015 0.548997654459 16.6049 0.118
56046.695315 0.550999511049 16.3366 0.087
53900.559425 0.557596780028 16.3999 0.12
54187.596652 0.561781191768 16.4554 0.133
54285.535056 0.568222563945 16.1226 0.095
53820.689277 0.568955987499 16.2923 0.19
54975.60815 0.572417605008 16.2967 0.097
56367.607982 0.579560512771 16.2429 0.083
53774.687711 0.580393143378 16.1906 0.122
56046.704559 0.583752010715 16.0864 0.082
55654.675986 0.58378389871 16.2967 0.083
54155.71157 0.589459959331 16.3617 0.109
53900.570018 0.595128933739 16.2536 0.114
54285.543275 0.597343376887 16.3527 0.103
54187.607824 0.601364805593 16.1297 0.117
53820.699319 0.604535888156 16.2931 0.136
54975.618593 0.609418292368 16.0105 0.082
53859.651 0.614587688405 16.1908 0.105
56046.713845 0.616653320958 16.1764 0.084
53774.699148 0.620915681098 16.0268 0.115
56367.61998 0.622070734647 16.1496 0.081
54155.723326 0.63111274882 16.2635 0.105
54187.61924 0.641812938024 16.2055 0.12
54975.629043 0.6464437815 16.1302 0.099
53859.661486 0.651740729453 16.217 0.107
54131.739541 0.653948086384 16.0774 0.116
53774.710765 0.662075978449 15.9254 0.111
55353.550553 0.663549911788 16.0005 0.108
56367.631926 0.664396714844 16.0405 0.079
54955.596 0.667188684727 16.1209 0.09
53588.436413 0.67174157982 16.0921 0.092
53556.546131 0.680996180546 16.126 0.114
54187.631082 0.683770434888 16.3993 0.194
56495.491433 0.684567634426 16.2356 0.09
54199.767806 0.685506558315 16.2283 0.104
54131.749094 0.687795406717 16.0811 0.115
53859.671849 0.6884579681 16.1404 0.104
56426.627154 0.690920428871 16.1229 0.079
53588.444509 0.700426590335 16.0885 0.092
53774.722569 0.703898837151 15.9814 0.112
53556.552992 0.705305451425 16.0965 0.113
54955.606882 0.705744796952 16.1308 0.091
56367.644049 0.707349825341 16.0757 0.079
55701.562624 0.708253318123 16.1793 0.087
54199.774477 0.709142638487 16.1531 0.101
53878.589451 0.715584010665 16.1759 0.105
56495.500501 0.716696546902 16.1876 0.089
53859.682328 0.725586207402 16.1143 0.103
55722.453226 0.725933432068 16.0681 0.084
55360.624297 0.726595993468 16.1542 0.086
53588.452543 0.728891928094 16.0874 0.093
56426.637931 0.729104514628 16.1019 0.078
54187.643934 0.729306471849 16.0073 0.111
53556.559784 0.729370247803 16.1324 0.115
54199.781125 0.732697227175 16.1605 0.101
54955.617675 0.743985572472 16.1679 0.092
54181.721585 0.745778385623 16.1878 0.102
56495.50939 0.748191242857 16.2295 0.091
53878.599339 0.75061827253 16.2052 0.106
54691.445255 0.752304792412 15.935 0.085
53556.56664 0.753661803157 16.1066 0.114
54199.787778 0.756269531389 16.209 0.103
53588.4605 0.757084446471 15.9405 0.088
55701.576855 0.75867530241 16.186 0.087
54892.683145 0.760085459806 16.0145 0.102
54265.551718 0.765077700397 16.1375 0.111
56426.648692 0.767231910674 16.109 0.079
54187.656155 0.772606807018 16.2379 0.208
55722.467574 0.77676996012 16.2826 0.089
56495.518257 0.779607990439 16.2622 0.092
54691.453423 0.781244906785 16.1826 0.092
54955.628438 0.782120054712 16.1824 0.092
54892.690057 0.784575429255 16.2175 0.11
54181.732749 0.785333654592 16.1916 0.102
53878.609213 0.785602930879 16.2252 0.107
56393.632863 0.788550797558 16.1326 0.085
55978.743568 0.790552654144 16.1246 0.09
54966.639602 0.79587440389 16.2235 0.109
54265.561557 0.799938349914 16.1968 0.116
54209.679729 0.804530219195 16.2354 0.122
56426.659361 0.805033340657 16.1882 0.08
54892.697069 0.80941970962 16.2455 0.12
55701.591198 0.80949411491 16.3632 0.092
54691.461596 0.810202736709 16.2739 0.094
53605.410825 0.813933630486 16.1983 0.107
54187.668073 0.81483358018 16.2317 0.123
53975.425504 0.81627562554 16.2562 0.121
55360.649872 0.817211006328 16.0243 0.084
56393.641867 0.820452951058 16.1829 0.086
53878.619072 0.820534442575 16.1276 0.103
56181.398951 0.820665537614 16.1788 0.089
54181.743875 0.824754285398 16.2215 0.104
55722.481795 0.827156513304 16.2457 0.087
54966.649007 0.829197344093 16.3307 0.114
55381.539271 0.830628760137 16.2536 0.099
54923.749266 0.830738596507 16.3238 0.095
54892.704217 0.834745852794 16.2821 0.109
54265.57144 0.834954896229 16.2862 0.129
55978.756183 0.83524897427 15.9068 0.088
53605.417476 0.837498848505 16.1218 0.104
54691.469772 0.839171195937 16.1023 0.09
54209.690443 0.842491089087 16.2494 0.123
56181.406123 0.846076715406 16.049 0.086
53975.434039 0.84651606092 16.1952 0.118
56393.650821 0.852177949125 16.2039 0.087
54323.435955 0.8552391953 16.242 0.099
54187.679575 0.855586419986 16.2935 0.124
55701.605505 0.860185375469 16.4154 0.093
53605.424164 0.861195161525 16.2357 0.109
54181.755017 0.864231605968 16.3134 0.107
55045.403518 0.865014633045 16.2929 0.113
54923.758973 0.865131555658 16.3148 0.095
55742.532424 0.86872072506 16.4832 0.105
54265.581308 0.869918295916 16.3777 0.132
56181.41322 0.871222160037 16.2555 0.092
53804.68735 0.872384299783 16.3435 0.112
53975.44255 0.876671461681 16.2463 0.121
55722.495936 0.877259617775 16.4376 0.093
54209.701168 0.88049093319 16.3533 0.128
55978.769193 0.881344822463 16.2972 0.096
56393.659776 0.883906490276 16.349 0.09
53605.43083 0.884813526172 16.3071 0.112
54323.446842 0.89381302305 16.3487 0.103
55045.411754 0.894195678834 16.4939 0.122
53804.693991 0.895914086701 16.4881 0.118
56181.420574 0.89727818368 16.1861 0.091
54923.768654 0.899432393943 16.3633 0.097
55742.542474 0.904328970599 16.5505 0.105
53975.451104 0.906979216129 16.221 0.121
56066.554419 0.913969770202 16.6076 0.095
54209.711882 0.918451803107 16.6679 0.146
53804.700518 0.919039959183 16.643 0.125
54297.489188 0.923015327496 16.5583 0.11
55045.420013 0.923458216133 16.6817 0.131
54323.457836 0.93276596349 16.5252 0.109
54923.778465 0.934193836426 16.756 0.111
53804.706169 0.939062068182 16.6831 0.127
55742.552477 0.939770689984 16.7873 0.108
53946.390536 0.942218978313 16.5308 0.098
55381.572123 0.947026977233 16.7606 0.119
55774.448144 0.949595731276 16.7947 0.099
55045.428271 0.952717210295 16.8479 0.141
56066.566412 0.956462276527 16.8316 0.103
55673.691207 0.956784699458 16.7888 0.092
54297.499529 0.959654617744 16.8649 0.124
55634.744253 0.963481175459 16.8207 0.121
55004.50688 0.963768167302 16.8632 0.135
54323.468723 0.971339791241 16.8039 0.122
54491.683218 0.973632182769 16.8752 0.135
55742.562443 0.975081314368 16.802 0.109
53946.401722 0.98185219568 16.7764 0.106
56148.424651 0.989126198469 16.7985 0.095
53914.511937 0.992867721586 16.7687 0.14
55774.46081 0.994472749945 16.7836 0.099
54297.509859 0.99625493378 16.7981 0.121
56066.578486 0.999241774675 16.7233 0.099
