53990.4969416 0.0164775180458 18.333528 0.307195148501
53990.5054494 0.0336453636469 18.159146 0.280160278657
56102.6022245 0.0569141980232 18.739314 0.230718005972
54729.4025311 0.06217799811 18.345543 0.290283258851
54729.4103341 0.077923916274 18.195543 0.267968984895
54644.6723385 0.0841923513082 18.247872 0.199476848648
55769.600745 0.089573097003 18.236094 0.174594311343
54729.4180256 0.0934446650431 18.590519 0.329857410031
54594.62971 0.102622927101 18.248457 0.246332657455
54644.6838795 0.107480959597 18.298956 0.204863993384
54729.4256554 0.108840951686 18.168377 0.263150968703
56102.628027 0.108981346029 18.476601 0.203473503267
53942.4747911 0.112052686442 18.214515 0.296856404376
55769.6135762 0.115465254195 18.272568 0.177644284526
54594.6370612 0.117457025353 18.149079 0.233564255227
53942.4810799 0.124743104187 18.090795 0.275233534324
53865.6702468 0.127319770478 18.360243 0.28267995083
54644.6953734 0.130674743819 18.531209 0.230976635566
54594.6443642 0.132193707945 18.189201 0.23790181614
56102.641033 0.135226170089 18.861553 0.24868968716
53942.4877518 0.138206400613 18.101564 0.273333360713
55769.626357 0.141255791397 18.44487 0.19314275749
53865.6792986 0.145585485365 18.214988 0.261555721887
54594.6517858 0.147169807412 18.194291 0.238108429315
53942.4943046 0.15142936969 18.034503 0.264954063891
54644.7070623 0.154261834247 18.299833 0.205857260294
53865.688248 0.163644410593 18.082424 0.243210160469
55849.4278784 0.173621896558 18.165558 0.197091120186
53865.6972479 0.181805515556 18.054837 0.239860612786
55397.4814969 0.186057170437 18.107056 0.206982845079
55123.4384973 0.191679980915 17.940482 0.182741791647
54005.4511779 0.192794965918 18.014658 0.260700789848
55849.4379857 0.194017581255 18.081717 0.189140868741
56243.4153403 0.205246345157 17.822714 0.153959202143
54005.4600179 0.210633368986 17.669838 0.218533328672
55123.4490873 0.213049634763 17.802589 0.172022474342
55849.4480573 0.214341097981 17.780815 0.16508836838
56243.4233977 0.221505382377 17.714845 0.147782266335
54005.468809 0.228372978761 17.735606 0.226564951712
53806.7510628 0.233651562665 17.6503 0.205840856865
55123.4597156 0.234496595789 17.603723 0.157783921336
55849.4581892 0.234786319979 17.696797 0.16125551786
56243.4311227 0.237093885534 17.668575 0.144809814796
55330.6060182 0.237294709037 17.624428 0.176156103389
54005.4775874 0.246087130173 17.708745 0.224121573819
53806.7591739 0.250019016384 17.765274 0.43695294466
56243.4388827 0.252752920722 17.569703 0.140044982082
55123.4703364 0.25592837465 17.505717 0.152198779061
55397.5198984 0.26354810458 17.680948 0.169342000342
56182.4939055 0.271214246456 17.590194 0.150417503039
56182.5051027 0.293809174021 17.479607 0.143448643329
55330.6452024 0.316364822769 17.508819 0.164836529361
56182.5164028 0.316611754943 17.507686 0.145806676704
56182.5276658 0.33933959868 17.593444 0.151809428061
56383.7333916 0.354582421768 17.604953 0.148518868929
55660.7141531 0.36612382648 17.517945 0.202112807889
56383.7412284 0.370396538075 17.584701 0.146538763435
56065.5968779 0.383418991159 17.598455 0.139309463238
56383.7490693 0.386218594242 17.653049 0.150771198733
56383.7569062 0.402032944408 17.636619 0.149423983699
53881.6645223 0.402343716625 17.628321 0.197291193076
56065.6086158 0.40710513154 17.731607 0.147888972992
53881.6762882 0.426086261057 17.654349 0.207200282271
56065.6200679 0.430214369536 17.687662 0.145811748642
54017.4625173 0.430608782951 17.820973 0.239491225301
54274.6653152 0.442958066593 17.606111 0.210604387038
54017.4706347 0.4469888018 17.912153 0.251972060847
53881.6888651 0.451465485246 18.023553 0.518257627877
56065.6315101 0.453303732735 17.717156 0.15330345739
54274.6752481 0.463001784441 17.797533 0.232788249526
54017.4787865 0.463438443014 17.964201 0.260259524335
53881.7013137 0.476585487592 17.740962 0.228703603528
54017.4869305 0.479872436137 17.941527 0.257888410257
54274.6851193 0.48292099434 17.849755 0.2400724807
54362.40667 0.497201063647 17.821464 0.243875088761
54954.6038831 0.498458475028 17.763061 0.178163466452
54274.6950559 0.502972186327 17.842211 0.240152073793
54362.4149942 0.513998701676 17.810547 0.242687649695
54954.6143416 0.519562810308 18.012966 0.194275686295
54362.4232646 0.530687502267 17.948263 0.261075929665
55275.746211 0.535087403792 18.054404 0.221883033046
54757.3900226 0.538444394649 17.8347 0.227166453882
54954.6248026 0.540672284796 18.05919 0.198112592426
54362.4314988 0.547303434691 17.952137 0.261418370558
54757.3989333 0.55642549973 17.932673 0.239202206769
54954.6353075 0.561870252769 17.946254 0.186531557988
54757.4078427 0.574403825156 18.00371 0.247984190594
53973.43674 0.590509337474 17.976687 0.251299016771
54757.4167914 0.592461558788 17.844882 0.229599858355
55805.531884 0.595412917058 18.003903 0.185797457324
54295.556245 0.59899460673 18.05632 0.484442412048
53973.4447815 0.606736401706 17.991664 0.253553485138
55805.545373 0.622632387678 18.033872 0.189115922337
53973.4527031 0.622721479247 17.93067 0.245193428064
53973.4602807 0.638012409947 17.942395 0.246447473759
55805.5589537 0.650037090414 18.190606 0.204445256404
56150.473133 0.656146016447 18.15075 0.185809226292
55083.5321903 0.66430506596 18.135923 0.141981500277
55735.6928296 0.666418365612 18.04064 0.179144293653
53972.4852915 0.670570927557 18.101127 0.26559930759
55805.572673 0.677721381176 17.979766 0.185130908552
53972.4925808 0.685280050729 18.238119 0.332112933538
56213.4241239 0.685641509032 18.198341 0.169601059772
55735.7026552 0.68624560216 17.890661 0.167974491432
55487.4303996 0.694935367115 18.075798 0.210781059719
56150.4937301 0.697709097341 18.066863 0.178677440859
53972.4998767 0.700002719129 18.20545 0.293757988056
55735.7127441 0.706603918381 18.252799 0.201343891363
56213.4346268 0.706835529554 18.078856 0.16121917172
54697.5107847 0.707472857891 18.029144 0.228452754515
56150.504109 0.718652747587 18.095897 0.181574060696
54236.6445613 0.720461454468 17.878994 0.324889939469
54697.5196705 0.72540374807 17.902548 0.214997401757
55735.7226852 0.72666421861 18.058011 0.187384090546
56213.4452741 0.728320816572 18.182452 0.169342000342
54236.6514427 0.734347508077 18.193286 0.321947247354
54697.5285642 0.743350310155 18.201737 0.249999044394
54236.6583504 0.748286578268 17.993895 0.295467609235
56213.4559048 0.749772681729 18.298481 0.178915543366
55487.4604453 0.755564926694 18.205867 0.226943094052
54697.5374334 0.761247569017 18.249431 0.257232111871
54236.6652355 0.762180106016 18.043294 0.296110051523
54377.4299779 0.812899079231 18.170231 0.292937963018
54377.4393741 0.831859758612 18.010109 0.269759880745
54377.4488292 0.850939317376 18.141219 0.28939842679
54177.7404418 0.857192070814 18.286148 0.353691528516
54177.7462152 0.868842214098 18.209344 0.334906784741
54377.4582683 0.869986644862 18.110321 0.28500116866
55032.5942 0.875975085665 18.114443 0.255998856563
54177.7520028 0.880521083733 18.618203 0.423712022063
55032.6019516 0.891617281989 18.266327 0.277377725731
53989.4479829 0.899772117721 18.253847 0.307581976266
55032.6096067 0.907064460752 18.034545 0.246995043923
54316.5227969 0.907629896353 18.223378 0.413675793449
55032.6172513 0.922490642744 18.28963 0.281604170424
53994.4221517 0.937201961413 18.239312 0.296258878601
55032.6250526 0.938233034412 18.082492 0.253553485138
53994.4306664 0.954383819181 18.214189 0.291791575151
53994.4392185 0.971641348805 18.243557 0.296856404376
53990.4799239 0.98213715801 18.18837 0.283636701322
53994.4477671 0.98889163859 18.263782 0.320317467802
53990.4884491 0.999340269033 18.149111 0.277993592986
