53961.5413336 0.00662055908449 18.690154 0.277828969355
54378.5206031 0.0107386410313 18.787919 0.38210094164
55030.5620602 0.0129053061241 18.671082 0.388930201673
55030.5696853 0.0268213467723 19.33163 0.575804026577
54378.5296512 0.0272518789639 18.568844 0.338786887792
53961.5535899 0.0289887132201 19.14235 0.353856688653
55030.5772917 0.0407034000552 18.700689 0.407665619434
54378.5386518 0.0436782792767 18.721093 0.36781615854
53556.6403119 0.0457955383261 18.901173 0.409393591363
53961.5660575 0.0517425975479 19.032131 0.333501516426
54018.5517503 0.052948628937 18.742318 0.372505569235
55030.5849471 0.0546747835969 18.74957 0.419405232875
54378.5476773 0.0601503276908 18.737989 0.372505569235
53556.6484063 0.0605682072475 18.749298 0.384062512103
53990.6121078 0.0619652844402 18.891663 0.396678079138
54006.5035521 0.0644971733822 18.517199 0.323217253176
54018.5586172 0.0654810604623 18.555947 0.336902795786
54677.7228498 0.0670022736339 18.672765 0.204045201339
53556.6566327 0.0755816804181 18.73924 0.372696643071
53990.6206683 0.0775885613717 19.24905 0.487417484323
54018.5654661 0.0779805399531 19.027855 0.4396490302
54726.4953554 0.0788077989477 19.07976 0.313675678976
54006.5125691 0.080953590305 19.000494 0.423167020232
55858.5275173 0.0835235813562 18.721127 0.243486542992
55386.7573331 0.0837585593454 18.998441 0.26822795865
54677.7322079 0.084081190212 19.05214 0.247313753579
54018.5723119 0.0904742948491 19.366149 0.535000659258
53556.6649683 0.0907945559096 19.168122 0.475056314022
53990.6292297 0.0932133178669 18.857998 0.389794416856
55858.5338587 0.0950967890285 18.941893 0.274239000268
54006.5216149 0.0974623921228 18.906916 0.40083312656
54726.5067323 0.0995711849816 18.960553 0.293467811046
54677.7415986 0.101219694927 18.700235 0.207334445107
55858.5402201 0.106706730385 19.08141 0.297256701134
53990.6377884 0.108833426356 18.446399 0.311357098213
54006.5306955 0.11403496596 19.039103 0.431120425716
55058.5634915 0.116655673053 18.961526 0.240845304572
54677.750958 0.118300956137 19.079529 0.251299016771
55858.5465864 0.118325331934 18.689298 0.241625776688
54001.6059702 0.126211045146 18.764485 0.390882231869
55058.5704052 0.129273421018 18.902772 0.233539890288
54001.6110434 0.135469873684 18.893513 0.426327448791
55058.5774614 0.142151238022 19.060021 0.253209859555
54001.6161555 0.144799696856 18.732893 0.404870079726
54001.6212604 0.154116212388 18.887066 0.426188679312
55058.5846338 0.155241320383 18.947236 0.238731566146
53668.4825812 0.162483825388 19.038157 0.399783054983
54085.4642969 0.17106641286 19.256195 0.424670469433
54085.4693528 0.180293577683 18.521092 0.284912563956
53668.4934519 0.182323242619 18.713103 0.355352905521
54085.4743884 0.189483756045 19.274852 0.431694093454
54085.4794306 0.198685995555 19.684993 0.554968937219
53668.5043069 0.202133932252 18.976891 0.406078995799
55097.5152596 0.205216041737 18.497065 0.294535941442
53904.6707761 0.215541048454 19.275465 0.376970991088
55097.5228349 0.219041252671 19.258817 0.449456281798
53668.5151742 0.221967223732 19.073291 0.425634882003
54271.793821 0.230022661527 18.696701 0.352623342702
55097.5299132 0.231959392478 19.257904 0.450099291731
53904.6844535 0.240502914954 18.930066 0.311586729682
55097.536917 0.244741521317 18.470791 0.291223270721
55824.6475367 0.251181582604 19.488173 0.337913583944
56408.7469643 0.256382332139 19.149472 0.259719481847
56098.6188471 0.259960831348 19.062925 0.393973601377
53690.4540088 0.261232254856 18.697238 0.368092867167
53904.6982819 0.265740417715 18.950012 0.313617102833
55739.7270614 0.26786190501 18.551442 0.210007189045
53972.6452864 0.27178586907 18.906629 0.388714983967
55824.6610316 0.275810443429 19.256616 0.298721083066
56408.7576482 0.275880800206 18.947134 0.233320899086
56098.6296672 0.279707919037 19.040155 0.393527805756
54033.4759422 0.290205637186 19.788225 0.688393961102
54793.45953 0.291148777126 19.102681 0.414316008888
53904.7122374 0.291209662859 19.225231 0.364630494786
53972.6564128 0.292091917985 18.966095 0.402956381603
55739.7405082 0.292402871877 19.060306 0.272903351596
54647.7127673 0.297381803065 19.245011 0.319573197164
56098.6404624 0.299409612851 19.670041 0.56217701843
55824.6745199 0.300427030856 19.385586 0.322200118396
54033.4827697 0.302666017566 19.130291 0.469547849315
54793.4675625 0.305808374198 19.304854 0.446435831512
53578.7013815 0.308144392295 19.090209 0.385736298482
54647.7194522 0.309581945419 19.672301 0.405473291038
53972.6675636 0.312442515414 19.644915 0.596441575843
54033.4895955 0.315123441368 19.611498 0.620683998132
54033.4895955 0.315123441368 19.405098 0.54965296144
56408.7792419 0.315290102808 19.436504 0.298517852923
55739.7537033 0.316484410143 19.29417 0.309199660799
56098.6512344 0.319068849659 19.351683 0.458863187879
54793.4755961 0.320470104369 19.765074 0.5678249586
54647.7260807 0.321679219537 18.895505 0.265061276144
55824.6880167 0.325059270754 19.181544 0.29065819151
54033.4964629 0.327656717698 19.176241 0.481709600387
53578.7129233 0.329208678063 18.590366 0.293612794876
53972.6786884 0.332745818555 18.985204 0.408650564864
54647.7327086 0.333775437144 19.440633 0.355185779795
55739.7668703 0.340514809475 18.775313 0.236394868665
53578.7245095 0.350353886701 19.356268 0.449616787069
53610.5121645 0.364116623194 19.018828 0.502634508253
53578.7360964 0.371500573244 19.291743 0.434009818525
53610.5212289 0.380659497243 18.972548 0.488822854853
53610.5307162 0.397974274594 19.195807 0.555536513572
53610.5407329 0.416255014571 18.881731 0.461946944624
56216.5170518 0.428977296862 18.855586 0.243210160469
54364.5103713 0.441496146059 19.722946 0.516612993202
56216.5284052 0.449697591305 19.567589 0.348045111113
54662.5940063 0.456247844531 19.283097 0.337986118384
56216.5397092 0.470327901582 18.997712 0.270440693288
53886.7286575 0.47044522852 18.654809 0.249490690984
54348.639593 0.476680601831 18.897889 0.313617102833
54662.6061899 0.478483556195 19.978992 0.498976677922
54364.5346386 0.485784855811 18.333713 0.240471270485
53886.7393505 0.489960447172 19.060558 0.310272953866
56216.5510396 0.491006373036 19.501494 0.358057482586
56249.4278627 0.492545046564 19.147643 0.253584795315
56132.7199701 0.495896607608 19.078773 0.298011525476
54348.6528688 0.500909347863 18.869421 0.310443417899
53886.750011 0.509416331009 18.928061 0.288017263444
54212.772798 0.514256321853 18.861375 0.337551596682
56132.7316567 0.517225058536 19.441603 0.36436102927
56249.4440508 0.522089011791 18.541796 0.188520468492
53886.760791 0.529090269426 19.42683 0.378659525485
55771.6519072 0.53200332121 19.528558 0.373945370627
54212.7826664 0.532266621279 19.161421 0.397934979294
56132.7433699 0.53860209368 18.71045 0.246275318779
54348.6794557 0.549431517728 19.084818 0.352869030526
54212.7925783 0.550356111606 18.951462 0.354187638414
56249.460369 0.551870422844 18.924936 0.228566667402
55771.6645265 0.555034151617 19.315147 0.332251037517
54662.6482703 0.555281858372 19.127671 0.30931214105
56132.7552799 0.560338433902 19.523311 0.382203491686
54623.752205 0.568381472193 19.013495 0.234545550826
54323.4852468 0.568976059851 19.100679 0.344623964962
53863.7737684 0.576839446061 19.429 0.246562444082
55771.6772726 0.578296280745 19.39359 0.347572940032
56249.4765835 0.581462569511 18.979798 0.236268501923
54323.4963723 0.589280630119 19.598755 0.455501738972
54296.6483394 0.590529215427 18.907538 0.261521371532
55500.4582823 0.592613069482 18.979041 0.313383130786
54623.7666417 0.594729186775 19.400205 0.287016597243
53863.7847613 0.596901944767 19.348592 0.236066733571
56154.6928964 0.597380295037 19.306281 0.265563346044
55771.6899443 0.601422566259 19.387023 0.346946152483
54296.656691 0.605771198307 19.113692 0.290423689165
54323.5074216 0.609445976969 19.550441 0.441014248734
55084.5876014 0.611714121975 18.592374 0.322263406247
56479.6269284 0.615198213282 19.376174 0.325670364113
55337.735391 0.616721463573 19.2828 0.392861757952
53863.7957764 0.617004978898 19.434138 0.246591214273
56154.7057244 0.620791997012 19.183504 0.249490690984
54623.780929 0.620803990635 19.364298 0.28267995083
54296.6649557 0.620854547178 18.898641 0.259685838741
54391.457435 0.620982899733 18.727794 0.377564530199
54954.7351758 0.625758705532 19.513259 0.40083312656
54323.5184902 0.629646600222 19.481143 0.422623942787
55084.5976486 0.630050774458 18.707403 0.345007936906
55500.4795663 0.631457285651 19.171567 0.34875683252
56479.6364516 0.632578367064 18.886966 0.249969061319
54296.6734006 0.636266804329 19.131141 0.295025224347
53863.8068039 0.637130635127 19.397839 0.242086903267
54954.7450421 0.643764970716 19.636509 0.427302261693
53722.4437933 0.643889508385 19.016964 0.458524004683
56154.7186411 0.644365502171 19.239366 0.257592456107
54623.7949932 0.6464717303 19.662072 0.330945515074
55084.6076732 0.648346046683 19.115052 0.433718491542
56479.6461487 0.650276043781 19.333184 0.3167053094
54296.681746 0.651497613212 19.282443 0.323537005681
54391.4755553 0.65405308021 19.354282 0.541264501255
54954.7548835 0.661726053543 18.843565 0.275193545373
55084.6177924 0.666814085114 18.968991 0.399783054983
56479.6557422 0.667784647569 19.567824 0.359259111111
56154.7315593 0.667941753091 19.137613 0.245334956696
55337.7639076 0.668765412746 19.373329 0.409766516646
54391.4846028 0.670565261991 19.515276 0.598164538985
53722.4590614 0.671754414862 18.691765 0.387430588373
54763.5337281 0.675343746412 19.066983 0.325670364113
54954.7646949 0.679632194447 19.508374 0.394420786086
54763.5424862 0.691327617606 19.451924 0.405111062464
55449.5626288 0.705976496396 19.205862 0.350916886845
54763.5512144 0.707256990365 19.567437 0.432992503467
55803.533838 0.717823118159 19.073067 0.201804110537
55145.4664763 0.718135723895 18.920723 0.277010137145
55449.5720396 0.723151543898 18.565805 0.249460883084
54763.5599504 0.72320051557 19.562606 0.432847696806
55714.7718853 0.723651005499 18.68915 0.234966461873
55145.4744281 0.732648092008 18.623721 0.238005057922
54739.45665 0.73369730514 18.722219 0.23109448693
54244.6759087 0.738730289467 19.130497 0.326719322091
55449.5815042 0.740424835704 18.748301 0.275996557942
55005.7562457 0.741285266082 18.711648 0.270706842182
54211.8028685 0.744095612962 19.281912 0.622598975263
55145.4823824 0.747165129134 18.604328 0.236167551608
55714.7855196 0.748534188486 18.5617 0.222195576436
53934.5526095 0.751101893846 18.935565 0.320317467802
54739.4673904 0.753299064854 18.342764 0.189041147894
55803.5544295 0.755403493122 18.412265 0.150162652036
55449.5909565 0.757675715285 18.59699 0.253616117153
55044.6689702 0.758589541245 18.663547 0.180891689589
54064.4175112 0.759826846532 18.455856 0.328244264561
54211.8114895 0.759829153743 19.467116 0.604834056668
55145.4903415 0.761690805074 18.562124 0.231972396699
54244.6925079 0.769024569969 18.917468 0.289028212049
53934.562997 0.770059460734 18.86231 0.307305531757
54739.4781512 0.772938002273 18.375991 0.241194215917
54064.4265064 0.776243531231 19.044191 0.458354656296
55044.6822742 0.782869848507 18.126921 0.142856010432
53934.5733941 0.789034518453 17.893299 0.186495817768
54064.4353291 0.792345269039 18.522334 0.344854216436
54739.4888587 0.79247958327 18.614728 0.227976238689
55803.5751472 0.79321413202 18.489995 0.154493573312
55415.6398542 0.795533805043 18.470712 0.237362077457
54244.7091344 0.79936851166 18.60868 0.244042189621
55044.6956171 0.807221129411 18.282396 0.152609687397
53934.5837933 0.808013547645 18.179273 0.213580919047
54064.4441091 0.808369062637 18.236509 0.297306852627
54244.7257461 0.829685604812 18.310465 0.209155907781
55803.5958104 0.830925280468 18.664177 0.16772383642
55044.7089307 0.831518968377 18.286383 0.152711534611
55415.6635189 0.83872282232 18.352296 0.220789611374
54706.6395781 0.841207006883 18.443102 0.219874335156
53642.5540744 0.841904691813 18.302598 0.345702148974
54052.4113179 0.848035949286 18.377774 0.303296526046
53642.5614819 0.855423701617 18.596069 0.40803420657
54356.5200638 0.858860130706 18.528032 0.225507683262
54052.4202969 0.864423061024 18.111437 0.263501627276
54706.6526723 0.865104540517 18.277263 0.205873677744
53642.5687187 0.868631123698 18.62751 0.415863741673
54356.5269608 0.871447461092 18.424201 0.214640510727
53590.5170468 0.872213991308 18.476259 0.36625911674
55121.4445736 0.877186787621 18.440867 0.180430824605
54052.4295102 0.881237726687 18.307762 0.293564438861
53642.5760598 0.882028928713 18.346971 0.354768927824
54356.5337267 0.883795466592 18.616232 0.236749792732
54706.6657357 0.888945676381 18.563309 0.243791664672
55121.4524666 0.891591850095 18.638231 0.198141616634
56174.58004 0.892225959198 18.50754 0.212974968255
53590.5288544 0.893763221597 18.646393 0.402245166417
54356.5404889 0.89613671234 18.647214 0.246476194615
54052.4386547 0.897926730824 18.830788 0.391978532908
54598.7300633 0.901955669035 18.582077 0.279823691223
55121.4603002 0.905888551522 18.562589 0.191004397926
56174.5896262 0.909721022101 18.493312 0.212139290854
54706.6788333 0.912849336683 18.641979 0.26283656784
54598.7369824 0.914583365486 18.404146 0.254846762307
53590.5406309 0.915255884928 18.594186 0.38807129866
55121.468118 0.920156313818 18.480036 0.183696446831
54598.7439581 0.927314355404 18.215446 0.23109448693
56174.5994027 0.927563604498 18.517544 0.214771773061
55121.4759147 0.934385631453 18.550936 0.18988163206
53590.5522416 0.936445853415 18.951646 0.4752429431
54598.7509945 0.940156029847 18.516286 0.269910730932
56174.6090311 0.945135788862 18.53877 0.21743194882
53961.5295185 0.985057449909 18.729163 0.283943132639
