53668.720269 0.0187217997945 10.9372 0.051
53668.729349 0.0194410129565 10.9315 0.051
53668.738199 0.0201420081636 10.9397 0.051
53668.747134 0.0208497360931 10.9622 0.051
54590.374463 0.0215661769576 10.8978 0.05
54590.383948 0.0223174695613 10.9282 0.05
54590.393223 0.0230521283799 10.8948 0.05
54590.401388 0.023698865766 10.9123 0.05
54451.592835 0.0288818738327 10.9203 0.05
54451.609836 0.0302284975071 10.9224 0.051
54451.626438 0.0315435169905 10.9304 0.05
54451.642976 0.0328534671306 10.9203 0.052
54855.643733 0.0331466177812 10.9372 0.05
54855.656575 0.0341638133128 10.9412 0.05
54855.669438 0.0351826722222 10.9571 0.051
54855.682309 0.0362021648004 10.9393 0.05
54085.652137 0.043268830157 10.9268 0.051
54085.660724 0.0439489935295 10.9311 0.051
54085.669297 0.0446280479828 10.9382 0.051
54085.677866 0.0453067856019 10.9215 0.051
54199.450421 0.0570599801601 10.9292 0.051
54199.461877 0.0579673927131 10.9297 0.051
54199.473333 0.0588748052662 10.9276 0.051
54199.484809 0.0597838019891 10.8978 0.051
53757.61557 0.0599850707826 10.9525 0.05
53757.632262 0.0613072190309 10.9683 0.05
53757.648338 0.0625805748447 10.9303 0.05
53757.66426 0.0638417325496 10.9902 0.051
54742.701329 0.0871484370425 10.8787 0.051
54742.710523 0.0878766799729 10.8845 0.051
55184.590349 0.0885139915475 10.9261 0.05
54742.719775 0.0886095169961 10.8997 0.051
54742.729095 0.0893477401977 10.883 0.051
55184.603439 0.0895508307863 10.9126 0.05
55184.616755 0.0906055711459 10.9047 0.05
55184.62972 0.091632509322 10.9112 0.05
55626.506937 0.0920631659257 10.9463 0.05
55626.551895 0.0956242215784 10.9329 0.05
55677.418358 0.124680354107 11.0043 0.051
55677.44382 0.126697160882 10.9825 0.051
54137.499504 0.150020895202 10.9177 0.051
53872.377047 0.150069291594 10.9371 0.051
53872.382214 0.150478561903 10.9361 0.051
54137.508024 0.150695751605 10.925 0.051
53872.387395 0.150888941131 10.9302 0.051
53872.392589 0.15130035007 10.9322 0.051
54137.51654 0.151370291174 10.9089 0.051
55248.514456 0.151846492663 10.8924 0.051
54137.525072 0.152046098078 10.8965 0.051
54819.55192 0.174368320149 10.8824 0.051
54819.56072 0.175065354932 10.9008 0.051
54819.56951 0.175761597629 10.8791 0.051
54377.697889 0.175774191781 10.8862 0.051
54377.706448 0.176452137315 10.8922 0.051
54819.578493 0.176473127567 10.8815 0.051
54377.71509 0.177136657154 10.8817 0.051
54377.723797 0.177826325546 10.884 0.051
55526.607455 0.179175246267 10.94 0.051
55526.631101 0.181048210411 10.9694 0.055
53683.713188 0.206288394339 10.9223 0.051
54125.591843 0.206832952763 10.9116 0.051
53683.723209 0.207082142698 10.9242 0.051
54125.603832 0.207782583446 10.9138 0.051
53683.733001 0.20785775231 10.8916 0.051
53683.74247 0.208607777577 10.8956 0.051
54125.615799 0.208730471541 10.9023 0.051
54125.627778 0.209679310139 10.9068 0.051
53835.390764 0.220441368761 10.9254 0.05
53835.396287 0.220878837296 10.9366 0.05
53835.407511 0.221767873477 10.9223 0.05
53835.412898 0.222194569656 10.9109 0.05
54504.600722 0.22755698497 10.8987 0.051
54504.611714 0.22842764478 10.9207 0.051
54504.622684 0.229296562003 10.9047 0.051
54504.63365 0.230165162392 10.9446 0.051
56398.448728 0.236412970297 10.9633 0.05
56398.459451 0.237262323021 10.9399 0.05
56398.470793 0.238160705805 10.9462 0.05
56398.478073 0.23873734367 10.9587 0.05
56398.485354 0.239314060744 10.9509 0.05
56398.492722 0.239897668958 10.9295 0.05
55590.6201 0.249520709379 10.9786 0.05
55590.645721 0.251550110306 10.9315 0.05
54782.703337 0.25564740749 10.8798 0.051
54782.713186 0.256427531987 10.8713 0.051
53886.353067 0.257088843736 10.9513 0.051
54782.722959 0.257201636638 10.8699 0.051
54782.731873 0.257907701189 10.8701 0.051
53886.369486 0.258389368065 10.9539 0.051
53886.378195 0.259079194874 10.9712 0.051
53886.386915 0.259769892977 10.9725 0.051
54530.548987 0.282880081186 10.9362 0.05
54530.556941 0.283510105579 10.936 0.05
54530.564886 0.284139417095 10.9475 0.05
54530.572832 0.28476880782 10.95 0.05
53836.436729 0.303290685366 10.9507 0.05
53836.444948 0.303941700011 10.9439 0.05
54467.699147 0.304638655585 10.931 0.051
54467.708899 0.305411096857 10.9206 0.051
53836.471631 0.306055220363 10.9159 0.05
54467.718692 0.306186785678 10.9372 0.051
53836.47979 0.306701482498 10.9497 0.052
54467.728447 0.306959464576 10.9185 0.052
55149.694269 0.324447908848 10.8881 0.051
55149.707397 0.32548775801 10.8889 0.05
55149.72041 0.326518498194 10.8804 0.05
55149.733446 0.327551060174 10.8727 0.05
53634.745905 0.327663457033 10.8947 0.051
53634.757467 0.328579265687 10.8922 0.051
53634.769214 0.329509727913 10.8972 0.051
53634.781156 0.330455635795 10.8982 0.051
54076.667073 0.331575406332 10.9128 0.052
54076.675638 0.332253827117 10.9495 0.053
54076.697325 0.333971621813 10.9169 0.051
53887.351252 0.336153578307 10.936 0.051
53887.356442 0.336564670412 10.9372 0.051
53887.361655 0.336977584312 10.9363 0.051
53887.366846 0.337388755625 10.9521 0.051
54417.656597 0.340843434265 10.9041 0.051
54417.672232 0.342081859131 10.9184 0.051
54417.687564 0.343296283823 10.9132 0.051
54417.703168 0.344532253225 10.9071 0.051
54228.375069 0.348137903263 10.9178 0.052
54228.381486 0.348646184194 10.9039 0.052
54228.387929 0.349156524546 10.9404 0.052
54228.394358 0.34966575598 10.9309 0.052
55945.588323 0.366020489021 10.9366 0.05
55945.599558 0.366910396496 10.9478 0.05
55945.610843 0.367804264396 10.9317 0.05
55945.622126 0.368697973879 10.9275 0.05
55327.398915 0.40016600517 10.957 0.051
55327.416331 0.401545500371 10.933 0.051
53711.62053 0.416787037181 10.977 0.051
53711.631952 0.417691756645 10.9736 0.051
53711.643299 0.418590535472 10.9721 0.051
53711.654398 0.419469670591 10.9662 0.051
53610.78254 0.429561308487 10.9738 0.052
53610.791728 0.430289076166 10.9438 0.052
53610.800853 0.43101185371 10.9788 0.052
53610.809922 0.431730195579 10.9304 0.052
53724.619652 0.44642796605 10.8933 0.051
53724.62865 0.447140684114 10.899 0.051
53724.637517 0.447843025866 10.8977 0.051
53724.646325 0.448540694317 10.8888 0.051
55883.689284 0.463090582522 10.925 0.051
55883.697996 0.463780646956 10.9438 0.051
55883.706995 0.46449344423 10.9342 0.051
55883.715864 0.465195944398 10.9285 0.051
53813.431521 0.481082713632 10.9355 0.05
53813.442969 0.481989492518 10.9455 0.05
53813.454416 0.482896192194 10.9332 0.05
53813.465865 0.483803050288 10.9294 0.05
55265.54228 0.50059485582 11.1043 0.051
54899.530085 0.509318642164 11.1585 0.052
54899.535409 0.509740348207 11.168 0.052
54899.540747 0.510163163169 11.1689 0.052
54899.54608 0.510585582089 11.152 0.052
54836.654773 0.529059617702 10.9055 0.05
54836.658679 0.529369006095 10.9012 0.05
54836.662579 0.529677919238 10.902 0.05
54836.666499 0.529988416549 10.9036 0.05
55543.672275 0.530854007015 10.9411 0.051
55543.706834 0.533591373497 10.9388 0.051
54243.350774 0.534341002723 10.9268 0.051
54243.35894 0.534987819317 10.9354 0.051
54912.484064 0.535383861807 10.9358 0.05
54066.616417 0.535478040711 10.8772 0.075
54243.367103 0.535634398286 10.9542 0.052
54066.623232 0.536017846625 11.0261 0.054
54912.492097 0.536020143672 10.946 0.05
54243.375268 0.536281135673 10.9399 0.052
54912.500178 0.536660227544 10.9463 0.05
54912.508231 0.537298093578 10.9331 0.05
54925.466963 0.563739791213 10.92 0.05
54925.478747 0.564673184153 10.9159 0.05
54925.490494 0.565603646379 10.9172 0.05
54925.502239 0.566533950188 10.9194 0.05
54863.599844 0.663338219969 10.923 0.05
54863.611013 0.664222899684 10.9339 0.05
54863.622179 0.665107341772 10.9371 0.05
54863.633379 0.66599447695 10.9801 0.051
55103.721465 0.683011155408 10.9293 0.051
55103.730598 0.683734566621 10.9185 0.051
55103.739762 0.684460433296 10.9208 0.051
55103.749068 0.685197547578 10.9308 0.051
54940.421215 0.748243630766 10.9077 0.05
54940.429737 0.748918645585 10.9081 0.05
54940.438259 0.749593660406 10.9014 0.05
54940.446904 0.75027841787 10.9129 0.05
55647.471539 0.7526378014 10.9866 0.051
55647.498155 0.754746014783 10.9468 0.051
54031.7323 0.772359529274 10.9217 0.051
54031.73773 0.772789631418 10.9211 0.051
54031.743157 0.773219495936 10.9268 0.051
54031.748606 0.773651103042 10.9075 0.051
56367.537428 0.787975326236 10.9262 0.05
56367.550026 0.788973194894 10.9301 0.05
56367.562886 0.789991816178 10.9222 0.05
54006.712429 0.790573127345 10.902 0.051
56367.575627 0.791001011651 10.8577 0.05
54006.723191 0.7914255692 10.8928 0.051
54006.73412 0.792291238875 10.9086 0.051
54006.745104 0.793161265017 10.8946 0.051
54057.723713 0.831100313761 10.9115 0.051
54057.726778 0.831343087807 10.9266 0.051
54057.729895 0.831589980695 10.9209 0.051
54057.733107 0.831844398391 10.929 0.051
55206.623349 0.833714827863 10.9169 0.05
55206.659872 0.836607759835 10.929 0.05
53742.628917 0.872914796686 10.9683 0.05
53742.645315 0.874213657636 10.9583 0.05
53742.661713 0.875512518587 10.9651 0.05
53742.6781 0.876810508243 10.9619 0.05
54424.610919 0.891684834456 10.895 0.052
54424.619914 0.892397314896 10.9021 0.052
54424.644443 0.894340220143 10.8978 0.052
55093.765777 0.894436062425 10.894 0.051
55093.771453 0.89488564986 10.9029 0.051
55093.777106 0.895333415499 10.9028 0.051
55093.782765 0.89578165639 10.8967 0.051
54172.512007 0.923308668863 10.9173 0.051
54172.52068 0.923995644167 10.914 0.051
54172.529324 0.924680322423 10.8949 0.051
54172.537963 0.925364604637 10.8819 0.051
54955.43146 0.937182591747 10.934 0.051
54955.434837 0.937450078844 10.9218 0.051
54955.438219 0.937717961985 10.9299 0.051
54955.441598 0.937985607499 10.9333 0.051
55296.456913 0.949296501805 10.9859 0.051
54109.720822 0.949713217713 11.0213 0.051
54109.727329 0.950228627409 11.03 0.051
54109.733848 0.950744987607 11.0244 0.051
54109.740389 0.951263090392 10.9867 0.051
55119.744423 0.952165592018 10.9844 0.051
55119.750653 0.952659060961 11.0036 0.051
55119.75691 0.953154668533 11.0122 0.051
55119.763272 0.953658592997 11.0111 0.051
56041.41094 0.955986055503 11.0362 0.05
56041.42222 0.95687952736 11.0835 0.05
56041.433522 0.957774741804 11.0787 0.05
56041.444806 0.958668530496 11.1107 0.05
54488.587327 0.959160019226 11.1081 0.051
54488.599677 0.960138244176 11.1304 0.051
54488.612034 0.961117023585 11.1358 0.051
54488.624403 0.962096753497 11.1335 0.051
55978.496058 0.972592750775 11.183 0.051
55574.623528 0.982456268196 11.1779 0.051
55574.650573 0.984598462025 11.1523 0.051
