54801.624886 0.0109487692531 17.0234 0.148
53717.620845 0.0155995533018 16.8181 0.143
54819.682132 0.0221301940447 17.1559 0.098
54801.631877 0.0272137173756 17.1502 0.167
54801.638595 0.0428435158887 17.0716 0.156
55891.664704 0.0488669675798 17.0189 0.123
55614.431623 0.0507724163589 17.1106 0.098
54819.694521 0.0509538876744 16.8728 0.09
53742.568318 0.0572751384308 17.0928 0.121
55511.709217 0.0614140803263 17.0788 0.156
54097.604132 0.067730677965 17.1155 0.171
54882.458419 0.0746335675513 17.1203 0.124
55891.676507 0.0763272997978 16.9895 0.121
53606.756048 0.0825182634718 17.1362 0.151
54097.612702 0.0876692569007 17.0733 0.168
53742.581525 0.0880019543156 17.1782 0.125
54882.466461 0.0933437252948 16.9684 0.117
55891.688309 0.103785305477 17.107 0.126
53606.765916 0.105476711179 17.0357 0.145
54097.621271 0.107605509297 17.0737 0.167
54863.561152 0.109096831242 17.1138 0.148
54882.4745 0.112046903353 17.0676 0.122
53742.594739 0.118745056076 17.0577 0.12
54598.367695 0.121853333962 17.0164 0.158
54097.629802 0.127453352579 17.1348 0.178
53606.775771 0.128404913692 16.7784 0.13
54863.569619 0.128795774985 17.0298 0.162
55206.566194 0.129295984369 17.1 0.116
54882.482535 0.130740775221 17.0225 0.12
55891.700335 0.13176445955 17.3037 0.137
54598.372212 0.132362384265 17.1348 0.168
54598.37668 0.142757433353 17.0359 0.161
54863.578029 0.148362105065 17.0203 0.144
53742.607958 0.149499790617 17.0897 0.122
54536.486127 0.150963193893 17.0093 0.154
54005.658445 0.151005071899 17.0737 0.16
53606.785614 0.151305197531 17.7113 0.196
54598.381198 0.153268810212 17.1767 0.171
55614.476743 0.155746591601 17.1147 0.098
55265.46446 0.159369038215 17.0544 0.129
54863.586472 0.168005211496 17.0559 0.147
54005.668562 0.174542831887 17.0216 0.156
54536.496773 0.175731701646 16.9908 0.153
56411.378781 0.192408450054 16.9286 0.13
54005.678172 0.196901028343 17.0861 0.16
54536.507425 0.200514168736 17.0855 0.16
54487.508946 0.202843050589 16.8625 0.127
55651.462708 0.205639570057 16.9319 0.125
56411.386317 0.209941370805 17.0628 0.138
55206.60212 0.212879810167 17.0325 0.11
54005.688064 0.219915313397 17.1575 0.165
54536.518077 0.225296635808 17.0389 0.157
56411.393613 0.226915918298 17.0433 0.138
54487.520199 0.229023777398 17.0791 0.138
56411.40101 0.244125447871 16.9123 0.134
55651.480442 0.246898701788 17.0741 0.136
54487.53142 0.255130054446 17.077 0.138
54762.622625 0.270031641166 17.0798 0.153
54076.633279 0.277881438751 17.3341 0.199
54487.542599 0.281138616172 17.0836 0.138
54762.633341 0.294963007778 17.2054 0.161
54076.640677 0.295093294881 17.3056 0.194
54521.509861 0.307852124148 17.0798 0.166
54076.648052 0.31225164022 17.2896 0.193
54762.644373 0.320629565877 17.3111 0.169
54833.566246 0.324289237366 17.3283 0.098
54076.655473 0.329517007123 17.1075 0.178
54521.519628 0.330575589792 17.1919 0.175
54376.674916 0.341342887735 17.4982 0.118
56374.478465 0.341782606679 17.3394 0.137
54762.65529 0.346028570111 17.4769 0.182
54521.529394 0.353296728863 17.4348 0.196
54833.580308 0.357005258014 17.5267 0.105
56374.485629 0.35845004887 17.4453 0.144
56374.492851 0.375252431263 17.7092 0.163
54521.539159 0.376015541395 17.6042 0.215
54376.69273 0.382788143886 17.7201 0.128
56374.499949 0.391766320785 17.5259 0.15
55587.499979 0.392813270678 17.635 0.146
54376.710557 0.424263645249 17.7236 0.127
55809.730815 0.425143083163 17.4286 0.181
55852.712844 0.425210553264 17.4517 0.147
55852.723805 0.450711925932 17.1926 0.132
55809.742449 0.452210227538 17.25 0.166
54126.568477 0.454881113032 17.3486 0.154
54472.57589 0.460262435444 17.188 0.143
54376.728632 0.466316132337 17.2948 0.108
55852.734623 0.47588060118 17.0811 0.126
55809.754163 0.479463496348 17.1055 0.154
55562.607778 0.479731050208 17.116 0.116
54417.569477 0.48480061421 17.1547 0.136
54126.581626 0.485472988697 17.1457 0.142
54472.588957 0.490663533578 17.0303 0.134
55587.544476 0.496338001967 16.9446 0.11
55852.745433 0.501030663997 17.2875 0.136
53858.381556 0.503178074549 17.1072 0.151
55809.765909 0.506791214937 17.0023 0.149
54126.594749 0.516004373938 17.1534 0.143
54417.58316 0.516634870421 17.0081 0.128
53858.387988 0.518142478258 17.0975 0.15
54472.602004 0.521018100607 17.1073 0.139
53858.394427 0.533123167842 17.098 0.152
53704.524538 0.546317062957 17.0751 0.17
54126.607857 0.546500860838 17.1298 0.142
56235.734858 0.547108091773 17.0086 0.104
53858.400884 0.548145735436 17.0566 0.149
54417.596975 0.548776231918 17.1757 0.137
54472.615059 0.551391280085 17.0366 0.136
53704.529434 0.557707877714 17.2829 0.187
55562.641827 0.558947931697 16.9866 0.111
56235.740598 0.560462519192 17.1158 0.108
54939.406863 0.56833790889 17.0719 0.146
53704.534321 0.569077753482 17.1543 0.175
54361.730319 0.571911497847 17.0927 0.133
54173.471907 0.578304871811 17.0903 0.14
56235.748899 0.57977525476 16.9101 0.101
54939.411934 0.580135870844 17.0965 0.148
53704.539241 0.580524405568 17.1672 0.19
54417.610854 0.581066492953 17.0743 0.131
53806.409803 0.58802056676 17.0239 0.141
54939.417032 0.591996649761 17.1545 0.152
56235.754517 0.592845842455 16.8762 0.099
54769.640184 0.596770741255 17.044 0.153
54173.481748 0.601200502538 17.0513 0.138
54939.422079 0.603738774385 17.1049 0.149
54361.745448 0.607109953013 17.1206 0.135
53806.41844 0.608115024903 17.1065 0.146
54769.650631 0.621076264481 17.0942 0.154
54173.491555 0.624017030392 16.9992 0.135
56273.593072 0.626336606035 17.0124 0.102
53806.426944 0.627900051188 17.1441 0.148
54377.662954 0.640067935419 17.0161 0.16
55149.620938 0.643008701323 17.0139 0.116
54769.661079 0.645384114281 17.1315 0.156
54173.501371 0.646854497234 17.1047 0.142
53806.435435 0.64765483226 17.0674 0.144
56273.607512 0.659932064597 17.0908 0.105
54377.671799 0.660646317077 17.0843 0.166
55149.631854 0.668405379 17.0518 0.118
54769.67169 0.670071192605 17.0465 0.165
55118.686211 0.671655576759 17.1376 0.12
54111.620668 0.677976827523 16.9452 0.132
54747.755167 0.680068400739 17.1858 0.147
54377.680637 0.681208412824 17.1187 0.167
55118.691164 0.683179005179 17.027 0.115
54361.778937 0.685023963532 17.123 0.136
54441.72649 0.687427295155 17.0854 0.137
56273.621988 0.693611279144 17.2137 0.11
55149.642778 0.693820669126 17.0668 0.118
55118.696062 0.694574473048 17.0566 0.116
54747.762298 0.696659066595 17.0124 0.137
54441.730809 0.697475687504 17.0096 0.134
54377.689535 0.701910101904 17.03 0.161
54927.430264 0.704118002896 17.1093 0.125
55118.701044 0.70616537156 17.0532 0.116
54441.735131 0.707531059522 17.0107 0.138
54111.633746 0.708403517756 17.1061 0.142
54955.370523 0.708675724723 17.1205 0.128
54747.769436 0.713266018345 17.3363 0.157
54441.739447 0.717572472203 17.446 0.164
55149.653602 0.719003303711 17.0283 0.117
53957.762903 0.719377879124 17.0758 0.161
54361.793915 0.719871108847 17.0714 0.133
54927.438325 0.722872365189 17.0575 0.123
54955.37698 0.723698292317 17.0145 0.123
56273.636215 0.726711181428 16.9824 0.102
54441.743765 0.727618537997 17.0639 0.137
54747.776438 0.729556558567 17.4942 0.168
54955.383412 0.738662696025 17.0668 0.127
54111.64684 0.738867432888 17.0246 0.138
53957.771571 0.739544460472 17.1061 0.162
54927.446359 0.741563910483 17.1023 0.126
55962.455742 0.748131776094 16.9338 0.104
54424.560943 0.750832906797 17.0426 0.213
55301.393985 0.751395933193 17.2717 0.16
54955.389926 0.753817877265 17.2011 0.134
54896.506651 0.758622213964 17.1462 0.125
53957.780284 0.759815736827 17.1977 0.168
54927.454402 0.760276394783 17.0292 0.123
54504.511988 0.761360569543 17.1764 0.138
53825.396707 0.762102740688 17.1474 0.125
54111.659917 0.769291796565 17.1262 0.145
54424.569912 0.771699781307 17.0734 0.217
55962.466301 0.772697873535 16.9758 0.105
54896.514684 0.777311432702 17.3558 0.136
54408.670098 0.779903215311 17.1915 0.171
53957.789061 0.780235912721 17.1518 0.164
54504.523137 0.787299334603 17.1931 0.138
53825.407608 0.787464520041 17.123 0.128
54424.579191 0.793287887952 17.0957 0.218
54896.522733 0.796037876322 17.5511 0.149
55962.47685 0.797240705416 17.5367 0.13
54084.59426 0.799543995162 17.2594 0.148
54408.680095 0.803161788669 17.1668 0.17
55541.687692 0.807994044023 17.2302 0.164
54137.466028 0.808636173294 17.116 0.175
55678.371003 0.809275975996 17.2323 0.142
54504.534242 0.813135731246 17.3148 0.146
54424.588404 0.814722441963 17.24 0.235
54896.530767 0.814729421616 17.3211 0.136
55180.643067 0.817707412405 17.1781 0.116
55962.487459 0.821923130627 17.2269 0.116
54084.604614 0.823633148774 17.2286 0.159
55100.699279 0.824063561498 17.1779 0.129
54137.473127 0.825152389372 17.195 0.182
55242.540454 0.8254013308 17.1056 0.155
54408.690048 0.826317993577 17.385 0.187
54726.757299 0.827367270019 17.166 0.152
53676.707631 0.828744590759 17.2648 0.204
53825.426324 0.831008329074 17.217 0.139
54504.545384 0.839058210413 17.4451 0.155
54137.48022 0.841654646131 17.3001 0.19
54408.699013 0.847175561864 17.5515 0.203
54084.614943 0.847664138484 17.5084 0.308
55180.656171 0.848194593097 17.2863 0.121
55100.709842 0.848638965146 17.37 0.149
53676.716186 0.84864827137 17.4738 0.226
54726.766881 0.849660322939 17.4492 0.173
54912.451212 0.854525150069 17.5083 0.146
54137.487292 0.858108045229 17.4293 0.202
55678.392143 0.858459355079 17.4852 0.17
53825.439725 0.862186496671 17.4719 0.28
53676.723649 0.866011353595 17.6818 0.252
54084.625283 0.87172072031 17.7171 0.196
54726.776537 0.872125540925 17.2993 0.161
54912.459255 0.873237634368 17.5763 0.151
55100.720462 0.873346982458 17.6645 0.158
53726.586278 0.874175236157 17.5762 0.211
55180.669171 0.878439812024 17.6105 0.138
53599.791549 0.879226187716 17.7599 0.252
55541.719263 0.881445721469 17.7584 0.212
53676.731019 0.883158066171 17.5568 0.237
53599.79639 0.890489041938 17.5894 0.229
53757.540362 0.890563491699 17.8081 0.165
54912.467297 0.891947792112 17.695 0.16
53726.594924 0.894290633288 17.6789 0.221
54726.786235 0.89468847425 17.6442 0.189
55100.731098 0.89809222465 17.7659 0.166
54022.746814 0.908040575126 17.5504 0.203
55180.682245 0.90885719605 17.6267 0.138
54912.475334 0.910646317075 17.7053 0.161
54004.695508 0.910678888836 17.5147 0.203
53726.60349 0.914219906016 17.5707 0.21
54022.752374 0.920976222618 17.4793 0.197
53757.553579 0.921313573128 17.5332 0.146
54856.603767 0.922355869906 17.5426 0.152
54199.409059 0.922523381882 17.594 0.176
54053.704063 0.931792378205 17.398 0.185
54022.757705 0.933379088935 17.3555 0.186
53726.61203 0.934088688286 17.4454 0.197
54004.707586 0.938779023776 17.4179 0.201
54233.371892 0.93893257644 17.5416 0.223
54022.763037 0.945784281791 17.3048 0.181
54233.375422 0.947145316644 17.2967 0.199
54199.419914 0.947778139688 17.5494 0.173
54053.711005 0.947943325113 17.2032 0.169
53757.566788 0.952045042108 17.5117 0.146
54856.616615 0.952247452426 17.2902 0.138
54233.378948 0.955348750641 17.5501 0.226
54233.38247 0.963542878413 17.314 0.201
54053.717799 0.963749941838 17.2813 0.176
53717.598734 0.964157089018 17.1918 0.169
54819.657383 0.964550276861 17.2969 0.102
54199.430749 0.97298636639 17.4969 0.169
54053.724523 0.979393699687 17.0937 0.161
53717.606149 0.981408496584 17.0755 0.16
54856.629486 0.982192545718 17.3722 0.145
53757.58002 0.982830021878 17.183 0.128
54819.66973 0.993276255186 17.1369 0.097
55511.680414 0.994402307954 17.1463 0.169
54801.618122 0.995211949194 17.1792 0.159
54199.441608 0.998250430421 17.0777 0.142
53717.61353 0.998580801277 16.9729 0.153
