54363.3876676 0.0163243569608 14.448722 0.0710150982001
54363.3969618 0.0168340057492 14.425691 0.0706200824801
54363.4062015 0.0173406646266 14.311822 0.0690351763076
54363.4153058 0.0178398973147 14.327431 0.0691253950575
56059.7691257 0.0374004151284 14.265344 0.057001368802
56059.7841538 0.0382244823359 14.242622 0.0570478044168
56059.7992633 0.0390530112696 14.267243 0.0570608184575
56059.8143438 0.039879946539 14.243534 0.0570423059497
54199.7103289 0.0410776060116 14.178354 0.0611911645294
54199.7236793 0.0418096748133 14.307964 0.0621428436339
54199.7369562 0.0425377135219 14.431986 0.0631473655276
54199.7502392 0.0432660885942 14.458656 0.0633428401102
55330.6160402 0.0542914836532 14.35551 0.0646987593669
55330.6554275 0.0564512908486 14.350029 0.0643899918496
54236.6725476 0.0679008405985 14.380634 0.0781419528256
54236.6786129 0.0682334301078 14.346672 0.0721209147935
54236.6846552 0.06856476298 14.281903 0.0734626721004
54236.6907391 0.0688983743069 14.333268 0.0734834410647
56388.7402856 0.0765337350346 14.409021 0.0615598327306
56388.7492089 0.0770230421987 14.349868 0.0610555996629
56388.7581518 0.0775134276603 14.296623 0.0606031491726
56388.7671297 0.0780057304548 14.325011 0.0608112668914
55057.5061195 0.0783091797299 14.299637 0.0617652732773
54291.5725435 0.0783420790568 14.349016 0.0694765115773
55057.5146405 0.0787764246955 14.360349 0.0622937765857
54291.5816784 0.0788429879141 14.273151 0.0690603160816
55057.5230124 0.0792355008804 14.341686 0.0621140271347
54291.5910932 0.079359249255 14.312317 0.0703358996323
55057.5312152 0.0796852983036 14.354749 0.0622397927068
54291.600716 0.0798869168242 14.280948 0.070282824034
54729.4586267 0.0898251430372 14.248725 0.0662487299621
54729.4665566 0.0902599744372 14.275908 0.0665672826425
54729.4745029 0.0906957140196 14.29685 0.066862854036
54729.4824875 0.0911335473619 14.274421 0.066560646678
54018.4687305 0.102694684328 14.303119 0.0692755586697
54018.478439 0.103227048383 14.296319 0.0692339562819
53945.5418163 0.10374739622 14.230599 0.0629538935956
54018.48817 0.103760650053 14.249397 0.068676312778
54018.4978687 0.104292480998 14.250427 0.0687329861781
53945.5568293 0.104570632047 14.225238 0.0628705702824
53945.5705687 0.105324032574 14.237277 0.0629624491243
53945.5843485 0.106079648072 14.213768 0.0627496760612
56097.6936837 0.116993527397 14.28233 0.108421671505
56097.7043759 0.117579833497 14.261062 0.0825290069273
56097.7150967 0.11816770785 14.301906 0.0747168069755
55861.3946243 0.159534771564 14.188692 0.059301892653
55861.4016267 0.15991874603 14.217108 0.059499129725
55861.4086898 0.160306051859 14.188227 0.0595744661918
55861.4157839 0.160695058572 14.217783 0.0596876720544
55715.6047397 0.165146553417 14.271075 0.0607747816305
55715.6195961 0.165961201568 14.30689 0.0610079177031
55715.6347093 0.166789934219 14.233098 0.0602250062196
55715.6499818 0.167627399218 14.291987 0.0606933607994
55004.6672976 0.180892416978 14.240586 0.0718063523647
55004.6835523 0.181783742125 14.162829 0.07199850997
55004.699914 0.182680937917 14.187265 0.0752245801758
55004.7160223 0.183564234552 14.088808 0.0776933782643
54986.5623214 0.188106057113 14.195604 0.0628669222263
54986.5699118 0.188522279499 14.262697 0.0633932955349
54986.5774764 0.188937080896 14.303774 0.0637770563322
54986.5850004 0.189349660297 14.249646 0.0801395231544
53637.4294427 0.208405606868 14.254483 0.0643116605474
53637.4354536 0.208735212816 14.192086 0.0633840847793
53637.441415 0.209062108758 14.206873 0.0636191851892
53637.4473567 0.209387920047 14.199678 0.0637933144407
56154.5258345 0.233384476316 14.251637 0.0600918367425
56154.5346951 0.233870342957 14.235743 0.0599677349671
54622.6673259 0.233924237262 14.237102 0.0605060454794
56154.5436556 0.23436169375 14.23818 0.0600054632211
54622.683377 0.234804398661 14.215179 0.0604673169239
56154.5527389 0.234859778331 14.247024 0.0613985475014
54622.6992042 0.23567228502 14.208991 0.0618687281234
54622.7146493 0.236519214118 14.187434 0.0632105277732
54677.575869 0.244834161371 14.194417 0.0604325359083
54677.5842224 0.245292216402 14.216759 0.060620557847
54677.5924344 0.245742521554 14.206453 0.0605318692442
54677.6006686 0.246194045237 14.215638 0.0606124165001
55115.4193602 0.253981692299 14.142172 0.0636120736468
55115.4251666 0.254300083739 14.192514 0.0655467950851
55115.4309841 0.254619085064 14.181188 0.0703041437953
55115.4368121 0.254938663319 14.243474 0.0710016798689
53912.6356101 0.29933560357 14.131602 0.0658611220635
53912.6453875 0.299871745795 14.124919 0.0657841551009
53912.6548317 0.300389621095 14.133586 0.0658862906221
53912.6641655 0.300901436644 14.122016 0.0656788532724
53821.7511367 0.315685567428 14.179527 0.065110917523
53821.7564006 0.315974214681 14.196096 0.0652423672206
53821.7615173 0.316254789645 14.1939 0.0651505100694
53821.7666737 0.316537537041 14.168224 0.0648605934055
53694.4295839 0.334008307623 14.212145 0.0696923706545
53694.4359988 0.334360070963 14.216432 0.0699051735232
53694.4424299 0.33471272285 14.17645 0.0695490258488
53694.4488817 0.335066504413 14.273851 0.0709436728082
55445.4823446 0.352985204218 14.257641 0.062735799596
55445.5040975 0.354178024753 14.211452 0.0623313322116
54333.5455221 0.379930331563 14.348733 0.0642540693424
54333.5564076 0.380527237175 14.324769 0.064094080883
54333.5672748 0.381123140046 14.30282 0.064100668278
54333.5781612 0.381720096452 14.281048 0.0640587734057
53622.4583274 0.387464511819 14.213232 0.0715431095823
53622.4664637 0.387910666252 14.273596 0.0723668625806
53622.4744877 0.388350660021 14.255035 0.0721262175145
53622.4823112 0.388779660734 14.233251 0.0718261339761
54005.4855999 0.390764726954 14.238219 0.067896829531
54005.4957034 0.391318752747 14.247931 0.0680131606469
54005.5055284 0.391857507871 14.259191 0.0681379412063
54005.5155756 0.392408442868 14.244541 0.068023539457
54388.4933921 0.392996741677 14.333197 0.0698003420461
54388.5002195 0.393371125727 14.302152 0.0694877793264
54388.5070573 0.393746073995 14.332086 0.0699516883097
54388.513901 0.394121345933 14.297444 0.0695895165698
54169.7606392 0.398786391878 14.316364 0.0712839946683
54169.7678251 0.399180432114 14.310621 0.070992009072
54169.7750479 0.399576490596 14.313 0.0708424703393
54169.782237 0.399970707911 14.331714 0.0711262455503
55738.530577 0.422284823202 14.332415 0.0592161916492
55738.5355222 0.422555993696 14.328452 0.0591850060177
55738.5404776 0.422827723347 14.36498 0.0594231023105
55738.5455552 0.423106154379 14.337377 0.0592168784374
54206.6914213 0.423885804507 14.30889 0.0712063354363
54206.7004204 0.424379268718 14.330938 0.0712871322167
54206.7094464 0.424874211072 14.354444 0.0715558764981
54206.7183903 0.425364647317 14.315842 0.0708696733526
54589.7209058 0.427307311589 14.268394 0.0610557279825
54589.7353012 0.428096686782 14.274495 0.0610514670457
54589.7498109 0.428892326747 14.275687 0.0610340459643
54589.7650418 0.429727513938 14.273485 0.0610140794559
54954.6477929 0.438072908955 14.376631 0.0630183456555
54954.6586813 0.438669973265 14.383596 0.0630110456998
54954.6694643 0.439261262095 14.412618 0.0631820696098
54954.6802997 0.439855419628 14.354111 0.0625709972301
56486.5817585 0.441670834586 14.399026 0.0662079907645
56486.5906089 0.442156142732 14.394786 0.0660716242457
56486.599812 0.44266079671 14.4135 0.0728703160398
54644.7184954 0.443100100085 14.336185 0.061323691957
56486.6087511 0.443150973376 14.411509 0.0697055993846
54644.7296014 0.443709096682 14.33473 0.0613411322879
54644.7406072 0.444312602821 14.341969 0.0613811146594
54644.751763 0.444924328496 14.337828 0.0613572373733
55830.4238199 0.461250730452 14.403415 0.0634248260504
55830.4369241 0.461969299348 14.390957 0.0632764564628
55830.4499559 0.462683901552 14.380843 0.0632031734928
55830.4631348 0.463406564654 14.404216 0.063634562108
55684.6516885 0.467836008707 14.321699 0.0612972229692
55684.6968753 0.47031382716 14.411679 0.0618482636577
55083.4942222 0.503366771482 14.370758 0.0571936748117
55083.5109719 0.504285241834 14.374841 0.0572332769024
55083.5277278 0.505204049219 14.321817 0.0569815716121
55083.5444748 0.506122373617 14.310123 0.0575439889102
55393.5731358 0.50654377971 14.343758 0.0605233892917
55393.6058678 0.508338640294 14.319998 0.0603307037192
53606.5059572 0.512716300175 14.351285 0.0633378090215
53606.5202964 0.513502590926 14.329172 0.0631766992887
53606.5343005 0.514270506842 14.368215 0.0635412181816
53606.548209 0.515033181722 14.376048 0.0636405703658
53588.5042035 0.525590152352 14.305245 0.0627385716513
53588.521285 0.526526816651 14.373992 0.0637936303523
53588.5384407 0.527467549772 14.280636 0.0624643523837
53588.5666151 0.529012492894 14.320079 0.0627787279511
53588.5837585 0.529952548813 14.310874 0.062732984235
53588.6006277 0.53087757401 14.304315 0.0626686630256
53588.6175767 0.531806970132 14.284594 0.0625489928711
56451.7570825 0.532059749707 14.417657 0.059936917246
56451.7699794 0.532766951746 14.388854 0.0600567371449
56451.7829294 0.53347706054 14.362026 0.0605023844994
56451.7959751 0.534192425 14.347844 0.0611450113125
55795.4825358 0.545245446101 14.363938 0.0620715760251
55795.4945103 0.545902063485 14.35907 0.0620904102451
55795.5063651 0.546552124165 14.307674 0.0716306265484
55795.5182612 0.54720444424 14.34976 0.0636255874667
53990.5440263 0.571443549798 14.282894 0.0682797591136
53990.5525479 0.571910832835 14.316946 0.0688122051904
53990.5611026 0.572379931043 14.26274 0.0681470080991
53990.5696537 0.572848826125 14.255123 0.0681574680449
53881.6672352 0.60118478547 14.295061 0.0666261539189
53881.6791476 0.601838001707 14.220005 0.0663240319352
55413.5503705 0.601995427156 14.31396 0.0633182597486
53881.6916954 0.602526062247 14.347764 0.115387488212
53881.7041317 0.603208004654 14.264755 0.067922946248
55413.586836 0.603995017138 14.290864 0.0646471101541
53936.4834512 0.607031952151 14.214338 0.062795555276
53936.4943737 0.607630888703 14.239562 0.0629534828931
53936.5053478 0.60823265014 14.225115 0.0628466519436
53936.5165992 0.60884962511 14.208996 0.0626717939522
54319.5652681 0.613323111822 14.304351 0.0681217063841
54319.5743925 0.613823449469 14.315413 0.0682324693781
54319.5834021 0.614317490583 14.281401 0.067836134693
54319.5923506 0.614808180691 14.315463 0.0682551295205
54757.3979833 0.62187974042 14.295795 0.0672371814371
54757.4069037 0.622368888908 14.322634 0.0675576022501
54757.4158466 0.622859274369 14.314981 0.0674838399815
54757.42478 0.62334914005 14.271993 0.0670139998869
53973.4880803 0.636180760642 14.184779 0.0668691041741
53973.4979813 0.636723685528 14.214691 0.0671454964425
53973.5079131 0.637268292912 14.179895 0.0667731905488
53973.5177983 0.637810348297 14.201649 0.067039977312
55487.4368651 0.653561307344 14.28267 0.0629742726723
55487.4668975 0.655208134388 14.233322 0.0626474423359
54357.415546 0.688843074658 14.189216 0.0625564031979
54357.4265911 0.689448732922 14.207902 0.0627159912949
54357.437735 0.690059804893 14.184556 0.0625418057219
54740.4122941 0.690469486938 14.155783 0.0629581469826
54357.4487303 0.690662733487 14.19843 0.0627336439192
54740.4240251 0.691112756704 14.214382 0.0635179180362
54740.4357991 0.691758380428 14.163708 0.0620144226641
54740.4476583 0.692408682278 14.1616 0.0607587975726
54704.4702313 0.719586498647 14.1951 0.0605420078874
54704.4820144 0.720232624401 14.158085 0.0602756468456
54704.4941481 0.720897974752 14.200101 0.0605963495759
55397.4923247 0.721452499028 14.155597 0.061478906107
54704.506041 0.721550123461 14.196403 0.0605776339474
55397.5309176 0.723568740936 14.178402 0.0616137100601
54431.4314862 0.747507101807 14.165032 0.0685381056321
54431.4354999 0.747727192605 14.146932 0.0686074881369
54431.439492 0.74794610292 14.153165 0.0689690552685
54431.4435222 0.748167095601 14.244964 0.0730972057889
53556.5738389 0.774688632979 14.149557 0.0672681698128
53556.5815766 0.775112928316 14.225309 0.0681872441683
53556.5894033 0.775542105476 14.169337 0.0674883669573
53556.5972054 0.775969933975 14.127507 0.0669166959117
55398.588181 0.781543778876 14.219989 0.0623946673291
55398.5899937 0.781643177473 14.216131 0.0624796728448
56219.4051983 0.791044343002 14.23253 0.0590571685945
56219.4150028 0.791581974782 14.201217 0.0588601795652
56219.4248501 0.792121949101 14.216928 0.0590261216314
56219.4347256 0.79266347138 14.248262 0.0593152374044
54614.759627 0.800305573007 14.254431 0.0604536845642
54614.7727835 0.801027011189 14.16368 0.0598290848424
54614.7859332 0.801748074935 14.258727 0.0605114854659
54614.7990704 0.802468452619 14.201354 0.0601029235086
53903.5910745 0.803378498961 14.117483 0.0618102809696
53903.6047417 0.804127939161 14.159052 0.0621202813737
53903.6185726 0.80488635861 14.13698 0.0618786891541
53903.6326492 0.805658250074 14.1809 0.0622179469125
55362.603512 0.808324481974 14.244074 0.0688574363581
55362.6383275 0.810233587238 14.148559 0.0590811369688
56183.4858077 0.821404584069 14.211169 0.0579380339278
56183.4963229 0.82198118615 14.229774 0.0609507978816
56183.5069223 0.822562402246 14.225145 0.0580388699736
56183.517541 0.823144678203 14.184223 0.0578416364041
55654.7760974 0.829607991867 14.218818 0.0642062329767
55654.8038347 0.831128966232 14.307141 0.0648667120166
54378.4298312 0.841161388577 14.232148 0.0684042711546
54378.4396889 0.841701933471 14.268096 0.0688455939198
54378.4495924 0.842244992259 14.274549 0.0689276583708
54378.4594562 0.842785873517 14.242505 0.0684914256911
53849.734298 0.850142197358 14.227511 0.0612287794186
53849.7459231 0.850779661852 14.231251 0.061212780413
55381.6257834 0.85141072016 14.217085 0.060108726386
53849.7576305 0.851421633087 14.213214 0.061079694128
53849.7693079 0.852061965617 14.20289 0.0609573286142
55381.6563803 0.853088499121 14.268982 0.0602756739827
54925.755023 0.853737892131 14.166182 0.0592701560031
54925.7648105 0.854274590958 14.278631 0.0650996480865
54925.7746735 0.854815427789 14.160796 0.0592537925552
54925.7845059 0.855354589114 14.169789 0.0592621720937
56129.5651855 0.864667306403 14.198167 0.0585557425753
56129.5768637 0.865307675754 14.211895 0.0586271484467
56129.5885573 0.865948895536 14.246931 0.0588525544094
56129.6001402 0.866584047314 14.244321 0.0588036107021
53576.6033386 0.873006231663 14.271662 0.0627292474783
53576.6166293 0.873735026245 14.298626 0.0629969807911
53959.5844065 0.873772819761 14.218858 0.0627949769173
53959.595433 0.874377455599 14.246567 0.063082168919
53576.629845 0.874459709485 14.279895 0.0628369238464
53959.606415 0.874979654318 14.180206 0.0624772352029
53576.6431087 0.875187024038 14.309649 0.0631799775216
53959.6173852 0.875581205682 14.259521 0.0632528251947
55035.6565369 0.880187330521 14.258143 0.0672172341271
55035.6640351 0.880598494648 14.208035 0.0666160003383
56421.6438976 0.880803275305 14.305063 0.0609473789903
55035.6715423 0.881010153786 14.235662 0.0668635211158
56421.6528129 0.88129214391 14.291819 0.0608043500226
55035.6790512 0.881421901812 14.230442 0.0669956571622
56421.6619689 0.881794214814 14.233374 0.0603194420501
56421.6710926 0.882294514389 14.305412 0.0608198430061
54944.7086737 0.893061318377 14.336904 0.0597566718442
54944.7217252 0.893776993187 14.324176 0.0596364213818
54944.734797 0.894493790085 14.252108 0.0593654191662
55400.651778 0.894701117159 14.283703 0.0605695070609
55400.6539565 0.894820578111 14.313852 0.0608080661255
54944.7479105 0.895212865404 14.317678 0.059562524388
53850.6890629 0.902496730375 14.266462 0.0568135360586
53850.7007503 0.903137609368 14.270896 0.056901590996
53850.7124104 0.903776989896 14.261273 0.057067048179
53850.7241101 0.904418544791 14.280084 0.0569482018039
55765.5642625 0.904676949 14.283846 0.0587879864416
55765.57258 0.905133036574 14.254849 0.0585948172003
55765.5808685 0.905587536844 14.33143 0.0591067478595
55765.5890911 0.906038425889 14.305608 0.0589468792107
53668.4338576 0.908532678967 14.308784 0.0672526163517
53668.4453314 0.909161842051 14.307608 0.0673165318038
53668.4568012 0.909790788066 14.339336 0.0677715868293
53668.4682515 0.910418667841 14.355561 0.0695815195311
55127.4289231 0.912526060646 14.338331 0.0693347008193
55127.4359517 0.912911475156 14.323532 0.0664041243578
55127.4430082 0.913298419853 14.305551 0.0661898324183
55127.45015 0.913690041405 14.290138 0.0660983121976
53614.4749221 0.94969448463 14.307419 0.0657325825293
53614.4893215 0.950484075615 14.382266 0.0650454494094
53614.5033556 0.951253635955 14.30116 0.0641249177773
53614.5265474 0.952525358593 14.309356 0.0670755556396
54599.6609052 0.972367171569 14.363842 0.0590373213217
54599.6742079 0.973096625553 14.343886 0.0588718811552
54599.6874423 0.973822334416 14.328985 0.0587405974694
54599.7009304 0.974561956382 14.37536 0.0590353705311
54034.4072403 0.976682856216 14.115613 0.0683991798464
53651.4423783 0.976804919451 14.359864 0.0741960970837
54034.4155788 0.977140098867 14.29683 0.0693038268711
53651.4518076 0.9773219754 14.409344 0.0750668832209
54034.4240448 0.977604335535 14.30841 0.0694733777094
53651.4610588 0.97782926896 14.421978 0.07527681285
54034.4325685 0.978071732838 14.279433 0.0691277334232
53651.4705692 0.978350767564 14.418119 0.0752691521847
54034.4410819 0.978538565263 14.349827 0.0708815326526
54417.4132795 0.978818750411 14.392173 0.0651339688041
54417.4230802 0.979356166398 14.337755 0.0647157024718
54417.4328835 0.979893734701 14.38347 0.0653228456697
54417.4426779 0.980430808633 14.379514 0.0653856336465
54344.5618144 0.984008707793 14.356962 0.0641413414466
54344.5726935 0.984605264352 14.348946 0.0641280319454
54344.5835817 0.9852023223 14.28845 0.0635759824305
54344.5944552 0.985798567874 14.362259 0.0643561540812
