54153.6500484 0.00058618321798 18.564501 0.292458702917
55207.6630888 0.007538102639 18.559147 0.254181874326
56459.4149092 0.0107092735843 18.250016 0.201206487545
54907.5933455 0.0119727488328 18.541053 0.235514631598
54450.717065 0.0194533544531 18.349734 0.297759297554
55160.71521 0.0210448530769 19.166862 0.446278408153
54882.6152653 0.0211489298303 18.786473 0.237695758958
55715.4108936 0.0230440025049 18.903153 0.309143464997
53876.4617878 0.0298025387902 18.689106 0.332112933538
56459.4247819 0.0435118801276 18.916366 0.284868285302
54153.6636454 0.0457626200481 18.974258 0.363466846495
55160.7227056 0.0459494903317 18.727572 0.349074464861
54810.6899838 0.0460831145052 18.984958 0.433137443098
55740.3988002 0.0465163758561 18.648264 0.241355776378
54595.4948128 0.0501996116126 18.848504 0.333641274598
54526.5720692 0.0512044273088 18.497165 0.326193626205
55645.5958989 0.0595033019623 18.356554 0.233175265441
53876.4709063 0.0600991607391 18.917601 0.39588395612
55665.4626929 0.0678426771238 18.864714 0.312220758501
55715.4252003 0.0705786015079 18.825261 0.298822856876
55740.4065523 0.0722728770811 18.747116 0.255870073618
53813.5739414 0.0820317489478 18.647209 0.252434092105
54526.5816869 0.0831597450415 18.731694 0.371743994934
54595.5051333 0.0844900556353 18.837174 0.351240120436
53876.4800758 0.0905651402026 19.435694 0.509269517208
54153.6772466 0.0909533232418 18.563827 0.291507017958
55680.5188404 0.0925875321725 19.382158 0.375791670411
54949.4530462 0.0927595971888 19.205047 0.457174045457
55740.4143401 0.0981482045228 19.298201 0.34477741748
54195.5191083 0.11246906346 18.868923 0.434009818525
54526.5912303 0.114868219215 19.343166 0.526943508603
55715.4395414 0.118227450891 18.839334 0.303084123825
54595.5154992 0.118931285125 18.846515 0.355185779795
53876.4892402 0.121014583684 18.841416 0.364002620058
55740.4221029 0.123940468646 18.9504 0.288017263444
56384.5075462 0.12753989383 18.617927 0.22614461043
54100.71824 0.132210794309 18.73822 0.413038300661
53813.589145 0.132546294725 18.7831 0.270402733814
56362.5383796 0.133970321381 19.004378 0.294829229709
55942.682686 0.14405890113 18.992938 0.278821065805
54526.6006131 0.146042893084 19.330307 0.523519479001
54195.5310135 0.152024628403 18.875584 0.435327494497
55207.7066372 0.152229834818 18.591837 0.25606331637
55368.4269819 0.152989620397 18.519119 0.257494034492
54595.525846 0.153309024393 19.01449 0.39099148493
55680.5406159 0.164937627518 18.848339 0.279029072474
54100.7289233 0.167706469353 19.115939 0.511762025443
54999.438421 0.171473267155 19.289908 0.39577086265
56384.521987 0.175520229667 18.777405 0.244995709415
54589.5145482 0.180494718494 18.91579 0.283943132639
54476.6500974 0.183149948521 18.69361 0.385946952204
56362.5545197 0.187596523647 18.760838 0.258450239725
55942.6968311 0.191056662398 19.228984 0.3167053094
54195.5428801 0.191452137758 18.595252 0.371838958536
53826.5513159 0.199957071065 19.007725 0.301295931019
55270.6261361 0.205167592913 18.933601 0.32804421093
54589.5227266 0.207667608182 18.856254 0.275233534324
54120.6068385 0.212996672814 18.75691 0.315150319129
54999.451497 0.214918750154 18.710296 0.290236488215
54476.6616122 0.221408375484 18.689297 0.384479055632
56384.5364468 0.223563630104 19.076901 0.285534555478
53813.619548 0.23356158042 19.19744 0.341072942461
54589.5309374 0.234948520483 19.507949 0.395206771677
56362.5694399 0.23716975687 18.806082 0.264633191416
55942.7110772 0.238390177584 18.550004 0.22238376834
53826.5636777 0.241029702591 18.999008 0.300361576205
54120.6200456 0.256877892804 18.726928 0.309989464081
54999.4644563 0.257976602663 19.226953 0.399318810158
54476.6731806 0.25984488894 18.736414 0.395432153562
54589.539119 0.262132138348 18.74293 0.261178527028
56384.5506284 0.270682526419 19.06336 0.283462039351
55942.7253016 0.285651358935 18.345703 0.201008531413
56362.5842249 0.286293410086 18.745663 0.257068819894
54839.6558928 0.286651929747 18.903838 0.36689800536
53826.5790761 0.292191836517 18.754902 0.2649897905
54999.4773423 0.300791032141 19.109079 0.386792799514
54120.633274 0.300829872034 18.67908 0.302133604639
54975.4038379 0.315462034275 18.970447 0.312452234419
56028.5127388 0.318368863113 18.771998 0.231188893297
54151.6388896 0.318418108554 19.010762 0.494347962176
55328.4518336 0.333715126247 19.032566 0.342797633407
55685.4077121 0.336089147265 18.692513 0.274397408429
53826.5945291 0.343534826608 18.802679 0.271817782415
54975.4124693 0.344140453675 18.967843 0.308694992648
54120.6466601 0.345305997207 18.819699 0.325474744948
53852.4813193 0.353589774551 19.174996 0.401772962278
54839.6767318 0.355890482925 19.404868 0.486619315143
56028.5268253 0.365172040127 18.944159 0.2533971183
54975.4210948 0.372798912553 18.695681 0.279195805402
54064.6795756 0.392085585811 18.616349 0.310500299389
53826.609839 0.394402777996 18.729061 0.261590096066
56302.7241564 0.398454315008 18.879325 0.263431390159
54975.4296836 0.401335815407 19.198825 0.430977351523
54615.4650758 0.402319834969 18.611727 0.236953344092
54839.6915026 0.404967220775 19.212245 0.421543497854
53723.6811599 0.409118203248 18.883416 0.427581903459
56028.5409668 0.41215787877 18.739478 0.228795021791
54167.6199413 0.416199841526 18.776781 0.444556543115
56302.732181 0.425116478519 18.580923 0.226122559794
55685.4348737 0.426334691062 18.245572 0.218374918057
55328.4801724 0.42787219961 18.760241 0.297457440033
54615.4749049 0.434977387094 18.842501 0.267196529826
54208.5594645 0.439654224982 18.531644 0.368277659828
54064.6944589 0.441536109127 18.775628 0.453188300481
55299.5919816 0.44552544109 18.887073 0.237747225844
56302.7399227 0.450838715992 18.555073 0.223438381245
56028.555036 0.458903488366 18.564601 0.210657337431
55615.6190708 0.46010884199 18.801425 0.299128769394
54615.4847443 0.467669203334 18.54803 0.230507079202
56302.7477505 0.476846752893 18.535126 0.221056248501
55562.6551169 0.484928554319 18.722591 0.245363293934
54064.7092596 0.490712022663 18.6904 0.31449901732
53723.7062368 0.492437085607 18.463327 0.336329059333
54297.3636697 0.49572292261 18.677262 0.371838958536
54208.5765324 0.496363126744 18.45149 0.354519463556
54615.4945805 0.500350636297 18.300538 0.204493439591
54297.3688206 0.512836995237 18.391913 0.318588529241
54505.6464109 0.52473950975 18.313468 0.299897546289
54208.5851025 0.52483773252 18.163402 0.303669267384
55385.3948445 0.529496064467 18.693369 0.382408806977
54297.3739766 0.529967989286 18.299192 0.304043356692
54064.7241751 0.540269451214 18.291398 0.252218165004
54297.3791292 0.547087831519 18.336677 0.309650275815
54966.4473003 0.556952878355 18.51111 0.299794704453
54915.5827059 0.556991196268 18.424185 0.19785200877
54505.6564241 0.558008501758 18.281661 0.294292186281
55590.6719862 0.572269301356 18.398246 0.205155494097
55385.4080522 0.573379168996 18.21007 0.334131799136
54915.5885729 0.576484581081 18.421293 0.197924282443
54505.6660493 0.589988740251 18.219432 0.284603050556
54966.4574822 0.590782588886 18.456689 0.291886598666
54915.5944476 0.596003770119 18.44831 0.200947755453
55615.6619532 0.602587695301 18.678366 0.282248188732
54915.6003053 0.615466007396 18.305986 0.187663036141
54505.6755179 0.621448752416 18.396861 0.314027764142
54858.7184108 0.622747359916 18.433348 0.222572458453
54966.4675627 0.62427547033 18.565858 0.31455806959
55562.6978053 0.626762933689 18.495879 0.218078861896
54512.6068427 0.651095100273 18.182592 0.221385813495
55360.4507343 0.651538983449 18.360641 0.244377431065
54858.7276148 0.653328282535 18.409285 0.219813740425
54130.6776099 0.67359944316 18.004476 0.268079887231
54512.614694 0.677181548265 19.129213 0.364630494786
55653.6080748 0.680327138908 18.26143 0.170633336495
54858.7368604 0.684047220042 18.396434 0.218851245817
53758.6770408 0.684546717689 18.758622 0.421140284561
54512.6218102 0.70082523277 18.450668 0.253553485138
53859.5084162 0.701443325685 18.293266 0.266758084602
53881.4802041 0.703722316242 18.332692 0.275996557942
54534.5939745 0.704354792122 18.89132 0.417558580265
54130.6880335 0.708232180866 18.236623 0.303243381017
54922.5521437 0.71326996786 18.220035 0.202329804304
55590.7146452 0.714005965651 18.535304 0.219491441099
54858.7461216 0.714817728141 18.449708 0.224638248719
53847.4754604 0.721392677784 18.465711 0.194357445431
55360.4719795 0.722127130598 18.329898 0.233686226701
53758.6889445 0.724097552971 18.372977 0.339519557283
54512.6289256 0.724466610429 18.443992 0.252898690225
54966.4995154 0.730439816749 18.508731 0.302713444464
53881.4896736 0.735185020986 18.592691 0.319079780782
54534.6032578 0.735199133179 18.376423 0.314204252104
53859.5186812 0.735549185006 18.370664 0.278737986198
54130.698317 0.742399529878 18.482137 0.347415936651
54922.5622962 0.747002040724 18.387886 0.220279656732
54938.5179779 0.760490623801 18.628457 0.243708335734
54966.5096735 0.764190732779 18.361419 0.280794595995
54534.6124214 0.765645423216 18.501424 0.336543878957
53881.4991531 0.766681065838 18.589442 0.319635033126
53859.5289801 0.769767719169 18.555505 0.307526626473
53847.4913316 0.774125253044 18.598134 0.207166782243
55386.3718776 0.775733349757 18.725799 0.300258271186
54130.7086006 0.776567302504 18.783893 0.412784065582
54922.5724472 0.780729075627 18.190484 0.2004184283
56418.4137062 0.782320590506 18.349896 0.14345341998
55653.6387828 0.782355915161 18.504064 0.194058224009
54534.6214119 0.795516805797 18.461374 0.328444667457
54938.5287475 0.796273177119 18.609111 0.241221121081
54966.5198466 0.797991218534 18.562003 0.313324711997
53881.5085785 0.797997446968 18.378308 0.286115700915
53859.5393124 0.804097388826 18.3555 0.277132502596
56418.4230383 0.813327214011 18.574803 0.167078102055
54922.5825982 0.814456533152 18.257094 0.2231415137
56001.5751603 0.817021740117 18.446052 0.19345082374
56058.4593937 0.817511375767 18.632131 0.219975446715
53847.5071912 0.826819450549 18.576402 0.204686497576
54966.5299763 0.831647494826 19.018156 0.404509339417
54938.5395209 0.832068074016 18.569916 0.236978835328
56418.4324873 0.844721851755 18.6602 0.162605799763
55386.3934918 0.847547569908 18.837409 0.336329059333
54888.5829346 0.849005545341 18.576452 0.211242611703
56402.4823252 0.849572530551 18.754987 0.253178698116
54867.5159803 0.853078010092 18.445514 0.240658061559
56001.5893894 0.864298686953 18.542909 0.203016674915
56058.4735134 0.864424882242 18.802113 0.239412299733
54938.5502388 0.867678769623 18.566018 0.237055328912
54241.4971247 0.876549798352 18.37405 0.267968984895
54037.7377349 0.876577110008 18.893211 0.442544856918
56418.4429375 0.87944303564 18.48698 0.15379279119
53847.5230662 0.879564870411 18.506491 0.198549377346
56402.4913739 0.879636959367 18.515754 0.224508735766
55248.5607123 0.891779034764 18.620728 0.352869030526
54182.512139 0.89621352578 18.449171 0.274001889162
54867.529348 0.897492645573 18.585326 0.257658139908
54888.598122 0.899466368542 19.208405 0.292076931691
54907.560782 0.903778955669 19.2904 0.349712193015
54241.5070467 0.909516147593 18.287624 0.256710669527
56402.5004109 0.90966297025 18.659629 0.242005328582
54037.7480311 0.91078676033 18.952654 0.45434100459
56058.4876861 0.911514167033 18.468361 0.204654287199
56001.6037173 0.911903696693 18.610814 0.22453030081
54182.5190125 0.919051147638 18.490633 0.280582686772
55665.4194717 0.924238195671 18.412134 0.245391641124
54907.5716812 0.939992248849 18.793301 0.267858230101
55645.5603177 0.941282842064 18.849456 0.300361576205
54867.5425644 0.941405015396 18.730173 0.275915939758
54182.5258623 0.941809895557 18.590827 0.296110051523
56402.5101606 0.942056718883 18.670017 0.242386713111
54241.5168744 0.942169123592 18.752016 0.329857410031
56459.3957102 0.946919695733 18.519995 0.228089416824
54888.6132499 0.949729492602 19.49263 0.343024415122
54153.6364383 0.955365907035 18.649262 0.303031086701
54882.5956344 0.955924541014 18.816784 0.240497930095
56058.5018083 0.958435786829 18.279404 0.186830286461
56001.6179756 0.959277590115 18.707048 0.253459633884
54182.5326983 0.964522920939 18.439755 0.272669655547
54258.3797845 0.969965698066 18.511519 0.296956323821
54241.5267973 0.97513854887 18.465268 0.284294523154
54450.703973 0.97595476456 18.770476 0.394420786086
55715.3967506 0.976053163421 18.89648 0.306590134826
54907.5825372 0.976061715976 19.428698 0.378759501562
54882.6021769 0.97766226087 18.564789 0.212574001346
54867.5557112 0.985085920397 18.856887 0.294049018961
54882.6087344 0.999449626578 18.603849 0.2164631553
54888.6283697 0.999965697379 19.072253 0.273137654253
