54595.7268852 1.31063802944e-05 15.19542 0.0762844658221
54261.6994136 0.000274262015969 15.199411 0.0729495001989
54595.7381868 0.000622115586519 15.184175 0.0761836993524
54261.7118144 0.000942505118364 15.205648 0.0726656969226
54595.7494316 0.00122806180152 15.202603 0.0772059784619
54261.7241485 0.00160715511604 15.187752 0.0731381583714
54261.7367319 0.0022852344821 15.210864 0.0740802868388
56154.6137737 0.0037531034089 15.123848 0.0646109840306
56154.6278445 0.00451133655872 15.12627 0.0646514584752
53556.6064272 0.00492749389692 15.144706 0.0829340429005
56154.6420106 0.00527470891698 15.104299 0.0644503048194
53556.6145717 0.00536637420939 15.183638 0.0835978832194
53556.6229292 0.00581673668837 15.157271 0.0831079205767
56154.6561255 0.00603531833267 15.148457 0.0648812181321
53556.6313634 0.00627122738576 15.186244 0.084471457405
55060.5268487 0.046689403967 15.170794 0.0666952699737
55060.5387201 0.0473291181323 15.163734 0.066639149531
55060.5494692 0.0479083572433 15.132782 0.0662690343728
54021.4737002 0.0552308987313 15.129386 0.0821909954819
54021.4831379 0.0557394703854 15.211295 0.0840739327972
54021.4925292 0.0562455410578 15.187343 0.0834894498462
55394.7408116 0.0564777044686 15.156597 0.0727412411737
54021.5019227 0.0567517239987 15.171125 0.0833458788747
55394.7831658 0.0587600472609 15.115965 0.0723334797601
55691.7559143 0.0617309708642 15.141215 0.0794090323309
55691.7670595 0.0623315533558 15.164413 0.07981187667
55691.7899466 0.0635648708965 15.120333 0.079005526846
55506.4674478 0.0770911132466 15.18643 0.0695862222161
55506.4929298 0.0784642613054 15.130602 0.0691948052273
53576.6997863 0.0876983606928 15.215351 0.0743248839873
53576.7097424 0.0882348669268 15.200647 0.0745092097923
53576.7196969 0.0887712839564 15.194437 0.0748105347833
53576.7296653 0.0893084512922 15.191014 0.0752474795253
54207.7476555 0.092975794417 15.239709 0.0885420957807
54003.6185385 0.0930697744627 15.115981 0.0692248263589
54207.7562464 0.0934387349087 15.23725 0.0883614459808
54764.4788843 0.0935523217134 15.241861 0.0743155488527
54003.6285251 0.0936079228658 14.980596 0.0676745603999
54207.7648441 0.0939020377478 15.227345 0.0879328565871
54764.4860205 0.0939368740775 15.242412 0.0744204695547
54764.4931481 0.0943209580288 15.251456 0.0745851342939
54207.7734074 0.094363487612 15.202777 0.0872126080094
54764.5002697 0.0947047183028 15.261109 0.0748796335966
53836.7715276 0.102184661954 15.142511 0.0722160461501
53836.7780985 0.102538748219 15.152836 0.072245705245
53836.784642 0.102891357554 15.16452 0.0724510750937
53836.7911789 0.103243607032 15.156512 0.072398276468
55488.4410714 0.105703737252 15.201306 0.0691791065799
55488.4770136 0.107640555821 15.201778 0.0693318478505
54746.4151273 0.120150625286 15.254698 0.0724699793474
54319.6033122 0.120541732777 15.166725 0.0814130756898
54746.4238208 0.120619092305 15.228468 0.0709068021759
54746.4322951 0.121075745978 15.327899 0.0744385513348
54319.6139042 0.121112500911 15.200779 0.0822282281736
54746.4407576 0.121531763488 15.257991 0.0714466835514
54319.6244801 0.121682402714 15.194761 0.0820041282493
54319.6349192 0.122244938111 15.223276 0.082721260958
54728.4994961 0.154730979637 15.20876 0.080346034067
54728.5084632 0.155214191357 15.202972 0.0803600938325
54728.5174732 0.155699710115 15.218776 0.0808995264144
54728.5264376 0.156182778404 15.219637 0.0809282026964
54357.5129847 0.163380305508 15.234474 0.0748652861994
54357.5211938 0.163822670396 15.168923 0.0737913441565
54357.5293683 0.164263169188 15.173578 0.0738647726645
54357.5375896 0.164706188954 15.14269 0.0734714392179
55118.4242104 0.166604621527 15.205103 0.070360564388
55118.4328843 0.16707202764 15.212857 0.070524292607
55118.4414539 0.167533821153 15.199424 0.0703585056119
55118.449946 0.167991435313 15.196047 0.0703180861992
55044.5972386 0.188290481389 15.134525 0.0702858852241
55044.6072385 0.18882934705 15.19608 0.0712706028899
55044.6172852 0.189370733037 15.19903 0.069487313934
55044.6272723 0.189908912624 15.010175 0.0668075028787
53912.6747575 0.192382120422 15.19436 0.0817752869936
53912.6842631 0.19289434693 15.179308 0.0814507079259
53912.6936282 0.193399002433 15.215711 0.0821707306153
53912.7026856 0.193887081459 15.186858 0.0815958322152
55824.4582282 0.212660749435 15.186546 0.0675881880611
55824.4695596 0.213271367761 15.164704 0.0673599493771
55824.4809693 0.213886202228 15.194607 0.0677426968491
55824.4922477 0.214493957155 15.190168 0.0676768807227
55416.6085741 0.234865856221 15.222479 0.0686134453594
55416.6412097 0.236624486598 15.241524 0.0689182097629
53876.6261176 0.249829008052 15.177776 0.0803104614495
53876.6360409 0.250363744244 15.228827 0.0807368532991
53876.645915 0.250895833489 15.164915 0.0793690254616
53876.6558394 0.251430629528 15.239809 0.0807032163948
53635.5176165 0.257214864751 15.225621 0.0839188668132
53635.5263167 0.257683692888 15.224916 0.0841117760605
53635.5350217 0.258152776746 15.250415 0.0848067727326
53635.5437485 0.258623039382 15.280223 0.0855039730724
54062.4425725 0.262920580626 15.254488 0.0864850029955
54062.4513217 0.263392047626 15.238798 0.0863188023203
54062.4599463 0.263856803053 15.247346 0.0865244295503
54062.4685196 0.264318789907 15.223247 0.0863588072317
56400.7128429 0.265293999057 15.222179 0.0662797081542
56400.7235439 0.265870643622 15.244738 0.0663096634955
56400.7342796 0.266449159252 15.22474 0.0659588946458
56400.7450059 0.267027169681 15.250023 0.066385693222
53691.4738229 0.272527036973 15.27967 0.0897254081257
53691.478898 0.272800521599 15.082368 0.0838366761265
53691.483991 0.273074965479 15.260504 0.0878450812083
53691.4890552 0.273347858862 15.231581 0.0869878179263
55083.6150931 0.290845663656 15.280452 0.074606699118
55083.6246887 0.291362743093 15.294282 0.075174919367
55083.6342989 0.291880608423 15.301399 0.0754039807275
55083.6439518 0.292400775143 15.301503 0.0755282999224
54378.4842514 0.293458988123 15.25538 0.0854945098579
54378.4932572 0.293944282974 15.263182 0.0857170455033
54378.5022934 0.294431217532 15.2587 0.0855087069176
54378.5113043 0.294916786819 15.302977 0.102957760371
55770.5711617 0.308848319283 15.339133 0.0677880499713
55770.5842482 0.309553511786 15.307903 0.0673927000408
55770.5977159 0.310279248681 15.339171 0.0677451310876
55770.6110569 0.310998156159 15.348572 0.0678530205469
54954.7084236 0.344451778338 15.229088 0.0803225247027
54954.7157826 0.34484833677 15.269953 0.0810373355086
54954.7232745 0.345252049589 15.275544 0.0810080763087
54954.7306783 0.345651021695 15.255387 0.0805257154459
54008.3974067 0.350588651726 15.319988 0.0857160844821
54008.4089283 0.351209517291 15.363148 0.0865426614114
54008.4208726 0.351853160734 15.300387 0.0851781216055
54008.4323177 0.352469903705 15.32328 0.0857247288098
53990.5778128 0.390344169618 15.293953 0.0852221814892
53990.5863381 0.390803573764 15.300385 0.0853940962628
53619.4406468 0.390875173628 15.360694 0.0834684403054
53990.5948912 0.391264474768 15.314789 0.0857969460273
53619.4505266 0.391407566603 15.364376 0.0835493579469
53990.6034865 0.391727652265 15.297619 0.0855970298375
53619.4607727 0.391959699404 15.287996 0.0818351524619
53619.4715087 0.392538228759 15.303109 0.0821310376981
54417.4521666 0.393323085951 15.229666 0.0760808556432
54417.46248 0.393878848048 15.25732 0.0766485145257
54417.4727867 0.39443424215 15.285304 0.0772444731069
54417.483112 0.394990640431 15.246914 0.076721246301
56069.7159184 0.428862255324 15.359936 0.0743613339429
56069.7249013 0.429346315263 15.430245 0.0755324380636
56069.7339801 0.429835545639 15.362149 0.0743617248481
56069.7430442 0.430323983897 15.383407 0.0746182982952
55717.6298458 0.455999554419 15.358 0.070718522549
55717.6404012 0.456568352299 15.387275 0.0709477940677
55717.6510444 0.457141883984 15.336775 0.0701867046134
55717.6617006 0.45771611487 15.396374 0.0709860738292
54344.6487056 0.470162881803 15.242769 0.0706183607538
54344.6552994 0.470518199866 15.269418 0.0710634011099
54344.6619146 0.47087467236 15.254551 0.0709339258456
54344.6684878 0.47122888645 15.294463 0.071536952378
53973.5779788 0.47427409266 15.321862 0.0855994112708
53973.5863164 0.47472338053 15.329936 0.0857204048583
53973.5946908 0.475174651102 15.351077 0.089508803527
53973.6030323 0.475624151033 15.346573 0.086192474463
54363.487297 0.48531808492 15.274057 0.0851582224148
54363.4953298 0.485750944119 15.271264 0.0851684014345
54363.503326 0.486181838049 15.318315 0.0865173458829
54363.5113325 0.486613282073 15.264411 0.0850127916066
56219.4494296 0.497552189949 15.371912 0.0695179380657
56219.4634716 0.498308870108 15.369508 0.0701696961767
56219.4775873 0.499069523161 15.355337 0.0710351932625
56219.4917233 0.499831267706 15.360858 0.0700648556641
56479.5373168 0.512908541747 15.279088 0.0700224297785
56479.5462498 0.513389912967 15.160418 0.0685847458602
56479.5552573 0.513875301389 15.273147 0.0700745606116
56479.564197 0.514357034951 15.058038 0.0672592906819
54717.4496555 0.559288205736 15.19986 0.0706297580232
54624.6633756 0.559313806415 15.243429 0.0663653655836
54624.6691096 0.559622795376 15.0354 0.0641393350991
54717.4573923 0.559705116495 15.211687 0.0707139690906
54624.6745914 0.559918193421 15.192931 0.065711790967
54717.4650921 0.560120037041 15.204704 0.070542134287
54624.6801167 0.560215930345 15.203846 0.0658098360221
54717.4729281 0.560542292858 15.193282 0.0704244734857
56183.5875612 0.565063635796 15.256371 0.0662721042363
56183.601608 0.565820571654 15.281187 0.0666524103032
56183.6157835 0.566584448588 15.264736 0.0665650434262
56183.6299808 0.567349498697 15.286728 0.0669230755939
55330.7183722 0.606500421903 15.282831 0.0761820810574
55330.7543264 0.60843788413 15.21441 0.0747593076125
54291.6960057 0.616700665817 15.238335 0.084165702923
54291.7047565 0.617172219494 15.249991 0.0844754302473
54291.7134787 0.617642233274 15.238545 0.0842289455414
54291.7223229 0.618118820773 15.230856 0.0843838798883
55145.4379114 0.622291962754 15.278476 0.0720931956647
55145.4431693 0.622575298624 15.284279 0.0722778327249
55145.4484341 0.622859001832 15.279059 0.0722830653635
55145.4537035 0.623142955145 15.30795 0.0734637446437
54681.5826172 0.626521056426 15.286386 0.0715589601575
54681.592856 0.627072795067 15.293269 0.0716927089257
54681.6029284 0.627615571258 15.270739 0.0713941543385
54681.6129408 0.628155104271 15.287846 0.071654786377
56036.7467583 0.65225307556 15.287178 0.0824564454685
56036.7558122 0.652740964963 15.269562 0.0760260268136
56036.7647539 0.653222804569 15.281114 0.0752544880368
56036.7738174 0.653711211659 15.266316 0.0736420474175
55127.4923309 0.655258443174 15.201012 0.0804652131727
55127.5010336 0.655727402295 15.251285 0.0815800284163
55127.5098619 0.656203135948 15.194381 0.080109328879
55127.5185885 0.65667338674 15.255624 0.0803042694335
54645.5932818 0.687163691483 15.314985 0.0795120587963
54645.604315 0.687758236604 15.2916 0.0789970080438
54645.6154719 0.688359449034 15.333299 0.0797250398021
54645.6267524 0.688967322475 15.273845 0.0785152926865
53606.6250527 0.700281236702 15.148143 0.0778211182904
53606.6415562 0.701170559343 15.195445 0.0788319075884
53606.6580103 0.702057220683 15.144189 0.0780465308713
53606.6744641 0.702943868923 15.178542 0.0789147641627
54794.4237708 0.707192465045 15.234251 0.0733281759271
54794.4301497 0.707536207361 15.241883 0.0735168330806
54794.4365399 0.707880554671 15.240628 0.0735508787204
53903.6844227 0.707919935329 15.170333 0.0735073070288
54794.4429243 0.70822459073 15.217774 0.073260108777
53903.6968432 0.708589235603 15.214811 0.0742214963695
53903.7092369 0.709257094501 15.172001 0.0734947387654
55796.5686687 0.709776018959 15.248117 0.0714304438931
53903.7217808 0.709933050789 15.206425 0.0741263778473
55796.5806237 0.710420236805 15.205185 0.0708496708601
55796.5925576 0.711063319544 15.248267 0.0714793938377
55796.6046563 0.711715283652 15.226687 0.0711996929951
53588.6340617 0.7308006791 15.191045 0.0726666864971
53588.6449195 0.731385771552 15.190576 0.0727304368948
53588.6555189 0.731956943213 15.181984 0.0726442668592
53588.6664065 0.73254364042 15.150264 0.0721968504686
54739.4250434 0.743475964727 15.258871 0.0714513289084
54739.4334488 0.743928906804 15.277744 0.0738078001661
54739.4416368 0.744370129702 15.269435 0.070405963408
54739.4497923 0.744809606274 15.262183 0.0697261365939
55741.7119209 0.753710369524 15.159997 0.0688668150331
55741.7248785 0.754408619069 15.17138 0.0690035299474
55741.7378584 0.755108066733 15.087355 0.0679505932351
55741.750765 0.755803560206 15.12649 0.0685256863039
53960.6271508 0.776392805751 15.201725 0.0697773387049
53960.6406103 0.777118099852 15.179696 0.0695478550898
53960.6540881 0.777844373133 15.193478 0.0697612382941
53960.6675035 0.778567290967 15.258469 0.0704544566214
54016.4633728 0.785239379144 15.190931 0.0838717819078
54016.4718755 0.785697567083 15.24976 0.0848955594239
54016.4803909 0.78615643487 15.196314 0.0837197140947
54016.4889776 0.78661914458 15.18753 0.0835858407525
53645.4737688 0.79372205574 15.188725 0.0922427752201
53645.4822963 0.794181577753 15.191235 0.0926372624769
53645.4940441 0.794814629652 15.17863 0.0924504922874
53645.5076771 0.795549272884 15.117856 0.0910333297126
53942.5173709 0.800511070481 15.187352 0.0830678491713
53942.5274376 0.801053534839 15.192519 0.0831867943989
53942.5377811 0.801610912301 15.222686 0.0838256961283
53942.5480169 0.802162488795 15.181337 0.082843183339
54944.7665916 0.808716267306 15.135763 0.0708552460369
54944.7774261 0.809300103048 15.187783 0.0714785192062
54944.7883082 0.809886508371 15.13636 0.0719858944576
54944.7992078 0.810473855487 15.1289 0.0713394837753
55446.4746133 0.844257151088 15.187796 0.0735245700743
55446.5074734 0.846027881706 15.1352 0.0726936273507
54704.561679 0.864793796701 15.271032 0.0715686610021
54704.573176 0.865413333789 15.251461 0.0712633440332
54704.5847227 0.866035552774 15.195974 0.0704943334172
54704.5962686 0.8666577225 15.225042 0.0708983253049
53665.4535362 0.870371811359 15.14424 0.0744045766692
53665.4654723 0.8710150101 15.165206 0.0748431884981
53665.4773972 0.871657610701 15.13419 0.0743867484741
54240.7638681 0.872120490462 15.136779 0.0769987459753
53665.489295 0.872298746917 15.156711 0.0748417573987
54240.7721308 0.872565742411 15.161118 0.0771376603704
54240.7804423 0.87301362695 15.170737 0.0770435354286
54240.7889371 0.873471384563 15.170673 0.0769459696592
55094.4995115 0.877374335006 15.186027 0.0798803891994
55094.5086682 0.877867762802 15.180887 0.0798577194551
55094.5178218 0.878361022222 15.152581 0.0792252187778
55094.5269708 0.878854032771 15.169347 0.0811908861453
54389.5099819 0.887602540179 15.136699 0.0833826582285
54389.5176362 0.888015009615 14.984276 0.0801736582972
54389.5252983 0.888427896945 15.196828 0.0844758722218
54389.5329882 0.888842281126 15.173649 0.0839205660258
56115.7306861 0.908460107065 15.144549 0.066525011879
56115.7413183 0.909033046257 15.156577 0.06669356081
56115.7520323 0.909610389365 15.129898 0.0664317809389
56115.762963 0.910199414205 15.14195 0.0666098020167
54390.5017628 0.941046640353 15.219532 0.0707405156094
54390.5149567 0.941757620099 15.166195 0.0700832796571
54390.5281343 0.942467720431 15.196167 0.0705585639177
54390.541342 0.943179442982 15.17956 0.0704631725233
56265.4395516 0.975821960359 15.113927 0.0699599159474
56265.4449405 0.976112350173 15.124858 0.0702326033587
56265.4503934 0.976406191493 15.135014 0.0705245549688
56265.4557076 0.976692554772 15.134529 0.070569094876
54595.7156678 0.999408632078 15.177792 0.0762653571641
