53817.6842741 0.0038066344429 17.80422 0.222300063322
55709.5555934 0.00643272591628 17.93677 0.179436848979
54644.5614121 0.00827489273838 18.0293 0.196948614862
53873.6455602 0.00867489962702 17.66173 0.214940927387
54910.6644313 0.013356685351 17.91214 0.242824819068
54675.5204024 0.0137953052406 17.327 0.147553789889
53817.6944896 0.020966847754 17.84687 0.226965407414
53873.6546389 0.0239255818002 17.57791 0.206301845186
54910.6727692 0.0273629015216 18.13334 0.272708555895
53817.7047022 0.0381222391369 17.9628 0.240952497099
53873.6637046 0.0391542551495 17.96925 0.25151257399
54910.681195 0.0415167042949 17.78053 0.226742659661
53873.6727858 0.054409020462 18.08687 0.268524833202
53879.6297811 0.0610868285373 17.8666 0.188879480253
53879.6413439 0.0805101706395 18.02254 0.203268314649
53928.4676254 0.09985754071 17.68948 0.234966461873
53879.6529109 0.0999407655257 17.87823 0.190109529102
54966.6821233 0.112976752644 17.92975 0.253490909123
53928.4761419 0.114163771325 17.4844 0.212301980374
53956.457729 0.118183661407 18.20118 0.31408656171
53879.6644541 0.119331133607 18.05538 0.207620468676
54966.6888889 0.124341821635 17.9022 0.250329659269
53928.4846356 0.128431680726 18.03242 0.279907729432
55263.7479832 0.130046983544 18.00552 0.218059174285
53956.4666936 0.133242544629 18.00493 0.28425053932
54966.6957196 0.135816176157 17.71707 0.228429998489
53928.4931562 0.142744736284 17.9911 0.275353592425
56446.6223506 0.145658115204 18.10236 0.171408318589
54966.7025959 0.147367132811 17.81179 0.240205185995
53956.4756976 0.148367706639 17.29651 0.198959869443
55337.5813346 0.15676184727 18.05483 0.237798719164
53863.6137417 0.157028961938 17.91257 0.238601333907
55275.670481 0.157693043197 18.01032 0.284558913072
54188.6494525 0.158404512333 17.48062 0.227750403497
56446.6332613 0.163986152749 17.89471 0.156306335968
56102.5506026 0.167173346133 17.92422 0.169566438065
53863.6237256 0.173800211158 18.05325 0.256613256635
56446.6440702 0.182143116935 18.03479 0.166676797328
56102.5612019 0.18497817075 18.2701 0.199402729078
53863.6337467 0.190633871043 17.91422 0.239386006255
56446.654752 0.20008676016 18.01858 0.1655721568
56102.5719735 0.203072511433 17.56945 0.144284050421
53863.6438559 0.207615486253 18.46625 0.321569044098
55337.6150451 0.213389306436 17.98801 0.224595060545
56102.5825978 0.220919526219 18.04166 0.178112341258
53900.5896844 0.269944386208 18.41515 0.340035101053
56126.4263428 0.274110937636 18.08289 0.1779490672
56405.6283729 0.283168739227 18.07312 0.169705064951
53900.5991882 0.285909069514 17.96403 0.266977039044
56126.435609 0.289676508398 18.03584 0.174776195489
53968.4696612 0.296063478032 18.05531 0.295961427325
53900.608792 0.302041676494 18.27542 0.317006888388
56405.6409997 0.304379417673 17.89085 0.156666216057
56126.4449694 0.305400339323 18.06132 0.17691990611
53968.4759801 0.306678052484 18.12523 0.30830410628
53968.4823524 0.317382450084 17.92855 0.277911238996
53900.6183779 0.318144244429 18.15786 0.296906359347
56126.4541133 0.32076038448 18.13356 0.18285324973
56405.653463 0.325315569404 18.08058 0.171005971726
53968.4886967 0.328039797612 18.21049 0.325931694506
53627.3826484 0.331395420477 17.59858 0.17361934282
54265.549588 0.336763579155 18.02685 0.278530618859
56405.6656694 0.345820082249 18.05237 0.168955937947
54265.5594309 0.35329780733 18.15741 0.299538063273
56432.4588618 0.353551315798 18.03355 0.172717823782
55395.4430027 0.353929112286 18.17956 0.294731367402
54599.5282762 0.360728213579 18.23441 0.215299408819
54265.5693059 0.369886064716 18.02837 0.279572034936
56432.4703045 0.372772963801 18.04477 0.171148657311
54599.536946 0.375291880595 17.41782 0.147316060996
53627.4124044 0.381380281611 18.24727 0.241652829068
54265.5791713 0.386458185592 18.37719 0.33776866957
54599.5461014 0.390671367978 18.07344 0.19894515676
56432.481696 0.391908675432 18.05629 0.171444235849
56046.7296967 0.398118397559 18.02957 0.176452366466
55011.5017835 0.401922842863 18.11821 0.311816850707
54599.5550381 0.405683375502 18.31032 0.223035788927
55395.4739951 0.405990747717 17.79435 0.241086694861
55011.5076519 0.41178068157 17.96861 0.288475502842
56432.4935788 0.411869560824 18.10338 0.175277272364
55045.4408116 0.413369305323 17.95231 0.25726480965
56046.7418028 0.418454519557 17.82063 0.160893339719
55011.5135434 0.421677405586 17.97684 0.290517429276
54955.5552571 0.421848307418 17.9595 0.202547540987
55045.4478319 0.425162124775 18.26593 0.303882878277
56395.5962065 0.430938363886 18.01229 0.193222965666
55011.5194566 0.431610505589 18.21734 0.331837175034
55045.4548691 0.436983330646 17.98759 0.262315049821
56046.7540968 0.439106210633 18.16462 0.189066061921
54955.567151 0.441827818491 18.05651 0.211581939094
56395.6067995 0.448732708946 18.01874 0.188730648057
55045.4619062 0.448804537189 17.9887 0.262038173613
55745.539671 0.453193575532 18.14586 0.200523936555
56046.766287 0.459583504337 18.08699 0.18285324973
53831.6487451 0.461599536365 18.1449 0.267159908864
54955.5791769 0.462029205008 17.88554 0.194864074256
56395.6176019 0.46687876675 18.2372 0.21335994081
55745.5495823 0.469842707399 18.02753 0.189616882017
53605.4422882 0.475547230818 18.19728 0.281262451018
53831.6603698 0.481126895931 18.13165 0.266466983324
54955.5910696 0.482006790837 18.12126 0.218078861896
54345.4076058 0.483831397342 17.95218 0.223757817829
56395.6283548 0.484941785512 18.20672 0.205464638057
55745.5595598 0.48660304921 18.10046 0.196707117949
53605.4541684 0.495503760783 17.70271 0.218572990638
53831.6715948 0.499982851891 18.10501 0.262003622941
55745.5695391 0.50336650272 18.40796 0.230250068354
53831.6823486 0.518047270962 18.07929 0.257987295416
53605.4779295 0.535418103418 18.12337 0.273568760352
55655.7019416 0.542009855002 18.40683 0.268710879861
53995.413421 0.556720860168 17.68809 0.254846762307
53995.4168171 0.562425656391 18.66095 0.435327494497
53995.4202021 0.56811180678 18.52333 0.402837597923
56423.6575252 0.568893113577 18.32261 0.154984001421
56423.6716229 0.59257462414 18.16401 0.144834556108
55655.7446618 0.613772236954 17.36866 0.162322165169
56423.6858241 0.616430143356 17.924 0.131364679125
56423.7000434 0.640316012037 17.41177 0.108410839943
54530.6477868 0.653928247849 18.01224 0.232523332913
54530.6544452 0.665113086134 18.05465 0.23746458745
56076.656273 0.669369531436 17.99157 0.182819789924
54530.6610321 0.676177965303 17.95721 0.225573323912
55775.4409456 0.681942258556 17.81485 0.182276126952
56076.6654741 0.684825622296 17.90318 0.176087214946
54530.6676586 0.687309317289 17.82732 0.211403133025
53889.5290896 0.690139844484 17.63622 0.170801567848
53889.534813 0.699754070367 17.56791 0.165357417378
55775.4515606 0.699773524693 17.84811 0.185750427223
56076.6747502 0.70040789364 17.37942 0.140031873778
53889.5405075 0.709319885028 17.64157 0.171014875694
55323.6256622 0.713748966581 17.48148 0.2164631553
56076.6840024 0.715949958347 17.83002 0.170659860365
55775.4622029 0.717650674615 17.64931 0.170018388845
53889.5461131 0.718736187855 17.55864 0.164962282575
54236.6073606 0.719041095279 17.01039 0.186710605821
54316.3813238 0.724912410838 17.49985 0.21458431996
54316.3864977 0.733603669235 17.50621 0.215299408819
54236.6164118 0.734245406866 17.66547 0.258616183081
55775.4729091 0.735635165855 17.71177 0.174997226453
54316.3916242 0.742215194306 17.61326 0.227188835445
54236.6254238 0.749383984094 17.31292 0.216251839971
54316.3967884 0.750890121318 17.49172 0.214062185093
54592.6197326 0.755620890411 17.68672 0.199373104331
53846.7076134 0.757782421362 16.99063 0.151232045517
55354.6084259 0.759204408518 17.66083 0.240765007685
55323.6530533 0.759761074374 17.45501 0.212446918985
54236.6344671 0.764575075335 17.67379 0.260428978423
54592.6282547 0.769936453935 17.62772 0.194316547788
53846.7163903 0.772526046784 17.65781 0.206483848042
55722.5140171 0.774247555028 17.43305 0.141963113217
54979.5799093 0.778931129237 17.20604 0.174737849038
54592.6368302 0.78434164559 17.24232 0.162868571562
53846.7251906 0.787308907073 17.15324 0.163117680689
56066.6067997 0.788066707827 17.44395 0.156351981138
54979.5893203 0.794739943758 17.71969 0.228635096878
55722.5267753 0.795678923808 17.27872 0.133392797812
54592.6453556 0.798662866913 17.59156 0.19119795632
53846.7339817 0.802076466233 17.64841 0.205840856865
56066.616321 0.804060787969 17.61924 0.16920438471
54979.5986766 0.810456950425 17.83913 0.24429349143
55722.5396832 0.817361876489 17.51936 0.147830250989
56066.6258456 0.820060331905 17.13664 0.137174775958
54979.608276 0.826582091109 17.74144 0.239333445786
56066.6354253 0.836152595662 17.64173 0.171336555512
55722.5524959 0.838885012986 17.72541 0.162351941732
56366.6695113 0.839307308389 17.67728 0.209121391606
53920.5753518 0.842261248572 18.05084 0.283505678461
53920.5831635 0.855383478475 17.76776 0.249252538153
55685.6572568 0.861537197929 17.76901 0.189554023805
53920.5909512 0.86846546291 17.64354 0.234594952102
55223.7077152 0.869617826756 17.2853 0.161182854192
53920.5987088 0.88149683875 17.23864 0.186222548562
54892.731602 0.889437556068 17.16264 0.168175946578
56366.7012511 0.892624395516 17.15926 0.163520565332
55821.4089558 0.899909287217 17.71101 0.191094646919
54892.740887 0.905034798308 17.79037 0.227637745592
56366.7111383 0.90923308774 17.22796 0.168683230316
55821.4148274 0.909772589877 17.78598 0.198915750745
55223.734657 0.914875142698 17.68295 0.188991359628
55821.420859 0.919904585073 17.87437 0.210129703756
54892.7505262 0.921226821012 17.46548 0.235639763835
56366.7209109 0.925649299851 17.54976 0.196086504125
55821.4269138 0.930075465566 17.79556 0.203949564185
56174.4461435 0.938715913607 17.86963 0.157535335925
54189.7096376 0.939324171256 17.14406 0.191795564359
56174.4531977 0.950565719249 17.81529 0.154612528441
55709.5252179 0.955407406657 17.80601 0.168496616251
54644.5301939 0.955834033653 17.23858 0.137528144521
54675.4875812 0.958661699434 17.95754 0.194630769843
56174.4602743 0.962453223403 17.9482 0.164500196101
55709.5354326 0.972566142061 17.82872 0.17049210953
54644.5405352 0.973205469162 17.47782 0.1590617719
56174.4673648 0.974363883211 17.9494 0.165191064297
54675.498519 0.977035212381 17.84962 0.22877216005
53817.6742155 0.986910079585 17.73836 0.215375111083
55709.5455674 0.989590900254 17.74998 0.164539182136
54644.5510513 0.99087061928 18.40841 0.239333445786
54675.5094577 0.99541030149 17.84643 0.186127801545
54910.6560527 0.999282207519 17.76118 0.225071660538
