53676.7301491 0.000637856800584 11.856197 0.0538295307511
54536.4896565 0.0364841465241 11.816898 0.0527117591146
56367.4962205 0.0392487585072 11.787929 0.0514053524263
54536.5003051 0.0419218259809 11.820196 0.0527370351725
56367.5056627 0.0440704490626 11.783214 0.0515126662337
54487.5502766 0.0456094961914 11.845008 0.0521036438921
54536.5109586 0.0473620468862 11.815411 0.0527271986168
56367.5151941 0.0489376430941 11.804276 0.0514659961607
54487.5615128 0.0513472532141 11.84561 0.0521068268441
54536.52163 0.0528113694579 11.830326 0.0527942898401
56367.5247557 0.0538202689075 11.83372 0.0514413833032
54487.5727048 0.0570624328359 11.853071 0.0521302695358
54487.5838819 0.0627699941275 11.846393 0.0521287941244
54591.37338 0.0628354566972 11.82293 0.0522426723746
54591.3793939 0.0659064466436 11.822595 0.052250013143
54591.3853409 0.0689432749492 11.825179 0.0522769723425
54591.3913104 0.0719915692759 11.823342 0.0522848040455
54863.5972752 0.0738579050598 11.816794 0.0510328957569
55891.7086257 0.078505070444 11.82246 0.0524622644159
54111.6249849 0.0795106245235 11.880207 0.0522462378278
54863.6084226 0.0795503300827 11.810534 0.0510399664649
55891.7182809 0.0834355105705 11.812771 0.0524501889889
54863.6195818 0.085248783529 11.819043 0.0510880857118
54111.6380656 0.0861902819266 11.859508 0.0522045193247
55891.7279098 0.0883524692444 11.806294 0.0524498494405
54863.6307955 0.0909750153954 11.88926 0.0522737190339
55891.7376442 0.0933233416908 11.820299 0.0524828980128
54769.6441682 0.0967416502138 11.826092 0.0526523653275
54769.6546 0.102068623747 11.852385 0.0526460190056
54769.6652249 0.107494246305 11.890068 0.0528150179434
54769.6759036 0.112947292434 11.958554 0.0528883156429
56273.6491287 0.116269150839 12.027647 0.0511671914957
56273.663492 0.123603757563 12.131632 0.0513157570273
55300.4040361 0.129054486923 12.148988 0.0525146872721
56273.6783331 0.131182347252 12.231691 0.0514835403597
55149.6252682 0.133937372706 12.250294 0.0522014885693
55852.663043 0.139894005688 12.2601 0.0524864239603
55149.6470621 0.145066419274 12.256464 0.052185279582
55852.6736526 0.145311767358 12.236402 0.0524227024767
55149.6579477 0.150625147449 12.19766 0.0520607381967
54172.4713033 0.150658617313 12.232301 0.0529943551098
55852.6844003 0.150800103864 12.183297 0.0523021442038
55100.704533 0.152583624486 12.174079 0.0523446818186
54172.4811337 0.155678539387 12.170237 0.0528673469162
55852.6951234 0.156275851531 12.116502 0.0521606346053
55100.715132 0.157996007892 12.088876 0.0520578409884
54172.4909644 0.160698585345 12.096994 0.0527113539305
55100.7258001 0.163443681629 11.993731 0.0520096038356
55100.7365221 0.168918832448 11.934581 0.0520434537249
53704.52537 0.194256207403 11.858084 0.0532552129736
53704.5302656 0.19675615644 11.862235 0.053213237147
53704.5351556 0.199253203253 11.841391 0.0531646397952
54076.6687792 0.229138291213 11.895842 0.0575299296745
55962.5053176 0.230807288091 11.870276 0.0516082804205
54076.6773305 0.233504989658 11.850036 0.0534403841452
55962.5142102 0.235348286871 11.87366 0.0516182368715
53806.4435649 0.238741417564 11.863852 0.0523885392402
55809.775448 0.239360863814 11.878045 0.0526451019715
55962.5230647 0.239869840881 11.86962 0.0516196882595
53806.4521202 0.243110178574 11.87085 0.0524029619489
55962.5319454 0.244404752002 11.874855 0.0516346878204
54076.6990324 0.244587043439 11.862267 0.053407706504
53806.4608595 0.247572859893 11.876613 0.0524179413341
55809.7925783 0.2481084393 11.843782 0.0542090467241
53806.4693669 0.251917175849 11.868755 0.0524057117399
53857.3917846 0.255429269106 11.851895 0.0525105444576
54883.5376177 0.256385785405 11.806813 0.0514990415755
53857.3982036 0.2587071254 11.852402 0.0525638705634
54883.5461715 0.260753784065 11.809153 0.0515078904695
53857.4046337 0.261990655365 11.853451 0.0525684687535
54883.5547523 0.265135547694 11.815415 0.0515319616656
53857.4110575 0.265270993979 11.854479 0.0526116282364
54883.5633286 0.269515012331 11.815946 0.0515442559314
53757.5469244 0.269691629633 11.853604 0.0515165343704
56242.6284776 0.275586133565 11.81654 0.0508899347523
53757.5601493 0.27644491725 11.866487 0.0515428663751
54084.5953425 0.276834612645 11.789906 0.0523195245097
54137.4695551 0.277030024714 11.82845 0.0532377633747
54137.4766605 0.280658379301 11.835592 0.0532502717304
54084.6057026 0.282125007479 11.810418 0.0519853119157
56242.6426734 0.282835218278 11.821911 0.0508872798118
53757.5733612 0.283191579539 11.85304 0.051535637812
54137.4837583 0.284282886241 11.829923 0.053236722917
54084.6160238 0.287395537841 11.969777 0.0541438332285
54137.4908225 0.28789020002 11.830124 0.0532458033177
53757.5866038 0.289953904121 11.865953 0.0515747183092
56242.6571617 0.290233656353 11.819905 0.0508852406067
54084.6263678 0.292677711574 11.81626 0.0519988000071
56242.671831 0.297724531148 11.818528 0.0508860024401
55265.5037141 0.307219091094 11.752984 0.05232205769
54417.5748737 0.312698148589 11.801469 0.0518180358052
54039.6362203 0.318476993907 11.830309 0.0531268020557
54417.5885537 0.31968385285 11.80552 0.05181454829
54039.6469793 0.323971063479 11.830312 0.053111445551
54417.6023805 0.326744505612 11.812311 0.0518195986424
54039.6586035 0.329906939575 11.896074 0.0539210138848
54417.6165096 0.333959535206 11.80671 0.0517993503742
54039.6722993 0.336900734874 11.817763 0.0530066981722
54740.7408183 0.337257669546 11.835543 0.0515557452222
54740.7514172 0.34266999392 11.833304 0.0515559471197
54740.7618214 0.34798290105 11.830237 0.0515550052605
55118.7139721 0.349096453996 11.795549 0.0513050654148
54740.7720872 0.3532251211 11.83474 0.0515471221237
55118.7221084 0.353251256349 11.788031 0.0512946822844
55118.7302239 0.357395420186 11.792823 0.0512994916641
55118.7383116 0.361525399148 11.793619 0.0512939848616
55649.4711244 0.380022569741 11.89443 0.0519515933926
55649.4977913 0.393640004647 11.852172 0.0518485001826
54472.5791168 0.400592741319 11.856226 0.0519853010359
54472.5921803 0.407263651143 11.81604 0.0520088052548
54472.6052448 0.413935039958 11.81477 0.05202697684
54472.6182806 0.420591765415 11.828594 0.0520402660879
54376.6731412 0.426244916379 11.836127 0.0508201669888
54525.5141792 0.431861039428 11.821773 0.0527629982343
54376.6909523 0.435340147169 11.823665 0.0507948030249
54525.5231016 0.43641728697 11.817886 0.052799329359
53826.416905 0.438119475764 11.849954 0.0514780706268
54525.5320456 0.440984521546 11.829384 0.052825306846
53826.4292394 0.444418049012 11.850979 0.0514948710167
54376.7087764 0.444442050819 11.826396 0.0507817101104
54525.5409112 0.445511749483 11.819615 0.0528239601475
53826.4401177 0.449973036067 11.858023 0.0515241179996
54376.7268505 0.453671557683 11.831074 0.0507755244225
53826.4510103 0.455535316371 11.85655 0.0515280871162
53726.6397942 0.486978015769 11.860802 0.0531057224379
53953.8063822 0.489504744189 11.826859 0.0530473513178
53726.6471096 0.490713642053 11.866749 0.0531373087489
53953.8148895 0.493848977421 11.810777 0.0529758705639
53726.6544297 0.494451632445 11.860226 0.0531205526855
53726.6617286 0.498178807276 11.858972 0.0531262308197
53953.823481 0.498236237534 11.818724 0.0529612958512
55181.6729594 0.499077958371 11.817616 0.051088012219
56041.3637653 0.499841834506 11.85203 0.0509907440165
53953.8320622 0.50261817851 11.887129 0.0529189873912
55181.6808566 0.503110648012 11.818672 0.0510908277646
54006.7107635 0.50510570993 11.824664 0.0528267736754
56041.3750098 0.505583852952 11.849068 0.0509959977871
55181.6886485 0.507089613132 11.818078 0.0510988643529
55559.640512 0.508056496176 11.831133 0.0512286001014
54006.7214806 0.510578437411 11.824478 0.052815451054
55181.6965091 0.511103626324 11.826985 0.0511167708017
56041.3863318 0.511365405173 11.862021 0.0510195780403
54762.6268742 0.513363286335 11.783635 0.0524611440437
54006.7324285 0.516168962869 11.822846 0.0528016307308
56041.3976828 0.51716179825 11.860509 0.0510330421925
54762.6376458 0.518863798158 11.786409 0.0524470589463
54006.7433766 0.521759606749 11.821604 0.0527892083713
54762.6486952 0.524506157003 11.778651 0.0524265229553
55559.6830922 0.529800074299 11.83832 0.0513007964558
54762.6596408 0.530095565569 11.782861 0.0524255516984
54913.4601827 0.536331560441 11.804776 0.0515398423007
54913.4666074 0.539612312784 11.802855 0.0515537880653
54913.4730522 0.542903354761 11.818295 0.0515854664942
54913.4794967 0.546194213677 11.807012 0.0515796008844
54819.4845064 0.547690298883 11.82499 0.0524428603862
54819.4933383 0.552200268497 11.814526 0.0524465045814
54819.5022443 0.556748117491 11.819418 0.052433584534
53634.7394158 0.558086799606 11.843162 0.0523425784907
54819.5111262 0.56128367877 11.820742 0.052422520806
53634.7509154 0.563959057187 11.836458 0.0523145701927
54059.7071661 0.567697390427 11.819197 0.0520234604321
53634.7626048 0.569928243518 11.838399 0.0523073045099
54059.7165092 0.57246842393 11.818228 0.0520198531948
53634.7744691 0.575986728779 11.843376 0.0523067193458
54059.7258517 0.577239155945 11.828017 0.052051653297
54059.7351411 0.581982824809 11.830938 0.0520534443818
55242.543733 0.582713975763 11.835645 0.0526001726791
53742.5748959 0.624231295109 12.161857 0.0520385958048
55626.4560006 0.627358882084 12.149017 0.0523065800579
56004.4113463 0.630103960341 12.230209 0.0515280943995
53742.5880907 0.630969227898 12.243253 0.0522153965916
55679.3610122 0.643281751986 12.246229 0.0520023577702
55679.3823952 0.654200971204 12.119409 0.0526019016816
55524.6854183 0.65825198862 12.132266 0.0523842750673
54226.3551645 0.666430656641 12.01825 0.0525787366482
54226.3634086 0.670640483992 11.973664 0.0524936290956
56006.4543698 0.673373091726 11.964332 0.0516461902388
55524.7155157 0.673621241339 11.941277 0.0519965362823
54226.3715876 0.674817095221 11.931667 0.0524074181122
56006.4639559 0.678268253116 11.92218 0.0515811236183
54451.5831098 0.6789902255 11.854448 0.0515829322877
54226.3797826 0.679001862847 11.893958 0.0523353343961
56006.4735327 0.683158615475 11.899742 0.0515552966989
54451.6001022 0.687667409116 11.818982 0.0533887090664
56006.4832369 0.688114056087 11.867487 0.0515135852332
54022.7458178 0.693399734562 11.832662 0.0529412602673
54022.7513782 0.696239147265 11.829266 0.052943817961
54451.6171325 0.696363913568 11.830902 0.0512895070451
54022.7568347 0.699025544681 11.828488 0.0529469352438
54022.762176 0.701753069461 11.835784 0.0529595503957
54451.6336994 0.704823822976 11.84173 0.0533404826778
54126.5771522 0.714828837506 11.818191 0.0520325694523
54126.590295 0.721540233212 11.813626 0.0520443203346
54126.6033966 0.728230534802 11.821959 0.0520734320695
54504.5538261 0.728465203111 11.83607 0.0518759980758
54504.5646983 0.734017075354 11.823822 0.0518712550692
54126.6165296 0.734936906739 11.828113 0.0520961604138
55587.5041639 0.736619136642 11.830535 0.0513095818983
54504.5756384 0.739603647059 11.827193 0.0518811594036
54504.5865218 0.745161252213 11.837893 0.0519052457618
55207.628822 0.753428781487 11.821117 0.051161572255
55587.5487001 0.759361537003 11.829681 0.0512919301504
55207.6465848 0.762499307352 11.821771 0.0511637967158
54408.6691071 0.764972045356 11.808521 0.0528762619434
54833.6221421 0.767068256027 11.83807 0.0513474656446
54408.6790996 0.77007471733 11.808856 0.0528671638327
54833.6306998 0.771438264044 11.833261 0.0513598475027
54408.6891195 0.775191343467 11.811747 0.0528665943737
54833.6392756 0.77581748612 11.834585 0.0513677940027
53607.7534464 0.777712409855 11.854242 0.0524714783931
54408.6981354 0.779795340116 11.807991 0.0528693622197
54833.6477942 0.780167517372 11.847369 0.0513702348191
53607.7650357 0.783630460503 11.836793 0.0524051135023
54939.4102291 0.787712305992 11.841329 0.0523529255521
53607.7766476 0.789560095287 11.860396 0.0524284066617
54939.4152961 0.79029975693 11.832104 0.0523494870942
54939.4203581 0.79288466652 11.834493 0.0523623348337
54939.425401 0.795459823926 11.839728 0.0523832441733
53607.7883081 0.795514529666 11.84872 0.052395635538
54512.5597885 0.816706647585 11.842188 0.0533102089802
54512.5717666 0.822823272139 11.84364 0.0533362912042
56398.409383 0.825042789421 11.8513 0.0512887618344
54512.5837358 0.828935345887 11.854147 0.0533867208548
56398.4189118 0.829908629927 11.847859 0.0512867584005
54739.7546525 0.83367250167 11.8276 0.052708557397
56398.4284187 0.834763359002 11.845618 0.0512917979261
54512.5957233 0.835056752166 11.856881 0.0534362390065
56398.4380883 0.839701127819 11.855164 0.0513167596019
54739.7712074 0.84212626419 11.828293 0.0513192587912
54739.7877747 0.850586350948 11.89678 0.051603774219
53717.5995816 0.870597124836 11.884876 0.0530186204343
53717.607005 0.874387882486 11.889242 0.0530266538322
53717.6143704 0.878148976301 11.891201 0.0530376138606
54896.5119715 0.881734321472 11.818376 0.0514982415056
53717.6216881 0.88188576707 11.888362 0.0530216815245
54896.5200147 0.885841599148 11.828768 0.0515168225382
54896.5280494 0.889944509087 11.829601 0.0515296250069
54896.5360944 0.894052673454 11.823172 0.0515341863207
53872.3554948 0.896641856004 11.870641 0.0525938047082
55327.3660214 0.897181430633 11.839951 0.0529120279436
53872.3606633 0.899281181438 11.850616 0.0525803902006
54522.51807 0.901899082261 11.812204 0.0531473261933
54424.6035704 0.901899318639 11.847855 0.0548261850918
53872.365842 0.901925660704 11.850129 0.0525966694816
53872.3710005 0.90455983848 11.858043 0.0526564452823
55327.3830401 0.905872030547 11.835099 0.0529214260752
54424.6127386 0.906581047598 11.840365 0.0548059239334
54424.6217482 0.911181793452 11.824806 0.0548395378335
54097.6049698 0.92019560407 11.812183 0.0530573971146
54097.6135424 0.924573171386 11.82569 0.053067388545
54097.6221073 0.928946838007 11.819565 0.0530753138371
54097.6306542 0.933311290256 11.803171 0.0531697338092
54377.6673777 0.933951416695 11.826843 0.0530278431159
54377.6762235 0.938468532136 11.839322 0.0530251516137
54377.685092 0.942997231461 11.837018 0.0529988047649
54377.693964 0.947527704273 11.850551 0.0529930357369
54955.3972958 0.951501462397 11.838154 0.0525845829684
54955.4023417 0.9540781564 11.836878 0.052603101179
54955.4073796 0.956650766587 11.841515 0.0526260592951
54955.4124442 0.959236976237 11.86311 0.0526907577331
53676.7067882 0.988708621396 11.863276 0.053788470973
53676.7153107 0.993060644386 11.855978 0.0538199631168
53676.72279 0.996879936781 11.860247 0.0538172953521
