53821.7337069 0.00402868366749 11.722476 0.052495300613
53821.7376624 0.00426974526518 11.715592 0.0524813354436
53821.7416144 0.00451058817191 11.700243 0.0524549976307
53821.7455992 0.00475342792912 11.70967 0.052462404524
55413.5390267 0.0118265107746 11.744875 0.0518880995221
55413.5752964 0.0140368538017 11.732369 0.0519097881425
54757.3922747 0.0249319655952 11.732321 0.05271480141
54757.4011749 0.0254743564415 11.750848 0.0527602397286
54757.4100912 0.0260177340542 11.738962 0.052741366665
54757.419033 0.026562664158 11.754737 0.0527935906461
55397.4827177 0.0333229473862 11.727323 0.0517564899464
55397.5211286 0.0356637796161 11.718292 0.0517538815073
54954.6082783 0.0436694076644 11.738631 0.0518481019599
54954.6187115 0.0443052316325 11.750803 0.0517489677038
54954.6292121 0.0449451543334 11.710811 0.0516662455875
55709.5767511 0.0529571382607 11.718951 0.051380651161
55709.5852052 0.0534723506695 11.71353 0.0513683974158
55709.5937707 0.0539943492136 11.712861 0.0513624726902
55709.6023303 0.0545159880291 11.719165 0.0513660853087
53576.5678889 0.0631337093286 11.726782 0.0524578812926
53576.5761012 0.0636341863097 11.718499 0.0524429832451
53576.5843167 0.0641348530638 11.717702 0.0524511617795
53576.592536 0.0646357525433 11.704071 0.0524140084981
55381.6193137 0.0665754009322 11.718213 0.0513203716298
55381.6498024 0.068433437838 11.717234 0.0512941404406
55660.7161154 0.0752923398888 11.720338 0.0529086846575
55660.7983144 0.0803017108365 11.643602 0.0530090491405
56415.7634624 0.0893868233947 11.662432 0.0521841983979
56415.7728115 0.0899565753454 11.676109 0.0513978875738
56415.780928 0.0904512120716 11.688966 0.0521663793705
53806.748916 0.0908255772343 11.755678 0.0571116247807
56415.7887577 0.0909283695905 11.691867 0.0526580981354
53806.7570117 0.0913189485429 11.704394 0.0525271869872
53806.7649901 0.0918051662417 11.77677 0.0550106664634
53692.4290888 0.123946811517 11.71752 0.0541153078876
53692.4356761 0.124348252844 11.718899 0.0541734835338
53692.4422786 0.124750624499 11.729301 0.0542547220654
53692.4488948 0.125153827068 11.721862 0.0542817329788
53692.4554862 0.125555524395 11.734834 0.054355373267
56383.7648195 0.139325568654 11.635063 0.0512424711262
56383.7725007 0.139793676548 11.639206 0.0512469657865
56383.7802543 0.140266192877 11.649444 0.0512608592017
56383.7880796 0.140743082361 11.632678 0.0512301921212
54644.6761446 0.15578570063 11.688802 0.0513608720326
54644.6876986 0.156489826153 11.681172 0.0513470819942
54644.6992467 0.157193591985 11.682018 0.0513595514528
54644.7108589 0.157901259067 11.665524 0.0513383900695
54677.5500025 0.159184312463 11.660866 0.0513678250974
54677.5556132 0.159526235865 11.664299 0.0513753414844
54677.5612392 0.159869096683 11.650757 0.0513528281743
54677.5666619 0.160199564545 11.668701 0.0513800087108
53972.4840308 0.191054736908 11.623353 0.0525904184467
53972.4913124 0.191498494811 11.616922 0.0525905884265
53972.4986058 0.191942965145 11.692536 0.065486269527
53972.5064797 0.192422817074 11.63529 0.0584456174643
53972.5142997 0.192899388441 11.640453 0.0556250179862
53972.5216103 0.193344909713 11.681893 0.124378693021
53972.5289121 0.193789894945 11.639597 0.0687874935055
53972.5362493 0.1942370392 11.628064 0.0544491759881
54333.5362395 0.194297991802 11.635157 0.0518120218768
54333.5472242 0.194967419907 11.628751 0.0518185849277
54333.5581011 0.195630281213 11.644247 0.0518685348999
54333.5689626 0.196292203738 11.604967 0.0518378817809
54005.4480067 0.19994531541 11.62448 0.0527050872289
54005.4568619 0.20048496882 11.6446 0.0527386838339
54005.4658527 0.201032888867 11.640087 0.052742380974
54005.4745268 0.20156150356 11.628101 0.0527268079448
54169.7552439 0.213156759232 11.58278 0.0530219275502
54169.7624544 0.213596186316 11.578614 0.0529962260286
54169.7696426 0.214034244991 11.612168 0.0530730753072
54169.7768358 0.214472613366 11.580988 0.0529675386685
53989.4450035 0.224690313933 11.623726 0.0531325488475
53973.4353351 0.24902912273 11.59513 0.0525824174773
53973.4434202 0.249521847243 11.597195 0.0525802720285
53973.4512949 0.250001748547 11.60086 0.05258153865
53973.4589521 0.250468388629 11.607628 0.0525926637478
53990.4769728 0.287580588175 11.599059 0.0526173458899
53990.485466 0.288098177602 11.60491 0.0526314829651
53990.4939776 0.288616895583 11.59747 0.0526116454774
53990.5024775 0.289134894114 11.615204 0.0526568005821
54236.6458355 0.28960310923 11.526568 0.0562635679886
54236.6527348 0.290023568092 11.615569 0.0532252429428
54236.6596227 0.290443329389 11.593413 0.0531734724943
54236.6665284 0.290864176927 11.615859 0.0532171462719
55057.4708606 0.312320769856 11.623278 0.0514056560635
55057.4791609 0.312826607502 11.618154 0.0513990871815
55057.4874944 0.313334470177 11.622582 0.0514061795702
55057.4956886 0.313833839781 11.616937 0.0514005967639
54729.4053255 0.319351339319 11.630041 0.0524196776723
54729.413061 0.319822754596 11.627846 0.0524048892287
54729.4207135 0.320289112541 11.60984 0.0523634229565
54729.4283398 0.320753877102 11.635344 0.0524073731811
54614.7502642 0.332042739105 11.627167 0.0512402917693
55123.4416514 0.332712620734 11.612345 0.0514142672931
54614.7635733 0.332853820682 11.634068 0.0512487873117
55123.4522521 0.333358651762 11.6072 0.0514132120519
54614.7766537 0.33365096458 11.62372 0.0512367937067
55123.4628781 0.334006220471 11.620669 0.0514483299106
54614.7897879 0.334451388365 11.601574 0.0512085023356
55123.4734975 0.33465338711 11.63813 0.0514952238027
54319.5275769 0.340582092077 11.606891 0.0525533737554
54319.5382037 0.341229709425 11.59624 0.0525371366097
54319.5487407 0.341871860343 11.582808 0.0525141062436
54319.5593111 0.342516036332 11.608211 0.0525780959716
56108.4726973 0.362473401078 11.606797 0.0511382540397
56108.4790078 0.362857971173 11.61546 0.0511470719948
56108.4853443 0.363244129039 11.614617 0.0511765035801
56108.4975605 0.363988608892 11.605576 0.0511197331394
53614.4229534 0.370097003189 11.635958 0.0517739876763
53614.4362106 0.37090492691 11.63585 0.0517719392793
53614.4493263 0.371704222854 11.63392 0.0517752732025
53614.4619937 0.372476197164 11.609533 0.0517316537299
56059.7569029 0.393635517289 11.604281 0.050533205058
56059.7719383 0.394551804915 11.626876 0.0505465009495
56059.7869999 0.39546968734 11.607669 0.0505388938476
56059.8021102 0.396390539278 11.621673 0.0505531811958
53959.4893395 0.399132276076 11.610818 0.0512133945779
53959.4994253 0.399746924814 11.618945 0.0512071993335
53959.5094439 0.400357482534 11.601237 0.0512009518427
53959.5195257 0.400971884378 11.634115 0.0512248193024
53664.4214083 0.417102780716 11.65337 0.0526490209002
53664.4295813 0.417600860244 11.663594 0.0526826397641
53664.4377414 0.418098150489 11.676252 0.0527272358289
53664.4459293 0.418597139199 11.653801 0.0526693784911
53649.4209457 0.50294460524 11.721375 0.0540142227015
53649.4305716 0.503531231232 11.712662 0.0540003137313
53649.4401666 0.504115967589 11.73372 0.0541451406032
55487.4315677 0.51498564736 11.749788 0.0519203061875
55487.4616312 0.516817778968 11.756584 0.0519616163559
53994.4242617 0.528136263451 11.706849 0.0529372612728
53994.432785 0.528655686775 11.7077 0.0529343320828
53994.441323 0.529176012955 11.687797 0.052921047418
53994.4498629 0.529696451962 11.679515 0.0531925356711
53912.5876255 0.540848078087 11.711599 0.0527766532422
53912.5972346 0.541433679906 11.71826 0.0527936683189
53912.6068173 0.542017670711 11.723194 0.0527849348745
53912.6163341 0.542597643171 11.727166 0.0527888985859
53945.4970753 0.546415727094 11.709181 0.0519214621754
53945.5077156 0.547064170419 11.701873 0.0519115279665
53945.5181827 0.547702054001 11.704882 0.0519054393562
53945.5293897 0.548385032504 11.702702 0.0519052253853
55849.430221 0.575907128288 11.608168 0.0512721308399
55849.4403405 0.576523829576 11.614158 0.0512913209218
55849.4504095 0.577137455531 11.61574 0.0513036092667
55849.4605374 0.577754671743 11.588107 0.0512823770708
56243.420593 0.586467892098 11.720007 0.0511343811654
56243.4283248 0.586939082359 11.715441 0.0511773669282
56243.4360729 0.587411266463 11.712797 0.0511676588421
56243.4438174 0.587883232625 11.719628 0.0512330279574
54356.4116 0.588368182828 11.720362 0.0520672144458
54356.421746 0.588986500061 11.711983 0.0520574375214
54356.4317416 0.589595653421 11.708133 0.0520317786595
54356.4417589 0.590206127906 11.720367 0.0520550769381
54274.6665931 0.606664076111 11.654037 0.0527400715708
54274.6765112 0.607268504364 11.654014 0.0527618752173
54274.6863969 0.60787095695 11.650395 0.0527689504132
54274.6963314 0.608476386785 11.66981 0.0528308840711
55275.7497536 0.614672797807 11.720463 0.0521183317592
56490.4561203 0.6413066858 11.686703 0.0514865450543
56490.4651237 0.64185537541 11.689263 0.0514777444766
56490.4743112 0.642415280706 11.683316 0.0514697206064
56490.4833743 0.642967602855 11.693086 0.0514819716228
53881.6659673 0.656420425625 11.631519 0.0523351068519
53881.6777775 0.657140164055 11.61341 0.0524616263187
53881.6902259 0.657898792464 11.61614 0.0574824318753
53881.7026998 0.658658976205 11.652753 0.052685226295
54029.3993804 0.659589903312 11.630398 0.0518041479688
54029.4091844 0.66018737612 11.630975 0.0517816582611
54029.4190009 0.660785618499 11.642546 0.0518140670951
54029.44012 0.662072658475 11.651215 0.0527526931811
54029.4478559 0.662544094924 11.634178 0.0527406720593
54029.4555993 0.663015997597 11.637191 0.0527560068695
54029.4633437 0.663487955978 11.6559 0.0528175198127
55769.5909138 0.710340166054 11.598588 0.0508654371885
53636.426709 0.711049851847 11.617132 0.0515141097133
55769.6035856 0.711112416852 11.595783 0.0508645762453
53636.4393666 0.711821230126 11.609614 0.0517174842543
55769.6163955 0.711893075386 11.597964 0.0508689046166
53636.4519747 0.712589595872 11.614371 0.0519804256594
55769.629171 0.712671639769 11.600268 0.0508738375426
53636.4645994 0.713358965338 11.644692 0.0520445256717
53587.568388 0.733526110928 11.635436 0.0521853304831
53587.5769227 0.734046233263 11.641956 0.0522171812218
53587.5853817 0.734561741911 11.636092 0.0522091756588
53587.5935698 0.735060745436 11.621074 0.0521801740261
54260.5703187 0.747608935035 11.601002 0.0523023802344
54260.5791218 0.748145414361 11.60397 0.052290972633
54260.5879971 0.748686295052 11.607523 0.052244560353
54260.5969609 0.749232564612 11.603343 0.0522003811723
56213.4290163 0.758721260609 11.631231 0.0508701120192
56459.5750827 0.759354530498 11.675191 0.0540726418666
56213.4395977 0.75936611442 11.610881 0.0508450689204
56213.4502487 0.760015206674 11.621923 0.0508706970339
56459.5882445 0.760156640066 11.721616 0.0555945420004
56213.4608437 0.760660885724 11.600705 0.0508503734003
56459.6005575 0.760907017337 11.664188 0.0524452734309
56459.6127409 0.76164950179 11.684075 0.0527062614324
53850.6827877 0.768243534666 11.615972 0.0504776151961
55032.5958981 0.796390836109 11.598607 0.052341678043
55032.6036347 0.796862321902 11.602818 0.0523561704032
55032.6112872 0.797328679853 11.59303 0.0523388803959
55032.6189394 0.797795023695 11.617545 0.0524000387211
55032.6267306 0.798269832394 11.611583 0.0523890713277
54589.7125646 0.806195276556 11.614131 0.0512982118037
54589.7266377 0.807052920215 11.612831 0.0512949360194
54589.7411688 0.807938475864 11.60363 0.0512796262957
54589.7561021 0.808848543044 11.615055 0.0512957957611
54622.656296 0.813852113928 11.61964 0.0512722828701
54622.6724139 0.814834376199 11.611622 0.0512514932359
54622.6884157 0.815809556802 11.600769 0.0512811939397
54622.7041639 0.816769282563 11.621419 0.0516406585147
55738.5281409 0.817312702494 11.584426 0.0508291753681
55738.5330354 0.817610983966 11.589482 0.0508323753396
55738.537993 0.817913110251 11.603598 0.0508533703125
55738.5430674 0.818222352824 11.586308 0.0508251676646
53605.6240885 0.833876588223 11.601283 0.0522674116879
53605.6398658 0.834838093563 11.603564 0.0522992873052
53605.6547681 0.835746266885 11.61858 0.0523680751964
53605.6699201 0.836669659477 11.600372 0.052366896128
53556.5705854 0.844458065968 11.577557 0.0526942319237
53556.5782659 0.844926130844 11.570289 0.0526776239468
53556.586135 0.845405686534 11.584812 0.0527075467488
53556.593999 0.845884939647 11.577971 0.0527023753263
54344.5241179 0.86392126376 11.601642 0.0517131919049
54344.5327825 0.864449300077 11.610692 0.0517338948469
54344.5414337 0.86497652455 11.597128 0.0517156649293
54344.5501019 0.865504779522 11.626088 0.0517756290276
56182.4950648 0.873544425047 11.635934 0.0513284963007
56182.5063072 0.874229561951 11.638702 0.0513429142309
56182.517586 0.874916914323 11.636026 0.0513489163561
56182.5288437 0.875602982976 11.624577 0.0513381909591
54295.5474199 0.879183393128 11.606642 0.0612735688135
54295.5548201 0.879634380836 11.629244 0.0561668439875
54295.5622373 0.880086399068 11.567552 0.0580172091287
54295.5694658 0.880526919458 11.665486 0.0754244582314
53606.4277588 0.882853865523 11.625832 0.0509616079321
53606.4479714 0.884085659214 11.64855 0.050990834105
53606.4680476 0.885309142482 11.624067 0.0509582635606
53606.4874693 0.886492741905 11.621198 0.0509553641556
55083.4863361 0.897755850264 11.647611 0.0505020388129
55083.5030775 0.898776103941 11.641649 0.0505017517329
55083.51984 0.899797641398 11.653269 0.0505167842331
55083.536586 0.900818176529 11.64247 0.0506251671856
55805.5430123 0.901332913512 11.681174 0.0514882960052
55805.5566063 0.902161354393 11.66427 0.0514623262408
55805.5702925 0.90299542395 11.681241 0.0515006506652
55805.5840522 0.903833966102 11.680484 0.051513772004
55362.5942109 0.90714760405 11.675629 0.0514852931979
55362.6288793 0.90926037074 11.628888 0.0510977674524
54525.7742435 0.90966619437 11.62176 0.0539361778077
54525.7768764 0.909826646041 11.624049 0.0539576817735
54525.7795856 0.909991753036 11.625486 0.0539252107155
54525.7823298 0.910158990136 11.609865 0.053909333903
56150.5120129 0.924433316027 11.679313 0.0512716861517
56150.520535 0.924952668799 11.678845 0.0512700724028
56150.5291758 0.925479259158 11.670453 0.0512607145695
56150.5375847 0.92599171296 11.69515 0.051296494512
54378.428583 0.93012713543 11.649426 0.0529206267916
54378.4384192 0.930726569096 11.649412 0.0529091857097
54378.4483421 0.931331293594 11.651152 0.0529191344491
54378.4582038 0.931932286083 11.630219 0.0528805227484
54017.4612336 0.93205537622 11.668729 0.0528591895844
54017.4693546 0.932550288045 11.678873 0.0528702791071
54017.4775096 0.933047266522 11.671912 0.0528925466038
54017.485659 0.933543906418 11.646548 0.0528430592143
54362.4092389 0.953876287346 11.673382 0.0529544754638
54362.4175529 0.954382957307 11.677568 0.0529721984499
54362.4258298 0.954887370136 11.662255 0.0529463796749
54362.4340436 0.955387931777 11.671123 0.0529605629642
55445.4495471 0.956517402834 11.688459 0.0517828697421
55445.4713515 0.957846208557 11.675749 0.0517689324878
55330.6083915 0.957867839444 11.675479 0.0519462910588
55330.6476159 0.960258254066 11.671316 0.0518952114923
54740.404847 0.989684163075 11.691739 0.0524108971221
54740.4190964 0.990552549152 11.619672 0.0521457091764
54986.5569632 0.990686124305 11.706581 0.0519504824328
54986.5645054 0.99114576028 11.708169 0.0519356192569
54740.430857 0.991269265859 11.732921 0.0527077671971
54986.572101 0.991608654964 11.711384 0.0519362149123
54740.4425806 0.991983724762 11.68895 0.0516130578745
54986.5796655 0.992069645205 11.708741 0.0519339696667
53903.5861328 0.992279122758 11.664628 0.0517902856105
53903.5995244 0.993095233458 11.668883 0.0517840824978
53903.6132066 0.993929054731 11.666907 0.0517774189459
53903.6273036 0.994788154911 11.684792 0.051795630524
53936.4753676 0.99661482784 11.692106 0.0518580686586
53936.4862491 0.997277970607 11.689863 0.0518536015305
53936.4971457 0.99794203172 11.678371 0.0518431790113
53936.5081413 0.998612122856 11.688396 0.0518531040561
