56028.5106277 0.000916141452031 13.349291 0.054535513301
56028.5247087 0.00196564642298 13.35825 0.0545755107968
56028.5388334 0.00301841224902 13.341147 0.0545523407233
56028.5529271 0.00406886615837 13.364151 0.0546624951255
54888.5750848 0.0375319958824 13.377105 0.054674852271
54888.5901857 0.0386575207433 13.378171 0.054716687045
54888.6053756 0.0397896802636 13.363104 0.0546535481094
54888.6205323 0.0409193630956 13.376005 0.0547010185122
54915.5794728 0.0502635097934 13.334168 0.0545985626903
54915.5853312 0.050700159644 13.337113 0.0546104034753
54915.5912068 0.0511380870732 13.352866 0.0546845017283
54915.5970624 0.0515745298992 13.333492 0.0546305716617
53694.6946678 0.0534476579714 13.31981 0.0586799880633
53694.7062979 0.0543144886048 13.290504 0.0585386818316
53694.7179869 0.0551857093055 13.31683 0.0586211576417
54526.5697202 0.0560056745784 13.32884 0.0589246161424
53694.7296137 0.0560522983751 13.310077 0.0584682623978
54526.5793664 0.056724639866 13.323465 0.0588856541825
54526.5888767 0.0574334767436 13.347668 0.0590398686814
54526.5984035 0.0581435471881 13.318474 0.0588681146873
56418.4127814 0.0616877510087 13.349815 0.0527534310477
56418.4221032 0.0623825438228 13.350562 0.053010981205
56418.4315557 0.06308706741 13.32701 0.052655805953
56418.4420006 0.0638655672086 13.34874 0.0528126183054
54258.3759942 0.0665889845157 13.286607 0.0584626331419
54258.3858143 0.0673209155312 13.284145 0.0753222419984
54258.4175579 0.0696868753296 13.319619 0.0616275003677
54151.6295238 0.110401090679 13.500291 0.067933878569
54151.6384478 0.111066224535 13.31246 0.0603193593326
54151.6471847 0.111717416951 13.221795 0.0730361786594
54151.6559319 0.112369377167 13.425109 0.0651398903824
56459.3899962 0.115862935818 13.312173 0.0554041712955
56459.4010581 0.116687416942 13.319053 0.0552977519703
56459.4106793 0.117404518892 13.305771 0.0552727506103
56459.4203698 0.118126789046 13.317466 0.0553803792859
54595.4943968 0.193202961858 13.329676 0.0571443259115
54595.5047108 0.19397170417 13.326277 0.0573819909468
54595.5150778 0.194744388821 13.325686 0.0576906619902
54595.5254288 0.195515883842 13.341628 0.0578463647822
55360.4490239 0.207947560035 13.337716 0.0566334757166
55360.456049 0.208471164749 13.356684 0.0564524843313
55360.4631286 0.208998833447 13.352911 0.0564362643603
55360.4702131 0.209526864459 13.357804 0.0565087446036
53723.667024 0.212858726494 13.331736 0.0596148170969
53723.6790405 0.213754356014 13.339843 0.0596610565298
53723.691175 0.214658783781 13.339323 0.0595772643934
53723.7041193 0.21562356905 13.320231 0.0594281020358
55615.5775936 0.223572442961 13.368237 0.0563473221128
55615.6133567 0.226237989479 13.340183 0.0564238512627
54810.662897 0.230464063853 13.35288 0.0592739579124
54810.6717494 0.231123865612 13.339071 0.0591633348231
54810.680656 0.231787705461 13.345816 0.0591866664231
54810.689573 0.232452320855 13.361813 0.0592052082333
56058.4545263 0.232739669755 13.406992 0.0548832460846
56058.4685683 0.233786267561 13.410538 0.0549013874987
56058.4827292 0.234841724882 13.394079 0.0549129313332
56058.4968372 0.235893248503 13.371836 0.054816544297
54153.6348238 0.259863111881 13.384215 0.0575157617164
54153.6484287 0.260877134957 13.397278 0.0578810998788
54153.6620153 0.261889794173 13.37257 0.0575307324276
54153.6756126 0.26290324791 13.38954 0.0576394155338
54918.4872603 0.266991087821 13.379388 0.0580683232
54918.4975816 0.26776037361 13.380673 0.0580666542973
54918.5076545 0.268511137303 13.381593 0.0580854911314
54918.5176726 0.269257820614 13.370048 0.0580664136155
54408.7113272 0.271607316775 13.369926 0.0605379443192
54408.7201831 0.272267378209 13.384107 0.0605566195764
54408.7290067 0.272925031964 13.401067 0.0606304464034
54408.7378291 0.273582590794 13.382287 0.0604213081125
55656.5202992 0.275175527642 13.401795 0.0553119025159
55656.5587042 0.278037991804 13.411309 0.0553726870125
55562.651632 0.27881536049 13.398132 0.0553506643736
55562.6942242 0.281989903529 13.39714 0.0553365784804
54261.3925988 0.291427083044 13.404091 0.0582131502099
54261.4013179 0.292076946141 13.397001 0.0582309921923
54261.4100353 0.292726689321 13.404397 0.0583304637394
54261.4187469 0.293375991687 13.403368 0.0583483100325
54167.6127034 0.301683386588 13.407449 0.0613617657161
54167.6195229 0.302191666231 13.431137 0.0616397816357
54167.6263841 0.302703051417 13.407555 0.0615199831155
54167.6331983 0.303210942852 13.445422 0.0618984410721
53899.3882956 0.309979873347 13.391935 0.0584029462382
53899.3968212 0.310615316262 13.387856 0.0583885287707
53899.4053425 0.311250434873 13.392291 0.0584403395227
53899.4138919 0.311887651402 13.406714 0.0585132816754
54100.696386 0.314176140374 13.440083 0.0609580828123
54100.7070058 0.314967667138 13.420767 0.0610259157963
54100.7178075 0.315772754027 13.424777 0.0608683790736
54100.7284997 0.31656968101 13.432739 0.0609302895829
55160.7064201 0.320432489503 13.421837 0.0587438832462
55160.7139509 0.320993781067 13.42656 0.0588984810047
55160.7214395 0.321551932587 13.437753 0.0589136793693
55160.7289357 0.322110653484 13.418503 0.0587581470212
53738.6511065 0.329674821355 13.456986 0.0651688598943
53738.6668586 0.330848880954 13.470016 0.061877335005
53738.6746813 0.3314319296 13.459127 0.0606698785082
54476.6486644 0.335214741027 13.437676 0.0603769977328
54476.6602221 0.336076171432 13.436112 0.0603689305163
54476.671804 0.336939412532 13.419225 0.0602761097953
53859.5080003 0.33756194187 13.462125 0.0586992765945
54476.6836771 0.337824359814 13.439661 0.0604451459561
53859.5182639 0.338326922112 13.479362 0.0588457282672
53859.5285574 0.3390941289 13.479291 0.0588651201791
53859.5388903 0.339864277309 13.487474 0.0589196036862
54208.5590483 0.353557720575 13.523787 0.0617084310206
54208.5675749 0.354193237696 13.514343 0.0616834653633
54208.5761155 0.354829798635 13.524759 0.0618228490032
54208.5846696 0.35546736887 13.530191 0.061885805034
55590.6712894 0.367218452065 13.572649 0.0559652285819
55590.713937 0.370397126354 13.569393 0.0559423014835
54195.5067577 0.38072483779 13.53049 0.0613999541688
54195.5186888 0.381614106106 13.520139 0.0612938275552
54195.5305936 0.382501416204 13.526892 0.0613493825176
54195.5424619 0.383386000284 13.524512 0.0613309993124
54839.6528533 0.391186928845 13.534283 0.0589949815179
54839.6632071 0.39195863089 13.525705 0.0589442679447
54839.6736328 0.392735697835 13.545552 0.0590580361354
54839.6842419 0.393526430973 13.515734 0.0589107507715
54182.5092202 0.411972898703 13.455027 0.0579856428128
54182.5160902 0.412484939546 13.432684 0.0579040013169
54182.5230051 0.413000336102 13.448767 0.0579951222739
54182.5298017 0.413506906826 13.42869 0.0578668436124
55685.4047738 0.428036474966 13.41517 0.0565231368135
55685.431935 0.430060896209 13.409032 0.0565013606004
56302.7170116 0.438477259949 13.444891 0.0554779575671
56302.7247555 0.439054441653 13.446634 0.0554659395925
56302.7327801 0.439652544507 13.433754 0.0554215836394
56302.7405128 0.44022888946 13.440214 0.0554601658058
53847.4721842 0.440490460808 13.436311 0.0546545026865
53847.4880372 0.441672034137 13.412535 0.0546026928165
53847.5039161 0.442855548475 13.423527 0.0546251869427
53847.519791 0.444038760863 13.422532 0.0546377729991
55645.5585601 0.45815876157 13.416829 0.0565871362733
55645.5941601 0.460812157562 13.392433 0.0565029312508
54867.5133274 0.467725535669 13.374335 0.0562261206192
54867.5266472 0.468718302052 13.378415 0.0562643831403
54867.5398485 0.469702242549 13.386117 0.0562489687935
54867.5529351 0.470677634175 13.376369 0.0561324009318
54975.4001266 0.508906128503 13.396013 0.0563479193643
54975.4087067 0.5095456311 13.359502 0.0561887366071
54975.4173434 0.510189352107 13.410684 0.0563161843383
54975.4259592 0.510831521164 13.390713 0.0569861207115
55270.6244099 0.513004819799 13.394934 0.0568925247024
55270.6344356 0.513752072487 13.397812 0.0569194877038
55270.6444773 0.514500516473 13.395055 0.0569001202218
55270.6545109 0.515248355754 13.411339 0.0570374397414
55740.3981077 0.526882050582 13.358726 0.0553724072424
54908.5587962 0.526987925089 13.329253 0.0579210400036
55740.405854 0.527459405688 13.338115 0.0553253399893
54908.5672248 0.527616135512 13.352584 0.0580077045809
55740.4136527 0.528040668638 13.356008 0.0554542569294
54908.5756679 0.528245431991 13.366934 0.0580869592285
55740.4214077 0.52861867937 13.332452 0.055474049656
54908.5840774 0.528872219062 13.344646 0.0579465063902
56384.5069551 0.534567897342 13.380653 0.0550624961484
55673.4317033 0.535641642269 13.379575 0.0551376372716
56384.5213955 0.535644188661 13.389848 0.0550884445568
56384.5358498 0.536721523799 13.378254 0.0550187005003
56384.5500219 0.537777817877 13.390251 0.0550698623655
55673.4828122 0.539450966566 13.356659 0.0547802158879
54130.677184 0.548749900439 13.36151 0.0599696970411
54130.687609 0.549526915597 13.378 0.0601280264243
54130.6979 0.55029394121 13.349659 0.0599713791417
54130.7081845 0.551060475125 13.353108 0.0600175257852
54922.5494926 0.569763472475 13.318365 0.0555034609286
54922.5596381 0.570519653672 13.28598 0.0555046578355
54506.6482891 0.571191724449 13.334353 0.0567895355527
54922.5697879 0.571276153999 13.32045 0.0555546724209
54506.6581716 0.571928297441 13.332847 0.0572456165062
54922.5799407 0.572032879507 13.324082 0.0555967959588
54506.6680001 0.572660849588 13.32266 0.0569148804632
54949.4259952 0.572963239736 13.359242 0.0535340742523
54506.6778009 0.573391339968 13.328 0.05724143882
54949.4339823 0.573558547607 13.353967 0.0530973024897
54949.4419459 0.574152103388 13.349306 0.0530943571953
54949.4500102 0.574753165185 13.357908 0.0531388903419
54882.5949695 0.591813081584 13.348075 0.0546524106235
54882.6015304 0.592302088608 13.346441 0.0546612560763
54882.6080872 0.592790793742 13.327381 0.0545884736544
54882.6146171 0.593277488842 13.340943 0.0546405468026
53876.4622108 0.601218563821 13.318238 0.0579960981858
53876.4713346 0.601898594038 13.327726 0.0602833356581
53876.4804961 0.602581433878 13.340505 0.0582228220997
53876.4896624 0.603264630002 13.331449 0.0580689653807
55942.6791871 0.603598590445 13.332378 0.0549815073346
55942.6932724 0.604648415493 13.33618 0.0549964411794
55942.7074937 0.605708375882 13.346688 0.0550552838675
55942.7217494 0.606770906975 13.331857 0.0549996095194
54225.3805203 0.607320884987 13.309205 0.0600072615527
54225.3879396 0.60787386834 13.295142 0.0601537713069
54225.3953099 0.608423202659 13.345052 0.0612075245166
54225.4025422 0.608962247189 13.288965 0.0604683669437
54037.7373131 0.621616170714 13.362299 0.0600991462374
54037.7424636 0.622000050139 13.355684 0.0600265485674
54037.7476134 0.622383886455 13.343416 0.0599315573256
54037.7527681 0.622768085077 13.353646 0.0599561853323
54064.6747115 0.629354712292 13.337414 0.057703919557
54064.689483 0.630455684216 13.332669 0.0581649291084
54064.7043811 0.631566094473 13.333514 0.0574177298533
54064.719265 0.63267544365 13.351767 0.0573440193626
54534.5935522 0.654049952463 13.346885 0.0593461861053
54534.6028373 0.654742002012 13.329311 0.0592576660368
54534.6120039 0.65542521715 13.324479 0.0592465952241
54534.6209821 0.656094395968 13.345916 0.0593728874006
53823.5856168 0.660141017305 13.358254 0.0558075333958
53823.5991935 0.661152938954 13.34483 0.0557568078836
53823.6127916 0.662166454784 13.364155 0.0590710816067
55715.3961636 0.663399681906 13.332212 0.0561551856354
55715.4103013 0.664453413926 13.342856 0.0562540920075
55715.4246093 0.665519844216 13.32677 0.0562238824554
55715.4389483 0.666588578666 13.347458 0.0563957283109
54588.4935615 0.671406212338 13.337477 0.0554784048271
54588.5017573 0.672017073859 13.330753 0.0554692485882
54588.5099327 0.672626417147 13.334052 0.0554983422397
54588.518123 0.673236865484 13.326759 0.0554683997505
54615.4602095 0.681324836344 13.324242 0.0552411570231
54615.4700488 0.682058191612 13.33701 0.0552988459127
54615.4798914 0.682791797052 13.331462 0.0552890897581
54615.4897107 0.683523659072 13.331933 0.0553237928318
54602.4944315 0.714940036318 13.332646 0.0554442436604
54602.4999758 0.715353273654 13.336199 0.0554804502
54602.5055388 0.71576790765 13.341821 0.0555124618652
54602.5110869 0.716181420186 13.360994 0.0556237742775
54938.5153109 0.759751769359 13.381205 0.0556238415855
54938.5260488 0.760552103008 13.394704 0.0556896156637
54938.5368268 0.76135542229 13.378443 0.0556339592396
54938.5475761 0.762156610809 13.396197 0.055714443222
55381.3896565 0.768726168324 13.397534 0.0568560460237
55381.3969277 0.769268118304 13.395818 0.0568694115273
55381.4042264 0.769812113632 13.393265 0.0568665222601
55381.4114899 0.770353486499 13.404429 0.0571929973518
54120.6030476 0.797889269525 13.401527 0.0574401389875
54120.6162504 0.798873321338 13.417528 0.0575335015752
55247.6311599 0.79923745321 13.39648 0.0602095914577
54120.629434 0.799855941982 13.398904 0.0574044228585
55247.6399471 0.799892398195 13.39453 0.0603287469343
55247.6487191 0.800546204494 13.371844 0.0602675080739
55368.4021838 0.800724393398 13.421577 0.0566823106927
54120.6427469 0.800848198548 13.412923 0.0574932461072
55247.6576288 0.801210277268 13.400299 0.0606524081948
55368.409393 0.801261721265 13.407315 0.0566986466692
55368.4166878 0.801805425883 13.433141 0.0568497737717
55368.4239864 0.802349415166 13.414562 0.0567790951836
54241.4933386 0.808265597529 13.376471 0.0577612828284
54241.50318 0.808999116726 13.386704 0.0578380303705
54858.6803631 0.809373803324 13.434449 0.0581915415246
54241.5130841 0.809737302012 13.400412 0.0579493504655
54858.6911457 0.810177467704 13.425707 0.0581501172319
54241.5230024 0.810476549243 13.399992 0.057958206935
54858.7019041 0.810979329096 13.443277 0.0582718734308
53852.4452127 0.811147670411 13.439612 0.0641848644448
54858.7127557 0.811788134879 13.434351 0.058231562504
53852.4569945 0.812025812181 13.405683 0.0572266926608
53852.468734 0.812900794915 13.441231 0.0617799133677
53852.4804394 0.813773241438 13.474011 0.0583616062991
55301.5401756 0.817264995932 13.449797 0.0572167713566
55301.5490181 0.81792406443 13.435847 0.0571439177021
55301.5579975 0.818593330363 13.462612 0.0573003834289
55301.5668618 0.819254012057 13.437342 0.0571711344816
55207.6625347 0.820235986391 13.407877 0.0564098953172
55207.6770494 0.821317816861 13.396555 0.0563297251451
55207.6916412 0.822405392581 13.431509 0.056472351466
55328.4489223 0.822868036324 13.432328 0.0569813126289
55207.706095 0.823482684579 13.422188 0.0564017148294
55328.4582841 0.823565797524 13.44781 0.0570587925079
55328.4677393 0.824270528143 13.426477 0.0569906641135
55328.4771824 0.824974353866 13.444502 0.0570920610634
53758.7268881 0.825993060977 13.440004 0.0657214333125
53758.7370556 0.826750881195 13.51829 0.0702014723986
53758.7474885 0.827528477805 13.484237 0.0705126374968
53758.7580333 0.828314417127 13.502568 0.10074624399
54966.4451698 0.841461868365 13.47122 0.0587640589657
54966.4553916 0.842223735283 13.463691 0.0587602573786
54966.4654793 0.842975603152 13.48465 0.058914058536
54966.4973839 0.845353570274 13.491749 0.0590306722005
54966.5075724 0.846112952775 13.504177 0.0591614505198
54966.5177532 0.846871765027 13.49256 0.0590987144703
54966.5278932 0.847627532093 13.500545 0.0592283660745
56402.4817458 0.874291937123 13.464861 0.0557650669191
56402.4907745 0.874964877975 13.468716 0.0558100644368
56402.4998144 0.875638647885 13.476472 0.0558425265321
56402.5095783 0.876366386399 13.494369 0.0558915266721
53826.5497037 0.881064784726 13.524167 0.0563662916901
53826.5620667 0.881986247393 13.526483 0.0564088038303
53826.5773679 0.883126694434 13.534846 0.0564938528582
53826.5929051 0.88428474145 13.538597 0.0565057602747
53826.6082208 0.885426267685 13.516421 0.0564110555938
56362.5365773 0.897038777737 13.459449 0.0558886827794
56362.5527036 0.898240728771 13.462744 0.0558955213622
56362.5675 0.899343556259 13.465207 0.0559103183544
56362.5823419 0.900449774835 13.44697 0.0558708684572
53813.570151 0.913653314229 13.486702 0.0563193514177
53813.585357 0.914786672017 13.451073 0.0561615884416
53813.6005483 0.915918932463 13.443397 0.0561428084414
53813.6157676 0.917053282262 13.493776 0.0563913173268
54297.3624061 0.972382664724 13.384103 0.0596715309081
54297.3675554 0.972766457892 13.379836 0.0596827470903
54297.3727052 0.973150294207 13.382297 0.0597486123875
54297.3778637 0.973534768864 13.389917 0.0598044308522
53881.480623 0.975258382247 13.404713 0.0585055353505
53881.4901015 0.97596484594 13.39265 0.0584794552504
53881.4995817 0.976671437318 13.394049 0.0585520259955
53881.5090025 0.977373602397 13.387488 0.0585549223769
56001.5715637 0.993053459294 13.379203 0.0544953510416
56001.5857991 0.994114472118 13.349014 0.0544146858524
56001.6001566 0.995184586838 13.551838 0.076273509124
56001.6144151 0.996247317189 13.351496 0.0544785455675
