55275.749754 0.00225583724118 18.1244 0.242
55381.619314 0.00264235142179 18.168 0.197
53973.44342 0.00293399393126 18.154 0.291
56108.479008 0.00978232225558 18.2351 0.197
53973.451295 0.0167694443005 18.1629 0.292
56108.485344 0.0209139303277 18.5184 0.23
53973.458952 0.0302218942767 18.3873 0.33
54319.527577 0.0321632495357 18.1226 0.287
54677.550003 0.0355294365663 18.0987 0.2
56108.49756 0.042376008022 17.9509 0.172
54677.555613 0.0453855478827 18.2825 0.219
56182.495065 0.0473040636789 18.1445 0.199
55738.528141 0.04954584586 18.2118 0.181
54319.538204 0.0508336407865 18.1291 0.288
53936.475368 0.0544071399742 18.1213 0.228
54677.561239 0.0552697693299 18.3007 0.222
55381.649802 0.0562061877448 17.933 0.178
55738.533035 0.0581440292397 17.9505 0.161
54677.566662 0.0647973435935 18.2954 0.22
53587.568388 0.0658093079677 18.3317 0.288
55738.537993 0.0668546531047 18.212 0.181
56182.506307 0.0670549377288 18.2391 0.211
54319.548741 0.0693459126148 18.1535 0.291
53936.486249 0.0735237794127 18.2508 0.243
55738.543067 0.0757690753549 18.3067 0.187
53587.576923 0.0808043008539 18.268 0.279
55413.539027 0.0818303202822 18.2259 0.239
56243.420593 0.0863033433566 18.1835 0.185
53912.587625 0.0864474077243 18.5073 0.347
56182.517586 0.086870816431 18.2618 0.217
53664.421408 0.0875419455796 18.2615 0.306
54319.559311 0.0879161615625 18.2237 0.303
53936.497146 0.0926685289693 18.0733 0.223
53587.585382 0.0956657706565 18.131 0.26
56490.45612 0.0987192326028 18.2451 0.213
56243.428325 0.0998875595203 18.5178 0.221
53664.429581 0.101900946958 18.1679 0.292
53912.597235 0.103331049392 18.4693 0.34
56182.528844 0.106649800599 18.31 0.219
53587.59357 0.110051125283 18.306 0.285
53936.508141 0.111985453014 18.31 0.251
56243.436073 0.113499885802 18.3547 0.205
56490.465124 0.11453820342 18.4097 0.23
53989.445003 0.11583653965 17.7525 0.261
53664.437741 0.116237108881 17.8937 0.253
53912.606817 0.120165498344 18.4116 0.328
56243.443817 0.127105184564 18.1269 0.186
53664.445929 0.130622463507 18.078 0.278
56490.474311 0.130678683745 18.385 0.227
53912.616334 0.136885749927 18.4646 0.339
54729.405325 0.139241729479 18.4803 0.331
55445.449547 0.144867267519 18.5638 0.286
55413.575296 0.145550694856 18.2247 0.24
56490.483374 0.146601310644 18.3056 0.219
54729.413061 0.152832973176 18.4897 0.329
53806.757012 0.154486199695 18.2031 0.279
54729.420713 0.166276638736 18.6216 0.356
53806.76499 0.168502608981 18.7304 0.573
54729.42834 0.179676382229 18.5355 0.338
55445.471352 0.183176092347 18.274 0.247
55709.576751 0.185352869873 18.4652 0.235
53606.427759 0.199509829759 18.2178 0.187
55709.585205 0.200205555273 18.3705 0.222
55709.593771 0.215255011512 18.69 0.26
54274.666593 0.216681600176 17.8315 0.25
55083.486336 0.218004532765 18.3157 0.161
54704.409723 0.224903810678 18.3064 0.224
55709.60233 0.230292169582 18.4099 0.226
54005.448007 0.231235615527 18.4849 0.353
54274.676511 0.234106361672 18.3364 0.325
53606.447971 0.235019940624 18.4253 0.207
54704.41767 0.23886575661 18.232 0.214
53614.422953 0.246126952342 18.2742 0.248
54005.456862 0.246792810839 18.4164 0.34
55083.503078 0.247418261045 18.1684 0.152
54274.686397 0.251474902933 18.3053 0.322
54704.425586 0.252773239165 18.3316 0.226
54005.465853 0.262588942188 18.3993 0.338
54704.433575 0.266808974166 18.2779 0.22
54274.696331 0.26892777456 18.1493 0.298
53614.436211 0.269419701686 18.1598 0.234
53606.468048 0.270292872336 18.4372 0.208
55083.51984 0.276867126976 18.2489 0.157
54005.474527 0.277828141747 18.2515 0.312
54644.676145 0.280020731215 18.2799 0.216
53614.449326 0.292461216824 18.3992 0.265
53692.429089 0.293749011753 18.3449 0.414
54644.687699 0.300319752639 18.3403 0.221
53606.487469 0.304413289064 18.3016 0.194
53692.435676 0.305321597364 18.07 0.358
55083.536586 0.306287882789 18.3639 0.173
54757.392275 0.309026862736 18.273 0.3
53614.461994 0.314717405436 18.2843 0.25
53692.442279 0.316922293092 18.0134 0.348
53972.484031 0.317400165151 18.4473 0.337
54644.699247 0.320608232751 18.4302 0.233
54757.401175 0.324663117767 18.3966 0.322
53850.682788 0.326917198125 18.4047 0.167
53692.448895 0.328545828289 18.3803 0.434
53972.491312 0.330192027268 18.4094 0.331
54017.461234 0.337064951957 18.2068 0.306
53692.455486 0.340125441419 18.521 0.473
54757.410091 0.340327482915 18.0517 0.267
54644.710859 0.341009153361 18.2936 0.218
55660.716115 0.34295226551 18.3303 0.32
53850.694468 0.347437586753 18.4448 0.17
54017.469355 0.351332595449 18.8454 0.438
54757.419033 0.356037527014 18.0829 0.273
54017.47751 0.365659972943 18.3463 0.332
53850.706141 0.367945677199 18.2497 0.159
54362.409239 0.370208541968 18.7544 0.427
53972.5143 0.370579244198 17.5253 0.337
54017.485659 0.379976809151 18.3611 0.336
55330.608391 0.382439958545 18.2751 0.255
54029.44012 0.382561183439 18.5315 0.363
54525.774244 0.38334123931 18.4006 0.435
54362.417553 0.384815263799 18.1196 0.3
54525.776876 0.387965354286 18.79 0.544
53850.717808 0.388443226346 18.2743 0.158
54525.779586 0.392726506087 18.8142 0.552
56213.429016 0.39462393929 18.1397 0.174
54029.447856 0.396152427136 17.9883 0.271
54362.42583 0.399356980978 18.821 0.446
53972.536249 0.409141060102 18.3856 0.467
54029.455599 0.409755969014 18.2322 0.31
56059.756903 0.410764419621 18.6113 0.181
56213.439598 0.413215270823 18.1762 0.174
54362.434044 0.413788014554 18.6904 0.412
55123.441651 0.414801735806 18.1138 0.209
54029.463344 0.423363024659 18.0387 0.28
54236.652735 0.430796394887 18.855 0.495
56213.450249 0.43192782727 18.1695 0.178
55123.452252 0.43342644812 18.3879 0.24
56059.771938 0.437179149319 18.4029 0.171
54236.659623 0.442897802143 17.8069 0.276
56213.460844 0.450541998285 18.1696 0.178
54260.570319 0.451183260425 18.2984 0.296
55330.647616 0.451353678042 18.2669 0.252
55123.462878 0.452095082487 18.2825 0.229
54236.666528 0.455029076414 18.5241 0.409
56059.787 0.46364131485 18.6535 0.19
54740.404847 0.464110402503 18.1225 0.262
54260.579122 0.46664909785 17.8959 0.24
53821.733707 0.466780864038 18.5678 0.335
55123.473497 0.470751418685 18.0037 0.201
53821.737662 0.473729334672 18.2163 0.277
53821.741614 0.480672534657 18.4343 0.311
54260.587997 0.482241430814 18.0991 0.262
53959.489339 0.487252059949 18.6098 0.248
55660.798314 0.487366257317 18.5691 0.387
53821.745599 0.487673711773 17.9215 0.237
54740.419096 0.489144222492 18.1622 0.259
54260.596961 0.497990126329 18.1593 0.267
53959.499425 0.50497197773 18.6225 0.25
54740.430857 0.509806918607 18.2473 0.293
55057.470861 0.511869498769 18.1825 0.215
54378.428583 0.514315079329 17.8335 0.258
53959.509444 0.522574184377 18.5817 0.246
55057.479161 0.526451624248 18.2399 0.222
54740.442581 0.53040461007 17.7464 0.179
54378.438419 0.531595776456 17.8497 0.261
53959.519526 0.540287074613 18.2823 0.21
55057.487494 0.541091726846 18.0536 0.202
54378.448342 0.549029322381 18.1291 0.302
55057.495689 0.555489379655 18.237 0.221
54378.458204 0.566355698457 17.9296 0.272
55362.594211 0.57777016463 18.2926 0.23
54622.656296 0.593731442934 17.8436 0.174
53556.570585 0.606308965378 18.041 0.285
53556.578266 0.619803580525 18.3133 0.33
54622.672414 0.622048876479 17.7174 0.163
55769.590914 0.623190850161 18.0883 0.172
53556.586135 0.633628489608 18.1482 0.301
55362.628879 0.638677770175 18.0045 0.185
54333.536239 0.643737592023 18.1355 0.235
55769.603586 0.645454066305 17.9832 0.165
53556.593999 0.647444614275 18.0579 0.289
54622.688416 0.650162511639 17.7914 0.172
56383.76482 0.654632020941 17.935 0.175
54333.547224 0.663036947248 18.0022 0.22
55769.616396 0.667959732251 17.9886 0.165
56383.772501 0.668126636101 18.154 0.191
54622.704164 0.677829898637 18.0126 0.211
56383.780254 0.681747746798 17.9553 0.176
54333.558101 0.682146559154 17.9195 0.213
55769.629171 0.690403907312 18.019 0.168
56383.78808 0.69549710993 17.9444 0.174
54333.568963 0.701229817812 17.7927 0.203
54614.750264 0.703761485628 17.7458 0.164
54589.712565 0.715464080543 17.6686 0.164
54614.763573 0.727143835976 17.4831 0.146
53649.420946 0.733491452768 17.627 0.274
53576.567889 0.73922416065 18.0889 0.256
54589.726638 0.740188689194 17.8404 0.177
54614.776654 0.750125617111 17.7415 0.165
53649.430572 0.750403204554 17.7103 0.286
53576.576101 0.75365168046 17.6344 0.204
53881.665967 0.760724889761 17.9856 0.248
54589.741169 0.765717950075 17.9321 0.184
53649.440167 0.767260492987 17.9909 0.339
53576.584317 0.768086227803 17.7222 0.214
54614.789788 0.773200513017 17.949 0.181
53881.677778 0.781475429997 18.0128 0.261
53576.592536 0.782526045783 17.8684 0.229
53649.449512 0.783678560765 17.776 0.413
55805.543012 0.786805811775 17.8692 0.184
53605.624088 0.787554243749 17.6421 0.208
54589.756102 0.791953477752 17.9557 0.186
54954.608278 0.794388517019 17.949 0.204
53881.690226 0.803345104449 17.9915 0.556
55032.595898 0.809480138446 18.0255 0.258
55805.556606 0.810688873664 17.9271 0.187
54954.618712 0.812719829944 18.1846 0.223
53605.639866 0.815274337216 17.9395 0.244
55032.603635 0.823073139026 18.0677 0.265
53881.7027 0.825260457851 18.0044 0.268
54954.629212 0.831167097107 17.7347 0.179
54356.4116 0.833061016536 17.7207 0.196
55805.570293 0.834735325638 17.8424 0.18
55032.611287 0.836516804586 17.8785 0.241
53605.654768 0.84145540154 18.2065 0.284
55032.618939 0.849960470146 18.0537 0.264
54356.421746 0.85088634727 17.9704 0.221
56150.512013 0.856836908593 18.1224 0.196
55805.584052 0.858908273162 17.8566 0.184
55032.626731 0.863650099262 18.3158 0.304
53994.424262 0.863809975585 18.0856 0.287
53605.66992 0.868075686507 18.0159 0.259
54356.431742 0.868448145616 17.9969 0.223
56150.520535 0.871809062011 18.0288 0.188
56415.763462 0.872488975571 18.1798 0.256
55397.482718 0.872780618075 18.1079 0.212
53994.432785 0.878783885872 17.9718 0.269
54356.441759 0.886046838496 17.9009 0.213
56150.529176 0.886990284437 18.1308 0.197
56415.772811 0.888914070882 18.0705 0.198
56459.600557 0.889117869254 18.0902 0.261
55849.430221 0.891479119459 18.2276 0.219
53994.441323 0.893784149408 18.0005 0.276
54169.755244 0.89975930709 17.6824 0.252
56150.537585 0.901763910119 18.1501 0.199
55487.431568 0.902348952024 17.7904 0.187
56415.780928 0.90317468684 17.845 0.213
53636.426709 0.904142729145 17.5047 0.16
53945.497075 0.904487078132 17.9722 0.212
53994.449863 0.90878792671 18.1292 0.313
55849.44034 0.90925701436 18.3613 0.239
56459.612741 0.910523726699 18.4051 0.324
54169.762454 0.912426430552 18.1733 0.326
54295.55482 0.914843900982 18.0735 0.499
56415.788758 0.916931077505 18.0812 0.269
53945.507716 0.923182065747 18.2231 0.241
54986.556963 0.924476888219 18.0057 0.219
54169.769643 0.925056659467 18.0435 0.304
53636.439367 0.926381348937 18.0214 0.217
55849.450409 0.926947065127 18.0381 0.204
53990.476973 0.928886663504 18.2334 0.306
54169.776836 0.937693915915 18.3898 0.365
54986.564505 0.937727296693 17.9249 0.21
55397.521129 0.940264235147 18.1541 0.222
53945.518183 0.941571355791 18.0524 0.222
53990.485466 0.943807867322 18.0216 0.273
55849.460537 0.944740771977 18.2191 0.224
54344.524118 0.948150881083 18.1294 0.231
53636.451975 0.948532124609 17.9172 0.222
54986.572101 0.951072576821 18.3332 0.257
55487.461631 0.95516611325 18.1331 0.224
53990.493978 0.958762451907 17.9291 0.26
53945.52939 0.961260738955 18.156 0.233
54344.532782 0.963372511823 18.327 0.256
54986.579665 0.964361636712 18.133 0.231
53636.464599 0.970711010386 18.0909 0.242
53990.502477 0.973694197024 17.9901 0.269
54344.541434 0.978573059965 17.8784 0.205
53973.435335 0.988729598209 18.1655 0.293
54344.550102 0.993801718237 18.3629 0.262
56108.472697 0.998694636237 18.4721 0.224
