55567.6053 0.0179253599837 13.9813 0.062
55657.454083 0.0273121755327 14.0033 0.06
54534.502995 0.065427563921 14.0017 0.068
55657.496402 0.0687648153604 14.004 0.06
54923.470202 0.0696463904409 14.0126 0.065
54534.513863 0.0760730727833 13.9854 0.068
54923.47874 0.0780095993761 13.9789 0.065
54534.523376 0.0853913213848 14.0 0.068
54923.487022 0.0861220491777 14.0206 0.065
54923.495232 0.0941639729704 14.0065 0.065
54534.532698 0.0945224801715 13.9739 0.068
54534.542047 0.103680086205 13.9986 0.068
54967.438291 0.137614849645 14.0086 0.066
54967.445882 0.145050445689 13.8202 0.073
56383.48321 0.193074737979 14.0869 0.06
56383.494971 0.204594965231 14.1245 0.061
56383.507035 0.216411989428 14.1026 0.06
56383.52095 0.230042119701 14.2424 0.062
55602.547878 0.245154275641 14.2003 0.069
54526.530994 0.25663042414 14.2526 0.071
54526.540049 0.265500048983 14.2606 0.071
54526.549091 0.27435693996 14.2229 0.07
55602.578325 0.274977960629 14.2524 0.07
54526.557903 0.282988539529 14.211 0.07
54477.567162 0.29519247723 14.264 0.073
54477.578149 0.305954549912 14.2634 0.073
54477.589087 0.316668625727 14.2322 0.073
55644.484327 0.323074737979 14.2812 0.064
54477.600213 0.327566852779 14.2608 0.073
54818.658232 0.403400920762 14.0836 0.063
54818.670873 0.415783132537 14.0618 0.063
54908.518422 0.423961210702 14.032 0.066
54818.6838 0.428445489277 14.0415 0.063
54908.526394 0.431770006861 13.9827 0.065
54908.534391 0.439603291219 14.0181 0.066
54818.696791 0.441170535808 14.032 0.062
54908.542389 0.447437555105 14.0193 0.066
54859.561025 0.468826525622 13.9684 0.065
56279.639832 0.475592124601 14.0481 0.061
54859.568326 0.475978058581 13.9442 0.065
54859.575694 0.483195219908 13.9671 0.065
56279.652669 0.488166323839 13.9704 0.06
54859.583133 0.490481927715 13.9508 0.065
56279.66284 0.498129101775 13.9966 0.06
56279.672802 0.507887158395 14.0136 0.06
55334.36375 0.551327260262 13.96 0.067
55334.386572 0.573682045262 13.9958 0.068
54761.725691 0.636390439812 13.9809 0.067
54761.732763 0.643317660892 13.9581 0.066
54761.73983 0.65023998433 13.9797 0.067
53773.51152 0.653070819869 13.9932 0.069
55675.451646 0.656426682345 14.0144 0.06
54761.746925 0.657189734552 13.982 0.067
53773.52013 0.661504554806 14.0312 0.069
55244.641952 0.666325790971 14.0386 0.06
53773.528746 0.669944166919 13.9957 0.069
53773.537726 0.678740327169 14.0666 0.07
55675.483272 0.687405230681 14.0729 0.061
56063.438964 0.700816926247 14.1271 0.062
53774.590228 0.709695366838 14.1377 0.071
56063.452132 0.713715349205 14.1565 0.063
53774.599359 0.718639435796 14.1321 0.071
56063.464209 0.725545107261 14.1623 0.063
53774.608194 0.727293564506 14.1369 0.071
53774.622262 0.741073562544 14.1846 0.072
56358.5395 0.760015672449 14.2125 0.066
56358.549396 0.76970908023 14.2257 0.066
54595.460765 0.775262023712 14.1239 0.065
56358.559077 0.779191889512 14.2416 0.066
53818.56016 0.779469095901 14.1414 0.067
54595.468926 0.783255950637 14.1347 0.066
53818.568653 0.787788226081 14.1045 0.066
54595.477059 0.79122245078 14.1348 0.066
53818.577177 0.796137721622 14.1237 0.066
54595.48523 0.799226172987 14.117 0.066
53818.585683 0.804469585661 13.887 0.064
54113.661964 0.839909883439 14.1246 0.078
54113.664955 0.842839651292 14.1186 0.077
54113.667935 0.845758644335 14.114 0.076
54113.67091 0.848672739744 14.1518 0.076
53722.68212 0.864257028114 14.1878 0.071
54245.385551 0.866834165936 14.1261 0.071
53722.693042 0.874955431485 14.1556 0.07
54245.40375 0.884660593596 13.9682 0.069
53722.703509 0.885208149675 14.0991 0.069
54245.41279 0.893515525523 14.0855 0.071
53722.713042 0.894545988841 14.0863 0.069
53901.379332 0.90315603879 14.0324 0.067
54977.41529 0.91036340484 14.0159 0.067
53901.387825 0.911475168971 13.9993 0.067
54977.421558 0.916503085519 13.9914 0.067
53901.396319 0.919795278679 13.9718 0.067
54977.427841 0.922657459106 13.9205 0.067
54197.462349 0.924722303855 14.0226 0.07
54977.434128 0.928815750813 14.0243 0.067
54197.471756 0.933936722503 14.0336 0.07
54197.481109 0.94309824665 14.0285 0.07
54197.490451 0.952248995986 14.0183 0.07
