53831.659873 0.00146968666027 16.5741 0.136
54189.737842 0.00598274690745 16.4973 0.152
54188.642023 0.00689411685814 16.7888 0.174
55395.506339 0.00953243708862 16.6466 0.138
56445.620658 0.0114564403294 16.7468 0.098
56400.679194 0.0135583385976 16.681 0.094
55745.545988 0.0143958136963 16.7065 0.109
55722.528205 0.0182520307291 16.5161 0.103
53928.493576 0.0204716134109 16.5498 0.144
53627.418329 0.0236709872187 16.5509 0.118
54530.648319 0.0257017274802 16.5834 0.13
54892.743941 0.0259152015258 16.4416 0.131
54188.64987 0.0283701530304 16.7378 0.169
56423.704737 0.0309400520918 16.7422 0.085
53831.671144 0.0323166859898 16.4283 0.128
56400.687928 0.0374619578112 16.6851 0.093
56445.630537 0.0384937490169 16.7328 0.097
55745.556013 0.0418327020199 16.6818 0.107
55275.67285 0.0436417577023 16.5913 0.147
54530.654978 0.0439263897499 16.533 0.127
54188.658007 0.0506398747398 16.4628 0.152
54892.753347 0.0516579817171 16.5133 0.144
55722.541093 0.0535245111811 16.6118 0.102
54910.658233 0.0545864077124 16.4394 0.132
55011.50469 0.0558809362075 16.4443 0.146
56400.696669 0.0613847349383 16.708 0.095
53831.681912 0.0617870514139 16.4739 0.129
54530.66157 0.0619676832874 16.4775 0.125
55696.601998 0.0621975784157 16.4162 0.111
55745.565988 0.0691327480012 16.6132 0.105
55011.510575 0.0719872791198 16.3592 0.142
54188.666585 0.0741165458608 16.8109 0.179
54910.666612 0.077518446332 16.5263 0.137
54530.668198 0.0801075033201 16.4223 0.122
56102.551302 0.0832165611887 16.6247 0.103
55354.610803 0.0847190900446 16.4287 0.141
55011.516467 0.0881127799656 16.4544 0.148
55722.553916 0.0886190965962 16.6354 0.104
56366.726871 0.0912546799872 16.7143 0.132
55745.575897 0.096252162098 16.6832 0.107
54910.675014 0.100513432427 16.4735 0.133
55696.616981 0.103203752745 16.5562 0.116
55011.52237 0.104268386116 16.3829 0.144
56102.561907 0.112240820607 16.4597 0.099
55685.660175 0.116105248152 16.6307 0.115
56366.738484 0.123037680891 16.6397 0.129
54910.683459 0.123626102932 16.3144 0.125
56102.572679 0.141722133401 16.6824 0.103
56366.748277 0.149839620761 16.7143 0.131
56102.5833 0.170790182361 16.7017 0.102
56366.757969 0.176365139119 16.552 0.129
53846.707186 0.183658835618 16.3613 0.124
55696.647097 0.185626628409 16.5579 0.116
55354.651465 0.196004751156 16.754 0.156
55685.692201 0.203755501039 16.5781 0.119
53846.71596 0.207671928697 16.4927 0.13
56076.658383 0.21826626233 16.8463 0.111
53846.724768 0.231778074557 16.48 0.13
56076.667614 0.243530094344 16.7127 0.107
55714.574214 0.249397893706 16.7634 0.108
53846.733536 0.25577474655 16.4968 0.13
55655.751343 0.260216648778 16.9284 0.13
56076.676886 0.26890613709 16.8423 0.112
54236.607777 0.281810369341 16.5825 0.162
53879.629236 0.286263218954 16.6112 0.118
56076.686135 0.294219232361 16.9774 0.117
54236.616829 0.306584305806 16.7393 0.176
56046.732549 0.315845795092 17.0963 0.119
53879.6408 0.317912114364 16.7003 0.121
56046.744682 0.349051956272 16.9967 0.118
53879.652354 0.349533641297 16.7753 0.125
55323.658486 0.372971996568 17.0637 0.18
55655.794019 0.377014319167 17.1053 0.142
53879.663915 0.381174326164 16.9243 0.133
56046.756948 0.382622118088 17.1784 0.121
53889.530734 0.385145490754 16.9625 0.136
53889.536515 0.400967201611 16.931 0.134
55263.748583 0.40875079367 17.0784 0.138
56046.769174 0.416082806019 16.9671 0.111
53889.542161 0.416419438156 16.9525 0.134
54266.619268 0.418660915628 16.9135 0.174
53968.470078 0.430029776871 16.8777 0.175
53889.547735 0.431674621751 16.9455 0.134
56126.429976 0.435487049222 16.9395 0.106
54266.628736 0.444573380314 16.7206 0.16
53968.476405 0.447345806043 16.7759 0.166
55323.687207 0.451576971067 16.9338 0.16
53863.613304 0.453112342063 16.7762 0.148
56126.439178 0.460671512694 16.7959 0.103
53968.48277 0.464765835385 16.8493 0.174
54266.638255 0.470625424189 16.7523 0.163
53863.623298 0.48046438813 16.6306 0.139
53968.489122 0.482150285707 16.6834 0.161
56126.448489 0.486154292459 16.7512 0.102
54266.647839 0.496855363101 16.5448 0.149
53863.633315 0.507879381672 16.4101 0.128
56126.457683 0.511316861149 16.8377 0.101
53863.643422 0.535540691423 16.4328 0.129
54599.528807 0.541039016476 16.4471 0.107
53956.457307 0.552916931203 16.3768 0.136
56030.744669 0.559468942245 16.6697 0.113
54599.537567 0.565013793689 16.4816 0.108
53956.466277 0.577466446241 16.5267 0.145
54599.54664 0.589845203934 16.3266 0.102
56030.756406 0.591591312137 16.594 0.124
53956.475267 0.602070698212 16.3172 0.134
54316.380899 0.608617235558 16.4443 0.142
54641.574275 0.613039979837 16.3746 0.123
54599.555674 0.614569877161 16.3848 0.104
54316.386072 0.622774943607 16.416 0.14
56030.768267 0.624053051018 16.4681 0.109
53956.484266 0.626699581791 16.5798 0.148
54592.620149 0.633101066264 16.3373 0.118
54316.391206 0.636825914638 16.5162 0.146
54641.583276 0.637674337112 16.3503 0.121
55821.410696 0.644472664355 16.5599 0.117
54316.396367 0.650950780535 16.4454 0.142
54592.628672 0.656427210805 16.374 0.121
56030.780162 0.656607842698 16.464 0.11
55821.416627 0.660704902219 16.4667 0.112
54953.629836 0.661276903186 16.3843 0.108
54641.592285 0.662330589168 16.4048 0.125
55821.422633 0.677142403596 16.6035 0.119
54592.637247 0.679895671383 16.3925 0.123
54641.601322 0.687063472938 16.3725 0.123
54953.640439 0.690295688909 16.5072 0.112
55821.428721 0.69380432638 16.4686 0.12
54592.645776 0.703238237009 16.3368 0.12
56066.609169 0.715107941225 16.7144 0.115
54953.650719 0.718430473122 16.4855 0.111
53817.674709 0.726219538876 16.4741 0.129
56066.618682 0.741143564014 16.7477 0.116
54953.660949 0.746428415013 16.54 0.114
53817.684734 0.7536564272 16.5239 0.132
56066.62823 0.767274976451 16.812 0.12
53817.694987 0.781717316567 16.551 0.132
54979.617099 0.784432268508 16.779 0.168
56066.637814 0.793504915363 16.9491 0.127
54979.625752 0.808114203122 16.6677 0.16
53817.705125 0.809463468554 16.6233 0.136
54979.634454 0.831930243231 16.7819 0.155
55242.713185 0.83809088519 16.8099 0.162
55775.443281 0.838703938852 16.9189 0.123
56475.520036 0.841470890885 17.098 0.118
56174.448248 0.854137017478 16.9416 0.107
54979.643258 0.8560254417 16.9276 0.166
55242.721308 0.860322291052 16.7571 0.158
55775.453916 0.867810303659 16.9774 0.124
56174.455313 0.873472839512 17.102 0.115
56475.532693 0.876111159751 16.8767 0.109
53605.442825 0.880085061174 16.8167 0.155
56174.462387 0.892833293174 16.9443 0.109
55775.464565 0.896954984333 17.0654 0.129
53873.645126 0.908671425122 16.8959 0.157
56475.545465 0.911066165996 17.0424 0.114
56174.46958 0.912519431586 16.9844 0.113
53605.454778 0.912798589958 16.79 0.153
56423.662204 0.914533750776 17.0204 0.09
53996.41961 0.923614608168 16.8733 0.177
55775.475267 0.926244717873 17.0092 0.125
54189.710067 0.929966829401 16.8622 0.179
53996.422264 0.930878199359 16.8897 0.178
53873.654216 0.933549361758 16.694 0.144
55045.441632 0.936089155506 16.7195 0.15
53996.424933 0.938182843244 16.641 0.16
55395.481257 0.94088684779 16.7706 0.146
53627.388567 0.942216955301 16.8513 0.132
53605.46672 0.945482013417 16.8108 0.155
53996.427607 0.945501171347 16.7436 0.168
56475.558211 0.945950014223 16.2894 0.101
53928.468039 0.950580758854 16.7873 0.16
56423.676353 0.953257394949 16.8993 0.088
56445.599993 0.95489950298 16.7312 0.097
53646.393236 0.955082871711 16.7518 0.205
54189.719271 0.955156766568 16.6693 0.163
55045.448655 0.955310029979 16.7998 0.156
53873.663279 0.958353403526 16.7089 0.145
53646.398365 0.969120158504 16.5263 0.186
53627.398473 0.969328158855 16.7193 0.126
53831.648254 0.96967026469 16.6979 0.143
53928.476567 0.973920587633 16.6385 0.149
55045.455691 0.974566483471 16.5532 0.14
53605.478464 0.977623541243 16.6171 0.143
54189.728573 0.980614914704 16.6759 0.165
53646.403508 0.983195761163 16.6668 0.199
53873.672361 0.983209445381 16.6049 0.14
55722.515422 0.98326691916 16.5274 0.104
56445.610673 0.984129025892 16.7549 0.099
56400.670655 0.990188404515 16.7543 0.094
56423.690556 0.992128828835 16.4715 0.087
55045.46273 0.993831147486 16.4717 0.135
53627.408388 0.996463994037 16.6043 0.121
53928.485057 0.997156416241 16.5269 0.143
53646.408657 0.997287784889 16.7239 0.206
54892.734389 0.999772841698 16.6089 0.141
