55795.484284 0.0106952671673 17.4958 0.148
53912.664593 0.0108336325224 17.4757 0.193
53614.504689 0.0108934661844 17.5152 0.181
54431.436824 0.013492490879 17.4899 0.219
56183.494204 0.0141057859404 17.5421 0.125
54291.583457 0.0172956680611 17.5669 0.216
54062.416178 0.0224451026287 17.5737 0.221
53945.559683 0.0254405253535 17.5328 0.165
54431.440823 0.0284471668815 17.572 0.226
53588.572555 0.0349839945066 17.552 0.159
55393.576716 0.0355860707516 17.5667 0.141
54623.709946 0.0388096093122 17.6081 0.12
53821.754239 0.0421191587608 17.5968 0.194
54431.444852 0.0435140310118 17.8139 0.574
54062.422544 0.0462514210688 17.6531 0.231
54291.592969 0.0528667803573 17.7942 0.251
54589.752952 0.0531023754219 17.5722 0.148
56183.504793 0.0537044516412 17.6312 0.129
55795.496269 0.05551441994 17.5781 0.153
53821.759389 0.0613781188414 17.5746 0.191
54062.428903 0.0700315622727 17.5711 0.222
54704.476333 0.0731055166749 17.6077 0.152
53945.573309 0.0763963681104 17.729 0.18
54623.720799 0.0793955304506 17.6072 0.155
53821.764539 0.0806370789492 17.4574 0.18
53903.591611 0.0814747502232 17.9183 0.196
55115.484719 0.0816692096136 17.6154 0.156
54291.602581 0.0888118530614 17.6982 0.239
54757.42762 0.0899449530549 17.6514 0.206
56183.515409 0.0934040866542 17.5604 0.126
54062.435198 0.0935723688276 17.8162 0.252
53614.527857 0.0975326093653 17.7162 0.204
53821.769647 0.0997389756672 17.4332 0.178
53588.589895 0.0998287261471 17.5672 0.16
55795.50815 0.0999446538841 17.8599 0.182
54589.768096 0.109734936891 17.4949 0.144
53606.509267 0.111182163606 17.6885 0.171
54599.664189 0.117202925893 17.7403 0.137
54704.488365 0.118100430809 17.5088 0.146
54757.436425 0.122872165396 17.6013 0.199
54005.485177 0.123051666392 17.7343 0.226
53945.587047 0.12777104651 17.6172 0.17
55765.565904 0.127804702953 17.6748 0.136
53903.605275 0.132572697922 18.4801 0.259
56183.526051 0.133200951374 17.761 0.137
55416.599985 0.133492640479 17.7168 0.149
54344.563432 0.141416861152 17.7901 0.186
55795.520044 0.144423502668 17.8416 0.193
53651.442833 0.144920870001 17.5221 0.241
55445.483544 0.146562556119 17.6193 0.168
54757.445265 0.15593026389 17.6301 0.205
55393.609499 0.158181505425 17.7125 0.15
55765.574236 0.158963082648 17.8249 0.144
54005.495179 0.160455184594 17.6571 0.217
53588.60676 0.162897145959 17.6959 0.17
54704.50043 0.163218751886 17.7579 0.162
53606.523587 0.164733291478 17.6991 0.172
54599.67748 0.166906001327 17.7442 0.136
53651.45224 0.180099323891 17.7296 0.27
54344.574314 0.182111230786 17.8929 0.195
54757.454112 0.189014539594 17.705 0.214
55765.58252 0.189941961377 17.8418 0.145
54005.505106 0.197578232518 17.8122 0.235
54704.512117 0.206923502673 17.802 0.166
56451.757778 0.213613654055 17.7846 0.144
53651.461488 0.214683180776 17.8455 0.287
54599.690722 0.216425836189 17.7732 0.138
53606.537582 0.217069048052 17.8166 0.182
55765.590743 0.220692724245 17.8389 0.145
54344.585207 0.222846736076 17.8664 0.193
53588.623612 0.225916950904 17.7644 0.176
55445.50532 0.227996170649 17.7664 0.18
54005.515042 0.234734936888 17.6651 0.219
56097.717237 0.242225363495 17.8675 0.281
53990.543605 0.247490725794 17.8825 0.242
53651.470987 0.250205678233 17.8145 0.284
55416.632506 0.255108298952 17.8274 0.156
53850.691719 0.256832256351 17.7939 0.125
56451.77068 0.261862023596 17.6181 0.136
54344.596086 0.263529886922 18.0978 0.217
54599.704312 0.267247053214 17.8556 0.143
53606.5515 0.269116855164 17.8599 0.186
55057.508829 0.274804792687 17.8208 0.172
53576.603989 0.277287889693 17.6394 0.168
53990.552124 0.279348411438 17.8786 0.243
53850.703408 0.300544486348 17.8314 0.129
55715.606869 0.300802519024 17.9396 0.173
55057.51741 0.30689433377 17.7492 0.166
56219.405891 0.309590588189 17.7642 0.146
56451.783646 0.310349727786 17.7403 0.15
53990.560677 0.311333243604 17.9906 0.257
54034.415995 0.312851522794 17.7685 0.236
54260.645306 0.320865493937 18.0097 0.234
53576.617284 0.327005923548 17.7606 0.177
55057.525702 0.337903129313 17.7066 0.162
53990.569226 0.343303117348 18.1037 0.274
56129.565952 0.343804224263 17.7913 0.145
53850.715075 0.344174445059 17.8093 0.128
54034.424468 0.344537186627 17.7146 0.231
56219.415703 0.346283581655 17.8378 0.151
54260.65449 0.355210016174 17.9128 0.223
55715.621745 0.356432866635 17.9203 0.17
56451.796684 0.35910668344 17.8341 0.168
55057.533876 0.36847065161 17.8846 0.177
54926.773034 0.374715790112 18.0615 0.233
53556.574757 0.375893765356 17.854 0.246
53576.630494 0.376406091072 17.8709 0.188
54034.432991 0.376409830692 17.7566 0.236
56219.425549 0.383103721669 17.7405 0.145
56129.57761 0.387400526554 17.9005 0.152
53850.726764 0.387886675056 17.9355 0.131
54260.66382 0.390100520575 17.8318 0.215
53556.582497 0.404838299554 17.8335 0.244
54034.4415 0.408230120285 17.6598 0.23
55715.63687 0.41299437566 17.7975 0.16
56219.435426 0.420039789388 17.8262 0.152
54926.785644 0.421872195325 18.2936 0.26
54388.493814 0.423644767567 18.0152 0.268
53576.643757 0.426004457616 17.7592 0.179
54260.673471 0.426191437826 17.918 0.226
56129.589268 0.430996828845 17.9784 0.157
53556.590338 0.434160533739 17.8661 0.248
56065.679835 0.435031861452 17.901 0.197
54926.792045 0.445809399892 18.181 0.245
54388.50064 0.449171303785 17.881 0.252
56486.584193 0.450611051303 17.8387 0.203
54944.710616 0.454167414591 17.8621 0.152
54199.712304 0.455573505672 18.184 0.212
53556.59812 0.4632621313 17.8996 0.251
53973.487649 0.464971130283 17.9616 0.249
54740.415029 0.469593280709 17.9913 0.197
55715.652127 0.470049512376 18.0306 0.178
56065.689818 0.472364327183 17.9664 0.181
56129.600843 0.474282743989 17.9236 0.154
54388.507474 0.474727756845 17.9872 0.266
53959.587123 0.482509872561 18.0313 0.208
56486.593283 0.484604050763 17.8515 0.214
55861.396689 0.496982139672 17.9457 0.164
53936.59461 0.499618560418 17.9365 0.199
54388.514321 0.500332824772 17.9 0.256
53973.49755 0.501996948499 18.0793 0.264
54944.723669 0.502980464322 17.9483 0.158
54729.460395 0.50360123858 17.9461 0.233
54199.725647 0.505471040521 18.0935 0.201
56065.69993 0.510179201845 18.2476 0.217
54740.426935 0.514117004755 17.8996 0.203
56486.602253 0.518148297739 17.966 0.293
55861.403737 0.523338867966 18.0139 0.17
53959.598158 0.523776401622 17.9421 0.199
54729.468321 0.533241339094 17.9866 0.237
53936.60493 0.538211272683 17.9472 0.201
53973.507485 0.539149913264 17.9986 0.254
54363.389484 0.543394363683 17.6004 0.217
56065.709981 0.547765960646 18.097 0.216
55861.410799 0.549747950704 18.0648 0.177
56486.611167 0.551483126934 18.0109 0.264
54944.736751 0.551901962548 17.9406 0.158
55684.655218 0.553887692231 18.0296 0.184
54740.438495 0.557346825848 17.8822 0.181
54206.693214 0.561411775277 18.4879 0.373
54729.47627 0.562967450501 18.0924 0.252
53959.609144 0.564859690084 17.7825 0.185
53973.517375 0.576134595851 18.0151 0.257
53936.615084 0.57618321068 17.9713 0.203
55861.417895 0.576284179991 18.0501 0.172
54417.414895 0.577032100782 18.0122 0.213
56388.746801 0.577518249288 18.0962 0.183
54363.39874 0.578008137382 18.0585 0.273
55035.663618 0.582368515538 17.9372 0.242
55362.705173 0.58824343328 17.9743 0.166
54729.484255 0.592828187666 17.9566 0.235
54206.702209 0.595049512382 17.9793 0.281
54944.749862 0.600931909297 17.9779 0.16
54740.450447 0.602042571678 17.9835 0.197
53959.620085 0.605774696369 17.8571 0.192
54677.610948 0.607206964659 18.026 0.183
54644.72016 0.608687847788 18.1152 0.187
55035.671125 0.610441722032 17.9012 0.237
56421.646856 0.610692275488 18.0078 0.177
56388.755764 0.611036319055 18.0225 0.176
54363.407999 0.612633129925 18.4984 0.345
53936.625037 0.613403488311 17.9808 0.204
54417.424695 0.613680219013 18.1896 0.235
55488.395027 0.618511787243 17.9703 0.197
54954.650521 0.625474929724 18.0514 0.198
54677.616355 0.627427002941 18.0722 0.187
54206.711238 0.628814396008 18.0258 0.287
55035.678634 0.638522407736 18.1213 0.267
56421.655805 0.64415799081 17.9896 0.176
56388.764745 0.644621701687 17.9287 0.168
54363.417067 0.646543858098 18.0471 0.27
54677.621764 0.647654520461 18.0535 0.186
54644.731216 0.650032908531 18.0259 0.181
54417.434493 0.650320858033 18.0555 0.221
53936.634919 0.650358254056 17.962 0.203
54206.720169 0.662212798437 17.9588 0.276
54319.56704 0.664811823154 18.0117 0.255
54954.661363 0.666019715205 17.8729 0.181
55035.686156 0.66665170828 18.0813 0.262
54677.627171 0.667874558743 17.975 0.179
55083.55367 0.672193801253 17.9277 0.165
54236.672982 0.673869143783 17.8977 0.362
56388.7736 0.677735894232 18.0007 0.174
56421.664922 0.678251959582 17.9578 0.173
55004.670691 0.681097798135 17.8778 0.286
55830.42795 0.686164961414 17.8921 0.184
54417.444293 0.686968976264 17.841 0.199
56154.527568 0.690360796992 17.8385 0.159
54644.742234 0.691235864304 17.9051 0.171
54236.679045 0.696542362238 18.0456 0.296
54319.576172 0.698961885977 17.7692 0.225
53668.438727 0.702832376013 17.8728 0.229
53849.741424 0.703105367095 17.832 0.172
54954.672151 0.706362562089 17.7247 0.168
55083.563796 0.71006103036 17.9417 0.166
56421.674111 0.712615179818 18.0007 0.176
54236.685099 0.719181924274 17.9371 0.341
55684.700474 0.723127206373 17.8143 0.164
56154.536465 0.7236320529 17.7606 0.153
54319.585199 0.732719290392 17.8001 0.228
54644.753387 0.732943666612 17.7973 0.163
55362.744428 0.735041584405 17.8646 0.158
55830.441027 0.735067761642 17.757 0.174
55488.426809 0.737363878423 17.5682 0.164
53637.428784 0.737928558635 17.7303 0.193
55004.686886 0.741660683328 17.8392 0.296
54236.691154 0.741825225888 17.6533 0.243
53668.450206 0.745759289197 17.9073 0.234
54954.682966 0.746806378286 17.7202 0.167
53849.753147 0.74694474364 17.8778 0.176
55083.57393 0.747958176281 17.8886 0.163
54623.633355 0.752389606902 17.5497 0.154
53622.458746 0.755916053375 18.003 0.305
55127.430971 0.755919792998 17.9018 0.225
56154.545472 0.75731466524 17.5554 0.144
53637.434799 0.760422276097 17.6853 0.186
55330.662754 0.762288338425 17.5225 0.166
54319.594115 0.766061598771 17.6781 0.215
53882.653662 0.781838987619 17.6201 0.195
55127.438007 0.782231646029 17.6592 0.196
53637.440754 0.782691617331 17.7011 0.187
55380.67372 0.783491892551 17.5786 0.146
55830.454098 0.783948124238 17.6602 0.166
55083.58406 0.785840363809 17.6807 0.149
53622.466882 0.786341470729 17.7224 0.263
53668.461648 0.788547837017 17.7687 0.219
54378.430247 0.789890354817 17.6902 0.226
53849.764737 0.790286752834 17.6302 0.157
56154.554514 0.791128163733 17.5932 0.143
53588.510205 0.801819691269 17.529 0.158
55004.703239 0.80281442592 17.5714 0.285
53637.446699 0.804923562512 17.6546 0.188
55127.445087 0.808708041661 17.5414 0.186
54018.505591 0.814242655438 17.5544 0.213
53622.474905 0.816344312836 17.4445 0.228
53882.663372 0.818150541521 17.5724 0.19
55654.776664 0.819930592958 17.497 0.174
54378.440106 0.826759109698 17.3979 0.196
53668.473107 0.831399958125 17.3911 0.191
54623.654515 0.831519625465 17.4261 0.138
55830.467292 0.833288458107 17.4971 0.156
53849.776523 0.834361724424 17.5039 0.148
55127.452275 0.835588314514 17.4231 0.176
53622.482734 0.845621671759 17.368 0.219
54018.515544 0.851462933068 17.4714 0.205
54758.433625 0.85200517562 17.4782 0.192
53882.673203 0.854914587457 17.4207 0.176
55004.719315 0.862932298235 17.597 0.322
54378.45001 0.86379614673 17.5386 0.21
55380.695473 0.864839496216 17.4554 0.14
53588.527371 0.866013731828 17.3216 0.144
54758.442425 0.884913689962 17.4277 0.188
54018.525541 0.888847753272 17.4256 0.201
53882.683134 0.892052593801 17.3399 0.17
55739.564894 0.894326272988 17.3223 0.129
54378.459874 0.90068359961 17.3692 0.193
53912.636102 0.904288577758 17.4294 0.189
53614.476288 0.904684975776 17.2706 0.147
55330.702146 0.909598815322 17.4065 0.157
54758.451258 0.917945611221 17.3871 0.185
55739.572004 0.92091485672 17.4115 0.134
55654.804428 0.923756955691 17.3915 0.163
53694.436416 0.923891581408 17.4212 0.212
54018.535522 0.926172739793 17.5367 0.214
53912.64582 0.940630048473 17.3712 0.184
54589.72373 0.943823670205 17.4423 0.141
55739.579169 0.947709118655 17.5911 0.143
53694.442847 0.947940974102 17.3551 0.207
54758.460105 0.951029886924 17.3845 0.185
53614.490652 0.958400646221 17.5209 0.172
53945.544618 0.969103392584 17.449 0.159
53694.449298 0.972065158872 17.1986 0.193
55739.586302 0.974383713306 17.5096 0.139
53912.655262 0.975939388517 17.4575 0.191
54291.574336 0.983186740868 17.553 0.21
54589.738164 0.99780111293 17.3843 0.138
54623.699106 0.998272303014 17.4773 0.113
54431.432809 0.998477981221 17.6568 0.232
