54113.678875 0.0232372203573 17.0376 0.206
54113.684059 0.0232744881333 17.1345 0.213
54113.689226 0.0233116336963 17.1195 0.206
54113.694403 0.0233488511493 16.9396 0.19
55644.490905 0.0282448980296 17.2845 0.143
55644.547058 0.0286485819464 17.4763 0.159
54393.73633 0.0365702632551 16.8841 0.171
54393.741806 0.036609630219 16.9659 0.176
54393.747248 0.036648752757 16.957 0.174
54393.752686 0.036687846539 16.9007 0.169
56063.432909 0.0400189631442 16.9203 0.123
56063.4462 0.0401145121431 16.7609 0.118
56063.458102 0.0402000756211 16.7305 0.116
56063.470081 0.040286192652 16.9189 0.125
55368.369983 0.0432115908534 16.9532 0.13
54534.507192 0.0485719896215 17.211 0.179
54534.518102 0.0486504216115 17.1353 0.175
54534.52744 0.0487175524934 17.0149 0.165
54534.536897 0.0487855388664 17.0387 0.167
54534.546084 0.0488515842094 17.0511 0.168
53704.652594 0.0827472878509 17.7368 0.261
53704.658627 0.0827906590879 17.8677 0.277
53704.664657 0.0828340087579 17.8336 0.27
53704.6707 0.0828774518848 17.9362 0.332
54818.663108 0.0913688686322 17.7253 0.18
53848.470489 0.116654134442 17.9882 0.162
53848.486447 0.116768856504 18.0668 0.168
53848.502399 0.116883535432 18.1512 0.176
53848.518355 0.116998243116 18.1451 0.176
55657.533132 0.122005467881 17.8639 0.199
55657.559843 0.12219749326 17.8814 0.203
54965.39807 0.146246509875 18.0019 0.239
54965.408994 0.146325042511 18.0044 0.24
54965.419831 0.146402949704 17.8403 0.221
54965.430669 0.146480864086 17.9029 0.228
56358.544939 0.161579345658 17.6905 0.195
56358.554695 0.161649481542 17.6953 0.196
56358.564571 0.161720480106 17.7006 0.197
56358.574312 0.161790508155 17.7341 0.201
55247.579846 0.174851296434 17.5069 0.208
53859.464946 0.195693285772 18.2627 0.274
53859.475205 0.195767037723 18.2202 0.267
53859.485481 0.195840911887 18.3056 0.281
53859.495775 0.195914915453 18.0887 0.252
53722.720081 0.212634451823 17.9121 0.262
53722.725792 0.212675508202 18.1523 0.299
53722.731388 0.212715737846 17.9836 0.272
53722.736855 0.212755040109 17.9073 0.262
54977.440736 0.232821235702 18.3776 0.311
54977.447841 0.232872313547 18.364 0.309
54977.454971 0.232923571117 18.3613 0.311
54977.462089 0.232974742419 18.4751 0.334
55675.457226 0.250861779577 18.3054 0.212
55675.488962 0.251089929681 18.1914 0.201
53877.394966 0.324592199482 18.3285 0.281
53877.405322 0.324666648766 18.2005 0.263
53877.415793 0.324741924785 18.3136 0.279
53877.426099 0.324816014619 18.38 0.291
53738.622856 0.326959501236 17.8895 0.346
53738.629768 0.327009191604 18.0192 0.31
53738.636676 0.327058853216 17.8623 0.355
53738.64361 0.327108701742 18.2472 0.513
56383.532931 0.341218020048 17.6122 0.153
56383.546452 0.341315222517 17.6208 0.151
56383.558445 0.341401440194 17.6945 0.156
56383.57039 0.341487312799 17.5661 0.149
54859.565057 0.385412979833 18.425 0.298
54859.572356 0.385465452344 18.2124 0.267
54859.579756 0.385518650944 18.2338 0.271
54859.587076 0.385571274424 18.3049 0.281
53890.370757 0.41787516093 17.9674 0.194
53890.381007 0.41794884818 17.8739 0.185
53890.39124 0.418022413217 17.6476 0.167
53890.401469 0.418095949498 17.7747 0.177
53756.682436 0.456789821785 17.6055 0.16
53756.698333 0.456904105318 17.7521 0.171
53756.714255 0.457018568576 17.5834 0.159
53756.730151 0.45713284492 17.6985 0.168
55567.679707 0.476049195909 17.5577 0.164
55567.69568 0.476164025805 17.6119 0.17
54038.728445 0.484418579381 17.1234 0.193
54038.736947 0.484479700259 17.0411 0.202
54038.745451 0.484540835515 16.9538 0.177
54038.753959 0.484601999527 17.1607 0.195
53901.378056 0.497006633398 17.6772 0.22
53901.386555 0.497067732709 17.4745 0.2
53901.395026 0.497128630728 17.5549 0.209
53901.403605 0.497190305159 17.562 0.21
56406.410691 0.505686236598 17.1501 0.111
56406.419197 0.505747386232 17.2609 0.116
56406.427779 0.50580908223 17.1522 0.111
56406.436369 0.50587083574 17.0413 0.107
54599.407572 0.515140821187 17.3627 0.122
54599.413584 0.515184041455 17.3958 0.124
54599.419525 0.515226751304 17.3554 0.122
54599.425471 0.515269497098 17.4144 0.125
55714.354746 0.530496050705 17.6079 0.143
55714.36739 0.530586948421 17.4569 0.138
55714.380117 0.530678442824 17.639 0.15
55714.392812 0.530769707179 17.6068 0.148
54184.396562 0.531626671923 17.0598 0.146
54184.40168 0.531663465225 16.9568 0.14
54184.406709 0.531699618706 17.0478 0.148
54184.411719 0.531735635596 17.1386 0.151
54185.588815 0.540197778736 17.0433 0.147
54185.601924 0.540292019337 17.0411 0.154
54185.615036 0.540386281505 17.0832 0.156
54185.628154 0.540480586806 17.0544 0.15
55160.671551 0.550067564019 17.4217 0.184
55160.679842 0.550127168018 17.2484 0.169
55160.688148 0.550186879852 17.3879 0.18
55160.696427 0.550246397583 17.1786 0.164
53773.512765 0.5777830569 17.1165 0.183
53773.521381 0.577844997324 17.1596 0.186
53773.530012 0.577907045583 17.2752 0.196
53773.539152 0.577972753043 17.2214 0.192
53774.597171 0.58557885163 17.1634 0.186
53774.605993 0.585642272988 17.1482 0.186
53774.620065 0.585743436596 17.1245 0.183
53774.628857 0.585806642284 17.1487 0.187
56279.647809 0.594387878397 16.8133 0.113
56279.65809 0.594461788506 16.9992 0.12
56279.668386 0.59453580645 16.8626 0.115
56279.678367 0.594607559859 16.9525 0.118
54614.386011 0.6228208191 17.0795 0.13
54614.394189 0.622879610742 16.9893 0.124
54614.402343 0.622938229848 16.9271 0.13
54614.410497 0.622996848953 16.9449 0.138
54197.463601 0.625565615243 16.6915 0.152
54197.47301 0.625633256544 16.7147 0.154
54197.482369 0.625700538395 16.8274 0.163
54197.491702 0.625767633332 16.5977 0.147
54477.571277 0.63925969691 17.1102 0.184
54477.582197 0.63933820079 17.2128 0.192
54477.593284 0.639417905233 17.1822 0.19
54477.604565 0.639499004341 17.2199 0.247
56426.446387 0.649722855064 16.8749 0.101
56426.453466 0.649773745995 16.8642 0.101
56426.460552 0.649824687249 16.966 0.104
56426.467623 0.649875520668 16.8098 0.1
55592.643855 0.655516455783 16.9153 0.112
55592.682091 0.655791334387 16.9139 0.112
54062.641376 0.656328640246 16.6189 0.119
54062.655582 0.65643076718 16.6528 0.121
54062.669771 0.656532771901 16.6529 0.12
54062.683948 0.656634690354 16.5552 0.116
54762.749752 0.689407752567 16.6456 0.137
54762.75302 0.689431246219 16.657 0.137
54762.75613 0.689453604009 16.6587 0.138
54762.759224 0.689475846775 16.5929 0.134
55602.593473 0.727044259546 16.6673 0.137
55602.616509 0.72720986535 16.744 0.142
54212.408248 0.733002682468 16.6007 0.121
54212.419092 0.733080639983 16.6212 0.122
54212.429703 0.733156922462 16.6177 0.122
54212.440298 0.733233089917 16.6509 0.123
54908.521745 0.737362609673 16.8392 0.139
54908.529728 0.73741999946 16.7725 0.136
54908.537731 0.737477533027 16.8188 0.139
54915.54582 0.787858684821 16.8049 0.117
54915.553841 0.78791634779 16.8184 0.117
54915.561876 0.787974111405 16.7874 0.117
54915.56989 0.788031724051 16.8214 0.118
55334.368014 0.798771435846 16.5919 0.139
54923.473535 0.844851027925 16.8828 0.14
54923.482066 0.844912357284 16.913 0.142
54923.490348 0.844971896581 16.9312 0.143
54923.498565 0.845030968594 16.9059 0.141
53818.561418 0.901637823141 16.9542 0.145
53818.569921 0.901698951208 16.9844 0.147
53818.578429 0.90176011522 16.9765 0.147
53818.586939 0.90182129361 16.9938 0.148
54245.383356 0.97006073375 16.9566 0.172
54245.392422 0.970125909224 16.8679 0.164
54245.401583 0.970191767653 17.0092 0.176
54245.410606 0.970256634 16.9133 0.169
54526.534057 0.991253122138 16.8481 0.15
54526.543152 0.991318506093 16.9115 0.155
54526.552053 0.991382495382 16.91 0.155
54526.560854 0.991445765771 16.9502 0.157
