53711.651663 0.00157676515037 17.4717 0.166
54110.637085 0.00579489969104 17.5575 0.174
54929.458405 0.0074867571822 17.2918 0.215
54006.722767 0.012225684584 17.4734 0.194
54031.746335 0.0127551093931 17.5448 0.2
54898.529084 0.0142829602972 17.4143 0.227
54172.503886 0.0156784549986 17.5526 0.173
55265.540547 0.0195513124777 17.4928 0.161
53835.388049 0.0293543031643 17.4245 0.14
54125.590234 0.0306203189893 17.6059 0.17
54929.466446 0.0306231962853 17.4863 0.237
54898.537146 0.0374798228821 17.4651 0.234
54451.59204 0.038446598601 17.564 0.146
53836.434001 0.0388810722068 17.6369 0.157
54172.512543 0.0405873162418 17.3752 0.16
54110.649244 0.0407800959323 17.4758 0.168
54006.733692 0.0436602819257 17.4653 0.193
53835.393484 0.0449924758406 17.5823 0.149
55327.413951 0.0484337370286 17.7914 0.236
54929.474488 0.053762512698 17.4137 0.23
54898.545214 0.060693949304 17.3657 0.224
53835.398997 0.0608550785862 17.7248 0.159
53836.4422 0.0624721260678 17.6889 0.163
54125.602196 0.065038685417 17.5495 0.166
54172.521219 0.0655508463685 17.5495 0.174
54006.744667 0.0752387446873 17.5198 0.198
54110.661377 0.0756904821435 17.5758 0.175
54451.609053 0.0873982511745 17.5197 0.162
54172.529863 0.0904223026071 17.4577 0.168
53835.410208 0.093112586217 17.6199 0.153
55184.588613 0.0958489067686 17.5944 0.157
55677.410617 0.0968789832805 17.4472 0.149
54125.614187 0.0995404938038 17.5954 0.17
54110.673501 0.110574972589 17.4011 0.162
54085.651715 0.115172911867 17.4799 0.202
53742.625034 0.121526009425 17.4957 0.13
55184.601773 0.133714289011 17.4719 0.147
54125.626148 0.133955982943 17.4529 0.16
54451.625673 0.135219121451 17.3913 0.132
53836.468932 0.139388341733 17.5904 0.156
54085.660307 0.139894748046 17.4443 0.199
54085.668861 0.164507246499 17.3273 0.189
54912.483532 0.165537323007 17.3273 0.137
53742.64144 0.168731135646 17.2878 0.121
55677.436062 0.170092102655 17.0574 0.132
55184.615173 0.17227022532 17.3385 0.135
54451.642212 0.182806929709 17.2516 0.213
55526.605124 0.182924899373 17.1785 0.164
54912.491571 0.188668007491 17.2141 0.131
54085.677449 0.18921757346 17.2643 0.183
55184.628136 0.209568777749 17.2171 0.129
54912.499652 0.211919538938 17.1604 0.129
53742.657838 0.215913243389 17.2455 0.119
54530.547026 0.216313189298 17.3324 0.135
53724.589617 0.228064117943 17.2513 0.147
54912.507704 0.235087628448 17.1586 0.13
54530.55497 0.239170529448 17.1914 0.128
53757.612262 0.244407231261 17.2514 0.132
55591.617824 0.24453095553 17.1324 0.119
53957.800828 0.248705930422 17.1922 0.17
54241.399951 0.250924335414 17.5684 0.222
54513.529544 0.251764509543 17.1379 0.18
53724.598259 0.252929819562 17.2113 0.144
54530.562928 0.262068151934 17.2258 0.13
53742.674247 0.263127001538 17.1795 0.117
54076.667497 0.264804472497 16.8089 0.195
53957.809172 0.272714194057 16.9973 0.155
54241.407681 0.273165931508 17.2595 0.192
54927.465593 0.273551490882 17.2213 0.132
54513.537715 0.275274998775 17.3505 0.198
53724.606703 0.277225814058 17.2801 0.148
55543.668016 0.278132166309 17.0725 0.159
54530.570869 0.284916860176 17.1851 0.129
54927.470915 0.288864527672 17.2439 0.134
54076.676061 0.289445744026 17.0679 0.182
53757.628623 0.291482878568 17.2054 0.131
54241.41541 0.295404650313 17.2277 0.19
54137.499087 0.296066431295 17.2564 0.189
55536.723379 0.296267842921 17.1223 0.138
53957.817665 0.297151176684 16.991 0.154
54513.545865 0.298725064526 17.1529 0.185
53724.614948 0.300949224142 17.3016 0.15
54927.476241 0.304189073701 17.4285 0.145
54241.423171 0.317735442985 17.3358 0.201
54927.481567 0.31951361975 17.1255 0.129
54137.507606 0.320578223953 17.2666 0.189
53957.825993 0.321113403365 17.13 0.164
54513.554025 0.322203903352 17.3515 0.199
55978.465658 0.325161776686 17.1497 0.129
55574.618214 0.331405536525 17.1786 0.138
55536.737894 0.338031978405 16.8613 0.123
53757.64505 0.33874842827 17.165 0.129
54590.369587 0.344287247486 17.153 0.124
54137.516116 0.345064120823 17.24 0.187
54076.697755 0.35186607855 16.9101 0.163
55978.475102 0.352335079853 17.1812 0.133
54066.623727 0.365777866013 17.5375 0.462
54137.524648 0.369613318485 17.3449 0.197
54590.379087 0.371621679951 17.1146 0.122
55591.662744 0.373779661461 17.1322 0.12
54467.696453 0.375813918686 17.2254 0.148
55543.702542 0.377474125801 17.2047 0.168
55978.484768 0.380147145574 17.2349 0.139
54417.652444 0.383752413343 17.242 0.142
53757.660981 0.384586832865 17.1882 0.131
54590.38836 0.398302963334 17.1447 0.124
54424.609151 0.400345852497 17.2307 0.237
54467.706207 0.403879187574 17.2 0.145
55978.494242 0.40740676801 17.2689 0.136
55574.645118 0.408816649262 17.2341 0.139
54590.396536 0.421827839115 17.2629 0.13
54377.698317 0.423395972352 17.3122 0.186
56242.636165 0.425254713764 17.3771 0.118
54424.618136 0.426198470993 17.3393 0.252
54417.668055 0.428670079163 17.2547 0.143
54467.715991 0.432030775688 17.3363 0.154
56041.408855 0.432168886517 17.363 0.12
54377.706871 0.448008470805 17.416 0.195
54424.627336 0.452669710855 17.4913 0.293
53872.37663 0.456919495779 17.4411 0.18
54467.725752 0.460116185722 17.4023 0.266
56041.420094 0.464506958776 17.3068 0.118
56242.65066 0.466961303076 17.3778 0.118
53668.718626 0.46997672258 17.537 0.185
53872.381788 0.471760653954 17.4855 0.184
54377.71553 0.472923086668 17.5476 0.208
54417.683479 0.473049688244 17.4683 0.156
54424.636812 0.47993508791 17.4973 0.279
53872.386977 0.486691008706 17.4477 0.181
55206.622705 0.494733086467 17.457 0.131
53668.727643 0.495921414943 17.6395 0.195
56041.431426 0.49711262075 17.4355 0.124
54377.724232 0.497961426804 17.4996 0.202
53872.392154 0.501586835743 17.6247 0.198
55102.709393 0.504058443889 17.4996 0.155
56242.665006 0.508239173418 17.4939 0.123
54863.599204 0.510236025628 17.4695 0.126
54417.698987 0.517670991274 17.5873 0.165
55119.744001 0.517883912104 17.5243 0.171
54487.557009 0.520764098085 17.5596 0.171
53668.736544 0.521532339512 17.5866 0.19
56041.442706 0.529568662663 17.512 0.129
53887.348284 0.534989512211 17.5725 0.195
54199.445568 0.535213942297 17.5631 0.175
55119.750229 0.535803790562 17.5642 0.174
55102.72085 0.537023769443 17.4582 0.151
54940.416436 0.537124475252 17.5008 0.145
54863.610363 0.542343913199 17.5399 0.132
53668.745365 0.546913079392 17.4863 0.184
53887.35344 0.549824915766 17.5671 0.195
56242.679887 0.55105640388 17.5659 0.127
54504.598019 0.553010096471 17.5391 0.163
54487.568228 0.553044624172 17.0977 0.14
55119.756464 0.553743810187 17.4279 0.163
54940.424939 0.561590230955 17.5827 0.151
53887.358661 0.564847344386 17.5202 0.191
54720.777468 0.568015261248 17.5537 0.15
54199.457022 0.568170635923 17.4975 0.17
55102.732333 0.570063905028 17.5686 0.158
55119.762788 0.571939910288 17.5563 0.173
54863.621522 0.57445180077 17.5811 0.134
53887.363854 0.579789208377 17.4612 0.186
54720.783012 0.583967060572 17.5477 0.149
54504.609017 0.584654737354 17.5004 0.162
54487.579389 0.585158266362 17.59 0.174
54940.433463 0.58611641016 17.5431 0.149
55244.538815 0.591085522248 17.4801 0.151
55206.65923 0.599826786013 17.5472 0.136
54720.788598 0.60003970686 17.5335 0.148
54199.468483 0.601147470695 17.5474 0.175
55102.743899 0.60334285723 17.4781 0.156
55883.682865 0.605808710774 17.5904 0.199
54863.632735 0.606715062999 17.4336 0.186
53683.711513 0.609140634224 17.567 0.194
54940.442099 0.610964847922 17.6368 0.156
54720.794161 0.616046175046 17.4955 0.145
54504.619975 0.616184285873 17.3871 0.153
55626.501993 0.617053233085 17.4942 0.136
54487.590577 0.617349595892 17.2509 0.15
54855.643208 0.618379672396 17.4937 0.148
55883.69169 0.631200959872 17.3336 0.175
54199.479945 0.634127182798 17.3644 0.163
53683.721498 0.637870561391 17.4795 0.187
54504.630942 0.647739730178 17.4343 0.158
56398.414687 0.648148307992 17.3924 0.13
54855.656041 0.655304174695 17.4181 0.143
55883.700593 0.65681763906 17.1863 0.163
53683.731347 0.666209174591 17.3005 0.172
53886.352383 0.669474919934 17.2197 0.135
56008.476033 0.674274270818 17.349 0.136
56398.424298 0.675802121724 17.298 0.126
55149.689724 0.680972645439 17.3001 0.125
55883.70954 0.68256091983 17.2785 0.171
54855.668912 0.69233801472 17.162 0.142
53683.740841 0.693526343199 17.2541 0.168
56273.661359 0.694314725774 17.1812 0.11
54955.417813 0.700716737595 17.2106 0.163
56008.485554 0.701669126765 17.1607 0.133
56398.433908 0.703453058147 17.3133 0.126
54955.421143 0.7102981755 17.1602 0.16
56367.505071 0.711641878654 17.1227 0.123
53634.743183 0.712139653053 17.0311 0.144
53886.368953 0.717151924771 17.2383 0.138
55149.702818 0.718648125286 17.1517 0.11
54955.424476 0.719888245334 17.1396 0.159
55945.586233 0.720906812611 17.1406 0.116
56008.495051 0.728994927302 17.2169 0.13
54855.681781 0.729366100125 17.2066 0.133
54955.427846 0.729584775583 17.2514 0.167
56398.443458 0.730931356054 17.1613 0.12
56273.676169 0.736927667335 17.1741 0.11
56367.514592 0.739036734601 17.1245 0.122
53886.377662 0.742210406074 17.0605 0.128
55626.546911 0.746296184397 17.1501 0.12
55945.597428 0.753118283288 17.0627 0.114
55149.715879 0.756228653977 17.0798 0.107
54057.724158 0.758970729133 17.2867 0.182
54819.549704 0.766227301626 17.2001 0.158
56367.524138 0.766503523269 17.3177 0.136
53886.386364 0.76724874621 16.9519 0.123
54057.727224 0.767792557562 17.1484 0.17
53610.782113 0.768744946732 17.2143 0.199
54228.374654 0.773124210539 17.1797 0.197
54057.73034 0.77675825141 17.2542 0.18
56273.690612 0.778484636608 17.0594 0.105
53634.766495 0.779215473027 16.9648 0.139
55945.608761 0.785726822571 17.0878 0.116
54057.733536 0.785954129947 17.2188 0.176
54819.558472 0.791455544136 17.1803 0.156
54228.381069 0.791582145734 17.0835 0.187
55149.72889 0.793665317207 17.0978 0.108
56367.533891 0.794565914826 17.2143 0.127
54766.735923 0.804676777532 17.1082 0.127
54228.387512 0.810120645559 17.1816 0.199
53634.778442 0.813590679831 17.2354 0.156
54819.567275 0.816784492463 17.2017 0.158
54766.740569 0.818044753666 17.1619 0.13
55945.620015 0.818108054454 16.9752 0.124
56273.705126 0.820245894804 17.2208 0.112
54228.393941 0.828618863069 17.2194 0.196
54766.745183 0.831320655911 17.11 0.128
54819.576236 0.842568055548 17.1964 0.157
54836.606401 0.84360964128 17.1755 0.124
54766.749936 0.844996504073 17.1081 0.127
53813.428818 0.845868328603 17.1947 0.127
54882.494458 0.877714381082 17.2279 0.132
53813.440266 0.878807758371 17.278 0.132
54836.619279 0.880663622473 17.1784 0.124
54882.502513 0.900891102499 17.2285 0.132
53711.617738 0.903964068174 17.271 0.151
53813.451706 0.911724169682 17.3315 0.135
54836.632247 0.91797656145 17.2743 0.129
54882.510586 0.924119615469 17.2223 0.132
53711.629185 0.936900620632 17.3502 0.156
55647.466248 0.937686125899 17.18 0.136
53813.463159 0.944677985998 17.3467 0.136
54882.51867 0.947379778846 17.3627 0.139
55296.448987 0.952674026834 17.3353 0.156
54836.645159 0.955128371128 17.3713 0.134
54031.730064 0.965938419851 17.402 0.186
53711.640525 0.969529301083 17.4964 0.167
54006.712012 0.981280229737 17.5102 0.198
54031.735513 0.981616874841 17.4492 0.19
54929.450373 0.984376213866 17.5431 0.244
54898.52104 0.991137889265 17.5182 0.239
54031.740941 0.99723490635 17.5469 0.199
55327.39627 0.997560042234 17.4791 0.198
