54206.704016 0.00628238975786 17.6946 0.241
53945.549344 0.00933802679063 17.5122 0.162
54206.713012 0.0200266451554 17.9506 0.274
53606.51552 0.0271829471022 17.6263 0.165
53945.563693 0.0312606947243 17.664 0.174
54206.721985 0.0337357607262 17.6435 0.232
53701.427375 0.0352727461612 17.3489 0.202
56421.647448 0.0378776767433 17.6716 0.15
53701.433784 0.0450645350556 17.8725 0.264
53606.529584 0.0486701867661 17.6104 0.164
56451.764177 0.0507739928581 17.4561 0.124
56421.656424 0.0515913757713 17.6863 0.15
53945.577421 0.0522345873697 17.5747 0.166
53701.4402 0.0548670186721 17.7101 0.244
56219.410078 0.0558784345374 17.7732 0.144
55684.661573 0.0572091644631 17.7864 0.161
53701.446629 0.064689363936 17.6606 0.239
56421.665521 0.0654899408471 17.7352 0.153
53606.543488 0.0699129754618 17.5093 0.157
56451.777177 0.0706356336225 17.7594 0.144
56219.419893 0.0708739733037 17.7577 0.142
53945.590989 0.0729640290358 17.56 0.165
56421.674726 0.0795535103121 17.8772 0.163
56219.42977 0.085964236828 17.706 0.141
55044.552995 0.0874691380633 17.9157 0.165
56451.790187 0.0905125525551 17.7277 0.147
53606.557434 0.0912199325349 17.7272 0.174
56219.439661 0.101075889797 17.6347 0.137
55044.563352 0.10329275447 17.9149 0.165
54623.702973 0.105011550307 17.8345 0.128
56451.803099 0.110239745278 17.6773 0.176
55861.42375 0.117736750761 17.8405 0.156
55044.573415 0.118667192235 17.7285 0.153
54623.713823 0.121588381243 17.7096 0.122
55684.706932 0.126509484699 17.6512 0.15
55861.430873 0.128619402069 17.8299 0.154
55044.583439 0.13398204508 18.0606 0.185
55446.465595 0.136982680652 17.5746 0.162
54623.724662 0.138148406181 17.609 0.141
55861.438102 0.139664002151 17.5396 0.137
54926.775946 0.145512491447 17.3869 0.166
56097.729495 0.150030250806 17.9581 0.227
55861.445114 0.150377065614 17.7625 0.15
54623.735522 0.154740515307 17.5869 0.24
54926.782256 0.155153026301 17.7586 0.198
55004.6727 0.157615869761 17.8476 0.279
54926.788615 0.164868424266 17.9484 0.218
56097.740148 0.166306101492 18.0574 0.216
55362.707334 0.169560354941 17.8581 0.155
54926.796646 0.177138334804 17.7675 0.199
56097.750846 0.182650704023 17.648 0.162
55446.498377 0.187067627365 17.806 0.181
56065.683376 0.189376161144 17.3854 0.155
56097.761548 0.199001417819 17.7176 0.154
53614.482656 0.199520876113 17.7745 0.19
55488.396782 0.200226728274 17.6886 0.17
56065.693421 0.204723098177 17.919 0.179
55330.66395 0.213084848932 18.018 0.207
54644.722862 0.219587244553 17.8597 0.165
56065.703511 0.220138787034 17.6494 0.15
53614.496706 0.22098672631 17.5924 0.193
55362.746594 0.229542510017 17.8469 0.155
56065.713577 0.235517808256 17.9519 0.199
54644.733934 0.236503251203 17.9538 0.173
56183.530776 0.238816368436 17.5652 0.123
55488.428559 0.248776217366 17.916 0.191
56486.584688 0.250195560775 17.6216 0.178
54644.745066 0.253510926963 17.8209 0.162
56183.541465 0.255147220596 17.8283 0.137
53637.428121 0.256027244056 17.4015 0.173
53614.51992 0.256453505425 17.7952 0.186
56486.5938 0.264117043125 17.6318 0.19
53637.434138 0.265220128088 17.6896 0.185
54644.756175 0.270483462896 17.8412 0.164
56183.55208 0.27136501418 17.6581 0.129
55330.703354 0.273287009872 17.8334 0.187
53637.4401 0.274328982106 17.4926 0.168
53614.533799 0.277658098656 17.9694 0.202
56486.602737 0.277771157233 17.4842 0.227
53637.446033 0.283393529383 17.8303 0.207
56183.562706 0.287599613763 17.787 0.136
56486.611663 0.291408465342 17.8352 0.241
54199.715598 0.329247946616 16.999 0.124
53936.598507 0.33408349223 17.7079 0.177
53576.609977 0.336940512858 17.7459 0.175
55715.607581 0.337093294705 17.9427 0.169
54199.728926 0.349610711847 17.2693 0.137
53936.608785 0.349786410966 17.513 0.162
53576.623211 0.357159663144 17.8514 0.184
55715.62247 0.359840984652 17.7308 0.154
53936.618877 0.365205155472 17.7697 0.183
54199.742206 0.369900141786 18.0199 0.192
54378.430674 0.373450792026 18.0297 0.268
53576.636458 0.377398675077 17.8875 0.187
55795.487268 0.378758433554 17.917 0.174
53936.628835 0.380419172294 17.7286 0.18
55715.637593 0.38294618412 17.8435 0.161
55393.610229 0.383575645348 17.6819 0.146
53622.459165 0.386179048108 17.7062 0.259
54378.440588 0.388597584821 17.8423 0.242
54199.755541 0.390273601739 17.6698 0.162
53936.638713 0.395510963626 17.847 0.19
54363.391361 0.396109868488 17.6739 0.223
55795.499233 0.397038782149 17.7698 0.164
53576.649669 0.397582685536 18.0522 0.204
53622.467299 0.398606323952 17.7383 0.263
54378.450427 0.403629791244 18.0476 0.27
55654.78071 0.404673291287 17.9729 0.214
55715.652851 0.406257639091 17.9003 0.166
54363.400583 0.410199410877 18.067 0.272
53622.475337 0.410886929212 17.7662 0.268
55795.511118 0.415196905254 17.9314 0.185
54757.429812 0.415352742743 17.8417 0.225
54378.460291 0.418700193121 18.0906 0.276
54740.415563 0.420668023373 17.7813 0.19
54260.647006 0.421381514617 17.7989 0.209
53622.483249 0.42297502933 17.8206 0.275
54363.409784 0.424256869077 18.2754 0.302
54757.438621 0.428811296081 17.9402 0.237
55795.523014 0.433371834358 18.1364 0.346
54260.656189 0.435411472086 17.9808 0.229
54363.41884 0.438092793583 18.2994 0.305
54740.427468 0.438856702848 17.9317 0.198
54757.447472 0.442334017796 17.8803 0.23
54319.568832 0.443238486356 17.7753 0.224
55654.808468 0.44708247776 17.7419 0.193
54260.665522 0.449670602332 18.1869 0.256
55115.480787 0.452263310356 17.8895 0.297
54757.456321 0.455853683873 18.0846 0.255
54740.439136 0.456683289334 17.7593 0.169
54319.577949 0.457167607801 18.187 0.276
53959.588808 0.45909113132 18.0054 0.204
55115.486646 0.461214799058 18.0165 0.167
54260.67511 0.464319326288 17.8916 0.221
55115.492465 0.470105175032 17.9121 0.186
54677.613652 0.470745330987 17.925 0.173
54319.586963 0.470939363941 17.6847 0.214
54018.506016 0.473892637136 18.1239 0.282
54740.450983 0.474783355338 17.7278 0.172
53959.599773 0.475843661389 17.8562 0.19
54677.619054 0.478998606634 17.9565 0.176
54319.595916 0.484617923142 17.8796 0.236
54677.624468 0.487270216098 17.7821 0.162
54018.515966 0.489094431406 17.8744 0.248
53959.610758 0.492626747828 17.7952 0.184
54677.629882 0.495541825562 17.833 0.166
54018.525964 0.504369560967 18.0528 0.273
53959.621706 0.509353304974 17.9687 0.201
55416.601412 0.509930820383 17.749 0.147
54704.478061 0.514686919432 17.8201 0.164
53588.510928 0.519433851575 17.5035 0.156
54018.535945 0.519618717615 17.8399 0.246
54704.490084 0.533055881486 17.4925 0.142
53588.528102 0.54567260682 17.3037 0.142
54944.713851 0.55137595336 17.7913 0.147
54704.502092 0.551401926277 17.4175 0.138
54062.417506 0.562680282582 17.3398 0.194
54704.513833 0.569340043508 17.5183 0.144
54944.726909 0.571326207584 17.5886 0.135
54062.423874 0.572409430918 17.5282 0.214
54005.484755 0.579768932724 17.4828 0.197
54062.430216 0.582098855971 17.6164 0.224
54944.740029 0.591371186566 17.47 0.13
54062.436522 0.59173327956 17.5681 0.219
54005.494751 0.595041006647 17.64 0.214
54005.504683 0.610215300185 17.4507 0.195
54944.75316 0.611432971546 17.4414 0.126
53588.573301 0.614728476088 17.2145 0.137
55380.680202 0.628840935763 17.379 0.131
54344.56722 0.636238633026 17.3509 0.151
53588.590544 0.641072650825 17.3292 0.143
54344.578093 0.652850603789 17.6682 0.174
53851.719498 0.654361616308 17.221 0.117
55380.702123 0.662332245531 17.6211 0.16
53588.607422 0.666859171802 17.408 0.149
54344.588991 0.669500770016 17.4683 0.16
53851.732844 0.67475188227 17.4171 0.125
54291.576214 0.675598293733 17.5061 0.204
55083.555597 0.676366786446 17.4463 0.133
54344.599881 0.686138713702 17.4571 0.159
54729.462586 0.686506917965 17.4623 0.182
54291.585238 0.689385328053 17.4348 0.201
55083.565734 0.691854282786 17.3325 0.127
53588.624267 0.692595274762 17.3911 0.148
53851.746237 0.695213955705 17.4536 0.127
54729.47052 0.698628630101 17.4608 0.182
54291.594754 0.703924049083 17.4637 0.21
55083.575865 0.707332612201 17.3598 0.129
55127.431382 0.710603671657 17.4875 0.18
54729.478485 0.710797704605 17.4128 0.178
53851.759676 0.715746308793 17.4042 0.124
54291.604435 0.718714860176 17.6547 0.232
55127.438418 0.721353402754 17.4485 0.176
55083.585998 0.722813997266 17.5885 0.142
54729.486474 0.723003446755 17.5326 0.189
53912.636594 0.724629045669 17.4505 0.189
53556.57604 0.728720543659 17.28 0.185
54590.731255 0.730210166714 17.3742 0.12
55127.445498 0.732170357878 17.4458 0.176
54954.653253 0.736978402753 17.5364 0.155
53912.646243 0.739370966564 17.2772 0.175
54590.738016 0.740539747731 17.4456 0.124
53556.583805 0.740584054467 17.4897 0.204
55127.452686 0.743152317391 17.7211 0.201
55506.426762 0.74676408038 17.5929 0.168
54590.744796 0.750898357288 17.5109 0.127
53990.543182 0.7517569913 17.3731 0.187
53556.591642 0.752557568201 17.3121 0.186
53651.498372 0.752817297353 17.2934 0.216
54954.664028 0.753440647305 17.3995 0.145
53912.655721 0.753851630492 17.3529 0.181
53973.530389 0.759296775691 17.5331 0.2
54590.751678 0.761412804342 17.4166 0.122
55830.429708 0.764465385749 17.6299 0.161
53556.599488 0.764544832307 17.5181 0.206
53990.5517 0.764770949453 17.5718 0.206
53651.507404 0.766616554225 17.2043 0.208
53912.665038 0.768086315634 17.364 0.181
54954.674846 0.769968588054 17.6512 0.161
53973.54109 0.775645961668 17.5283 0.2
53990.560259 0.777847548154 17.546 0.204
55506.447927 0.779100359345 17.5741 0.166
53651.516433 0.780411227628 17.4991 0.243
56390.716742 0.781372225477 17.3891 0.163
54034.416411 0.782088772365 17.686 0.224
55830.442791 0.784453835438 17.5868 0.157
54954.685657 0.78648583407 17.3982 0.144
53990.568801 0.790898173953 17.6312 0.213
53973.551934 0.792213625701 17.4741 0.195
54236.673405 0.7940699252 17.6447 0.273
53651.525543 0.794329654352 17.4182 0.233
54034.424891 0.795044673417 17.5708 0.212
56129.570209 0.796862777449 17.6273 0.133
56390.727438 0.79771377237 17.5762 0.187
54236.679481 0.803352950522 17.6882 0.244
55830.455916 0.804506453504 17.5237 0.154
54034.43341 0.808060159379 17.5977 0.217
53973.562606 0.808518504937 17.4975 0.198
54236.685516 0.812573335286 17.454 0.264
56390.738094 0.813994206513 17.403 0.144
56129.58194 0.8147856165 17.6052 0.132
54034.441923 0.821066478437 17.6475 0.224
54236.691571 0.82182427643 17.6775 0.244
55830.469034 0.824548376848 17.5971 0.173
56390.748779 0.830318947396 17.2874 0.14
56129.593522 0.832480810604 17.5582 0.129
54388.552064 0.837097878171 17.6186 0.224
54388.558701 0.847238009683 17.664 0.231
56129.605104 0.850176004697 17.6155 0.132
54388.56531 0.857335362274 17.4349 0.207
54388.571913 0.867423547961 17.5581 0.221
55057.511817 0.886197381928 17.693 0.161
55057.520175 0.898966889114 17.7421 0.164
53821.772433 0.900681101494 17.5681 0.188
53821.777531 0.908469920309 17.7016 0.201
55057.528439 0.911592781366 17.6933 0.161
53882.653239 0.915503996772 17.6485 0.196
53821.782716 0.916391659336 17.5349 0.185
55057.53662 0.924091864671 17.5485 0.151
53821.787865 0.924258396888 17.594 0.19
53882.662946 0.930334531138 17.5773 0.189
56154.530566 0.931758458005 17.6818 0.147
54417.419736 0.941661777653 17.9066 0.2
56154.539415 0.945278124082 17.5693 0.139
53882.672775 0.945351459371 17.6256 0.193
55739.56989 0.947152757405 17.628 0.144
54758.435822 0.952353451647 17.5745 0.199
54417.429539 0.956638982591 17.7169 0.184
55739.577015 0.958038464363 17.6537 0.146
56154.548493 0.959147660608 17.5003 0.138
53882.682717 0.960541031099 17.6658 0.196
54758.444628 0.965807421528 17.6783 0.21
55739.584169 0.968968478051 17.5697 0.14
54417.439337 0.971608548456 17.7796 0.191
56154.55756 0.973000391123 17.5738 0.14
54758.453469 0.979314865063 17.8501 0.228
55739.591326 0.979903075196 17.6424 0.145
54417.449145 0.986593392489 17.7294 0.187
54206.69501 0.99252285617 17.6748 0.239
54758.462317 0.992833003321 17.5901 0.202
