53704.6749963 0.0041083211155 14.527693 0.0916276251381
55205.7047509 0.00529024276587 14.529541 0.0655994928327
53813.5313515 0.00929408519357 14.523715 0.0639168904312
54526.5633997 0.0102236353034 14.580794 0.0721869511769
53921.3597664 0.0115285977517 14.545373 0.0666881092709
54185.6236906 0.0132939382333 14.540856 0.0686927668764
53756.712944 0.0240543352506 14.536482 0.0642727716189
53704.6818829 0.024226166053 14.564018 0.0793993214821
56358.6126802 0.0282204738371 14.60044 0.0689657794931
55714.3857404 0.0296233200961 14.545877 0.062478789589
54966.4385265 0.0300210475775 14.550949 0.0695622664729
53921.3662986 0.030611467083 14.56127 0.0669249236342
55360.4383376 0.032945655409 14.521708 0.0655650778801
54393.7562821 0.0369902071203 14.555712 0.0754952405787
55657.5657777 0.0398402275798 14.537805 0.0663078889714
54393.7581095 0.0423285974783 14.50139 0.0745518744536
53704.6887711 0.0443489462753 14.515433 0.0767603408033
54393.759898 0.0475533466712 14.52255 0.0747710756013
53921.3728375 0.0497137103864 14.567285 0.0670764992388
53813.5456009 0.0509213271606 14.5846 0.0645068221765
56059.4415995 0.0511801893041 14.528108 0.0583368340704
54185.636817 0.0516402319596 14.556255 0.0690019942387
54393.7617064 0.0528362849478 14.565154 0.0753844024082
54966.4486363 0.0595549688777 14.577422 0.070012783055
56298.7198993 0.0617256793552 14.591944 0.0630845539896
55561.726861 0.0628700344632 14.576941 0.0659901699815
55738.3589383 0.0632126826444 14.583435 0.0632371559081
53704.6956696 0.0645018202799 14.571279 0.0804513683882
55714.398456 0.0667698737936 14.570245 0.0628125214541
53756.7288407 0.0704937895402 14.597883 0.064899774399
54869.5814889 0.0787849198098 14.635716 0.0795761905461
54240.4163897 0.08077372265 14.537522 0.068092176551
55738.3659072 0.0835711314334 14.609331 0.0634428415852
54773.7364661 0.0839768376674 14.565665 0.0703106643976
56298.7283374 0.086376045986 14.65297 0.0636929406804
54966.4588069 0.0892667751516 14.570167 0.0699930280349
54869.586003 0.0919723180674 14.608802 0.079148878455
56059.4556301 0.0921682901412 14.584199 0.0587163802844
53813.5598226 0.0924676240727 14.610108 0.0648245011
54773.7423098 0.101048317011 14.566656 0.0703321797776
55738.3729367 0.104106448547 14.610672 0.0635671958759
54869.5906456 0.10553468697 14.651988 0.0799220552403
54240.425092 0.10619600889 14.542627 0.0681905153537
53848.4810175 0.108753659253 14.612177 0.0617146273486
56298.7367862 0.111057824493 14.687953 0.0640356570744
54773.7481752 0.11818302532 14.576109 0.0703666128695
54966.4688918 0.118728002109 14.756946 0.0821748566455
54869.5954117 0.119458199009 14.666503 0.0800881706001
55738.37994 0.124565317114 14.621714 0.0637016005233
55561.7481014 0.124920238377 14.69471 0.0671552815833
54240.4338224 0.13170045893 14.535868 0.0680736904987
56059.4697595 0.133444803829 14.63672 0.059126133751
54773.7540198 0.13525690719 14.620777 0.0707992520615
56298.7452387 0.135750456018 14.713333 0.0642907301313
53848.4970057 0.155460633059 14.721289 0.06265732694
54240.4425367 0.157157877645 14.570601 0.0685406954091
53738.6220134 0.174500899175 14.713748 0.0787263162912
56059.4838648 0.174650954984 14.725796 0.0597867820518
54966.4907086 0.182462060418 14.739573 0.0730142668517
53738.6289229 0.194685893777 14.805048 0.0795034923671
53859.4657896 0.198882834852 14.798946 0.0728946116711
53848.5129549 0.202053525458 14.804198 0.0634575223125
56426.451353 0.207276887617 14.809217 0.0624849293184
54966.5008491 0.212085922404 14.787277 0.0735611691648
53738.6358285 0.214859392064 14.76223 0.0917710627108
55368.3747333 0.217765403572 14.793077 0.0690118688946
54167.5513733 0.218115998072 14.822127 0.0810456083698
54534.510084 0.22510013613 14.731707 0.0768499599457
56426.4584323 0.227957933738 14.828636 0.0626795863557
53859.4760461 0.228845523355 14.788443 0.0727778984065
53738.6427636 0.235119110459 14.712543 0.0863422935513
54966.5110416 0.241861598263 14.791027 0.0736646498638
53773.5619055 0.24540779966 14.824809 0.0792371893963
53848.528888 0.248599250389 14.795463 0.0635909435897
56426.4655045 0.24861832023 14.743395 0.061981295618
54534.5209383 0.256808927288 14.757988 0.0758856259938
53859.4863347 0.258901869358 14.77855 0.0725634244676
54977.4727467 0.264604208765 14.683278 0.0731928512497
56426.4725807 0.269290235748 14.682732 0.0615222320202
54966.5211781 0.271473625377 14.696904 0.0723627038802
53773.5717626 0.274203545036 14.751645 0.0784143588263
54212.4139505 0.276446781574 14.692604 0.0697619581217
54977.4782045 0.280548374561 14.686494 0.0733451319808
55368.39644 0.281177947175 14.742402 0.0684302874273
54534.5303388 0.284271106879 14.723571 0.0752485408771
54938.4562929 0.284721140781 14.67836 0.0649806872481
53859.4966173 0.288940600045 14.690187 0.071437109613
54977.4837239 0.296672417988 14.578301 0.0750191922045
54999.3921708 0.298445366485 14.684302 0.0672539332519
53773.5822615 0.304874182748 14.655725 0.076196651877
54212.4246156 0.307603055713 14.648288 0.0691063843579
54534.5396128 0.311363386997 14.618669 0.0735745428247
54977.489196 0.312658170948 14.549254 0.0801298788439
54938.467042 0.316122887739 14.633533 0.0645440284409
54999.3987514 0.317669399384 14.666752 0.0670868808648
54167.5887824 0.327400229617 14.604476 0.0766357564308
53773.5920753 0.333543506475 14.642006 0.0774375936099
54999.4051777 0.336442688207 14.6235 0.0667444465589
54534.5488438 0.338330259116 14.594869 0.0731998179465
54212.4351717 0.338440823219 14.561816 0.0680944289114
54298.3554049 0.339677146747 14.619628 0.0679104986946
55328.3662024 0.339699023104 14.592834 0.0665901957166
54938.4777253 0.347332279515 14.577269 0.0639536655315
54167.5956124 0.347352937694 14.548945 0.075805584788
55247.5840944 0.348614993129 14.594228 0.0734617778188
55615.568185 0.351070768316 14.628223 0.0663354851
54999.4116781 0.3554324063 14.615398 0.066670643561
55673.4204812 0.356639314954 14.565001 0.062777487281
54298.36195 0.35879771668 14.570046 0.0673844766053
54915.5490041 0.365002834567 14.581274 0.0649593676936
54212.4456812 0.369142634746 14.564734 0.0681141423481
54298.3685454 0.378064994882 14.565516 0.0674320630839
54938.4884184 0.378570377431 14.563478 0.0638117294816
54915.5570447 0.388492006953 14.547352 0.0647237014016
54298.375112 0.397248115159 14.556576 0.0674362887486
54130.6439699 0.39946206946 14.57328 0.0741292416
54915.565063 0.411915957162 14.550959 0.0647570868675
56029.4420254 0.412565885311 14.537838 0.0579083954634
55328.3944949 0.422350815053 14.51992 0.065861194181
54130.6543508 0.429788234057 14.567929 0.074121416634
54857.7220013 0.43332452835 14.515226 0.0641118654474
56090.3804041 0.433595427525 14.566475 0.0622404363962
54888.530187 0.434159000895 14.493403 0.0689492020681
54915.5731222 0.435459566468 14.544636 0.0647408931005
54184.3992834 0.43639790861 14.547438 0.0680158752761
54184.404426 0.451421347616 14.562692 0.068395516512
56029.4553631 0.451529612919 14.519727 0.0578404288871
55615.6038552 0.455274931781 14.541226 0.0658382089628
55160.6748348 0.458107505174 14.567534 0.0701883439704
54130.6646936 0.460002852384 14.553217 0.0738539851998
54888.5390725 0.460116527713 14.501339 0.0688935002273
56090.3909609 0.464435563378 14.582818 0.0624610835775
54857.732742 0.464701626878 14.523127 0.0642397248695
54184.4094357 0.466056257203 14.504258 0.0693083768099
53723.6602148 0.466170474124 14.54017 0.0731108384365
54184.4146172 0.481192999625 14.560086 0.0683006440995
55160.6831366 0.482359874373 14.561044 0.0700642339068
54839.5968894 0.483916226816 14.510222 0.0637946317056
54888.5480246 0.48626850427 14.487742 0.0686376316578
54081.7243979 0.489316458174 14.503893 0.0676993769914
54130.674979 0.49005006923 14.580707 0.0743920350261
56029.4686505 0.490346564221 14.542374 0.0579769712631
53890.3739816 0.491868800215 14.540696 0.0646507339448
56090.4015652 0.49541398702 14.531152 0.0621421712688
54857.7434743 0.49605404165 14.533014 0.0644174833887
53723.6722523 0.501335966807 14.52502 0.0728009641169
54081.7288169 0.502225890555 14.501645 0.0675529421017
55673.4714693 0.505592214372 14.522614 0.0624734971038
55160.6914422 0.506623368575 14.54101 0.0700748098496
54888.5569989 0.512485400666 14.501499 0.0688331245276
54081.7333827 0.515564087822 14.510676 0.0677195132073
53890.3842492 0.521863912821 14.527295 0.0646024033755
54839.6102612 0.522979664036 14.556171 0.0642114731178
56090.4121784 0.526418785015 14.504573 0.062021297202
54857.7543766 0.527903488944 14.502634 0.0642417072682
56029.4817983 0.528755408248 14.560737 0.0580970883851
54081.7380517 0.529203581833 14.51291 0.0677062697576
55160.6997242 0.53081758289 14.570229 0.0702741581293
53723.6843528 0.536685328494 14.554187 0.0732639661423
55591.6736861 0.547387061428 14.552576 0.0606926168683
53890.3944723 0.55172888609 14.524598 0.0646054618931
54839.6237116 0.562272684702 14.570388 0.064313035705
55270.5948232 0.570515631741 14.580601 0.0666475558183
53877.3941129 0.573406766675 14.582806 0.0696973736718
53723.6972515 0.574366814884 14.577369 0.0735487133685
53890.4046927 0.58158604685 14.603226 0.0654659395302
54614.391412 0.584709637163 14.521965 0.0630641546604
54839.6372962 0.601957986909 14.570981 0.0643188249486
53877.4044801 0.603692897371 14.633889 0.0703688005452
54197.4644511 0.604046262746 14.611095 0.0759420254742
54614.3995721 0.608548118961 14.548935 0.0637061166589
55591.6985429 0.620002126735 14.643347 0.0614190013671
54197.4738455 0.631490556226 14.700592 0.0774205832317
54614.4077181 0.632345348943 14.585137 0.0661146599139
53877.4149465 0.634268624636 14.703112 0.0712915555727
54614.4158661 0.656148328124 14.62119 0.0666325278222
54197.4832077 0.658840481146 14.667876 0.0769920420646
53877.4252588 0.664394217814 14.72704 0.0716726130795
54602.4379815 0.66481118314 14.695621 0.0649663397793
55602.6703261 0.67218638923 14.742772 0.0662944779271
56406.414991 0.674479360526 14.736746 0.0621099788054
54602.4445878 0.684110278687 14.7669 0.0657634934416
54197.4925421 0.686109292456 14.735386 0.078321760114
54922.5080146 0.694559336866 14.754434 0.0629341337604
56406.4235014 0.699341016621 14.762588 0.0623720731889
54602.4511232 0.703202445732 14.768498 0.0658199046152
54922.5172112 0.721425754135 14.747075 0.0629073628335
54602.457735 0.722517736262 14.76402 0.0658097637351
56406.4320897 0.724430259403 14.750485 0.062301136801
54245.4309371 0.729914783962 14.809078 0.0797552716474
54922.5264452 0.748401079425 14.739736 0.0632773748837
56406.4405572 0.749166507841 14.722681 0.0620620276619
54245.4394655 0.754828847825 14.772417 0.0791697060931
55602.7044677 0.771925213101 14.679631 0.0640376302012
54922.5356639 0.775332077933 14.66012 0.0638018024154
54245.4479916 0.779736487968 14.733024 0.078515857904
55645.502433 0.798845932637 14.674584 0.0661570536225
54245.4565309 0.804682673598 14.688679 0.0777306037309
54506.6417858 0.812642787242 14.617968 0.0682372553106
54588.4590833 0.827855672917 14.609842 0.0644154449926
54113.6780215 0.836351464464 14.630969 0.0822882364409
54506.6516278 0.841394644912 14.607619 0.0678092685072
56383.5388807 0.845843415898 14.610159 0.0638387926882
54588.4656354 0.846996529745 14.601743 0.0643311667912
54113.6832036 0.851490202455 14.623096 0.0811741627776
56001.5228967 0.851616083371 14.575668 0.0642943273235
55205.6550846 0.86019873682 14.554645 0.0658923965717
54588.4721899 0.86614448628 14.568724 0.0640255807109
54113.6883731 0.866592084663 14.60195 0.0801099712017
54506.6615137 0.870274649007 14.556748 0.0671549354895
55301.5082564 0.878812705444 14.574961 0.0668084120249
54113.6935556 0.881731836051 14.53816 0.0788786458926
54588.4787458 0.885296499378 14.554357 0.0639332019175
56383.5524611 0.885516208415 14.58807 0.0634214086288
56001.5347066 0.886116804364 14.57614 0.0642649197641
54038.7292787 0.886444034066 14.562481 0.0768122678038
53825.4731143 0.895107735393 14.596369 0.0646529089619
54477.5739427 0.895920803652 14.565244 0.0750104677525
54506.6713406 0.898982181066 14.476779 0.0730658713165
55680.4533657 0.90200609447 14.542124 0.0631495872524
55645.5381622 0.903222942362 14.527835 0.0651824738236
54062.6981772 0.907473475785 14.539974 0.0696254746107
54038.7377829 0.911287770445 14.558239 0.0768012775412
56383.5643573 0.920269165376 14.588239 0.0634166060851
56001.5470461 0.922164512573 14.498507 0.0635524964561
53825.4826951 0.923096294287 14.581433 0.0644296112654
54908.5521368 0.924854095695 14.534881 0.0693207873123
54477.5849082 0.927954896433 14.561971 0.0750164895202
53756.6811239 0.931097116656 14.53147 0.0641959888058
54526.536812 0.93255223598 14.587775 0.0723011654643
54062.7079333 0.935974079639 14.533273 0.0695125741418
54038.7462857 0.936127077505 14.545996 0.0772538635334
54185.5974687 0.936691021288 14.52114 0.0681679409223
56358.5832412 0.942219501039 14.563457 0.0683895152987
54908.5605319 0.949379021934 14.542849 0.0693779563808
53825.4921403 0.950688716368 14.558168 0.064243123651
56383.5763321 0.955251432608 14.564915 0.0632913595751
55360.411761 0.955306681359 14.520822 0.0659892855668
55714.3603748 0.955522196551 14.517387 0.0621408676898
56001.5592742 0.957886580007 14.523891 0.0637817871622
54526.5458407 0.958928047082 14.586748 0.0723558292541
54477.5959982 0.960352431427 14.530182 0.0742906953652
54038.7547935 0.960981293848 14.542698 0.0755442121552
55657.5389989 0.961610563824 14.512342 0.0659628609823
54062.7178649 0.964987605963 14.512855 0.0691243940345
53813.5170661 0.967561756301 14.539737 0.0640671962725
56358.5930025 0.97073569163 14.55845 0.0683257189059
54908.5689559 0.97398807075 14.501711 0.0688544205011
54185.6105863 0.975011922516 14.541515 0.0686343820207
55680.4787134 0.976055146785 14.492146 0.0631366446533
53756.6970137 0.977516522155 14.519215 0.0640801550107
53825.5023145 0.980411172628 14.552301 0.0644136403297
54526.554724 0.984879149012 14.562344 0.0719424857629
53921.3532177 0.992397951857 14.549632 0.0666893293746
55714.3730395 0.992520011978 14.535628 0.0623398499031
54062.7277395 0.993834474597 14.514124 0.069259367982
54908.5774165 0.998704337012 14.492756 0.0687259857766
56358.6028148 0.999400654374 14.611082 0.0689905989032
