54908.566808 0.00489479049996 16.1167 0.102
54062.734668 0.0103531467783 16.2613 0.109
54241.503722 0.0106982516774 16.348 0.108
54867.512744 0.0142601141014 16.2688 0.095
56302.717641 0.0153255067345 16.1318 0.086
54908.575246 0.0182525661202 16.1782 0.104
54241.513628 0.0263799446533 16.2922 0.106
56302.725353 0.027533988081 16.1556 0.086
54858.67991 0.0314425384463 16.2562 0.105
54908.58366 0.0315723485399 16.2207 0.106
54867.52611 0.0354191599643 16.227 0.094
56302.733379 0.0402395471127 16.1783 0.087
54167.614799 0.0408411061087 16.3019 0.128
54241.523544 0.0420774681342 16.2386 0.105
55208.646812 0.0465353368355 16.1917 0.085
54858.690726 0.0485648068964 16.2178 0.104
54167.621629 0.0516533373835 16.2734 0.128
56302.741118 0.0524907708113 16.2299 0.088
55656.521004 0.0537603768913 16.2089 0.088
55942.67849 0.0553592573527 16.1954 0.087
54867.539273 0.0562568466902 16.2244 0.093
54167.628488 0.0625114771114 16.2094 0.125
54858.701486 0.0655984245414 16.2186 0.104
54167.635321 0.0733284575377 16.283 0.128
53881.481045 0.0768111674642 16.1921 0.106
54867.552403 0.077042292761 16.1862 0.092
55942.692569 0.0776470178444 16.2244 0.088
54858.712326 0.0827586861921 16.215 0.104
53881.49053 0.0918263964085 16.2766 0.109
55942.706791 0.100161154477 16.2619 0.089
55301.540762 0.102299854983 16.1144 0.095
53881.500003 0.106822628747 16.2594 0.109
53740.632726 0.106884367699 16.2664 0.094
54100.699091 0.109931738885 16.2283 0.121
55656.559417 0.11457007528 16.2404 0.089
53852.447925 0.115931498258 16.2822 0.143
53826.549163 0.116897158743 16.1721 0.089
53881.509426 0.121739708583 16.2321 0.108
55208.694696 0.122338101473 16.2105 0.085
53740.64267 0.122626216571 16.2303 0.093
55942.721039 0.122716450412 16.1615 0.086
53876.462633 0.132414214523 16.1822 0.108
53852.459661 0.134510172676 16.2674 0.116
53826.561528 0.136471571582 16.1769 0.09
53740.652624 0.138383895948 16.2936 0.095
54922.548961 0.139341641176 16.2208 0.09
54536.587434 0.142958910352 16.2674 0.114
53876.471762 0.146865877672 16.23 0.111
55160.70478 0.151903142667 16.3119 0.111
53852.471386 0.153071433538 16.267 0.121
53740.662564 0.154119412618 16.216 0.093
54922.559105 0.155400100045 16.1877 0.09
55270.622034 0.156408502874 16.1787 0.097
54536.597734 0.159264325019 16.178 0.111
53826.576827 0.160690653031 16.2107 0.091
53876.480919 0.161361866224 16.1117 0.104
56006.546673 0.161884272706 16.2466 0.093
55160.712304 0.163814010622 16.2495 0.109
54922.569255 0.171468057217 16.2227 0.092
53852.483093 0.171604199515 16.1858 0.096
54536.608039 0.175577654927 16.1971 0.111
55160.71979 0.175664722681 16.2294 0.109
53876.490121 0.175929092026 16.1961 0.106
56006.55671 0.177773345229 16.2015 0.092
53826.592364 0.185286500373 16.2418 0.092
55160.727282 0.187524933032 16.2113 0.107
54922.579404 0.187534431327 16.2356 0.092
54536.61835 0.191900483138 16.2102 0.112
54476.607988 0.192498876036 16.2528 0.118
56006.566917 0.193931536245 16.1634 0.098
54195.511399 0.202552826377 16.1628 0.115
54476.617409 0.207412789771 16.2798 0.119
53826.607672 0.209519829277 16.2449 0.092
56006.577156 0.210140384866 16.2724 0.095
54195.523336 0.221449693831 16.1497 0.115
54476.626899 0.222435933968 16.2024 0.116
54476.636402 0.237479657798 16.238 0.117
53847.471526 0.238043223594 16.281 0.084
55615.578182 0.239227344964 16.1864 0.094
54195.535222 0.240265825744 16.3464 0.124
53723.66533 0.24664868322 16.3003 0.12
55715.395574 0.255146495443 16.2483 0.096
54195.54713 0.259116784756 16.2459 0.119
53847.487377 0.263136148621 16.2586 0.084
53723.677338 0.265657947225 16.1964 0.115
54974.430079 0.269743799186 16.2848 0.096
54974.436568 0.280016210423 16.2779 0.095
53723.689479 0.284877756878 16.2674 0.118
56001.570842 0.284895170428 16.2081 0.083
53847.503262 0.288282897355 16.3197 0.085
54974.442998 0.290195221715 16.2953 0.096
55615.613953 0.295854625351 16.2859 0.098
54974.449602 0.300649683703 16.3429 0.098
53723.702405 0.305340260762 16.253 0.117
56001.585097 0.307461547716 16.2665 0.085
53847.519132 0.313405900342 16.3857 0.087
54588.494105 0.313812744178 16.3324 0.093
54588.502296 0.326779506462 16.4059 0.095
56058.453821 0.33349322138 16.4602 0.091
54588.510471 0.33972093995 16.5544 0.1
54588.518664 0.352690868335 16.648 0.103
56001.613708 0.352754190324 16.593 0.093
56058.46785 0.35570182937 16.6507 0.097
55360.449625 0.357973506073 16.6524 0.112
53694.694181 0.383872203536 16.6774 0.133
54595.504288 0.411282713718 16.7256 0.122
54938.514779 0.414029305413 16.7662 0.107
54614.45876 0.417158995204 16.7468 0.117
53694.717503 0.420792094877 16.7358 0.135
53899.388721 0.425557075284 16.7684 0.13
53823.586154 0.426305857909 16.6727 0.106
54595.514654 0.427692609683 16.5787 0.118
54888.621188 0.429981699934 16.5712 0.093
54614.466911 0.430062435491 16.5721 0.099
54938.525516 0.431026512919 16.6018 0.101
54297.361981 0.437113340044 16.5958 0.133
53899.397244 0.439049410151 16.6868 0.126
53694.729132 0.439201382949 16.6296 0.129
54595.525002 0.444074010751 16.5327 0.118
54297.367126 0.445258132119 16.4648 0.127
54816.618487 0.446108229955 16.5144 0.126
53823.599738 0.447810008666 16.5252 0.101
54938.536294 0.448088625461 16.4445 0.096
53899.405769 0.452544911119 16.4467 0.115
54297.372281 0.453418754711 16.4885 0.128
54816.627747 0.460767272652 16.4264 0.121
53763.59737 0.461063303003 16.5377 0.112
54297.377439 0.461584126443 16.4003 0.124
54938.547038 0.46509691431 16.3603 0.094
53899.41432 0.4660815714 16.2699 0.109
53823.613333 0.469331572979 16.0088 0.11
54816.637016 0.475440562803 16.2659 0.114
53763.607496 0.477093266963 16.3005 0.103
54454.678934 0.47771065646 16.296 0.115
54602.494973 0.477886375002 16.3083 0.092
54602.500519 0.486665970122 16.2199 0.09
54225.380942 0.487531898458 16.1963 0.119
54816.646277 0.490101188549 16.2266 0.112
53763.617591 0.493074156392 16.3026 0.103
55586.681703 0.494657206359 16.2409 0.114
54261.392061 0.494932657048 16.2258 0.105
54602.506081 0.495470894038 16.2096 0.09
54225.388377 0.499301874965 16.1664 0.119
54602.511631 0.50425682136 16.4357 0.096
55381.38905 0.506129569466 16.2607 0.099
53763.628078 0.509675601399 16.2247 0.101
54225.395733 0.510946790516 16.2709 0.129
56389.575217 0.515208361029 16.2176 0.08
54225.402978 0.522415987531 16.1545 0.121
53763.638159 0.525634328121 16.2866 0.103
55586.704805 0.531228826704 16.2558 0.115
56389.587191 0.53416380134 16.2349 0.081
54261.418207 0.536323081501 16.1869 0.105
56389.599469 0.553600488842 16.2319 0.081
53813.570694 0.571332231529 16.1541 0.089
56389.611614 0.572826630697 16.2053 0.081
54130.681905 0.574224463813 16.2164 0.118
54528.656059 0.587195975251 16.2398 0.084
54130.692286 0.590658105525 16.3071 0.122
53813.585896 0.595397757126 16.2318 0.091
54528.665425 0.602022821243 16.1869 0.083
54130.702572 0.606941357496 16.2323 0.119
55738.363799 0.614994332675 16.2146 0.088
54528.674911 0.617039633238 16.2381 0.084
54182.50868 0.618598937451 16.1619 0.1
53813.601089 0.619449035291 16.1893 0.09
54120.603591 0.619749814778 16.276 0.102
54130.712879 0.623257853505 16.2555 0.119
55738.37081 0.626093095999 16.2426 0.089
54966.444754 0.628575318341 16.2721 0.108
54182.515525 0.629434914483 16.1107 0.098
54528.684302 0.631906055481 16.1348 0.082
55738.377822 0.637193442373 16.244 0.089
54182.522396 0.640312050806 16.1662 0.1
54120.616817 0.640687233651 16.209 0.1
53813.616308 0.643541472734 16.3018 0.094
54966.454971 0.644749339863 16.2765 0.108
55738.384841 0.648304870089 16.2578 0.089
54182.529181 0.651053044831 16.1408 0.099
54966.465062 0.660723897089 16.2243 0.106
54120.629995 0.661548666123 16.2076 0.1
54120.64331 0.682626976433 16.1959 0.1
55328.448344 0.698346662605 16.1563 0.095
55645.559149 0.700596176614 16.2293 0.096
54918.487696 0.710156215361 16.2256 0.105
56362.535999 0.710775187903 16.1827 0.089
54966.496966 0.711229523242 16.2201 0.107
54258.376533 0.721201154993 16.2504 0.108
54918.498004 0.726474294432 16.1895 0.104
54966.507154 0.727357636311 16.2711 0.109
56362.552094 0.736254377127 16.1484 0.088
54258.38636 0.736757787013 16.3643 0.276
54918.508078 0.7424219398 16.208 0.105
55328.476612 0.743096319086 16.2351 0.097
54966.517335 0.743474668025 16.2619 0.108
55645.594754 0.756960670699 16.1815 0.095
54918.518089 0.758269853021 16.2848 0.107
54966.527474 0.759525211653 16.3064 0.11
56362.566867 0.759640774299 16.1774 0.088
55247.630743 0.760046035091 16.155 0.115
55685.404159 0.777237957731 16.2054 0.094
56362.581752 0.783204473059 16.1428 0.088
55685.431346 0.820276337194 16.3115 0.098
55673.432454 0.825430747894 16.2882 0.089
54208.562 0.862306313829 16.317 0.125
56414.433124 0.86651722675 16.239 0.08
54208.570538 0.875822394454 16.3093 0.125
56414.444044 0.883804132395 16.3244 0.082
54882.594281 0.889086770127 16.346 0.088
54208.579073 0.889333725927 16.3176 0.126
54882.600877 0.899528567711 16.3384 0.088
56414.45502 0.901179688833 16.3224 0.082
54208.587641 0.902897298043 16.3289 0.127
55673.483529 0.906285024972 16.2849 0.087
54882.607432 0.909905460247 16.3075 0.087
54839.652434 0.909997277155 16.2554 0.106
54153.635362 0.910693819137 16.3094 0.105
56414.465927 0.918446014822 16.2776 0.081
54882.613969 0.920253857886 16.265 0.086
54839.66277 0.926359681617 16.3106 0.108
54153.648977 0.932247044437 16.2496 0.103
56028.511343 0.933054399922 16.2683 0.085
54508.664951 0.940273107774 16.3136 0.1
54839.67318 0.94283923177 16.2854 0.107
54508.669891 0.948093374611 16.3294 0.101
55368.402785 0.94822318471 16.2987 0.099
54153.66256 0.953749612144 16.2193 0.102
56028.525422 0.955342160414 16.1463 0.083
54508.674829 0.955910475359 16.2761 0.099
54839.6838 0.959651222425 16.2087 0.104
54062.704956 0.963317566154 16.3343 0.112
54508.679756 0.96371016254 16.2646 0.099
54153.676158 0.975275925608 16.2686 0.104
56028.539557 0.977718571699 16.095 0.082
54062.714851 0.978981845574 16.2549 0.109
55368.424595 0.982749504496 16.2736 0.098
54908.558373 0.99154176402 16.195 0.105
54062.724729 0.994619213159 16.2328 0.108
54241.493882 0.99512104 16.2668 0.105
56028.553626 0.999990501697 16.1923 0.084
