54295.545652 0.00159770749806 15.9228 0.171
54295.553002 0.00569225078092 15.8108 0.167
54295.560424 0.00982690387696 15.81 0.143
54295.56772 0.0138913647989 15.8804 0.381
55031.56395 0.0232001836119 15.8554 0.101
55031.571321 0.0273064255898 15.8998 0.103
53972.482329 0.0292495231344 16.0648 0.112
55031.578697 0.0314154529681 15.9293 0.104
53972.489635 0.0333195548654 16.0752 0.113
55031.586042 0.0355072108505 15.9666 0.105
53972.496926 0.0373812303869 16.1056 0.12
55031.593359 0.0395833704675 15.998 0.106
53972.512614 0.0461207127027 16.2537 0.126
53972.51993 0.0501963152428 16.3023 0.143
55275.743298 0.0508068757099 16.133 0.103
56065.591206 0.0598471816119 16.1618 0.089
56065.6029 0.0663616835375 16.2227 0.091
56065.614355 0.0727430431709 16.3595 0.094
56065.625789 0.0791127041093 16.3525 0.092
56243.413941 0.121464208673 15.9381 0.084
56243.421998 0.125952608024 15.9197 0.083
56243.429725 0.13025717074 15.9606 0.083
56243.437483 0.134579002956 15.9512 0.084
54954.602294 0.149345541566 15.9096 0.091
54954.612721 0.155154222221 15.9024 0.09
56182.447261 0.158102293387 15.8597 0.085
55769.583908 0.159888851251 15.8872 0.079
54954.623152 0.1609651312 15.8047 0.087
56182.45704 0.163549985735 15.8785 0.086
54954.633699 0.16684066154 15.8604 0.088
55769.596519 0.166914196195 15.859 0.079
56182.466556 0.168851165854 15.8696 0.085
54378.427316 0.173374661292 15.8789 0.11
55769.609303 0.174035916103 15.883 0.079
56182.47596 0.174089952936 15.7944 0.084
54378.437157 0.178856892645 15.8547 0.109
55769.622082 0.18115485061 15.8252 0.078
54378.447084 0.184387032939 15.857 0.109
55805.530722 0.185165831786 15.7592 0.086
54378.456927 0.189870378454 15.9631 0.114
55805.544196 0.192671937391 15.7831 0.086
55473.45628 0.192896997999 15.7843 0.091
55805.5578 0.200250463489 15.8209 0.086
55123.435318 0.202967903235 15.917 0.088
55331.664863 0.20363250053 15.8587 0.093
55805.571486 0.207874670205 15.8564 0.088
55473.484574 0.208659039857 15.8019 0.092
55123.445902 0.208864045561 15.8857 0.088
55123.45653 0.214784699442 15.851 0.087
55331.69543 0.220660786861 15.9042 0.094
55123.46715 0.220700896672 15.8665 0.088
55421.467949 0.231200196979 15.8945 0.108
55421.497296 0.247548844834 15.8333 0.102
54362.405827 0.248112053442 15.9551 0.113
54362.414136 0.252740837132 15.936 0.112
53994.425527 0.25338203704 15.8801 0.107
54362.422408 0.257349008837 15.8162 0.108
53994.434062 0.258136720975 15.876 0.108
54362.430651 0.261941025204 15.8756 0.11
53994.442599 0.262892519072 15.9175 0.112
53994.451136 0.267648317169 15.9881 0.165
54911.761071 0.283326239835 15.9139 0.103
54911.768788 0.287625231742 15.9049 0.102
54911.776547 0.291947621039 15.8803 0.102
54911.784267 0.296248284189 15.8741 0.101
53942.476929 0.313819724217 15.9488 0.11
53942.483361 0.317402867401 15.955 0.111
53942.490038 0.321122495363 15.9418 0.11
53942.496679 0.324822068417 15.8722 0.107
56150.469566 0.343944978248 16.0002 0.086
56150.479764 0.34962608742 16.007 0.087
56150.490083 0.355374603353 15.9184 0.085
54319.522609 0.358698146923 15.8554 0.106
56150.500485 0.36116935699 15.8322 0.084
54319.533217 0.364607659186 15.9303 0.108
54177.731137 0.369403010016 16.1191 0.253
54319.543857 0.370534998034 15.8623 0.106
54177.736885 0.372605109985 15.8893 0.119
54177.742642 0.375812223683 15.8651 0.116
54319.55438 0.37639715844 15.8132 0.104
54177.74842 0.379031036079 15.8456 0.115
54005.44675 0.393092867582 15.9228 0.109
54005.455594 0.398019689457 15.8766 0.108
54005.464385 0.402916986055 15.8398 0.106
54005.473233 0.407846036254 15.9026 0.109
56213.422729 0.413938270995 15.78 0.078
56213.433237 0.419792075187 15.7929 0.079
56213.443893 0.42572832733 15.8058 0.078
56213.45449 0.431631711703 15.8654 0.079
53881.670388 0.439668158153 15.8752 0.103
53881.682505 0.446418305221 15.9706 0.12
53881.695013 0.453386270852 15.9987 0.24
53881.707406 0.460290172202 15.8731 0.162
54644.670725 0.49244431421 15.9298 0.086
54644.682261 0.49887079738 15.8631 0.085
54644.693748 0.505269983595 15.9027 0.086
55660.712212 0.509566190098 15.8381 0.142
54644.705438 0.511782257197 15.8722 0.085
55660.735952 0.522791286364 15.8895 0.104
53865.668514 0.5253326886 15.983 0.103
53865.677544 0.530363127491 16.0289 0.105
53865.686546 0.535377968121 16.1377 0.108
53865.695557 0.540397822479 16.2217 0.112
53973.457242 0.572354757909 16.2866 0.123
53991.437663 0.588900612338 16.0689 0.163
53991.444533 0.592727756878 15.9786 0.113
53991.451398 0.59655211601 16.0253 0.121
53991.458265 0.600377589308 15.8949 0.119
56380.701746 0.601853296131 16.1077 0.083
56380.71465 0.609041865727 16.1062 0.085
54594.628014 0.614614901238 15.8543 0.096
56380.727595 0.616253275629 15.9155 0.079
54594.635349 0.618701088307 15.8119 0.094
54594.642663 0.622775576685 15.9244 0.097
56380.740423 0.623399507093 15.9299 0.079
54594.650017 0.626872348292 15.867 0.096
55849.425542 0.638123707567 16.0105 0.092
55849.435615 0.64373518165 15.9387 0.091
55849.44571 0.649358911505 15.9379 0.092
55849.455859 0.655012723721 15.933 0.092
53912.590959 0.664922075546 15.9097 0.106
53912.600653 0.670322416034 15.9292 0.107
56102.5945 0.67366879991 15.8842 0.082
53912.61016 0.675618582424 15.9069 0.105
56102.607251 0.680772136156 15.8269 0.081
53912.61964 0.680899707639 15.8948 0.106
56102.620048 0.687901098112 15.8701 0.082
56102.633052 0.695145375779 15.8371 0.081
54246.582939 0.725414356635 15.8605 0.114
54246.594316 0.731752263974 15.7829 0.111
54246.605798 0.738148664783 15.9274 0.116
54246.617188 0.74449381417 15.8759 0.114
54022.391595 0.83273929959 15.8896 0.11
54022.398038 0.83632857066 15.9577 0.112
54022.404468 0.839910599683 15.9439 0.112
54022.410939 0.843515469014 15.8874 0.11
54758.393091 0.844981705464 15.948 0.108
54758.402953 0.850475635512 15.8732 0.106
54758.412757 0.85593725488 15.8819 0.107
54758.422573 0.861405559218 15.8298 0.105
54697.506796 0.926400723756 15.8674 0.097
54015.386951 0.930587185357 15.9338 0.112
54697.515661 0.931339244326 15.8806 0.098
54015.397185 0.936288349434 15.8661 0.109
54697.524557 0.9362950344 15.842 0.096
54015.405769 0.941070330321 15.7395 0.105
54697.533435 0.941240797021 15.9143 0.099
55083.479329 0.944256832035 15.8215 0.072
54015.414372 0.945862895746 15.7966 0.107
55083.49606 0.953577349539 15.8396 0.072
55083.512816 0.962911794065 15.8494 0.072
55083.529572 0.972246238587 15.8727 0.073
