55031.5821 0.00454246992839 15.8573 0.103
55769.589511 0.00789191359888 15.7461 0.077
53972.513449 0.00947424317576 16.1253 0.42
55031.589405 0.0176478186315 15.9021 0.105
53972.520767 0.0226029142047 15.8711 0.144
55769.602162 0.0305881170925 15.6921 0.076
55031.596727 0.0307836657477 15.8101 0.102
55736.715714 0.0314958934624 15.7589 0.077
53881.669387 0.033004668043 15.8261 0.103
54704.4041 0.0392066106089 15.929 0.088
55275.747369 0.0430081484416 15.7677 0.093
54704.412037 0.0534457827781 15.909 0.088
55769.614984 0.0535910987557 15.6757 0.076
53881.681499 0.0547338923367 15.8486 0.114
56065.598329 0.0549527633243 15.7518 0.079
53636.425401 0.0592943025261 15.7744 0.087
55736.732068 0.0608353695344 15.8513 0.078
54704.419975 0.0676867489593 15.8751 0.087
56243.419901 0.0712030369143 15.8363 0.081
56065.610046 0.0759733479632 15.7756 0.08
55769.627761 0.0765133493299 15.663 0.076
53636.438038 0.0819653896687 15.7743 0.09
54704.427957 0.0820066522305 15.8244 0.086
56243.42763 0.0850690519862 15.9742 0.084
55736.748567 0.0904349791634 15.8322 0.077
54005.445901 0.0910987682094 15.872 0.108
56065.621497 0.0965167220899 15.7646 0.079
54594.627158 0.0966871544194 15.7194 0.093
56243.435372 0.0989583893841 15.9562 0.083
53881.706474 0.0995396533086 15.7647 0.247
53636.450672 0.104631094736 15.9429 0.1
54005.454745 0.106965120569 15.9041 0.11
54594.63449 0.109840941773 15.7059 0.093
56243.443116 0.112851314832 15.9779 0.085
55083.482844 0.115746870309 15.9056 0.074
56065.632969 0.11709777073 15.7138 0.085
55736.765169 0.120219373296 15.6828 0.075
53942.476092 0.12172097177 15.9597 0.113
54005.463542 0.122747153764 15.9846 0.113
54594.641813 0.122978582928 15.7583 0.094
53636.46329 0.127268095415 16.0304 0.102
53942.482509 0.133233226759 15.9265 0.112
54034.455703 0.13539323221 15.8218 0.111
54594.649147 0.136135958332 15.7335 0.093
55304.785597 0.138299551844 15.7234 0.097
53942.489096 0.145050465892 16.0142 0.115
55083.49958 0.145771663736 15.8395 0.073
54034.462157 0.1469718661 15.8765 0.116
53942.495617 0.156749299423 15.967 0.114
54034.468613 0.158554088027 15.8779 0.126
56405.678009 0.166218160544 16.0181 0.081
54034.475045 0.170093253378 15.8256 0.113
55083.516342 0.175843101789 15.8445 0.073
54177.735543 0.182931292444 15.8993 0.215
53851.653307 0.183422855143 15.872 0.073
56405.687994 0.184131494805 16.0109 0.081
54177.741301 0.193261285302 15.7762 0.118
54614.749726 0.197066411189 15.7488 0.083
56405.698076 0.202218849445 16.0613 0.081
54177.747071 0.203612806449 15.8787 0.121
55083.533087 0.205884041429 15.8219 0.073
53851.669455 0.212392762181 15.801 0.072
54177.752874 0.214023530409 15.709 0.113
56405.708114 0.220227267008 16.0173 0.08
54614.763019 0.220914378373 15.7965 0.084
54986.555851 0.226350272496 15.9251 0.096
54378.426468 0.227360308269 15.7837 0.108
53851.685648 0.241443400308 15.7954 0.072
55849.429037 0.241954697285 15.4664 0.077
54614.776101 0.244383806411 15.7859 0.084
54378.436306 0.245009920949 15.8059 0.108
56415.762875 0.258714473819 16.0646 0.104
55849.439181 0.260153281441 15.4581 0.076
56490.456714 0.261288898923 15.7998 0.085
54378.44623 0.26281381972 15.7681 0.108
56213.428312 0.265558677139 15.4233 0.071
54614.789238 0.267951905776 15.8138 0.085
53851.701802 0.270424071497 15.618 0.069
56415.772217 0.275474250351 15.8947 0.085
56490.465683 0.277379504338 15.9394 0.088
55849.449239 0.278197579492 15.4509 0.077
54378.456077 0.280479578612 15.7801 0.108
53664.420328 0.282878189316 15.5506 0.096
56213.438897 0.28454842609 15.353 0.071
56415.780314 0.29000046644 15.6194 0.088
56490.474913 0.293938350128 15.6435 0.082
55849.459368 0.296369253285 15.4991 0.078
53664.428504 0.297546133333 15.5387 0.096
56213.449539 0.303640434431 15.3835 0.072
56415.788169 0.304092528592 15.2717 0.085
56490.48398 0.310204769935 15.4277 0.077
53664.436664 0.312185372949 15.4432 0.093
53994.426359 0.321770845651 15.6464 0.101
56213.460145 0.322667857882 15.3731 0.072
56150.474318 0.324553377598 15.393 0.075
53664.444852 0.326874845255 15.4583 0.093
53994.434897 0.337088226522 15.6634 0.101
56150.484651 0.343091032375 15.4871 0.076
53903.585529 0.351099557588 15.5573 0.085
53994.443457 0.352445075931 15.5777 0.099
56150.495094 0.361826029844 15.3897 0.076
53994.45197 0.367717606189 15.5705 0.146
56380.708754 0.370763859722 15.2339 0.07
53649.420053 0.372017882827 15.2109 0.098
53903.598915 0.375114369052 15.4948 0.084
56150.505317 0.380166341941 15.4026 0.075
54622.655742 0.380652522571 15.6503 0.082
53649.429679 0.389287162309 15.22 0.099
56380.72188 0.394312224824 15.3096 0.071
53812.752925 0.395185914745 15.3898 0.073
53903.612654 0.399762471144 15.5393 0.085
53812.758337 0.404895175138 15.4332 0.074
53649.439272 0.40649723899 15.205 0.109
53587.567851 0.407654384763 15.4667 0.088
54622.671869 0.409584755082 15.5051 0.079
53812.763771 0.414643904069 15.4373 0.074
56380.73476 0.417419259916 15.1668 0.069
53587.57638 0.422955619409 15.4802 0.089
53649.448652 0.423325188449 15.2564 0.122
53812.769184 0.424354958487 15.4666 0.074
53903.626688 0.424939810461 15.5229 0.084
53587.584843 0.438138448439 15.4855 0.089
54622.687877 0.438303498689 15.3908 0.077
56102.600831 0.438346555287 15.3447 0.072
56380.747619 0.440488620493 15.3587 0.07
53587.593032 0.452829714769 15.4568 0.089
56102.613654 0.461351330976 15.3997 0.073
55330.607204 0.462894192013 15.342 0.081
54622.703625 0.466555795946 15.4039 0.081
55421.473575 0.479386658911 15.4492 0.069
56102.626607 0.484589329845 15.3997 0.075
54362.408817 0.491302569396 15.5107 0.098
55445.448954 0.491803102214 15.6208 0.086
54022.392434 0.493593538632 15.4002 0.095
55805.539499 0.503049841573 15.5795 0.082
54022.398879 0.505156026296 15.4243 0.095
53912.59 0.505340810809 15.5882 0.097
54362.41713 0.506216294756 15.532 0.099
56102.639618 0.507931382142 15.5693 0.077
54022.405315 0.516702367748 15.4532 0.096
54362.425402 0.521056465115 15.5536 0.1
53912.59966 0.522671087131 15.5874 0.097
55805.553055 0.527369637194 15.6032 0.082
54022.411773 0.528288177725 15.4729 0.096
55445.470748 0.530902071368 15.7099 0.088
55421.502951 0.532087921543 15.4686 0.069
55330.646422 0.533252243412 15.3663 0.081
54362.433615 0.535790788034 15.5337 0.099
54295.546541 0.538743752304 15.6892 0.228
53912.609158 0.539710731482 15.6077 0.098
55805.566738 0.551917273934 15.6415 0.083
54295.553944 0.552024915399 15.5695 0.161
53912.618712 0.556850841212 15.6086 0.098
54319.526194 0.558827856162 15.4783 0.095
54295.561358 0.565325812769 15.6197 0.146
53835.704344 0.570593068592 15.6101 0.084
55805.58048 0.576570758101 15.617 0.082
54319.536849 0.577943186815 15.5173 0.096
54295.568576 0.578275081343 16.1678 0.583
54913.731966 0.578519068673 15.4714 0.081
53614.421632 0.583994431332 15.5481 0.086
53835.7136 0.587198559033 15.677 0.085
54319.547396 0.596864762839 15.604 0.098
54913.744807 0.601556136812 15.4565 0.082
53835.724281 0.606360534325 15.6048 0.083
53614.434768 0.607560736685 15.5352 0.085
54319.557948 0.615795308976 15.5782 0.098
53806.747231 0.620823959546 15.7224 0.098
53835.733553 0.622994729141 15.6711 0.084
54913.757636 0.624571676651 15.4666 0.081
53614.44796 0.631227507402 15.5528 0.085
53806.755238 0.635188713418 15.7167 0.098
53959.488681 0.642721822148 15.4854 0.077
54913.770626 0.647876054422 15.4808 0.081
53806.763257 0.649574995591 15.6223 0.096
53614.460632 0.653961385409 15.6744 0.088
53959.498771 0.660823528975 15.5149 0.078
53973.434491 0.661846122922 15.7858 0.105
53576.563548 0.665665601001 15.6855 0.095
53973.442491 0.676198318631 15.7552 0.104
53959.508786 0.678790683975 15.8153 0.084
53576.571771 0.680417864171 15.6877 0.095
55660.715143 0.684612293363 15.7834 0.104
53973.450314 0.690232972008 15.8007 0.105
54333.536788 0.694176237771 15.6983 0.09
53576.579991 0.695164745252 15.7052 0.096
56182.453222 0.695489463676 15.739 0.082
53959.518867 0.696876244591 15.7782 0.083
53973.458075 0.704156395869 15.7573 0.104
53576.58819 0.709873951833 15.6777 0.095
56182.462937 0.712918411337 15.8042 0.084
54333.547762 0.713863862239 15.6782 0.09
56182.472426 0.729941909476 15.7474 0.083
54333.558641 0.733381054378 15.7425 0.092
56182.481887 0.746915174926 15.7769 0.083
54333.569502 0.752865954065 15.7383 0.092
53605.610062 0.775822291101 15.8008 0.099
54260.567085 0.784743974761 15.7457 0.099
53556.571085 0.798697897039 15.7665 0.106
55123.439548 0.799051319855 15.7089 0.085
54260.575892 0.800543948207 15.7381 0.099
53605.625159 0.802906678429 15.7742 0.099
55487.429215 0.805418312666 15.8218 0.091
53556.578764 0.812474210883 15.8288 0.109
55123.450142 0.818057215019 15.7095 0.085
53556.586566 0.826471189746 15.8464 0.11
53605.640952 0.831239706776 15.6728 0.096
55660.797269 0.83194834644 15.8777 0.104
55123.460771 0.837125901033 15.7156 0.085
54212.660621 0.839375607719 15.8526 0.099
53556.594425 0.840570428012 15.854 0.11
55123.47139 0.856176646811 15.7076 0.086
53605.655857 0.857979641395 15.6442 0.096
54677.547828 0.858397649103 15.7827 0.084
55487.459277 0.859350276091 15.8978 0.093
56459.576442 0.861325497018 16.041 0.221
54212.674962 0.865103712538 15.8187 0.098
54677.553376 0.868350896827 15.7407 0.084
54236.647531 0.872478947115 15.8346 0.12
54677.559009 0.878456636617 15.7832 0.085
56459.588946 0.883757978918 15.3568 0.194
54644.675057 0.883842298062 15.7375 0.082
54236.654426 0.884848745787 15.8229 0.116
54677.564507 0.888320183127 15.803 0.085
54729.403514 0.888766895209 15.7645 0.101
54212.689375 0.890960987135 15.7279 0.094
54236.661313 0.897204192259 15.7832 0.115
54729.411274 0.902688525046 15.7345 0.1
54758.39671 0.903269788976 15.7509 0.103
54644.686604 0.904557898544 15.7598 0.084
56459.601263 0.90585497822 15.8371 0.101
54954.605528 0.906689199602 15.9414 0.094
54236.668222 0.909599107282 15.8422 0.117
54729.418965 0.916486367191 15.8032 0.102
54212.703766 0.916778793181 15.7726 0.096
54758.406494 0.920822524329 15.6886 0.1
54644.698172 0.925311173525 15.6957 0.083
54954.615998 0.925472635735 15.7628 0.088
54015.388093 0.927634435214 15.8472 0.111
56459.613446 0.927711578268 15.8963 0.106
54729.426583 0.930153245558 15.8249 0.102
54758.416305 0.938423698331 15.802 0.104
54954.626493 0.944300922481 15.8533 0.09
54015.398033 0.945467038373 15.8504 0.111
54644.709775 0.946127239384 15.7892 0.085
53972.483167 0.955147594378 15.8467 0.106
54758.426108 0.956010520147 15.816 0.108
54015.406604 0.960843622058 15.9537 0.115
53991.438497 0.961473324643 15.8518 0.14
54954.63702 0.963186618004 15.9265 0.091
53972.490471 0.968251149056 15.8312 0.106
53991.445369 0.973801860752 15.7628 0.107
54015.415207 0.976277614506 15.9771 0.116
55031.567365 0.978107519467 15.8278 0.103
53972.49776 0.981327793371 15.8016 0.125
53991.452244 0.986135778936 15.8031 0.112
55031.574712 0.991288217197 15.9583 0.107
53972.505628 0.99544317785 15.8572 0.142
53991.459099 0.998433816631 15.8264 0.122
