53555.444744 0.00601988680344 15.6213 0.094
54207.605611 0.00720367249994 15.6398 0.097
56061.539769 0.0084468454486 15.6304 0.073
54246.504102 0.00967418178497 15.6889 0.099
54595.570171 0.0120496714831 15.6095 0.084
54509.693937 0.0136254129763 15.6453 0.084
53555.452349 0.0210745527579 15.6229 0.094
54207.615199 0.026183835183 15.6757 0.099
54246.512679 0.0266529943975 15.6507 0.098
55799.372214 0.0281752873847 15.6953 0.079
54509.702497 0.0305705728211 15.624 0.083
54595.580542 0.0325798411998 15.6218 0.085
53729.738585 0.0337062192231 15.8035 0.101
53555.459965 0.0361509940419 15.6533 0.095
53729.741255 0.0389916838029 15.7653 0.1
54167.714437 0.0396429638979 15.7869 0.107
55799.379244 0.0420916978628 15.7104 0.08
53729.743946 0.0443187194521 15.7448 0.099
54207.624761 0.0451125289196 15.6558 0.098
55328.572584 0.0451164880734 15.6129 0.082
54509.710971 0.0473454892376 15.6343 0.083
53729.746635 0.0496417959504 15.5643 0.094
53555.467549 0.051164088927 15.6259 0.094
55799.386319 0.0560971891914 15.6842 0.08
54167.722937 0.0564693492465 15.7385 0.107
54207.634329 0.0640531001087 15.6379 0.098
54509.719544 0.0643163835484 15.6805 0.084
55799.393398 0.0701105988361 15.6663 0.079
54167.731514 0.073448161859 15.7353 0.11
56019.645506 0.075621734935 15.7286 0.08
53899.5004 0.0899083258826 15.6409 0.088
54167.740244 0.0907298494096 15.6257 0.112
56019.654886 0.0941901460607 15.7225 0.08
53899.508958 0.106849526577 15.6797 0.09
56019.664225 0.112677394638 15.6452 0.079
53899.51751 0.123778849818 15.642 0.089
54844.670379 0.124531088232 15.6714 0.08
53762.623145 0.131150786178 15.7302 0.112
56019.673591 0.131218091722 15.6644 0.079
53899.526058 0.140700254772 15.6598 0.089
53762.62987 0.144463426356 15.7043 0.106
54844.681131 0.145815475909 15.7162 0.081
56363.695656 0.148610635465 15.6318 0.077
53762.636529 0.157645414613 15.6898 0.104
53762.643202 0.170855116897 15.7511 0.106
54287.503601 0.171247072692 15.8131 0.111
56363.707407 0.171872618322 15.6787 0.078
54154.652003 0.181578473313 15.7185 0.087
56363.719351 0.195516659105 15.6651 0.077
53935.420535 0.196500507751 15.7286 0.084
54154.663285 0.203912035616 15.7585 0.088
54323.386607 0.204339623757 15.6969 0.084
54938.670865 0.205519450306 15.6968 0.073
53936.435422 0.205545184783 15.7032 0.084
55359.47053 0.209910147094 15.6622 0.081
55057.385925 0.210854404256 15.6876 0.08
53935.431443 0.218093709107 15.7018 0.084
56363.731325 0.219220087137 15.7153 0.078
53845.514184 0.220158405565 15.8316 0.102
55057.392266 0.223406887732 15.689 0.08
53806.619669 0.225558685477 15.7515 0.09
54154.674841 0.226788001396 15.7334 0.088
53936.446279 0.227037427821 15.7272 0.085
54323.398334 0.227554096819 15.7043 0.084
55238.747096 0.228848738707 15.6507 0.082
54938.684735 0.232976152063 15.6914 0.073
53845.521844 0.235321948139 15.7578 0.116
55057.39869 0.23612367591 15.6969 0.081
54274.403706 0.239025732482 15.7169 0.095
53935.442363 0.239710665353 15.6424 0.083
53806.629264 0.244552705188 15.7481 0.09
54887.670199 0.245888918138 15.6565 0.078
53936.45712 0.248497997653 15.7305 0.085
55057.405051 0.24871575088 15.6731 0.08
54154.686537 0.249941107649 15.718 0.087
53845.52947 0.250418185163 15.779 0.26
54323.409987 0.250622081357 15.7554 0.085
54274.412668 0.256766681371 15.6872 0.095
54938.698549 0.260321997624 15.7036 0.074
53935.453274 0.261309805421 15.6551 0.084
53806.638893 0.263614030435 15.7277 0.09
53845.536805 0.264938365942 15.6605 0.172
53936.467994 0.270023893459 15.7174 0.085
54323.421477 0.273367395218 15.7421 0.085
54274.421609 0.27446605919 15.7377 0.096
54887.684952 0.275093584397 15.6921 0.079
53806.648258 0.282152747944 15.7581 0.091
54588.634888 0.283138576167 15.6564 0.078
55654.522665 0.287665863607 15.6646 0.076
54938.712407 0.287754944476 15.71 0.074
54274.430515 0.292096151899 15.6437 0.096
54622.489344 0.300564772673 15.7037 0.077
54973.575582 0.302015800956 15.698 0.105
54887.699096 0.303092689616 15.692 0.079
54588.647941 0.308977965354 15.7138 0.079
54622.499195 0.320065563504 15.7061 0.077
54887.713149 0.330911653559 15.6959 0.079
54588.661011 0.334851007294 15.7241 0.08
54622.509027 0.33952874243 15.7223 0.078
54227.475832 0.34179139636 15.7641 0.089
54622.518852 0.358978064329 15.7357 0.078
54588.674104 0.360769579469 15.7172 0.08
54227.48752 0.364928666023 15.7365 0.088
54196.676217 0.371651301862 15.819 0.106
54196.686562 0.392130002633 15.8065 0.105
54240.644922 0.410989411248 15.7491 0.089
54196.697009 0.412810620024 15.81 0.106
56046.589603 0.413475757133 15.7616 0.074
53580.404752 0.416221427312 15.7677 0.091
54227.51864 0.426533032173 15.7331 0.09
53580.412896 0.432343084057 15.7934 0.092
54196.707469 0.433516971881 15.7068 0.102
56046.600921 0.435880584122 15.7817 0.075
54240.657986 0.436850575751 15.7301 0.089
55619.745846 0.444353164044 15.6746 0.076
54227.529647 0.448322211423 15.732 0.088
53580.421051 0.448486516117 15.7833 0.092
56046.612308 0.458422001787 15.7604 0.074
54240.671124 0.462858228791 15.7744 0.091
53580.42926 0.46473684522 15.7525 0.091
54189.653647 0.469949065535 15.8294 0.103
54095.694475 0.470744854578 15.7905 0.108
56046.623688 0.480949562409 15.7409 0.074
54095.702202 0.486041028662 15.7718 0.105
54189.662244 0.486967469641 15.7641 0.101
54240.68445 0.48923804188 15.7783 0.091
56391.653248 0.492753766635 15.7662 0.077
54095.709936 0.501351059759 15.7545 0.104
54189.670836 0.503975975871 15.791 0.102
55619.777827 0.507661944052 15.7392 0.078
56296.694238 0.514295499028 15.77 0.081
54095.717697 0.516714539378 15.7832 0.105
56391.666807 0.519594820638 15.7488 0.077
54954.490011 0.520701402923 15.7439 0.092
54189.679588 0.521301214066 15.9406 0.108
53886.587391 0.527641791987 15.7569 0.082
55737.490805 0.529300675626 15.7227 0.077
54533.69859 0.532630320349 15.7238 0.096
56296.703707 0.533040092323 15.7235 0.079
54954.49904 0.538574983322 15.755 0.092
54919.643236 0.538905572307 15.7691 0.09
54182.617099 0.540576333392 15.7814 0.089
55737.49784 0.543226983981 15.7468 0.077
53886.597217 0.547093093461 15.7022 0.081
56391.680753 0.547201970068 15.7606 0.078
56296.713379 0.552186539284 15.8053 0.081
54533.709005 0.553247591341 15.7007 0.096
54919.651734 0.555727998504 15.7411 0.089
54954.508047 0.556405013076 15.7791 0.093
55737.504943 0.557287903407 15.7629 0.077
56004.738835 0.566752250269 15.7435 0.082
53886.6072 0.56685518816 15.7467 0.082
54182.632263 0.570594604861 15.7694 0.089
55737.512028 0.57131319049 15.7477 0.077
56296.723382 0.571988225477 15.7401 0.08
54919.660211 0.572508853647 15.7593 0.09
54533.719416 0.573856944046 15.7296 0.096
56391.694487 0.574389449654 15.7697 0.078
54954.517149 0.574423102423 15.7563 0.092
53886.617045 0.586344101553 15.7464 0.082
56076.482594 0.588885875533 15.7868 0.084
54919.668716 0.589345136873 15.7636 0.09
56004.750782 0.590402229793 15.7373 0.084
53830.548424 0.59431782864 15.7296 0.09
54533.729826 0.594464317175 15.7095 0.096
54182.647223 0.600209043088 15.7857 0.089
53879.552396 0.601343339417 15.7383 0.091
53830.55798 0.613234644924 15.7747 0.091
56076.495018 0.6134801122 15.808 0.085
56004.762838 0.614267982951 15.726 0.087
56036.589141 0.616813716066 15.7614 0.075
55386.450689 0.619151593844 15.7041 0.087
53879.561466 0.619298082379 15.7444 0.091
55000.511502 0.623682840449 15.7504 0.078
54612.550022 0.624933931694 15.7582 0.08
54182.662135 0.629728461724 15.7697 0.089
53830.567646 0.632369214446 15.7705 0.091
55000.517391 0.635340556139 15.7312 0.078
53879.570555 0.63729043726 15.7748 0.092
56004.774813 0.637973390558 15.8873 0.102
56076.507534 0.638256469733 15.7928 0.085
54612.557045 0.638836485144 15.7755 0.08
56036.603304 0.644850433218 15.7514 0.074
55000.523268 0.646974516923 15.7698 0.078
56376.576546 0.647295208031 15.84 0.08
54690.356697 0.649062968294 15.6241 0.077
53830.577227 0.651335520102 15.7534 0.09
53879.579655 0.65530456747 15.7491 0.091
54690.361039 0.657658281849 15.6258 0.077
55000.529185 0.65868766071 15.7715 0.078
54612.567593 0.65971703958 15.7789 0.08
55386.472461 0.662250895253 15.7175 0.087
56076.520007 0.662947705567 15.8073 0.085
54527.703243 0.664392795142 15.685 0.077
54690.365346 0.666184310279 15.6353 0.078
56376.58873 0.671414346771 15.7882 0.079
54612.574071 0.672540724802 15.8917 0.119
56036.617454 0.672861415904 15.7754 0.075
54690.369662 0.674728154887 15.8313 0.081
54527.717187 0.691995985421 15.7007 0.078
56376.600678 0.695066305856 15.7461 0.081
55265.756948 0.69686969845 15.6991 0.079
56036.631646 0.700955540729 15.7654 0.075
56420.555276 0.70647855427 15.7715 0.078
54867.700196 0.713775266788 15.7043 0.08
54527.730458 0.718266921891 15.7258 0.079
56376.612655 0.718775672599 15.8169 0.08
56420.566075 0.727855981977 15.7829 0.078
55766.387189 0.73185274339 15.7392 0.077
54867.712911 0.738945559714 15.6877 0.079
55766.393543 0.744430961332 15.7598 0.077
54527.743724 0.744527960498 15.7925 0.08
53873.56292 0.744727897541 15.81 0.093
54344.37127 0.745048588663 15.8547 0.103
56420.576911 0.749306653932 15.7344 0.078
54344.376372 0.755148379018 15.8213 0.101
56459.477382 0.75569672122 15.7766 0.074
55766.399894 0.757003240562 15.7658 0.078
53873.571889 0.762482703458 15.8259 0.094
54867.725628 0.764119811777 15.7082 0.08
54344.38146 0.76522045533 15.8042 0.101
55766.406251 0.769587397231 15.7446 0.077
54344.386544 0.775284613356 15.7592 0.1
56459.487971 0.776658438233 15.6741 0.073
53873.580914 0.780348365556 15.8055 0.093
54867.738599 0.789796875823 15.6708 0.079
56459.498599 0.797697358645 15.6144 0.073
53873.59012 0.798572330688 15.8151 0.094
56495.366658 0.80120120595 15.6547 0.076
53607.37568 0.807189419559 15.7696 0.094
56459.510091 0.820446631642 15.5779 0.072
56495.377192 0.822054046344 15.5519 0.075
53607.385486 0.826601129539 15.784 0.095
56495.386151 0.839789056507 15.6207 0.076
54908.683987 0.844252997559 15.5985 0.088
54645.496485 0.844920114262 15.6132 0.086
53607.3953 0.846028676108 15.7737 0.095
53820.572696 0.846618589395 15.698 0.089
56495.395111 0.857526046245 15.5552 0.075
54908.692482 0.861069485045 15.5569 0.087
54645.506781 0.865301815852 15.523 0.084
53607.405117 0.865462161417 15.7079 0.093
56153.408413 0.86929461812 15.5953 0.076
53820.584472 0.869930061623 15.6472 0.087
54127.721872 0.871371192039 15.5806 0.083
54908.700894 0.877721667829 15.5497 0.087
55674.5228 0.879428061256 15.5869 0.073
56153.415473 0.883270415846 15.5835 0.077
54127.727994 0.883490148643 15.5337 0.082
54645.517307 0.886138819657 15.5224 0.084
53734.716125 0.887118709152 15.6359 0.098
55299.701881 0.893401879405 15.5472 0.071
53820.596381 0.893504817296 15.5831 0.086
54908.709386 0.894532216588 15.5511 0.087
54127.734192 0.895759552935 15.547 0.082
56404.486003 0.896151508724 15.596 0.071
56153.422578 0.897335294422 15.622 0.077
53860.506595 0.898756629094 15.5783 0.072
53734.723476 0.901670563123 15.572 0.096
54645.527677 0.906667009784 15.5179 0.084
54127.740394 0.908036875514 15.5328 0.081
55032.48155 0.910782545682 15.597 0.09
56153.429713 0.911459560247 15.6126 0.078
53734.730801 0.916170948148 15.5807 0.096
56404.496639 0.917206265739 15.6592 0.071
53820.608483 0.917461630894 15.5504 0.085
55032.486591 0.920761581993 15.5826 0.09
54296.472098 0.925057259191 15.5617 0.081
53860.520039 0.92537003201 15.551 0.072
53734.738107 0.930633721254 15.5426 0.095
55032.491664 0.930803964689 15.5419 0.089
56404.507429 0.938565877268 15.6693 0.072
55032.496723 0.940818633329 15.5597 0.09
54296.480289 0.941271955952 15.6093 0.082
54463.691422 0.948208385876 15.5731 0.106
56061.510118 0.949750474594 15.6228 0.073
53860.533363 0.951745885948 15.582 0.072
54296.488471 0.957468836533 15.6237 0.083
54463.698535 0.962289101056 15.6454 0.109
56404.519961 0.963373908008 15.6424 0.071
56061.519976 0.969265122467 15.6705 0.073
54595.54947 0.971070494627 15.574 0.083
54296.496669 0.973697390322 15.6136 0.083
55328.53721 0.975091010948 15.6163 0.081
54246.486971 0.97576208678 15.6433 0.098
54463.705708 0.976488590718 15.6412 0.108
53860.546663 0.978074230091 15.5913 0.072
55674.573938 0.980659554712 15.6579 0.075
56061.529862 0.988835198423 15.6792 0.073
54463.713056 0.991034505963 15.6297 0.108
54595.559794 0.991507624328 15.6249 0.085
54246.495534 0.992713185351 15.6305 0.098
