54362.407954 0.0297397702133 14.8618 0.081
56065.594756 0.0399373517524 14.9026 0.066
54362.416285 0.0448591957028 14.882 0.082
56459.573655 0.048292871498 14.8456 0.083
54362.424526 0.0598152856738 14.9338 0.083
55421.471876 0.0604758871492 14.9484 0.079
56065.606461 0.0611800447641 14.9639 0.067
54729.401596 0.0641926778603 14.8849 0.078
55805.533059 0.0697714936013 15.023 0.071
56459.586814 0.0721743407226 14.9127 0.079
54362.432762 0.0747623014324 14.8875 0.082
56150.470721 0.0761669869865 14.9852 0.068
54729.409482 0.0785044999033 14.9449 0.079
56065.617928 0.0819908060285 15.0203 0.068
56490.452532 0.0884897452611 15.0228 0.07
54729.417174 0.0924642431385 14.9467 0.079
56459.598937 0.0941756365186 14.9776 0.078
55805.546571 0.0942936010611 15.0678 0.071
56150.480951 0.0947327921488 15.0726 0.069
54378.426895 0.101542068879 14.9703 0.084
56065.629365 0.102747122125 14.9536 0.07
53973.434057 0.104658147813 14.9791 0.082
56490.461527 0.104814223988 15.0115 0.07
54729.4248 0.106304206985 14.9294 0.079
56150.491279 0.113476451561 15.004 0.069
56182.451461 0.116068041951 15.0116 0.069
56459.611299 0.116610678875 14.981 0.081
55805.560146 0.118930043404 15.0885 0.071
53973.441998 0.11906978602 14.98 0.082
54378.436728 0.11938738288 14.9523 0.084
56490.470464 0.121033442044 15.0607 0.071
56150.501686 0.132363483268 15.0199 0.069
53973.449832 0.133287236419 14.9891 0.082
56182.461118 0.133593944248 14.9873 0.069
54378.44666 0.137412365959 14.9871 0.084
56490.479742 0.137871520283 15.0371 0.07
55805.573876 0.143847785814 15.0892 0.071
53973.457658 0.147490168112 14.9385 0.081
55330.604258 0.15035942891 15.0666 0.076
56182.470662 0.15091476971 14.9785 0.069
54378.456503 0.155275828345 14.9561 0.084
56182.480079 0.168005110593 15.0162 0.069
55123.436896 0.174906944122 14.921 0.071
54697.509461 0.185095451476 14.8976 0.075
56102.595897 0.19105901313 14.9669 0.066
55123.447482 0.194118832052 14.9106 0.07
54697.518317 0.201167667558 14.8706 0.075
53994.425943 0.20155604315 14.9063 0.081
54005.446328 0.201782898045 14.9231 0.081
54319.524387 0.202960728694 14.8079 0.079
55123.45811 0.213406943216 14.8707 0.07
56102.608678 0.214254473124 14.9123 0.066
53994.434479 0.217047510686 14.8602 0.08
54697.527229 0.217341514632 14.8228 0.074
54005.45517 0.217829706384 14.8769 0.08
55330.643394 0.2213849764 14.9367 0.073
54319.534994 0.222210728248 14.8048 0.078
53994.443034 0.232573460165 14.8474 0.081
55123.468731 0.232682350513 14.7945 0.069
54697.536099 0.233439138459 14.8305 0.074
54005.463965 0.233791217276 14.8102 0.079
56405.677294 0.235063419563 14.8692 0.064
56102.621465 0.237460822157 14.824 0.065
54319.545622 0.241498839411 14.7408 0.078
54015.38758 0.243556867088 14.8336 0.081
55660.71271 0.244123096918 14.726 0.087
53994.451553 0.248034075424 14.8144 0.102
54005.47281 0.249843470121 14.7836 0.079
56405.687281 0.253188218792 14.8734 0.064
54319.556156 0.260616355696 14.7098 0.077
56102.634585 0.261271512655 14.7827 0.065
54015.397603 0.261747000525 14.7804 0.08
56405.697354 0.271469094207 14.8361 0.064
54015.406187 0.277325580346 14.7305 0.079
56405.7074 0.289700968946 14.7957 0.063
54644.671263 0.292261707072 14.6838 0.066
54015.414789 0.29293682727 14.7806 0.079
54644.682796 0.313192247739 14.6664 0.066
56213.426206 0.330249921506 14.8051 0.063
54644.694284 0.334041120627 14.6712 0.066
56213.436779 0.349438216532 14.7927 0.063
54644.705971 0.355251146535 14.6288 0.066
56213.447417 0.368744476093 14.7682 0.063
53972.482751 0.378190714204 14.6444 0.075
56213.458026 0.387998105313 14.7429 0.063
53972.490053 0.391442670144 14.6614 0.076
53972.497343 0.404672848018 14.6487 0.078
53972.505211 0.418952002958 14.679 0.081
53972.513031 0.433144045612 14.7272 0.156
55031.564365 0.441034966509 14.7095 0.075
53972.520348 0.446423224136 14.6799 0.12
55031.57174 0.454419405716 14.6963 0.074
55031.579117 0.467807474603 14.676 0.074
54594.627584 0.471030629049 14.7025 0.072
53972.534962 0.472945284413 14.8665 0.129
55031.586473 0.481157431867 14.7135 0.075
54594.634921 0.484346104356 14.6949 0.072
55031.593775 0.494409387807 14.7519 0.076
54594.642239 0.497627097733 14.7409 0.072
54594.649576 0.510942573053 14.7505 0.072
53865.66894 0.52829788046 14.7036 0.073
56415.761432 0.536152504572 14.9026 0.076
53865.67798 0.544704026952 14.8438 0.076
54913.709428 0.553273697725 14.6964 0.08
56415.771616 0.554634827129 14.9149 0.068
53865.686963 0.561006727614 14.9057 0.077
53881.669892 0.567453036499 14.8935 0.078
56415.779714 0.569331395084 14.924 0.074
55445.448358 0.573935642179 14.9119 0.072
53865.69598 0.577371132803 14.9468 0.077
54913.723133 0.578146069153 14.845 0.071
56415.787568 0.583585142278 14.966 0.079
53881.681993 0.589414405832 14.8756 0.085
55275.74504 0.589699335595 14.9753 0.075
53806.747663 0.595653823057 14.971 0.079
53806.755671 0.61018705548 14.9361 0.079
55445.470145 0.613475544137 14.9926 0.072
53806.763705 0.624767473726 14.9481 0.078
53881.706956 0.634718237145 14.7454 0.127
55083.480203 0.659933613185 14.8838 0.062
54758.39493 0.68243217493 14.8784 0.079
53912.590455 0.683303297745 14.857 0.079
54295.546089 0.686205225658 14.9091 0.129
55083.496935 0.690299502925 14.8428 0.062
54295.5535 0.699654999073 14.8426 0.109
54758.40472 0.700199450832 14.8955 0.08
53912.600163 0.700921756846 14.8641 0.079
54295.560917 0.713115661527 14.9369 0.12
54758.414534 0.718010282889 14.8659 0.079
53912.609662 0.718160914543 14.8348 0.078
55083.513693 0.720712578475 14.7658 0.061
55849.426135 0.728647055521 14.6908 0.066
53912.619201 0.735472665806 14.7758 0.077
54758.424341 0.735808411055 14.837 0.08
55849.436197 0.746907967698 14.6649 0.066
55083.530446 0.751116579826 14.7391 0.061
56243.417808 0.760185331382 14.8526 0.065
55487.428636 0.761390384618 14.8111 0.07
55849.446289 0.765223325043 14.6473 0.066
54954.602821 0.768206920713 14.722 0.069
56243.425519 0.774179556561 14.817 0.065
53991.43808 0.779065103731 14.7603 0.097
55849.456442 0.783649387592 14.6542 0.066
54954.613253 0.787139323402 14.6924 0.069
56243.433244 0.788199189497 14.8283 0.065
53991.44495 0.791533049129 14.6776 0.077
54236.647958 0.79556743671 14.7051 0.082
56243.441006 0.802285971481 14.7995 0.065
53991.451815 0.803991920341 14.7246 0.081
54954.623704 0.806106208021 14.6845 0.068
54236.654856 0.80808619761 14.7477 0.082
55487.458688 0.81592993269 14.7928 0.07
53991.458682 0.816454421219 14.7194 0.083
53587.566669 0.817390878259 14.7302 0.074
54236.661738 0.820575921085 14.6806 0.081
54954.634232 0.825212835267 14.6486 0.067
55769.586019 0.83167366288 14.775 0.063
53587.575291 0.833038421967 14.7016 0.073
54236.668645 0.83311101553 14.6923 0.081
54034.455288 0.848381072679 14.7218 0.079
55769.598645 0.854587822793 14.7683 0.063
55769.611445 0.877817764744 14.7722 0.063
54177.738648 0.884641560183 14.7088 0.083
54177.744406 0.895091404378 14.6282 0.081
55769.624225 0.901011409898 14.7441 0.063
54177.750201 0.905608397633 14.6454 0.081
56380.702426 0.909693600706 14.7412 0.063
53942.476508 0.921684243388 14.67 0.076
56380.715366 0.933177620127 14.7624 0.064
53942.482938 0.933353659539 14.7247 0.078
53942.489545 0.94534430222 14.7503 0.078
54022.392018 0.955485623753 14.6597 0.077
56380.728318 0.95668341764 14.7949 0.063
53942.496186 0.957396649442 14.7418 0.078
54022.398462 0.967180447648 14.6899 0.078
54022.404892 0.978849863798 14.7632 0.079
56380.741137 0.979947841521 14.7909 0.063
54022.411356 0.990580984476 14.7659 0.079
