55501.446013 0.00663852398051 18.6912 0.283
55796.562787 0.0132134824215 18.5676 0.233
54034.482699 0.0242836652906 18.9711 0.459
55796.574677 0.0325928219826 18.6205 0.241
54034.489147 0.0347931675237 18.8107 0.409
54034.495587 0.0452896306677 18.8621 0.424
55386.740808 0.050278710442 18.6732 0.232
54431.459487 0.0510268279205 18.5234 0.554
55796.586645 0.0520992926384 18.6543 0.247
55031.503217 0.0536509437037 18.7561 0.355
55031.511264 0.0667666329872 18.5602 0.319
53991.563789 0.071371059755 18.7931 0.566
55796.598691 0.0717328943534 18.7784 0.262
55715.613241 0.0747155849683 18.7908 0.253
53945.55162 0.0768002086264 18.7608 0.294
55031.519571 0.0803060925113 18.5203 0.311
53991.570646 0.0825471851915 18.3313 0.441
53991.57749 0.0937021221201 18.9842 0.509
55031.527856 0.0938096945642 18.545 0.315
56429.785558 0.093878149763 18.7597 0.276
55715.628219 0.0991280112147 18.5947 0.228
53618.548634 0.099348045769 19.1684 0.44
53945.565952 0.100159728786 18.6704 0.279
53991.58434 0.104866838354 18.8775 0.479
56429.795357 0.10984939858 18.6828 0.233
54363.394645 0.113122208825 19.1686 0.488
54704.523181 0.113604654952 18.767 0.254
53618.560327 0.11840629788 18.9016 0.382
54388.554716 0.121159174628 18.7831 0.403
53945.579646 0.122479381948 18.8007 0.3
55715.643382 0.123841966301 18.6213 0.231
56429.805026 0.125608762272 18.6712 0.304
54704.531061 0.126448153346 18.5842 0.232
54363.403868 0.12815464355 19.0505 0.454
54388.561325 0.131931088445 19.0209 0.466
53618.572377 0.13804641914 18.7989 0.36
54704.538777 0.139024350497 18.5145 0.224
56429.814637 0.141273592603 18.6123 0.225
54388.567932 0.142699742479 18.8492 0.426
53945.593171 0.144523584449 18.8625 0.309
53851.722139 0.145481957167 18.692 0.217
53556.609938 0.146360465501 18.6132 0.356
55715.658731 0.148859080102 18.3799 0.204
54704.54635 0.151367474002 18.7458 0.252
54388.574549 0.153484695374 18.8992 0.439
53618.58408 0.157120970112 18.8922 0.377
53556.618237 0.159886885948 18.6174 0.357
53851.735489 0.167240929688 18.8729 0.24
53556.626621 0.173551846669 18.9005 0.419
53556.635089 0.187353717778 18.6502 0.366
53851.748882 0.18906998729 18.9261 0.244
56123.69403 0.199709880368 18.7768 0.178
53851.762334 0.210995208139 18.6616 0.213
56123.707122 0.22104834241 18.8888 0.187
54929.764672 0.231463311275 18.4747 0.401
56123.720379 0.242655735569 18.8385 0.183
54291.69814 0.25602242723 19.0191 0.437
54929.784364 0.263559018159 18.5283 0.41
56123.733619 0.264235420675 18.7716 0.177
54291.706888 0.270280666302 18.6877 0.365
54291.715723 0.28468070542 18.4364 0.319
55060.48932 0.297682302707 18.8306 0.271
54291.724532 0.299038367511 18.1538 0.275
55830.484586 0.301864589107 18.8643 0.246
53590.454401 0.308962740824 18.6581 0.324
55060.497434 0.310907194314 19.2687 0.343
53590.462286 0.321814388636 19.2842 0.456
55060.505683 0.32435212049 18.7294 0.257
55830.498665 0.324811748218 18.8922 0.249
53590.470225 0.334754050265 18.949 0.379
53821.775824 0.336414903672 18.7988 0.347
55060.514164 0.338175180106 18.8059 0.267
53821.780983 0.34482348339 18.7521 0.338
53590.47791 0.34727972097 18.6572 0.384
55830.512837 0.347910486691 18.5919 0.215
54207.700663 0.349745737858 19.4178 0.617
53821.786157 0.3532565114 18.6752 0.323
53821.79132 0.361671610651 19.0925 0.408
54207.710417 0.365643641823 19.0496 0.495
55830.527026 0.371036933217 18.8164 0.242
54207.720343 0.381821886109 19.0347 0.488
54207.730365 0.398156599415 19.2396 0.547
55446.469804 0.401708120094 18.7351 0.282
54022.447975 0.409060533959 18.5212 0.339
54022.454455 0.419622192524 18.6973 0.375
56390.721479 0.423899012293 18.675 0.267
54022.460928 0.430172441899 18.6383 0.364
53912.638079 0.4314942791 18.3963 0.299
54022.467389 0.44070313264 18.6117 0.358
56390.732174 0.441330638588 18.5351 0.235
53912.647627 0.44705642664 18.2169 0.272
55446.502626 0.455204224669 18.2935 0.225
56390.742858 0.458744336148 18.4984 0.26
53912.657218 0.46268865926 18.9001 0.394
56390.753593 0.476241157877 18.6331 0.245
53912.666367 0.477600482447 18.3343 0.288
54344.602624 0.484278123678 18.2928 0.231
53936.602053 0.490029989902 18.2814 0.229
54344.613516 0.502030837435 18.2166 0.223
53936.612271 0.506684160773 18.2915 0.23
56154.565772 0.517117058389 18.2464 0.186
54344.624439 0.51983407765 18.755 0.297
53936.622231 0.522917821175 18.1818 0.217
56154.575968 0.533735371776 18.1197 0.175
55741.66379 0.534129804089 18.1983 0.185
54344.635301 0.537537894847 18.1928 0.222
53936.632117 0.539030870038 18.3845 0.241
55741.672374 0.54812074193 18.2716 0.191
56154.585382 0.549079114646 18.3504 0.196
53936.641981 0.555108061419 18.2526 0.226
54062.420246 0.559288717938 18.1434 0.285
55741.681332 0.562721256972 18.3873 0.202
56154.594848 0.564507611571 18.4015 0.202
53606.565232 0.567773902277 18.3247 0.226
54062.426624 0.569684128177 18.1419 0.284
55741.690116 0.577038171921 18.4003 0.203
54062.432939 0.579976855626 18.2658 0.305
54062.439221 0.590215796856 18.4157 0.331
55148.405214 0.59053036477 18.255 0.204
53606.579223 0.590577631455 18.3999 0.235
53635.415719 0.590766698176 18.7328 0.316
54944.715142 0.599018808885 18.1457 0.168
55148.411603 0.600943703757 18.6413 0.249
55148.417962 0.611308146171 18.7402 0.262
53635.428679 0.61189001532 18.4435 0.271
53606.593173 0.613314535325 18.3685 0.232
54944.728214 0.620324673216 18.3571 0.185
55148.424333 0.621692147219 18.4523 0.226
53635.441469 0.632736251915 18.3292 0.254
53606.607143 0.636084036906 18.516 0.249
54944.741327 0.641697362854 18.5694 0.207
54644.723934 0.647674153281 18.5219 0.221
54590.733961 0.65019558627 18.5939 0.2
56065.684816 0.651328356755 18.5648 0.252
54260.650433 0.651812432775 18.6755 0.321
53635.453952 0.653082113645 18.5557 0.288
55330.668072 0.658134758944 18.0063 0.202
54590.740659 0.661112559907 18.4896 0.19
54944.754462 0.663105909964 18.3167 0.181
54644.735015 0.66573491541 18.4446 0.212
54260.659736 0.666975258343 18.4117 0.279
56065.694871 0.66771685628 18.8493 0.286
54590.747549 0.672342471562 18.3433 0.177
54732.477749 0.676351990091 18.5065 0.22
53973.531231 0.680364768398 18.3262 0.292
56218.474218 0.680571763871 18.5514 0.25
54260.669147 0.682314111554 18.4693 0.29
54590.754475 0.683631059106 18.4163 0.182
54644.746147 0.683878801709 18.5001 0.219
56065.704956 0.684154252378 18.6268 0.239
54319.571063 0.685697754026 18.4691 0.313
54732.489021 0.694724060377 18.4877 0.218
53903.597109 0.695747628524 18.526 0.257
56218.484722 0.697692082021 18.3272 0.179
54260.678644 0.697793134925 18.7044 0.329
53973.541947 0.697830622291 18.5743 0.335
56065.71501 0.700541122017 18.3619 0.244
54319.580171 0.700542751905 18.441 0.308
54644.757256 0.701985200638 18.5264 0.222
54378.481737 0.70335593442 18.642 0.364
54732.500209 0.712959220263 18.5567 0.226
54681.576398 0.712973889233 18.5674 0.229
56218.495355 0.715022655412 18.6134 0.205
54319.589175 0.715218241685 18.4768 0.313
53973.552781 0.715488802687 18.2572 0.283
54378.490716 0.717990677059 18.5383 0.344
53903.610799 0.718060762141 18.4642 0.248
55330.70757 0.722511979661 18.4392 0.25
55416.603571 0.723165563781 18.6669 0.224
53876.621194 0.728092707895 18.1954 0.264
54681.586656 0.729693255536 18.5901 0.232
54319.598125 0.729805717637 18.8196 0.379
54732.511394 0.731189490503 18.7417 0.248
56218.505936 0.732268474759 18.3445 0.184
54378.49978 0.732763959971 18.514 0.339
53973.563448 0.732874792195 18.3719 0.302
56183.534972 0.733598461394 18.5077 0.182
53903.62484 0.74094598559 18.4587 0.247
53876.631111 0.744256283217 18.3747 0.282
55488.400907 0.744608338503 18.5111 0.25
54681.596881 0.74635883561 18.7186 0.248
54378.508762 0.747403592268 18.2508 0.326
56183.545703 0.751088763578 18.3577 0.171
53876.641032 0.760426378071 18.3473 0.275
54681.606871 0.762641392584 18.448 0.216
53903.63904 0.764090360863 18.4514 0.246
55684.747259 0.766696547912 18.5358 0.26
56183.556314 0.768383479486 18.5555 0.187
55767.578716 0.772494050927 18.6738 0.233
56464.560689 0.773362779934 18.456 0.19
55416.636117 0.776211819937 18.5516 0.212
53876.650907 0.776521498199 18.3737 0.278
56183.566943 0.785707533332 18.5052 0.183
54764.449012 0.785852593147 18.5291 0.252
55767.589901 0.790724321155 18.6306 0.229
56464.573517 0.794270952178 18.3695 0.18
55488.432685 0.796402842524 18.6626 0.271
54764.45557 0.796541382796 18.4694 0.246
54954.6554 0.800502004768 18.9405 0.302
55684.768808 0.801818952315 18.256 0.223
53651.500085 0.806442937709 19.0197 0.539
54764.46214 0.807249731078 18.5758 0.261
55767.601202 0.809143658116 18.4824 0.245
56464.586449 0.815348632533 18.8232 0.224
53576.653888 0.815705577473 18.0836 0.201
54764.468688 0.817922221865 18.506 0.252
54954.666194 0.818094989732 18.5385 0.244
53651.509098 0.821133096464 18.3746 0.374
54005.524029 0.824964957464 18.6595 0.357
55767.612497 0.827553215771 18.7446 0.455
54954.677019 0.835738501165 18.8053 0.277
53651.518124 0.835844443727 18.6243 0.433
56464.599305 0.836302441578 18.8622 0.229
53589.552761 0.839392704634 18.3997 0.231
54005.53301 0.839602959875 18.8583 0.401
53651.527239 0.850700850808 19.0765 0.565
54954.687806 0.853320076937 18.7542 0.269
54005.541946 0.854167617433 18.658 0.358
53589.562635 0.855486194876 18.4473 0.236
54624.611965 0.867465853895 18.5185 0.188
54005.550753 0.868522019763 18.9537 0.424
53589.572163 0.871015744694 18.6868 0.268
54745.482462 0.87254620726 18.7573 0.27
54745.487397 0.880589692603 18.8661 0.284
55362.710228 0.883182840574 18.7157 0.229
53589.581627 0.886440981846 19.0254 0.321
54745.492307 0.888592430816 18.9568 0.3
54624.625219 0.889068357407 18.4592 0.182
56097.735864 0.890869380977 18.1804 0.234
55083.556884 0.895172278906 18.343 0.193
54745.497222 0.896603318448 18.3615 0.222
56097.746561 0.908304267044 18.4443 0.244
54624.638448 0.910630113766 18.6835 0.203
55083.567023 0.911697688831 18.5233 0.211
56097.75728 0.925775010595 18.8134 0.269
55083.577157 0.928214949314 18.4577 0.206
55115.48341 0.931756690685 18.6923 0.273
54624.651909 0.93257000359 18.7839 0.212
55115.489217 0.941221436262 18.6073 0.248
56097.767998 0.943244124271 18.8129 0.245
55083.587285 0.944722430491 18.6093 0.222
55362.749491 0.947177038179 18.7314 0.233
55115.495032 0.950699220917 18.7714 0.277
53889.642662 0.951595657986 18.7415 0.268
55115.500872 0.960217752712 18.579 0.543
53889.649282 0.962385500539 18.9196 0.294
54015.425148 0.962656061552 19.2315 0.51
55501.424846 0.972138735867 19.0599 0.336
53889.655873 0.973128076418 18.752 0.269
53707.436353 0.976159663591 18.7915 0.424
54015.433782 0.976728493664 19.1411 0.485
55386.697215 0.979227108261 18.7491 0.24
53959.604717 0.981740391831 18.8904 0.314
53889.662619 0.984123284553 18.8267 0.279
53707.446545 0.992771457446 18.6903 0.405
53959.615687 0.999620236659 18.6325 0.273
