56041.6462364 0.000458157542017 15.152469 0.0660402065123
54528.5586759 0.000729738878217 15.201757 0.0756586789808
53914.5259729 0.00165872386283 15.184228 0.0813928828044
56064.6038068 0.00203189468248 15.174754 0.0670787285165
54614.6431523 0.0032790083539 15.143703 0.0660739374329
54528.565239 0.00416074442752 15.19124 0.0753603529513
53845.6677339 0.00450312983536 15.165788 0.0771545125737
56041.6555157 0.00530911212618 15.163427 0.066164383655
53960.4429623 0.0057725881388 15.209879 0.074619298856
53914.5345049 0.00611899722125 15.159972 0.0809891784742
54528.5717978 0.00758950504143 15.220231 0.0757810382495
56064.6151922 0.0079838591559 15.150573 0.066814202204
53845.6772726 0.00948969036483 15.156259 0.0769467108336
54614.6550783 0.0095135478978 15.181758 0.0666056999696
56041.6647206 0.0101211553274 15.173782 0.0663622552918
53914.5430578 0.0105902039338 15.162061 0.0811064379429
53960.4528038 0.0109174870896 15.190173 0.0746321152105
53845.6867681 0.0144536519308 15.143775 0.0768462832674
54614.6669949 0.0157432469375 15.138416 0.0662540114825
53960.4626113 0.0160445364604 15.201486 0.0749812306029
53960.4724732 0.0212000905994 15.167422 0.0744827054824
54614.6789246 0.0219797225134 15.140166 0.0664124964482
54922.6757296 0.0340688238679 15.066299 0.071171622658
54922.6876349 0.0402925933681 15.061529 0.0745109930571
54922.699512 0.0465015932008 15.091492 0.0909694209631
54155.6390758 0.0488246792277 15.179172 0.0767115541839
54922.7113469 0.0526885690169 15.083372 0.0817051747388
54710.3849651 0.0544127784818 15.105073 0.0697143098771
54155.6513996 0.055267244367 15.153988 0.076378145411
55647.6992116 0.0560053814155 15.098007 0.067457906973
54710.3932091 0.0587224825941 15.121159 0.0700853987073
54155.6637414 0.0617191819688 15.128436 0.075896207626
54710.4013758 0.0629918291808 15.095845 0.0696172084547
54595.6315503 0.0645468214434 15.14889 0.0749864084522
54710.4095325 0.0672559116643 15.138597 0.0712899852111
54155.6761952 0.06822969559 15.113179 0.07547137874
54595.6418922 0.0699532396182 15.12685 0.0746569886137
55647.7354864 0.0749688187964 15.091096 0.0674775977062
54595.6522025 0.0753431998872 15.086609 0.0740376161726
54247.5123043 0.0775711522444 15.153863 0.0853083579504
54595.6625509 0.0807530665308 15.105886 0.0744240043777
54247.5227275 0.0830201057569 15.143695 0.085179512335
54247.5330764 0.088430214599 15.146749 0.0852934174693
54247.5433948 0.093824410418 15.151776 0.085388928308
55766.4222244 0.121065814271 15.020764 0.0666973055948
54201.6898604 0.122882997473 15.10582 0.0748579158619
55766.4285683 0.124382215405 15.025166 0.0668855467098
53830.5968633 0.125874777771 15.134015 0.0767998139224
56376.6431421 0.127442427965 15.151556 0.069098947228
55766.4348847 0.127684276538 15.005922 0.0666694265867
54201.7018381 0.129144577236 15.127363 0.0752619245169
53830.6060025 0.130652447565 15.130714 0.0765922921716
55766.4412282 0.131000496058 15.030079 0.0669509272249
55722.4455058 0.131271073094 15.015844 0.066446868748
56376.6581986 0.135313540213 15.151789 0.0689451716726
54201.7137755 0.135385100636 15.085524 0.07464916001
53830.6151269 0.13542243889 15.132746 0.0766273388068
55722.4597263 0.138705126197 15.019342 0.0664128091488
53830.6240476 0.140085927819 15.138434 0.0767120390688
54201.7257295 0.141634343139 15.101432 0.0750189831887
56376.6730098 0.143056428109 15.124671 0.0697224317619
55722.4740147 0.146174702232 15.023569 0.0663497503472
54622.573291 0.148933020003 15.069505 0.0687582778201
55301.6467984 0.14951194142 15.076738 0.0721120297287
56376.6877812 0.150778507747 15.200073 0.0737738068481
55722.4882017 0.153591268925 14.999469 0.0662099686314
54645.5371509 0.153794726433 14.992987 0.0736178614693
54622.5842507 0.154662437269 15.074213 0.0689504012506
54645.5457988 0.158315608665 14.974594 0.0733396539153
54622.5951333 0.160351551224 15.133923 0.185938798169
54645.5545875 0.162910126667 15.022967 0.0742450269174
53899.5356339 0.165130025723 15.07087 0.076320907145
54645.5632627 0.167445288308 14.988834 0.0737450729773
54622.6095128 0.16786875183 15.041328 0.0692777127199
53899.5441769 0.169596065307 15.109748 0.0771336391678
53899.5527363 0.174070666483 15.10848 0.0770612505773
53899.5613158 0.178555789595 15.056777 0.076241169334
54297.446749 0.181897984297 15.044389 0.0716982245292
54297.4576722 0.187608329903 15.049735 0.0717124004024
54297.4686495 0.193346937969 15.037464 0.0715894171254
54297.4795501 0.199045491145 15.014508 0.0712815722648
56074.5705267 0.212353479939 15.106518 0.0712025188576
53878.5941477 0.217508507332 15.063949 0.075946549864
56074.5811276 0.217895316173 15.123291 0.0715255292267
54909.6398627 0.219283318088 14.981641 0.0750214774363
53878.6040196 0.222669264879 15.088458 0.0763045402346
56074.5918166 0.223483203915 15.150176 0.0721664029314
54909.6488769 0.223995707939 14.998626 0.0752761726935
53878.6139214 0.227845650905 15.077128 0.0763593469645
54909.6579969 0.228763400057 14.922689 0.0750293780332
56074.6026778 0.229161184865 15.087327 0.0714970320987
54534.73978 0.232037574026 14.964419 0.0783209257865
53878.6237636 0.23299090675 15.062392 0.076201511529
54909.6669715 0.233455036335 14.985715 0.0750291708485
54207.6436133 0.235337977398 15.001433 0.081422296675
55328.5914262 0.235407468532 14.952585 0.0702874149734
56495.4485915 0.235598419503 14.992683 0.0670292341259
54534.7485746 0.236635117468 14.968523 0.0784174393324
54207.652221 0.239837858047 14.974905 0.0808427011214
56495.45758 0.240297376888 15.002481 0.0671832360319
54534.7573221 0.241208089114 14.968667 0.078383041859
54207.6609658 0.244409383707 14.959411 0.0805874979156
56495.467641 0.245556940637 14.978614 0.0671694191193
54534.7662244 0.24586196965 14.993915 0.0788539483758
54207.6696643 0.248956700995 14.999266 0.0813405971378
56495.4765928 0.250236717779 14.987005 0.0673311541707
54322.4492038 0.252479899421 14.963303 0.0665286705572
55328.6268775 0.253940375404 14.974886 0.0706736296261
54322.4591632 0.257686399516 14.95655 0.0665632046174
54322.4693007 0.262986018258 14.957834 0.0666668308962
54322.4793495 0.268239228861 14.979966 0.067079586238
55680.6395105 0.276269532276 14.96646 0.0676701999071
54888.7096067 0.277532680149 14.956488 0.0614082653651
54844.7145416 0.278146882658 14.936055 0.0684746586674
54347.3755525 0.283275747462 14.999836 0.0725397748364
54844.725355 0.283799814209 14.915101 0.0680213073633
54888.7266919 0.286464317418 14.964389 0.0608978708052
54347.3837477 0.287559978306 14.954422 0.0715463365522
54844.7361502 0.289443246204 14.937068 0.068207787271
54347.3919108 0.29182738886 14.966457 0.0721065782857
54844.7469484 0.295088251484 14.901316 0.0677083202227
54888.74388 0.295449805164 14.959616 0.0607900897214
54347.4000955 0.296106107651 14.977932 0.0722460200137
54190.548133 0.298300449168 14.960127 0.0800942576318
53555.478251 0.301582446311 15.1883 0.0829594307963
54190.5558393 0.302329090692 14.938054 0.0795651217175
54888.7608498 0.304321117898 14.948878 0.060646775767
53555.4858883 0.305575008157 15.028288 0.0796722310787
54190.5635859 0.306378794438 14.898095 0.078776401526
53555.4935527 0.309581722536 15.025166 0.0796319965432
54190.5713613 0.310443564103 14.911215 0.0789946581243
53555.5012498 0.313605565956 15.055832 0.080321546742
54234.5802797 0.317071495339 14.950564 0.0803107860896
54869.6581674 0.317974668616 14.921782 0.0852193967107
54234.5888444 0.32154886778 14.924635 0.0797680718597
54869.6716424 0.32501905096 14.934236 0.0849151088298
54234.5997829 0.327267206309 14.943213 0.0802243846501
55355.5490124 0.328077242691 14.970906 0.0716907721769
54586.5753555 0.330222211066 14.867886 0.126438021466
54869.6846443 0.331816072574 14.918925 0.0844489621693
54234.613496 0.334436049258 14.937067 0.0801475656309
54869.6977311 0.338657445058 14.903788 0.0837050561579
53580.4445799 0.353278789315 15.030183 0.0752957707104
53580.4544895 0.358459211244 15.046185 0.0756450201307
53580.4646136 0.363751817365 15.046165 0.0757921889904
54586.6434651 0.365827996426 15.054267 0.0900584860699
53580.4745099 0.368925323337 15.026261 0.0755544700025
55799.4300956 0.376654887813 15.045954 0.0691835888808
55799.4371547 0.380345173665 15.012295 0.0689724411817
55799.4442482 0.384053484434 15.070868 0.0698380495463
55799.4513181 0.387749397243 15.010656 0.0691428884567
54680.4169035 0.387950876169 14.948681 0.0674216415903
54680.4267217 0.393083552813 14.940692 0.0673965464134
54680.4365329 0.398212599067 14.9285 0.0673995896025
54680.4576272 0.409240116265 14.906367 0.0691709317383
54477.7012022 0.41386921966 14.955458 0.0836444903378
54477.7101848 0.418565091278 14.9748 0.0832563750844
54477.7191369 0.423244983271 14.941603 0.0823333209341
54173.5744587 0.424939720319 14.97231 0.0731151562585
54477.7280302 0.427894144172 14.911345 0.0810273459857
54173.5842566 0.430061808271 14.958081 0.0727867513525
54173.5940827 0.435198605507 14.962085 0.0728116781423
55363.4133223 0.43931785465 15.005853 0.0685854753314
54173.6038929 0.440327113306 14.969115 0.07279477452
56153.4430266 0.444683733639 14.953993 0.0777955659366
55363.4305975 0.448348842951 14.900806 0.0827775821386
56153.4502393 0.448454311094 14.895707 0.0787429895373
56153.4575213 0.452261131543 14.962267 0.0720997288687
55057.4132075 0.471042379188 14.940809 0.0680050214585
55057.4216583 0.475460213605 14.930106 0.0679693684926
55057.4301243 0.479885974239 14.939087 0.0681269183254
54896.750093 0.480873335497 14.900878 0.0667877700891
54242.5506839 0.483775209895 14.993961 0.0739939896568
55057.4385878 0.48431046438 14.903537 0.0678102129052
54896.7598413 0.485969466514 14.921414 0.0670095798484
54242.5608058 0.489066666548 15.01579 0.0793267341147
54896.7696374 0.49109058655 14.935455 0.067180975312
54242.5707358 0.494257791812 14.979698 0.0735817797768
54896.7794315 0.496210677828 14.95344 0.0674059473648
54242.5805543 0.499390595491 15.053166 0.0904613701931
56019.689848 0.522274241614 14.960976 0.0678289355583
56019.6992106 0.527168760508 14.950872 0.0677199799349
56019.7090611 0.532318324412 14.980927 0.0680894353769
54131.7043045 0.536397712301 14.958835 0.0817055374304
56019.718593 0.537301369506 15.062521 0.0691130499593
56419.5343148 0.549744267806 15.007863 0.067086708977
54131.7346871 0.552280903508 15.019311 0.0826073685434
56419.5434487 0.554519220599 14.984821 0.0667965148441
54131.7443247 0.557319190802 14.985151 0.0816953945349
56419.5525247 0.559263860148 15.01372 0.0670755556396
54267.5670986 0.561655003347 15.010683 0.0790880837753
54131.7538974 0.562323528136 15.00235 0.0818725211263
56419.561565 0.563989924199 14.98811 0.0668333419744
54267.5757641 0.566185082339 15.001637 0.0790396624032
54267.5843457 0.570671288476 15.040112 0.0798791290498
54267.5929957 0.575193253733 15.0014 0.0793032344176
53613.3942896 0.57846264779 15.026083 0.0875445860753
53613.4024672 0.582737675864 15.040272 0.0878406759057
53919.4635371 0.582878757738 15.021564 0.0810211481844
53613.4106479 0.587014277008 15.007206 0.0876562679315
53919.4725405 0.587585459989 15.022162 0.0817683688198
55742.4524338 0.590331767231 14.997696 0.0773169974173
53613.4188051 0.59127865606 15.048721 0.0888965891088
53919.4815221 0.59228078092 15.018739 0.0821651067218
53919.4905011 0.596974776828 14.991909 0.0790020004191
55673.6203942 0.606872447098 15.029496 0.062623497374
53873.6050753 0.609361416505 15.016604 0.0757549891091
53806.6575992 0.611099100677 15.082572 0.0759422529753
55742.4966807 0.613462774036 14.974654 0.0924823295972
53873.6149711 0.614534704581 15.015411 0.0757694530029
53806.6676444 0.616350447754 15.074878 0.0758042431666
55742.5073947 0.619063791404 15.007654 0.0877271525126
53873.6248537 0.619701010468 15.012142 0.0762202782836
53806.6775078 0.621506709569 15.037241 0.0751842009863
53873.6347082 0.624852679835 15.038117 0.0763410479745
53806.6870519 0.62649614435 15.003676 0.0745612246558
55673.6711791 0.633421390157 15.04051 0.0627486174358
56048.6043414 0.637960266875 14.980386 0.0608176443348
55298.7581199 0.639391863264 15.103975 0.0653932017152
56048.6165015 0.64431721603 14.993378 0.0609145050557
55654.5718168 0.648810610233 15.035784 0.0668337568148
53944.4582745 0.649426258993 15.043038 0.0723732650594
56048.6288248 0.65075947885 14.975359 0.0608220122298
53944.4725537 0.656891049099 15.040142 0.0723409773192
56048.6411543 0.657205008784 14.993583 0.0609762780477
56446.5217842 0.658036143566 15.039146 0.0640127355433
55654.5985517 0.662786827559 15.088777 0.0673756381573
53944.4840534 0.662902726884 15.050092 0.072607287595
56446.533224 0.664016545578 15.038898 0.0639949606041
53944.4955463 0.668910901154 15.040725 0.0725792778488
56446.544824 0.670080694243 15.037622 0.0640102245045
56446.556517 0.676193489661 15.060139 0.0643289832362
54975.5578888 0.679378096433 15.313066 0.0837167804863
54975.5670046 0.684143610527 15.120077 0.0671659472669
56004.6995862 0.685785943396 15.065951 0.0687237602536
54975.5761039 0.688900472222 15.162523 0.0704754154751
56004.7091818 0.690802266794 15.055765 0.0687374439359
54952.6265128 0.691498043632 15.124125 0.0803915402328
54975.5851984 0.693654798576 15.175592 0.0715236269737
54952.6345319 0.695690238907 15.104818 0.0850490153205
56004.7188297 0.695845878677 15.056703 0.0690947324635
54952.642658 0.699938287608 15.113936 0.0893643391392
56004.7284055 0.700851855582 15.057432 0.0695731791509
54954.5659821 0.705398198687 15.131638 0.078386672256
54952.6568955 0.707381295428 15.069581 0.0997453216273
54954.5738804 0.709527225859 15.079693 0.0774061707823
54952.6649074 0.711569678809 15.209107 0.0856887492342
54954.5816977 0.713613892719 15.086371 0.0775222380972
54998.5784202 0.71386612417 15.094491 0.0714450864969
54512.7116418 0.716344873855 15.067354 0.0678768940075
54954.5893701 0.717624806107 15.104301 0.077822183899
54998.586973 0.718337264177 15.099826 0.0716752897363
54998.5955482 0.722820148679 15.125713 0.0721789465883
54512.7265872 0.724157894329 15.070557 0.0679673447466
54998.6043031 0.727396938388 15.098971 0.0721249696387
54512.7424172 0.732433380299 15.085266 0.0682313733546
56404.5809519 0.732545655088 15.061478 0.0643590391344
56404.5918889 0.738263207052 15.056562 0.0642502103642
54512.7578934 0.740523947662 15.090213 0.0682689367225
56404.6026668 0.743897569373 15.067695 0.0644328800736
56404.6134278 0.749523146148 15.03892 0.0641467518971
53598.4215329 0.751125478284 14.928899 0.0782862471871
53598.4298202 0.755457817688 14.964724 0.0791595857358
53598.4376977 0.759575953852 14.914335 0.0782679768027
53598.4457322 0.763776196365 15.009742 0.0802623164039
54185.7055393 0.76672831495 15.099343 0.0757536536351
54185.7165036 0.772460146324 15.125836 0.0760506681484
56102.4293283 0.776153390962 15.125701 0.0677826836542
54185.7274571 0.77818635074 15.123856 0.0761700719317
56102.4386429 0.781022799811 15.126015 0.0679133694407
54185.7384008 0.78390741207 15.125966 0.0762620982665
56102.447903 0.785863710479 15.128357 0.0683659623574
54185.7493649 0.789639122213 15.139958 0.0769301580822
56102.4570975 0.790670368711 15.132831 0.0690135158227
54981.509853 0.790898004423 15.16473 0.0638626179505
54981.5168993 0.794581628438 15.191159 0.0642751059525
54981.5239652 0.798275484243 15.158639 0.0643651595788
54981.5314269 0.802176270492 15.182731 0.0648395367503
55706.524856 0.808401982248 15.151377 0.0678045482452
56364.5574061 0.8093587155 15.088112 0.0759140167418
55706.5333582 0.812846681342 15.152164 0.0677966252342
56364.5675576 0.814665655296 15.113558 0.0762427950583
55706.5418787 0.817301000745 15.150675 0.067781272133
53860.616465 0.819280370333 15.169359 0.0666269603928
56364.5777569 0.819997529853 15.072143 0.0754182043745
55706.5504066 0.821759132095 15.194782 0.0684037618777
56364.5878909 0.825295339645 15.079385 0.0753284407667
53860.6285912 0.825619585285 15.136115 0.0664700328674
53860.6406466 0.831921831063 15.15726 0.066750432248
53860.6527055 0.838225885784 15.153203 0.066786039135
55264.727288 0.849027654951 15.134165 0.0716931557013
54260.5301292 0.882924781066 15.184335 0.0783100956241
53889.43375 0.88414849703 15.184887 0.0712640553498
55381.4881722 0.888342313789 15.175485 0.0728570114747
54260.5410089 0.888612382534 15.201384 0.0789632832527
53820.5804747 0.889587787734 15.187705 0.080518757986
53889.4454613 0.890270858237 15.15921 0.0709572793022
54260.5518882 0.894299802393 15.216405 0.0793926509423
53820.5923888 0.895816161808 15.16424 0.0771585410313
53889.4572185 0.896417179959 15.173361 0.0711304506592
53774.6899087 0.899287331145 15.24945 0.087943377271
54260.5627443 0.899975060537 15.212471 0.0796747121564
53820.6044315 0.902111745746 15.17996 0.0782149853548
53889.4690763 0.902616099653 15.180856 0.0712111425894
55031.4620063 0.904482389593 15.188347 0.0804217487376
54587.6740091 0.904567503241 15.288708 0.0721387083285
53774.7015347 0.905365039159 15.254299 0.0881827899465
55381.5244907 0.907328592385 15.177426 0.0731825835852
53820.6164899 0.908415540495 15.166938 0.0771509892801
55031.4703848 0.908862468006 15.17506 0.080179141848
54285.4478152 0.909191983869 15.225321 0.074434617937
54587.6854503 0.910548637553 15.312256 0.0722814793198
55618.7293359 0.911367090147 15.130601 0.0724083949899
53774.7130681 0.911394384439 15.291322 0.0897575522213
54285.4532963 0.91205735488 15.209695 0.0741627107741
55031.478834 0.913279455484 15.159069 0.079963223213
54285.4587076 0.914886240906 15.211346 0.0742109059293
54587.6969015 0.916535029747 15.307556 0.0722879831478
53774.7249977 0.917630848041 15.221187 0.0870651840702
55031.4872513 0.917679803438 15.180661 0.0804860105767
54285.4641437 0.917728069093 15.235742 0.0746267063497
55618.7506473 0.922508129 15.203082 0.0735227705711
54587.7083443 0.922517005092 15.300083 0.0722764054352
54939.714312 0.941361705547 15.140052 0.0702113310842
54939.7273768 0.948191642395 15.162115 0.070615447127
54939.7403676 0.954982855171 15.218547 0.0715599887512
54939.753319 0.961753496194 15.188556 0.071232527125
56393.5744511 0.978655790225 15.186876 0.0683864657666
56393.5880765 0.985778775669 15.167795 0.068204806726
56064.581147 0.990185997397 15.159245 0.0668885558716
56393.6013865 0.992736870426 15.134784 0.0678168269189
56041.6369791 0.995618705302 15.172675 0.0662067732615
56064.5924837 0.996112488659 15.12572 0.0665015117065
53914.5174228 0.997188963186 15.172518 0.0810991648203
54528.5521128 0.997298739388 15.221586 0.076082231172
53845.6581773 0.999507202648 15.16146 0.0770567561696
56393.6151116 0.999911951667 15.190358 0.0684669554539
