55714.61233 0.000930359182304 17.2893 0.129
55821.411284 0.00349746133411 16.9556 0.131
54892.740467 0.00829225683874 17.4401 0.182
54642.579457 0.00905205015522 17.4044 0.141
54316.38342 0.0100254815067 17.2304 0.178
55821.417252 0.0137796530495 16.8997 0.129
54316.388598 0.0189465922167 17.248 0.18
55821.423252 0.0241169771664 16.8424 0.127
54892.750077 0.024849204285 17.5074 0.229
54316.393732 0.0277918958827 17.1854 0.175
55821.429321 0.0345731805132 16.9666 0.133
54316.398895 0.0366871632862 17.1015 0.169
54892.759351 0.0408272615979 16.8402 0.239
55696.647701 0.0498982635106 17.2864 0.145
55045.441222 0.0944917568534 16.97 0.151
55045.448243 0.106588148951 17.1156 0.162
55045.45528 0.118712107255 17.2088 0.169
55685.660781 0.120672753057 17.0504 0.132
55045.462317 0.130836065547 17.0172 0.155
55395.481751 0.17489201804 16.8518 0.146
55685.692819 0.175870618063 16.8325 0.122
56046.731849 0.20544914813 16.9353 0.108
55395.50684 0.21811753883 17.088 0.162
53873.645983 0.223294815324 17.0199 0.15
56046.743967 0.226327097065 16.8814 0.106
54955.555797 0.232029854199 16.5741 0.107
53873.65507 0.238950692694 17.1174 0.157
56046.756234 0.247461756215 16.9579 0.11
56174.448954 0.247634044948 16.6329 0.095
54955.567691 0.252521876362 16.5926 0.107
53873.664127 0.254554883437 16.9812 0.148
56174.456023 0.259813135642 16.7192 0.098
56046.768464 0.268532668536 16.9218 0.109
53873.67321 0.270203869267 17.138 0.159
56174.463095 0.271997394999 16.7031 0.098
54955.579731 0.273265440088 16.782 0.115
56174.4703 0.284410798376 16.7091 0.098
54955.591656 0.293810871764 16.8205 0.117
55745.546698 0.2973617426 16.7786 0.108
55745.55673 0.314645748517 16.8249 0.11
55745.566707 0.331834995635 16.8019 0.11
55745.576615 0.348905363523 16.9381 0.115
56102.549889 0.373644303023 16.2962 0.089
56102.560485 0.39190001741 16.5987 0.098
54966.681708 0.400721200645 16.6262 0.13
54966.688472 0.412374810706 16.6319 0.131
54966.695298 0.424135239769 16.7011 0.135
56102.581885 0.428769806749 16.5351 0.096
55323.658014 0.430683934599 17.096 0.168
54966.702154 0.435947355458 16.7474 0.138
56066.608577 0.450812427535 16.655 0.109
56066.618123 0.467259110204 16.6982 0.112
55323.686742 0.480179042456 17.2259 0.183
56066.627623 0.483626540052 16.707 0.112
56066.637201 0.50012835511 16.858 0.118
56126.43069 0.517574312446 16.9209 0.107
56366.726386 0.519989800516 17.5084 0.181
56126.439896 0.533435213417 16.9245 0.107
53879.630329 0.533648851442 17.3206 0.141
56366.737995 0.539990799793 17.4183 0.173
56126.449208 0.549478740434 17.0454 0.112
53879.641892 0.553570597899 17.3616 0.143
56366.747773 0.556837192325 17.391 0.168
56126.458392 0.565301737883 17.0212 0.111
54236.609061 0.567791310111 17.1973 0.193
53879.65345 0.573483729915 17.2603 0.137
56366.757494 0.573585380269 17.222 0.159
54236.618103 0.583369657549 17.3456 0.207
55655.750763 0.589081029115 17.1634 0.142
53879.665 0.593383078841 17.4159 0.147
54236.627115 0.598896318373 17.287 0.202
53968.473448 0.600334929302 17.3 0.191
53968.479824 0.611320059069 17.3917 0.199
54236.636156 0.614472942922 17.2456 0.199
55722.514726 0.615868481679 17.3047 0.128
54979.57948 0.622129454316 17.3664 0.179
53968.486148 0.622215598689 17.3822 0.199
55011.505105 0.62638498607 17.3698 0.199
53968.492512 0.633180053789 17.4554 0.208
55011.510992 0.636527623926 17.2397 0.188
55722.527496 0.637869753172 17.2422 0.125
54979.5889 0.63835905318 17.3806 0.183
55011.516884 0.646678876196 17.1885 0.184
54979.598249 0.654466327038 17.3309 0.18
55011.522788 0.656850803133 17.2702 0.192
55722.540393 0.660089831357 17.196 0.123
56030.744105 0.660367216213 17.1682 0.134
55655.793427 0.662586295121 17.2436 0.148
54979.607842 0.670993985402 17.3455 0.185
56030.755817 0.680545672884 17.0644 0.132
55722.553204 0.682161741231 17.1927 0.123
56030.767653 0.700937767596 17.1771 0.134
56030.77957 0.721469416169 17.2647 0.139
53928.499112 0.729057012067 16.5571 0.132
53928.50849 0.745214249663 16.7174 0.141
53996.419182 0.747686593009 16.9627 0.166
53996.421842 0.752269473376 16.9813 0.168
53996.424505 0.756857522395 16.8733 0.16
55354.610332 0.758041145996 16.5415 0.136
55275.673342 0.758499434041 17.3285 0.189
53928.517912 0.761447294302 16.8623 0.151
53996.427178 0.76146280028 16.8658 0.16
56076.657685 0.764293504201 17.3426 0.132
54189.712691 0.770628561 17.0898 0.177
53928.527347 0.777702736473 16.837 0.148
56076.666904 0.780176802702 17.255 0.128
54189.721906 0.786504967949 17.0813 0.178
56076.676183 0.796163474455 17.1929 0.125
53817.678264 0.7972196044 17.3287 0.167
54189.731229 0.802567446734 17.0957 0.188
55775.442702 0.804808923184 17.1539 0.131
56076.685436 0.812105351121 17.0031 0.116
53846.709397 0.814591477569 17.5331 0.184
53817.688409 0.814698296591 17.2001 0.157
54189.740495 0.818531720943 17.0706 0.175
55775.453331 0.823121492848 17.1608 0.132
53846.718179 0.829721874306 17.4501 0.177
53817.698855 0.832695577875 17.0544 0.148
55775.463975 0.841459905831 17.073 0.126
53846.727001 0.844921186522 17.4338 0.176
53817.70887 0.849950294709 16.9742 0.143
55775.474679 0.859901692052 17.0445 0.126
53846.735765 0.860020571277 17.4524 0.177
53831.646774 0.863388816056 17.321 0.168
54910.658707 0.879401331113 17.4836 0.185
53831.65839 0.883401875535 17.3889 0.175
54910.667066 0.893802946491 17.5335 0.191
53956.459417 0.901512867387 17.5339 0.209
53831.669805 0.903068634665 17.4456 0.178
54910.675474 0.908288983353 17.5057 0.186
53956.468389 0.916970612719 17.7057 0.229
53831.680638 0.921732673355 17.3687 0.174
54910.68392 0.922840489931 17.4958 0.186
54188.643711 0.928896438965 17.1072 0.183
53956.477388 0.932474876 17.6099 0.217
53863.610277 0.932903874951 17.3202 0.168
55714.573513 0.934053040821 17.2049 0.126
54592.621414 0.936971611993 17.5755 0.179
54188.651558 0.942415936021 16.8632 0.162
54295.451108 0.946009879044 16.9749 0.161
54642.542963 0.946176999115 17.3359 0.136
53956.486368 0.947946404423 17.5923 0.216
53863.620287 0.950149977346 17.4375 0.179
54592.62996 0.951695407302 17.518 0.175
54295.455871 0.954215991499 16.95 0.157
55714.586375 0.956212817941 17.2648 0.127
54188.659891 0.956772756338 17.0793 0.176
54295.460709 0.962551320511 16.7421 0.177
54592.638517 0.966438154379 17.5237 0.175
54642.555122 0.96712558643 17.3758 0.138
53863.630283 0.967371959322 17.3898 0.175
54295.465459 0.970735035435 16.7839 0.147
55242.712758 0.971126130869 17.3851 0.188
54188.668376 0.971391455521 17.0842 0.179
55696.602589 0.972175369267 16.9396 0.125
55714.599328 0.978529377814 17.356 0.132
54592.647067 0.98116884124 17.4727 0.195
53863.640383 0.984773121581 17.4765 0.183
55242.720885 0.985128036384 17.5003 0.197
54642.5673 0.988106908616 17.4322 0.142
54892.731186 0.99230213931 17.3133 0.17
55696.617587 0.998015233777 17.0905 0.132
