56490.465683 0.0023665709988 15.1805 0.073
56243.42763 0.00695788558912 15.1849 0.07
54034.455703 0.011766112695 15.2281 0.091
54015.398033 0.013729448915 15.2236 0.09
55736.765169 0.0143746245603 15.2605 0.069
53664.436664 0.0149057821013 15.1743 0.086
54644.686604 0.0208792186667 15.1494 0.072
54362.408817 0.0262547553887 15.1494 0.088
56490.474913 0.0280345502531 15.1899 0.074
56243.435372 0.0284878417661 15.1983 0.07
54034.462157 0.0297142316802 15.1839 0.092
53614.460632 0.0350842065416 15.1183 0.076
54015.406604 0.0375647956573 15.1897 0.089
53664.444852 0.0376760328293 15.1352 0.085
54034.468613 0.047667912506 15.1833 0.099
53556.571085 0.0483353356021 15.1578 0.088
54362.41713 0.0493726223003 15.1794 0.089
56243.443116 0.050023359804 15.175 0.07
54644.698172 0.0530490110827 15.1428 0.073
56490.48398 0.0532492380077 15.1721 0.073
54015.415207 0.061489132113 15.1976 0.09
54034.475045 0.0655548510418 15.2029 0.092
53556.578764 0.0696900932019 15.1336 0.087
54362.425402 0.0723764711043 15.1801 0.089
54644.709775 0.085316136064 15.1705 0.073
54295.546541 0.0869791319048 15.2671 0.185
54704.4041 0.0910253843141 15.1775 0.073
53556.586566 0.0913869051446 15.1394 0.087
54362.433615 0.095216245073 15.1859 0.089
56459.576442 0.101565107105 15.2416 0.152
54295.553944 0.107566352966 15.4148 0.15
53912.59 0.111837860667 15.1633 0.086
54704.412037 0.113097621745 15.1622 0.073
53556.594425 0.113242230082 15.1281 0.087
53636.425401 0.117558232655 15.2301 0.076
53881.669387 0.123793076593 15.157 0.084
54295.561358 0.128184164263 15.2168 0.124
54704.419975 0.135172640085 15.1461 0.073
53912.59966 0.138701639626 15.1528 0.085
54295.568576 0.148256913375 15.4037 0.376
53636.438038 0.15270083872 15.1951 0.077
54704.427957 0.157370019345 15.1674 0.073
53881.681499 0.157475694662 15.2492 0.093
53912.609158 0.165114907995 15.1534 0.085
56459.601263 0.170590558169 15.1836 0.083
53636.450672 0.187835101992 15.2666 0.082
53912.618712 0.191683908429 15.1179 0.084
53881.694064 0.192418073816 14.7316 0.288
56459.613446 0.204470622259 15.1349 0.084
55421.473575 0.21068043783 15.0652 0.064
56405.678009 0.21382288816 15.1868 0.068
54913.731966 0.217062671016 15.1476 0.075
53636.46329 0.222924870398 15.1247 0.079
53942.476092 0.222952679686 15.1093 0.086
54758.39671 0.240667200598 15.0499 0.083
53942.482509 0.240797904286 15.0907 0.086
56405.687994 0.241590469188 15.1616 0.067
53587.567851 0.248156243733 15.0748 0.08
54913.744807 0.252772586707 15.0431 0.074
53649.420053 0.254769294084 15.0978 0.095
53942.489096 0.259115886878 15.0738 0.085
56415.762875 0.259124229674 15.067 0.078
54758.406494 0.26787581481 14.9846 0.082
56405.698076 0.269627800388 15.1098 0.066
55805.539499 0.270937618176 14.9436 0.071
53587.57638 0.271874791417 15.0352 0.079
53942.495617 0.277250328142 15.0135 0.084
53649.429679 0.281538521428 15.1022 0.095
55083.482844 0.282286591456 14.9707 0.063
56415.772217 0.285103673036 15.0496 0.07
54913.757636 0.288449131234 14.9973 0.073
55421.502951 0.292373022756 14.9089 0.063
54236.647531 0.292984827246 14.9932 0.09
54758.416305 0.295159514103 14.9758 0.081
53587.584843 0.295409797753 15.008 0.078
55769.589511 0.296555540709 14.9583 0.066
56405.708114 0.297542770688 15.0192 0.065
53835.704344 0.298249126773 15.0407 0.073
56415.780314 0.307620859195 14.9576 0.075
53649.439272 0.308215978108 14.9524 0.1
55805.553055 0.308635898444 14.9138 0.07
54236.654426 0.31215933613 14.982 0.088
53973.434491 0.316077665789 14.9684 0.082
53587.593032 0.318182829411 14.9275 0.077
54758.426108 0.322420965973 14.9707 0.083
53835.7136 0.323989410219 14.9808 0.072
54913.770626 0.324573405399 14.9525 0.072
55849.429037 0.324648490506 15.231 0.073
55083.49958 0.328828227546 14.8997 0.062
56415.788169 0.32946506039 14.9239 0.078
54236.661313 0.33131159757 14.9596 0.088
55769.602162 0.3317370798 14.9209 0.066
53649.448652 0.334301096787 14.8825 0.107
54005.445901 0.33755200337 14.9349 0.082
53973.442491 0.338325101777 14.9138 0.081
55805.566738 0.346687356776 14.8494 0.069
54236.668222 0.35052503948 14.9255 0.087
55849.439181 0.352858239332 15.2547 0.073
53835.724281 0.353692518185 14.9577 0.071
53973.450314 0.360080313239 14.878 0.08
54005.454745 0.362146543859 14.8869 0.081
55769.614984 0.367394157813 14.8745 0.065
55083.516342 0.375442167788 14.8778 0.062
56102.600831 0.377558455138 14.8527 0.066
53835.733553 0.379477296477 14.9214 0.071
55849.449239 0.380828828222 15.1637 0.072
53973.458075 0.381663107074 14.8842 0.08
53991.438497 0.383949031123 14.8462 0.096
55805.58048 0.384902889923 14.8045 0.069
54005.463542 0.386610380638 14.8735 0.08
55123.439548 0.399063382941 14.8597 0.07
55769.627761 0.402926094017 14.8813 0.065
53991.445369 0.403059578627 14.8623 0.081
54677.547828 0.405626376557 14.8127 0.068
55849.459368 0.408996863111 15.1552 0.072
56102.613654 0.413218314081 14.8749 0.066
54677.553376 0.421054973414 14.7747 0.068
55083.533087 0.422008832232 14.8648 0.062
53991.452244 0.422178468922 14.8041 0.082
53605.610062 0.422273020524 14.9027 0.077
55123.450142 0.42852455004 14.8556 0.07
54677.559009 0.436719949258 14.7582 0.068
53991.459099 0.441241740629 14.7998 0.087
56182.453222 0.441428062896 14.8419 0.068
56102.626607 0.449239693861 14.751 0.066
54677.564507 0.452009499653 14.7854 0.068
55123.460771 0.458083049664 14.8383 0.07
53605.625159 0.464256713162 14.8691 0.077
54022.392434 0.464665509794 14.8131 0.08
56182.462937 0.468444792968 14.826 0.068
53812.752925 0.471971011583 14.8816 0.066
56065.598329 0.476209148137 14.8756 0.066
54177.741301 0.478912211613 14.8047 0.086
54022.398879 0.482588600405 14.8271 0.08
56102.639618 0.485422367565 14.7745 0.066
53812.758337 0.487021402022 14.8502 0.066
55123.47139 0.487613740003 14.8367 0.07
56182.472426 0.494833032984 14.8402 0.068
54177.747071 0.494958174805 14.8261 0.085
54022.405315 0.500486662663 14.8314 0.08
53812.763771 0.50213297291 14.8581 0.066
53605.640952 0.508175932719 14.8372 0.077
56065.610046 0.508793299067 14.8498 0.066
56150.474318 0.510350619583 14.8016 0.067
54177.752874 0.511095908681 14.8354 0.086
53812.769184 0.517186144279 14.8489 0.066
55330.607204 0.517708959032 14.8658 0.072
54022.411773 0.518445905349 14.812 0.08
56182.481887 0.521143406967 14.8513 0.068
55660.715143 0.524614006979 14.8476 0.079
53959.488681 0.533763265031 14.7866 0.067
56150.484651 0.53908596408 14.839 0.067
56065.621497 0.540637722743 14.8703 0.066
53605.655857 0.549625686874 14.8142 0.077
53959.498771 0.561822843654 14.7657 0.067
56150.495094 0.568127210824 14.7668 0.067
54378.426468 0.570212907947 14.7792 0.08
56065.632969 0.572540545938 14.9558 0.071
56213.428312 0.58096954324 14.8123 0.064
54212.660621 0.587079245365 14.8508 0.075
53959.508786 0.589673852575 14.7858 0.067
56150.505317 0.596556653094 14.7986 0.067
54378.436306 0.597571692362 14.8438 0.081
56213.438897 0.610405681985 14.7824 0.064
54729.403514 0.612633206507 14.7937 0.077
53959.518867 0.617708402844 14.7937 0.067
54378.44623 0.625169636694 14.8268 0.081
55330.646422 0.626771452075 14.9362 0.073
54212.674962 0.626960555279 14.6541 0.072
55487.429215 0.628665265059 14.9176 0.072
54729.411274 0.634213219412 14.817 0.077
56213.449539 0.640000333705 14.7993 0.065
53576.563548 0.64596542747 14.8325 0.076
53851.653307 0.651190794003 14.8427 0.062
54378.456077 0.652553449462 14.834 0.081
54729.418965 0.655601348177 14.8271 0.077
53576.571771 0.668833010743 14.8696 0.076
56213.460145 0.669494871949 14.8558 0.065
53972.483167 0.670512692149 14.8986 0.08
54729.426583 0.676786469101 14.839 0.077
53972.490471 0.690824601198 14.9173 0.081
53576.579991 0.691692251205 14.8277 0.076
53994.426359 0.692982602488 14.8744 0.081
53851.669455 0.696097243541 14.8935 0.062
55304.785597 0.709640370193 15.0009 0.079
53972.49776 0.711094796311 14.9126 0.092
55487.459277 0.712265567638 15.0043 0.074
53576.58819 0.714493092168 14.8555 0.076
53994.434897 0.716726178546 14.8873 0.081
53972.505628 0.732975149602 14.9454 0.101
54986.555851 0.735152617394 14.944 0.074
54333.536788 0.73517764576 14.9356 0.074
53994.443457 0.740530935054 14.9351 0.082
53851.685648 0.741128834889 14.935 0.062
55660.797269 0.753000622925 15.0341 0.081
53972.513449 0.754724799202 15.0623 0.236
53994.45197 0.764204987871 15.1714 0.124
54333.547762 0.765695566082 14.9785 0.075
53806.747231 0.770559411772 14.9344 0.079
54319.526194 0.772703508406 14.9196 0.081
53972.520767 0.775075641278 14.9186 0.101
56380.708754 0.776085118678 15.0246 0.068
53851.701802 0.78605197001 14.9462 0.062
53806.755238 0.792826314252 14.9913 0.079
54333.558641 0.795949298093 14.9993 0.076
54319.536849 0.802334312201 14.976 0.082
54594.627158 0.80908918997 14.9902 0.076
54260.567085 0.811578121869 15.0356 0.081
56380.72188 0.812587599262 15.128 0.069
53806.763257 0.815126587898 15.0033 0.081
54333.569502 0.826152973356 15.0705 0.077
54594.63449 0.829478965031 15.0342 0.077
54319.547396 0.83166477563 15.0317 0.083
54260.575892 0.836069767952 15.0691 0.082
56380.73476 0.8484059712 15.1105 0.068
54594.641813 0.849843711758 15.0399 0.077
54319.557948 0.861009143691 15.0457 0.084
54594.649147 0.87023904868 15.0726 0.078
55736.715714 0.876843756242 15.0756 0.067
54614.789238 0.878412200478 15.1268 0.072
54954.605528 0.883556920055 15.1498 0.076
56380.747619 0.884165943619 15.1594 0.067
55445.448954 0.88451912166 15.0907 0.075
55031.567365 0.908999644039 15.0834 0.082
54954.615998 0.912673251901 15.1637 0.075
55736.732068 0.922323077249 15.1788 0.068
53614.421632 0.926627956112 15.0056 0.075
55031.574712 0.929431133056 15.0948 0.082
54954.626493 0.941859106988 15.1901 0.076
55445.470748 0.945126699137 15.1445 0.076
55031.5821 0.949976640182 15.1608 0.083
55275.747369 0.956375558949 15.207 0.08
53614.434768 0.963158246 15.1057 0.076
55736.748567 0.968205633048 15.2003 0.068
53664.420328 0.969476517822 15.1253 0.085
55031.589405 0.970291330161 15.1564 0.083
54954.63702 0.971133951808 15.1997 0.076
56490.456714 0.977424414326 15.1834 0.073
56243.419901 0.985464081508 15.166 0.07
54015.388093 0.986087009717 15.2175 0.09
54644.675057 0.98876782575 15.2003 0.073
55031.596727 0.990653295938 15.146 0.084
53664.428504 0.992213397405 15.1094 0.085
53614.44796 0.999844267932 15.0987 0.076
