54660.423589 0.00537182543045 15.6624 0.08
54650.398644 0.0208203100511 15.5228 0.076
53556.44834 0.0218970679386 15.6131 0.097
56290.656952 0.0237694302406 15.6655 0.08
56375.578726 0.0242958452116 15.5349 0.075
53806.533611 0.025471305897 15.6131 0.089
56107.441929 0.0287135435244 15.672 0.077
54181.662287 0.0331342328248 15.5601 0.086
54660.433472 0.0349318202824 15.527 0.077
53556.455146 0.0422537738898 15.5604 0.096
56385.615017 0.0427831798372 15.545 0.071
56375.587886 0.051693351325 15.5492 0.075
53806.542582 0.0523035141268 15.5901 0.088
56290.667266 0.054618543558 15.5744 0.078
53556.461964 0.0626463717825 15.5487 0.096
55329.452864 0.0679972602486 15.4946 0.091
56107.456808 0.0732165449933 15.563 0.075
54181.676071 0.0743620957371 15.5082 0.085
53806.551996 0.0804607327419 15.5384 0.087
53887.462129 0.0821925183282 15.4874 0.078
53556.46877 0.0830030777337 15.5589 0.096
55274.626813 0.0836012765663 15.4734 0.09
56290.677521 0.085291188228 15.5515 0.077
56385.629233 0.08530315221 15.4446 0.07
55971.723273 0.0950119191236 15.4368 0.072
53806.561648 0.109329807958 15.4468 0.084
54938.628137 0.113538136672 15.4317 0.07
54181.689868 0.115628841564 15.3337 0.081
56290.687739 0.115853166122 15.4936 0.076
54829.6355 0.117202104456 15.3981 0.073
53887.475436 0.121993677043 15.3719 0.076
55971.733304 0.125014581102 15.3635 0.071
54864.744273 0.127335592523 15.3667 0.07
54938.63465 0.133018481355 15.3678 0.069
55263.614194 0.144922637944 15.3131 0.077
54829.644916 0.145365305061 15.387 0.073
54864.752249 0.1511917616 15.3314 0.07
53860.404385 0.152639402765 15.3805 0.065
54938.64122 0.152669312695 15.3583 0.069
53886.483121 0.153985350106 15.3661 0.075
55971.743342 0.155038180047 15.3298 0.07
54240.546865 0.156560596037 15.566 0.086
54181.703635 0.156805857559 15.3791 0.082
55329.483101 0.158435949353 15.4032 0.088
53887.488719 0.161723051896 15.3614 0.076
54938.647753 0.172209477259 15.2627 0.068
54829.654213 0.173172577377 15.2823 0.071
54508.690816 0.173540469654 15.4178 0.079
54864.760179 0.174910344945 15.3234 0.07
56019.561402 0.178574312745 15.3811 0.083
54240.55621 0.184511436076 15.5521 0.085
53860.415203 0.184995977106 15.3133 0.064
55971.753422 0.185187400743 15.3011 0.07
53886.495252 0.190269099745 15.3634 0.075
54864.768235 0.199005793567 15.3287 0.07
54829.663574 0.201171273293 15.3163 0.072
53887.501995 0.201431489783 15.648 0.164
56019.570938 0.207096432635 15.4158 0.084
54508.70358 0.211717518558 15.3767 0.078
54240.56542 0.21205849188 15.4956 0.084
54167.680623 0.214059466948 15.3403 0.093
53860.426059 0.217466209239 15.3242 0.064
54588.613611 0.222150106035 15.3314 0.069
53886.50732 0.226364416734 15.3586 0.075
56019.581015 0.237236680368 15.3089 0.082
54588.618868 0.237873762098 15.3223 0.069
54167.689165 0.239608538702 15.4458 0.096
54240.574658 0.239689295527 15.3819 0.082
54508.716082 0.249110926998 15.3688 0.078
53860.437051 0.25034321658 15.3202 0.064
54588.624128 0.253606391168 15.3127 0.069
54917.61399 0.260348091892 15.3165 0.067
55673.550318 0.261457750719 15.3083 0.07
53886.519459 0.262672094335 15.3154 0.075
53726.707036 0.264655123425 15.4031 0.093
54167.697726 0.265214439321 15.3513 0.093
55681.575663 0.265217430329 15.2879 0.072
56019.59051 0.265636169501 15.3592 0.083
53944.361811 0.268806623267 15.3021 0.077
54588.629366 0.269273218345 15.3392 0.069
53879.503362 0.277567245037 15.3358 0.083
54508.728279 0.285592082251 15.3033 0.077
53726.714928 0.288260048998 15.3371 0.091
53944.368354 0.28837669776 15.2987 0.078
54167.70623 0.290649853304 15.3742 0.094
54917.626267 0.297068526667 15.2991 0.066
54922.641491 0.297574004681 15.3173 0.083
53879.512867 0.3059966441 15.3174 0.082
53944.374907 0.307976682205 15.3375 0.078
54187.438497 0.309744359744 15.3085 0.093
53726.722659 0.311383424508 15.3658 0.092
55737.426594 0.315023464342 15.3258 0.071
54922.648688 0.319100189336 15.3384 0.083
54296.438209 0.327241675318 15.3049 0.078
53944.381467 0.327597603616 15.317 0.078
54187.445317 0.330142939605 15.3601 0.091
54817.671106 0.331770040415 15.3734 0.087
54917.638544 0.333788961443 15.3069 0.066
53726.730356 0.334405106227 15.408 0.093
53879.522424 0.334581574888 15.2985 0.082
56358.632354 0.33779689356 15.3225 0.08
54907.610475 0.339893580436 15.3261 0.081
54922.655868 0.340575527095 15.293 0.083
54187.452153 0.350589375388 15.3639 0.091
54296.446413 0.351779791045 15.2778 0.078
54817.679502 0.356882427012 15.3763 0.086
55737.440697 0.357205454374 15.3229 0.071
55681.607779 0.361276197366 15.3311 0.073
54922.663063 0.36209572976 15.3297 0.084
53879.531853 0.362783658408 15.3464 0.083
54907.61894 0.365212345631 15.3416 0.082
56358.642073 0.366866365384 15.3669 0.081
54917.65085 0.370596135034 15.299 0.066
54187.459014 0.371110586028 15.3018 0.089
55673.588415 0.375405653574 15.3994 0.073
54296.454601 0.376270050872 15.3314 0.079
54817.687921 0.382063606474 15.4287 0.087
54907.62738 0.390456335969 15.3492 0.082
56369.684774 0.395520089018 15.3702 0.065
56358.651754 0.395822179416 15.2841 0.079
54226.585046 0.396842108414 15.369 0.081
54973.494625 0.39899861517 15.3445 0.071
53873.525932 0.399109281945 15.373 0.084
55737.454858 0.399560922058 15.3226 0.071
54296.462778 0.400727409774 15.3329 0.079
54907.635942 0.416065227604 15.3783 0.082
54973.502426 0.422331360274 15.2878 0.072
56077.48357 0.42343802809 15.3767 0.071
56358.661469 0.42487968726 15.3975 0.082
53873.534941 0.426055147946 15.3384 0.083
55737.469008 0.441883488818 15.4142 0.073
54973.51024 0.445702988314 15.3735 0.073
54632.487076 0.447425800909 15.266 0.072
56369.703408 0.451254273389 15.0838 0.072
53873.543987 0.453111680723 15.3906 0.084
55043.390695 0.457732766648 15.4013 0.079
56485.386584 0.458953092241 15.4212 0.084
56422.531478 0.459700840762 15.3871 0.072
56077.496961 0.463490430308 15.3995 0.072
54632.494656 0.470097536328 15.3043 0.073
55043.397107 0.47691102091 15.4131 0.079
53873.553114 0.480410484041 15.3771 0.084
54150.719544 0.483571964815 15.4608 0.094
56422.541036 0.488288762545 15.4726 0.073
56485.396534 0.488713483702 15.5135 0.163
54973.525078 0.490083359005 15.3829 0.074
55591.714475 0.49093280134 15.4127 0.077
54632.502315 0.493005560254 15.3251 0.073
55043.403571 0.496244806896 15.4519 0.08
56077.510412 0.50372229219 15.4637 0.073
56369.722216 0.507508890738 15.3804 0.083
54487.740125 0.510146947533 15.4836 0.083
53588.37442 0.51261451769 15.4504 0.086
55043.409983 0.515423061158 15.4349 0.08
54632.509873 0.515611493803 15.4966 0.076
54150.730414 0.516084070858 15.4603 0.103
56422.550702 0.517199711672 15.4427 0.073
56485.406238 0.517738090621 15.3731 0.111
55040.403847 0.524087971125 15.4085 0.098
54487.747434 0.532008123534 15.5018 0.084
53588.381034 0.532396952772 15.438 0.086
55040.407626 0.535390937889 15.4405 0.109
55651.575922 0.53616859637 15.4707 0.074
56004.635976 0.536712957281 15.3928 0.065
56077.523919 0.544121649713 15.4765 0.073
56422.560234 0.545709867582 15.5173 0.074
55040.411398 0.546672967686 15.4569 0.106
56485.415987 0.546897292256 15.4336 0.082
54150.741283 0.548593185929 15.4112 0.083
53588.38772 0.552394739438 15.521 0.088
54122.658425 0.552930127393 15.4611 0.083
55707.41625 0.554261119777 15.4687 0.073
54487.754972 0.554554237201 15.5207 0.084
55040.415185 0.557999862411 15.5224 0.093
56369.740994 0.563673778255 15.429 0.08
55380.439757 0.569494252807 15.5256 0.089
53588.394393 0.57235364319 15.5127 0.088
54487.762252 0.576328674365 15.5599 0.085
56004.65005 0.578808208476 15.4333 0.065
54150.752147 0.581087346001 15.4974 0.085
55591.744817 0.581685544824 15.4928 0.079
54122.670035 0.587655569092 15.5397 0.085
53762.595852 0.607892635273 15.4486 0.096
56004.664179 0.62106796436 15.5056 0.066
54122.681626 0.622324181884 15.4905 0.083
53762.601213 0.623927354742 15.4561 0.098
53831.475716 0.62716061938 15.5623 0.087
54897.680399 0.639094685894 15.5183 0.072
53762.606555 0.639905245304 15.6945 0.113
54599.454895 0.648366767673 15.4753 0.08
55380.467001 0.650980896515 15.6217 0.098
56056.496669 0.651740609029 15.5536 0.078
53762.611891 0.655865189917 15.5304 0.098
54122.693503 0.657848219022 15.5192 0.084
53831.486267 0.658718598303 15.6046 0.088
55651.618471 0.663432405036 15.5441 0.075
56004.678392 0.663578963747 15.6295 0.067
54209.623632 0.665352623261 15.6093 0.1
56392.509988 0.665600875759 15.5697 0.07
54599.461665 0.668615797843 15.5459 0.081
54897.693501 0.678282690825 15.5486 0.072
56056.506223 0.68031656681 15.625 0.08
54260.449146 0.684165976245 15.5897 0.089
54209.630118 0.684752211098 15.6163 0.1
54599.468412 0.688796035146 15.5514 0.081
53847.545123 0.69066241548 15.5828 0.072
53831.497028 0.690904685987 15.5203 0.086
54953.534905 0.699593523903 15.623 0.089
54617.526805 0.701343255464 15.5388 0.076
54209.63651 0.703870645479 15.6353 0.101
54599.475132 0.708895515604 15.592 0.082
56056.515781 0.708904488593 15.6102 0.08
56392.525951 0.71334611486 15.5995 0.07
54260.458956 0.713507628539 15.6049 0.09
54897.706535 0.71726730813 15.5734 0.073
54617.533959 0.722740827372 15.5691 0.076
54209.642921 0.723045908767 15.6323 0.101
53831.507802 0.723129656606 15.6708 0.09
54953.543405 0.725016973884 15.5792 0.088
54444.683828 0.729015933031 15.5525 0.098
56408.580548 0.732551288068 15.6574 0.072
56056.525204 0.737088626142 15.6581 0.081
53847.561053 0.738308951741 15.6373 0.073
54260.468802 0.742956956615 15.6185 0.09
54953.552031 0.750817289142 15.6659 0.09
54527.607453 0.753090444664 15.6085 0.084
54444.692892 0.756126303699 15.6388 0.1
54897.719699 0.756640754693 15.5791 0.073
56392.541221 0.759018595011 15.624 0.071
53820.488738 0.765174060905 15.6772 0.09
56408.591789 0.766173052935 15.629 0.072
54260.478631 0.772355437774 15.6417 0.091
54953.560644 0.776578721464 15.6591 0.09
54444.702042 0.783493899861 15.5777 0.098
53847.577011 0.786039235867 15.6517 0.074
54195.623218 0.790196717687 15.6242 0.098
54527.62103 0.793699171802 15.6413 0.084
53820.499194 0.7964478954 15.6802 0.09
56408.603143 0.800132800142 15.7065 0.073
56392.556242 0.803946317636 15.6072 0.071
54444.711287 0.811145640474 15.7417 0.103
54195.633483 0.820899272287 15.6868 0.1
54533.648448 0.821670948775 15.6434 0.095
53820.509983 0.828717730925 15.7198 0.091
55294.601848 0.828813442722 15.6201 0.077
54885.708203 0.830326885755 15.602 0.079
53847.592999 0.833859249802 15.6378 0.073
56408.614531 0.83419424114 15.7072 0.073
54527.634582 0.834233124062 15.6404 0.084
55302.630872 0.843576989691 15.5623 0.073
54533.658094 0.850522078021 15.6506 0.096
54195.643705 0.851473214161 15.6974 0.101
55005.409366 0.855801182641 15.661 0.082
53820.521166 0.862166018118 15.6569 0.089
54885.718889 0.862288648891 15.6241 0.08
55005.414681 0.871698316378 15.6169 0.081
53899.428031 0.872135001522 15.6493 0.09
54527.648116 0.874713238431 15.6832 0.085
54533.667811 0.879585567856 15.652 0.096
56043.533799 0.879872703284 15.6775 0.074
54195.653935 0.882071083975 15.6443 0.099
55005.420034 0.887709107886 15.6273 0.081
55362.49286 0.89043091252 15.5989 0.081
54885.729578 0.89425938499 15.6439 0.08
53899.437493 0.900435787838 15.6809 0.091
55005.425584 0.904309125217 15.6298 0.081
55650.696813 0.906758749415 15.6037 0.077
54533.677382 0.908212372554 15.664 0.096
56043.543675 0.909411761192 15.6231 0.073
54650.362536 0.912821494484 15.716 0.08
54885.740269 0.926236103101 15.6289 0.08
53899.446943 0.928700682256 15.7052 0.092
56043.553616 0.939145233696 15.6132 0.073
56107.412322 0.940159180699 15.6975 0.077
54660.403863 0.946371475488 15.6003 0.078
54650.374546 0.948743333821 15.6023 0.078
56385.584648 0.951949679507 15.626 0.071
53899.456407 0.957007450562 15.6856 0.091
55362.516467 0.961039310642 15.4401 0.092
56043.563568 0.968911607147 15.6413 0.074
56375.560482 0.969728148549 15.5933 0.076
54660.413699 0.975790893613 15.6115 0.079
54650.386543 0.984626290244 15.6054 0.078
54087.69906 0.989675088308 15.5697 0.101
56385.599826 0.997346988214 15.5915 0.071
56375.569716 0.997346988215 15.6315 0.076
