55386.427508 0.00706588453788 14.814 0.068
54919.665362 0.0111630842068 14.7115 0.07
54324.383885 0.0234892295991 14.712 0.07
56004.734113 0.0237149325503 14.761 0.067
55706.439471 0.0238784520408 14.7636 0.067
53555.419657 0.0285583338477 14.6774 0.074
54324.393299 0.0451705324122 14.661 0.07
53555.426901 0.0452419282373 14.6638 0.074
56075.518587 0.0468310613301 14.7636 0.067
55706.450342 0.0489153590779 14.7515 0.067
56004.745941 0.0509558981039 14.7094 0.067
53555.43414 0.0619140071658 14.6557 0.074
54324.402962 0.0674253049867 14.6253 0.069
56075.527984 0.0684732115921 14.6918 0.066
53555.441381 0.0785906922787 14.5726 0.072
56004.758046 0.0788348199845 14.6371 0.067
54533.695171 0.0865202361111 14.5729 0.072
54324.412461 0.0893023705713 14.5698 0.069
56075.538787 0.0933535084085 14.6616 0.066
54899.729459 0.09695554343 14.5473 0.077
54154.647482 0.105032485105 14.531 0.067
55000.467566 0.106027420605 14.5291 0.062
56004.770068 0.106522585261 14.6134 0.07
54533.705566 0.11046087162 14.5355 0.071
56075.548398 0.115488520238 14.6127 0.065
54954.44869 0.120348043172 14.5469 0.069
54154.658757 0.13099984108 14.4962 0.067
53764.748964 0.133093351201 14.5587 0.067
54533.715985 0.134456781343 14.4869 0.07
53845.513271 0.140677431324 14.5216 0.072
54954.458219 0.142294201506 14.5037 0.068
54240.640603 0.155053328081 14.6242 0.069
54154.670186 0.157321873157 14.5025 0.067
53845.520858 0.158150986076 14.4587 0.127
54533.726404 0.158452691049 14.4666 0.07
54973.571287 0.16143749755 14.4592 0.089
54954.467718 0.164171267091 14.4743 0.068
54444.722719 0.174827671177 14.4531 0.072
53845.528482 0.175709755207 14.6679 0.158
54154.681959 0.184436168672 14.451 0.066
54240.653659 0.185122489925 14.575 0.068
54954.477516 0.186736957015 14.4714 0.068
54444.728187 0.187420975176 14.4619 0.072
54681.367379 0.189118353572 14.4795 0.067
53845.535826 0.192623658735 14.4734 0.084
54973.585357 0.193841994116 14.3967 0.072
53935.416208 0.195362034464 14.4408 0.065
54444.733791 0.200327499599 14.4109 0.071
54167.715286 0.201380012387 14.4411 0.074
54088.693411 0.206776155634 14.4524 0.071
54867.646971 0.208052068295 14.443 0.063
54444.739287 0.212985290147 14.4523 0.072
54681.37839 0.214477693403 14.4242 0.066
54973.5945 0.214899159139 14.4205 0.076
54240.666801 0.215389717616 14.5206 0.068
53935.427113 0.220477246603 14.4503 0.065
54167.723786 0.220956289632 14.4603 0.075
54887.626582 0.22292312971 14.3966 0.062
53762.620466 0.230967828116 14.4462 0.074
54088.704243 0.231723242108 14.4339 0.068
54681.387377 0.235175576173 14.4426 0.067
54973.603835 0.236398517734 14.4637 0.091
54867.660073 0.238227172331 14.4141 0.062
54167.732374 0.240735238909 14.413 0.075
54240.679893 0.245541790746 14.4666 0.067
53935.438037 0.245636217494 14.4249 0.065
53762.627198 0.246472239691 14.4375 0.076
54887.637548 0.248178830441 14.4241 0.062
54681.396391 0.255935642417 14.3921 0.066
54088.715165 0.256877606814 14.4202 0.068
54487.745638 0.260544128384 14.423 0.066
54167.74109 0.260808983906 14.4586 0.079
53762.633872 0.261843071952 14.4353 0.074
56109.48061 0.264475505468 14.5058 0.058
56375.645479 0.266506832118 14.4846 0.062
54867.673174 0.268399973291 14.4543 0.063
53935.448959 0.270790582201 14.3959 0.065
54527.696418 0.2708435533 14.4485 0.062
54597.602848 0.271744062059 14.4339 0.062
54887.648541 0.273496714645 14.3914 0.062
53762.640557 0.277239238226 14.443 0.073
54487.753151 0.277847254363 14.429 0.066
56019.608495 0.280776786681 14.517 0.063
54844.666112 0.281032429828 14.4309 0.063
54088.725974 0.281771722184 14.4263 0.071
56046.532871 0.290076669921 14.4652 0.063
56375.657468 0.294118595385 14.5105 0.062
54487.76045 0.294657518791 14.4365 0.066
54867.686307 0.298646473169 14.4571 0.063
54887.659632 0.299040301803 14.4191 0.062
54597.614739 0.299130122356 14.4757 0.062
56109.496652 0.301421698349 14.5202 0.059
56019.617888 0.302409724574 14.5332 0.064
54527.710288 0.302787431574 14.4561 0.062
56385.648952 0.305419865092 14.5388 0.06
54844.676842 0.305744600979 14.4527 0.063
54487.767706 0.31136875027 14.4619 0.066
53589.410122 0.311707304717 14.4185 0.067
56046.542485 0.31221859101 14.5107 0.063
56392.602429 0.319913219511 14.5177 0.059
56375.66937 0.321529989712 14.5187 0.062
56459.470278 0.322683838518 14.5554 0.06
56019.627403 0.324323639618 14.5621 0.064
54597.626657 0.326578366142 14.4918 0.062
54844.68768 0.330705506007 14.5007 0.063
54527.723888 0.334109475149 14.5008 0.062
56046.552209 0.334613852176 14.5336 0.063
53589.420199 0.334915557152 14.4523 0.068
54587.644062 0.335749276252 14.4864 0.063
56385.663126 0.338063883149 14.5372 0.06
56109.512793 0.338595897276 14.5671 0.059
56019.636765 0.345885181686 14.5761 0.064
56459.480898 0.347142669609 14.5669 0.061
54587.649474 0.34821360712 14.5149 0.063
56375.681354 0.349130237518 14.5734 0.063
56392.616985 0.353437018511 14.5601 0.06
54597.638547 0.353962123363 14.4915 0.063
54844.698464 0.355542044088 14.535 0.063
56046.561851 0.356820259831 14.5834 0.064
53589.430252 0.358068535391 14.4476 0.068
56362.660151 0.360109074402 14.5717 0.068
54587.654856 0.360608845255 14.549 0.063
54527.737134 0.364616224364 14.5412 0.063
56385.67729 0.3706848703 14.6203 0.061
56459.491524 0.371615319236 14.6063 0.062
56036.582118 0.372582617644 14.6242 0.061
54587.660244 0.373017901926 14.55 0.063
56109.528924 0.375747065281 14.5965 0.059
56392.631249 0.3862883148 14.6173 0.06
56362.671784 0.386900937124 14.6292 0.068
53589.442963 0.387343130687 14.5185 0.069
56459.503003 0.398052505874 14.6526 0.062
56385.691576 0.403586834602 14.6579 0.061
56036.596226 0.405074631681 14.7015 0.062
56362.683386 0.413621404003 14.6841 0.069
56392.645461 0.419019850345 14.7079 0.061
54125.699265 0.434641719586 14.6525 0.068
56036.610375 0.437661072449 14.7702 0.063
56362.694971 0.440302718332 14.7239 0.07
53879.511467 0.441631602091 14.687 0.07
53729.717553 0.452550558619 14.6972 0.075
55616.748435 0.457221228057 14.8336 0.073
54645.447135 0.461511887411 14.7085 0.069
53879.521026 0.463646853176 14.7404 0.071
53729.722675 0.464346992962 14.7491 0.076
55300.655184 0.465560722164 14.7623 0.072
54125.712949 0.466157222841 14.7094 0.068
56293.669353 0.467992786711 14.7967 0.066
56036.624585 0.470388001809 14.8424 0.063
53899.499563 0.476044394385 14.7635 0.072
53729.727815 0.476184882964 14.7685 0.076
54645.456011 0.481954127029 14.7249 0.07
55653.667449 0.485086331383 14.8189 0.062
53879.530436 0.48531894362 14.7287 0.071
56293.677687 0.487186750782 14.8001 0.067
53729.732953 0.488018166782 14.7811 0.076
53899.508116 0.495742735467 14.7604 0.072
55674.514356 0.497419386041 14.8013 0.064
54125.726648 0.497707272479 14.7305 0.068
54645.464637 0.501820593776 14.7541 0.07
56293.68602 0.506378411744 14.8021 0.066
53879.539947 0.507223646294 14.6818 0.07
54182.611479 0.508674593905 14.7259 0.069
53899.516654 0.515406530183 14.7275 0.071
54508.698921 0.517870838032 14.6959 0.067
54645.473203 0.521548875058 14.6767 0.069
55616.776701 0.522320410693 14.7994 0.074
56293.69445 0.525793472584 14.7762 0.066
55058.39922 0.527923832158 14.7104 0.066
54125.740538 0.529697212564 14.6907 0.068
53936.431118 0.532792567464 14.7063 0.068
53899.525212 0.535116386727 14.692 0.071
55058.403426 0.537610634748 14.6876 0.066
54246.453483 0.542647495727 14.6848 0.076
54182.626525 0.543326907707 14.67 0.069
54508.711484 0.54680457578 14.6331 0.067
55351.491852 0.547055612747 14.6875 0.075
55058.407639 0.547313558984 14.6617 0.065
55058.411865 0.557046423418 14.6359 0.065
53936.441965 0.557774200304 14.6563 0.067
54246.462043 0.562361958455 14.6028 0.074
53806.620672 0.56746560908 14.6311 0.069
54508.723667 0.574863138787 14.564 0.066
54182.641677 0.5782233492 14.5726 0.068
54195.667979 0.578987975555 14.5907 0.074
54246.470604 0.582078724276 14.5808 0.074
53936.452811 0.582753530069 14.6031 0.067
55774.418777 0.586436173272 14.6474 0.065
53806.630249 0.589522315808 14.5492 0.068
55328.49968 0.593981100833 14.5301 0.065
54195.677363 0.600600185634 14.5728 0.074
54246.47916 0.601783974635 14.55 0.073
54612.509279 0.602617693725 14.538 0.062
55774.425809 0.602631512279 14.5991 0.064
54508.735852 0.602926307978 14.5291 0.065
53936.463677 0.607778921645 14.5433 0.066
53820.533333 0.609596060791 14.5318 0.068
54908.636546 0.610791365253 14.4931 0.068
53806.639871 0.611682661635 14.5265 0.068
54182.656556 0.612491046736 14.5052 0.067
55674.565406 0.614992204039 14.5766 0.062
55774.432884 0.618925884218 14.5855 0.064
55351.523559 0.620079733028 14.5261 0.144
54195.686797 0.622327550275 14.5212 0.073
54612.519088 0.625208717663 14.7978 0.124
53590.416962 0.630551889808 14.4859 0.069
54908.645976 0.632509517524 14.4774 0.068
53806.649249 0.633281053162 14.5039 0.068
53820.544039 0.634252957745 14.4858 0.067
55774.439984 0.635277833428 14.5565 0.064
54195.696224 0.64403879327 14.4638 0.072
54189.618041 0.645427557413 14.5043 0.072
55361.524825 0.653909843183 14.5405 0.065
53590.427131 0.653972026643 14.445 0.069
54908.655396 0.654204638891 14.4609 0.068
54612.531934 0.654794230292 14.4591 0.062
53860.499836 0.656106992422 14.4604 0.06
53820.554631 0.658647302271 14.4797 0.067
55328.528166 0.659586963572 14.4675 0.065
53873.528449 0.662194063085 14.4656 0.068
54189.626623 0.665192688137 14.4981 0.072
53830.544889 0.667124981856 14.453 0.067
54592.565567 0.670425311891 14.4506 0.067
55741.456669 0.671687406003 14.5216 0.063
56404.478972 0.672677735317 14.4895 0.06
54908.664894 0.676079401383 14.4377 0.067
54612.541761 0.677426709873 14.275 0.066
53590.437343 0.677491196427 14.4168 0.068
53873.537465 0.682958735513 14.431 0.067
53820.565589 0.683884578264 14.449 0.067
55741.462294 0.684642295346 14.4814 0.063
54189.63522 0.684992365243 14.4609 0.072
55385.419609 0.685782325608 14.4981 0.065
53860.51332 0.687161877383 14.4293 0.06
53830.554459 0.689165566938 14.4706 0.067
56420.551758 0.689773583083 14.485 0.062
54592.575053 0.692272437293 14.4248 0.067
56404.489561 0.697065170583 14.4651 0.059
55741.467964 0.697700823823 14.4668 0.063
53590.447811 0.701599957618 14.396 0.068
53873.546536 0.703850077963 14.3963 0.067
54189.64381 0.704775920721 14.4674 0.072
55741.473635 0.710761655374 14.4725 0.063
53830.56406 0.711277547845 14.4451 0.067
54592.584506 0.714043560669 14.4134 0.067
56420.562439 0.71437290275 14.4986 0.062
55361.552146 0.716832604409 14.4605 0.064
53860.526717 0.718016393406 14.3834 0.06
56404.500189 0.721542426395 14.4503 0.059
53873.555647 0.724833544068 14.448 0.067
53886.583035 0.728099327735 14.4161 0.063
53830.573644 0.733350376201 14.425 0.067
55385.441389 0.73594365717 14.5061 0.078
54592.594015 0.735943657176 14.4292 0.067
53960.401705 0.739246290287 14.4376 0.065
56420.573332 0.739460477799 14.4851 0.062
56404.511133 0.746747459114 14.456 0.059
53860.540084 0.748801816679 14.4366 0.06
53886.592885 0.750784778403 14.4213 0.063
54938.661668 0.76139281758 14.4468 0.06
53960.411531 0.761876466776 14.4223 0.065
56420.584132 0.764333865355 14.5067 0.106
53886.602864 0.773767327885 14.44 0.063
53887.472456 0.77651721907 14.4385 0.063
54209.650204 0.781330680166 14.4574 0.072
53960.421383 0.784566523646 14.4309 0.065
55032.460923 0.789654052631 14.4193 0.068
54938.675546 0.793355120575 14.4939 0.06
54209.656697 0.796284652886 14.4665 0.072
53886.612703 0.796427444556 14.457 0.064
55032.465962 0.801259330403 14.4444 0.069
53887.485745 0.8071230012 14.4786 0.063
53960.431197 0.807169063028 14.4561 0.066
54209.663154 0.811155714319 14.4944 0.073
55032.470999 0.812860001974 14.4368 0.069
54227.471093 0.824467582836 14.5058 0.067
55032.476052 0.82449752302 14.4708 0.069
54938.6894 0.825262149389 14.5004 0.06
54209.669668 0.826158051958 14.4897 0.073
54227.482954 0.8517845504 14.5354 0.067
54938.703217 0.857083963809 14.6058 0.061
54297.392835 0.86063302771 14.5323 0.065
55238.74387 0.878143431925 14.5716 0.065
54227.494513 0.878405984347 14.5588 0.067
54297.40497 0.88858104234 14.5927 0.066
54274.400143 0.906360908244 14.572 0.071
54297.417003 0.916294141631 14.6299 0.067
54274.409099 0.926987395173 14.6664 0.073
53944.424352 0.941941367902 14.6867 0.068
54297.429041 0.944018756383 14.6761 0.067
54274.418042 0.947583941919 14.7126 0.074
54227.525217 0.94912010392 14.7208 0.07
54919.63983 0.952360553571 14.7302 0.07
55265.698392 0.956872309697 14.7682 0.063
55386.40583 0.957139468316 14.7621 0.067
53944.432703 0.961174484507 14.6994 0.068
54274.426945 0.96808836501 14.7381 0.074
54919.648396 0.972088834835 14.7524 0.071
55706.41782 0.974014219292 14.8398 0.068
53944.441049 0.980396085667 14.7421 0.069
54919.65685 0.991559169872 14.7368 0.07
55706.428655 0.998968215042 14.8405 0.068
53944.4494 0.999629202272 14.7187 0.069
