54477.720914 0.000104766563726 16.6882 0.152
54181.74959 0.00156533581865 16.6309 0.12
54529.648635 0.00435859747667 16.7483 0.108
54187.594944 0.00741377556295 16.6847 0.144
54477.729806 0.0138045363936 16.7098 0.154
54529.656119 0.0158890830105 16.7575 0.108
56364.558869 0.0227851884689 16.6825 0.124
54187.606069 0.0245538946957 16.6904 0.147
56364.569051 0.0384724417639 16.6151 0.121
53960.445652 0.0419374420315 16.8086 0.122
54187.617531 0.0422132246244 16.648 0.143
56364.579196 0.054102689722 16.641 0.121
53960.455495 0.0571024031597 16.745 0.119
56364.589371 0.0697791582305 16.6163 0.119
53960.465332 0.0722581201757 16.7099 0.118
54187.641957 0.079845993137 16.6563 0.207
53960.475179 0.0874292440454 16.6623 0.116
54187.654394 0.0990074908022 16.6507 0.181
53806.657118 0.102270661355 16.6275 0.122
53555.478682 0.115455842429 16.7132 0.141
54187.666272 0.117307745639 16.6017 0.141
53806.667145 0.117719108494 16.6291 0.122
55057.416887 0.128916806094 16.6989 0.109
53806.677015 0.132925668116 16.6238 0.122
54187.677832 0.13511806268 16.6279 0.141
55057.425347 0.14195100005 16.6603 0.108
53830.698321 0.14218826553 16.6641 0.123
55031.464934 0.145135595676 16.6545 0.131
53806.686571 0.147648452684 16.5994 0.121
55057.433812 0.154992897444 16.7076 0.11
53830.70775 0.156715383121 16.5669 0.119
55031.47332 0.158055778947 16.6302 0.13
55057.442274 0.16803017277 16.6235 0.107
55031.481777 0.171085350858 16.5788 0.127
53830.717209 0.171288721262 16.5869 0.119
54622.576036 0.176198883922 16.5758 0.102
54347.378258 0.183147372662 16.5359 0.113
55031.490184 0.184037888522 16.6038 0.129
53830.726662 0.185852815291 16.5391 0.117
54981.514255 0.186880452098 16.577 0.086
53845.65861 0.191279107383 16.5966 0.12
54622.586952 0.19301699991 16.5778 0.103
54347.386444 0.195759418979 16.4857 0.11
54981.521312 0.197753065184 16.5542 0.087
53899.536058 0.199447818537 16.5392 0.12
56405.56524 0.200680366438 16.5104 0.087
53845.668158 0.205989566479 16.6075 0.121
54347.39461 0.208340651587 16.4968 0.112
54981.528384 0.208648788552 16.5683 0.088
53899.5446 0.212608348661 16.6071 0.123
56405.573891 0.214008831202 16.5505 0.088
54622.60132 0.215153560059 16.5926 0.121
54267.566677 0.21865245539 16.4654 0.126
54981.535838 0.220133053547 16.5234 0.087
53845.677704 0.220696944204 16.5709 0.119
54347.40279 0.220943453781 16.494 0.111
53899.553167 0.225807395897 16.5332 0.12
56405.584978 0.231090404301 16.51 0.088
54622.61222 0.231947025092 16.6191 0.106
54267.57534 0.231999408378 16.5087 0.129
55360.595872 0.232190453294 16.5418 0.107
53845.687191 0.235313421514 16.5292 0.117
53899.561736 0.239009524515 16.5126 0.119
53860.621063 0.243703991293 16.5372 0.092
56074.572272 0.244824069188 16.4832 0.103
54267.583922 0.245221565884 16.5072 0.129
56048.6109 0.246531148022 16.4879 0.08
56405.595854 0.247846892896 16.4919 0.087
53873.605499 0.24862802012 16.4883 0.118
56102.487519 0.253422631428 16.4755 0.1
54267.592574 0.258551571344 16.4857 0.128
56074.582896 0.2611923052 16.5343 0.105
53860.633194 0.262394039398 16.5169 0.092
53873.615398 0.263879259608 16.4963 0.118
56405.606714 0.264578730536 16.4604 0.086
55360.617191 0.265036313935 16.5671 0.108
56048.623095 0.265319799958 16.4687 0.08
56102.49874 0.270710656301 16.4782 0.102
54691.440944 0.275320385417 16.454 0.099
53598.421111 0.276206279217 16.4132 0.125
56074.593635 0.277737719964 16.4571 0.103
53873.625271 0.279090441275 16.3676 0.119
53914.516999 0.280356884238 16.5472 0.127
53860.645244 0.28095929202 16.5753 0.094
56048.635415 0.284301037489 16.4775 0.08
54691.449112 0.287904699397 16.6362 0.106
56102.510081 0.288183563354 16.4021 0.1
54323.43161 0.288909225925 16.5516 0.11
53598.429395 0.288969312634 16.4988 0.13
53914.525542 0.293518955047 16.5573 0.128
53873.635137 0.294290838156 16.5293 0.12
56074.604505 0.294484964457 16.406 0.103
54680.420685 0.296574133126 16.644 0.11
53860.657301 0.29953532944 16.5295 0.093
54691.457284 0.300495176107 16.4721 0.101
53598.437273 0.301106828009 16.4993 0.13
56446.522477 0.302875534227 16.5237 0.088
56048.647729 0.303273030919 16.4352 0.079
56102.521424 0.305659551778 16.4492 0.1
55353.503894 0.30568728411 16.5857 0.119
54323.442525 0.305725801227 16.5244 0.109
53914.534079 0.306671781733 16.6357 0.132
54680.430489 0.311679007546 16.581 0.103
54691.465452 0.313079490086 16.6577 0.107
54297.484869 0.313158065019 16.4873 0.107
53598.445307 0.313484690214 16.5018 0.131
53914.542633 0.31985080007 16.6011 0.131
56446.533955 0.32055951511 16.4885 0.088
55773.456872 0.320884599622 16.5014 0.101
54247.512738 0.32185214971 16.456 0.133
54323.453497 0.322630195574 16.5172 0.109
54297.495218 0.329102612684 16.5571 0.11
55773.465712 0.334504253823 16.5439 0.105
54247.523145 0.337886057105 16.4516 0.133
56446.545541 0.33840988996 16.4233 0.086
54323.464396 0.339422119922 16.496 0.109
55799.434204 0.343766851233 16.5041 0.101
54297.505549 0.345019428035 16.5466 0.11
55773.474552 0.348123908035 16.5313 0.102
54247.533507 0.35385063368 16.4775 0.135
55799.441285 0.354676440769 16.5373 0.103
56446.557245 0.356442065629 16.5224 0.089
54680.461395 0.359295413991 16.6978 0.135
54297.515916 0.360991708025 16.5178 0.109
55773.483524 0.361946932651 16.5758 0.103
55353.541131 0.363057766432 16.648 0.128
55799.44837 0.365592193035 16.5426 0.103
54247.543816 0.369733553952 16.4707 0.134
55799.455445 0.376492538459 16.5014 0.102
54260.529582 0.37670669366 16.5935 0.123
53613.42231 0.388326538912 16.6584 0.163
54260.540471 0.393483211154 16.5865 0.123
54234.579848 0.39634426295 16.5478 0.137
54234.588421 0.409552554298 16.5612 0.138
54260.551348 0.410241240434 16.6046 0.125
54173.577147 0.410406093719 16.5134 0.114
53944.46206 0.416259155513 16.5979 0.113
54173.586972 0.42554332251 16.5333 0.115
54234.599216 0.426184247422 16.5938 0.14
54260.562206 0.426969996703 16.5908 0.124
55381.492337 0.427057815742 16.692 0.113
54844.718307 0.427433742848 16.6287 0.107
53944.476359 0.438289408405 16.6269 0.115
54173.596776 0.440648196931 16.5442 0.115
54844.729113 0.444082383499 16.5818 0.104
54234.612749 0.447034335699 16.5782 0.139
54909.641149 0.453073820375 16.6915 0.128
54173.6066 0.455783885048 16.5741 0.116
53944.487843 0.455982633401 16.6384 0.115
54844.739912 0.460720239353 16.5805 0.104
54710.386588 0.464587358371 16.5462 0.101
54909.650234 0.467070942373 16.5573 0.121
54589.665858 0.471985727092 16.7279 0.107
55656.724293 0.472766854317 16.5727 0.087
53944.499331 0.473682021127 16.6877 0.118
54710.394824 0.477276438923 16.6273 0.105
54844.750693 0.477330362892 16.6085 0.105
54909.659341 0.481101959437 16.588 0.123
54998.581087 0.481490212023 16.5429 0.107
55381.528777 0.483200372225 16.5757 0.134
54859.683824 0.48457928518 16.5991 0.106
54589.674563 0.485397388844 16.7201 0.106
54710.402991 0.489859212217 16.5901 0.103
54998.58965 0.494683096529 16.6399 0.111
54909.668267 0.494854112548 16.5682 0.125
54589.683282 0.498830620181 16.7575 0.108
54859.694595 0.501174001865 16.6386 0.107
54710.411141 0.50241579386 16.6573 0.107
54998.598213 0.507875981024 16.6544 0.112
54589.69201 0.512277717686 16.7104 0.106
55673.626907 0.514368427046 16.6364 0.087
54859.705358 0.517756393067 16.6762 0.107
54998.60698 0.521383165236 16.5958 0.111
55299.778064 0.531114130847 16.8779 0.112
55264.73082 0.534355731802 16.9318 0.122
54859.716513 0.534942732739 16.6238 0.105
54922.679515 0.541086983988 16.6194 0.108
55701.553957 0.541151692741 16.6066 0.098
53820.581744 0.555731193631 16.5791 0.12
54645.540163 0.556681796185 16.6746 0.122
54922.691394 0.559388779499 16.6101 0.13
56149.419737 0.561180595989 16.6034 0.089
55701.568367 0.563352961655 16.4297 0.093
55742.460192 0.564768851044 16.6434 0.141
55656.784016 0.564781176522 16.6665 0.093
55647.699919 0.569050414285 16.7207 0.101
55978.721957 0.569694420563 16.4057 0.105
54645.548893 0.570131975061 16.6897 0.123
53820.593662 0.574093075849 16.612 0.121
54922.703248 0.577652057886 16.6593 0.122
56149.430989 0.578516382099 16.6051 0.09
54645.557595 0.583539014757 16.6336 0.121
55701.58257 0.585235308794 16.5275 0.096
56041.692624 0.587648021299 16.5526 0.081
53820.60573 0.592686060809 16.6379 0.122
55673.67776 0.592716874499 16.6502 0.087
54896.750618 0.592827803809 16.6143 0.103
54922.715107 0.595923039712 16.7313 0.319
56149.442303 0.595947690669 16.6362 0.09
54645.566418 0.597132477329 16.6831 0.123
56041.702912 0.603498587189 16.5694 0.082
55701.596903 0.607317944966 16.6111 0.099
54896.760368 0.607849481252 16.6382 0.104
53820.617792 0.611269801644 16.5974 0.12
56149.453629 0.613397487452 16.6649 0.091
55742.492371 0.614346549325 16.7479 0.229
56041.713304 0.619509384303 16.5215 0.081
54896.770172 0.622954355662 16.602 0.103
55647.736188 0.624929513668 16.6856 0.1
55978.760596 0.629224943068 16.6055 0.112
55742.503083 0.630850365606 16.6103 0.16
56041.723675 0.635487827047 16.599 0.083
54896.779966 0.63804382324 16.4266 0.097
53889.436659 0.639456631257 16.7149 0.109
56426.621558 0.641830826634 16.5811 0.089
56376.644988 0.643685811213 16.5359 0.097
55742.513756 0.647294095168 16.6585 0.12
53889.448293 0.657380958982 16.6503 0.107
56426.632243 0.65829304442 16.5411 0.088
56376.659996 0.666808409674 16.525 0.097
54595.634532 0.667831424416 16.6627 0.121
54954.569082 0.672860219824 16.6564 0.128
56426.643019 0.674895464533 16.5507 0.088
53889.460138 0.675630371212 16.6323 0.106
54952.628601 0.683190511838 16.6498 0.135
54595.644898 0.683802163732 16.6775 0.119
54954.576967 0.685008519985 16.6754 0.129
56495.452684 0.688904912013 16.5454 0.098
56376.674784 0.689592057462 16.5309 0.098
56426.653668 0.691302217657 16.5569 0.088
53889.472009 0.69391984124 16.6745 0.107
54952.636639 0.695574536784 16.6166 0.15
54954.58469 0.696907229203 16.5903 0.124
54595.655192 0.699661973734 16.6628 0.119
56495.461809 0.702963661404 16.5569 0.098
53580.526739 0.706618165905 16.5426 0.122
54954.592403 0.708790531567 16.6248 0.126
56376.689582 0.712391112092 16.5061 0.108
54595.665565 0.715643497849 16.6578 0.118
56495.471808 0.718368969374 16.5258 0.098
53580.53438 0.718390538955 16.7352 0.133
56393.575051 0.72757764281 16.5321 0.095
54242.585537 0.730588141035 16.4527 0.211
53580.54249 0.730885493216 16.6392 0.128
56495.480767 0.73217196508 16.4132 0.095
55722.449008 0.733840526792 16.6657 0.099
53580.550211 0.742781121063 16.6725 0.131
54242.595478 0.745904089287 16.8382 0.277
56393.588682 0.74857871821 16.5481 0.096
55722.463338 0.755918540908 16.6471 0.098
54199.764531 0.756912282645 16.6219 0.119
54242.60531 0.761052102876 16.6613 0.14
54199.77116 0.767125482611 16.7077 0.123
56393.601999 0.769096018556 16.6005 0.097
54242.615117 0.776161599352 16.6657 0.129
54155.641307 0.77692886041 16.7101 0.124
54199.777864 0.777454233958 16.7025 0.123
55722.477556 0.777823998317 16.6493 0.098
56419.570367 0.778167571045 16.6026 0.09
54677.49149 0.783607729305 16.604 0.094
54199.784486 0.787656649125 16.6436 0.12
56393.615722 0.790238836968 16.5693 0.096
54939.718124 0.79221399496 16.622 0.105
56419.581055 0.794634410888 16.568 0.089
54677.499444 0.795862336724 16.6432 0.095
54155.653624 0.795905475897 16.7054 0.124
55722.49173 0.799661665602 16.7108 0.1
54677.507392 0.80810770003 16.6282 0.095
56419.591849 0.811264563315 16.519 0.09
54939.731126 0.812245979577 16.6234 0.105
54155.665972 0.814929852618 16.7074 0.124
54677.515343 0.820357685393 16.6571 0.096
56419.602646 0.827899337809 16.8523 0.335
54939.74411 0.832250231869 16.624 0.105
54155.678448 0.834151436991 16.746 0.126
55681.630138 0.84482530174 16.6905 0.103
54534.740271 0.848965121976 16.6842 0.138
53774.690441 0.851695215552 16.8025 0.156
54939.757125 0.852302245385 16.6727 0.108
54869.658693 0.852708986191 16.5297 0.152
56064.58465 0.857046014086 16.6895 0.097
54534.748992 0.862401434683 16.6696 0.137
53774.702076 0.869621083963 16.7672 0.154
54285.514223 0.870164945715 16.6087 0.112
54869.672183 0.873492825031 16.5431 0.151
56064.596033 0.874583629914 16.6679 0.097
54534.757763 0.875914781637 16.6222 0.135
54285.522426 0.882803183673 16.714 0.116
53774.71375 0.887607039081 16.761 0.154
54534.766668 0.889634580355 16.6996 0.139
56064.60735 0.892019560529 16.717 0.098
54869.685177 0.893512484165 16.4507 0.144
54207.64319 0.895442962306 16.7008 0.146
54285.530724 0.895587786674 16.6974 0.116
54131.703882 0.896900450187 16.8352 0.158
53919.463109 0.900753703027 16.7839 0.149
53774.725519 0.905739359256 16.7684 0.153
54285.53893 0.908230646687 16.6456 0.114
54207.651783 0.908682067351 16.7265 0.148
56064.618779 0.909628047851 16.6588 0.097
55681.673063 0.910959199583 16.8135 0.107
54869.698258 0.913666182883 16.5756 0.151
53919.472112 0.914624488879 16.6898 0.145
56419.661133 0.918009373525 16.8559 0.146
54207.660537 0.922169222664 16.6485 0.143
54512.720738 0.923803889307 16.744 0.106
55328.591999 0.924307693247 16.8401 0.12
53919.481099 0.928470623753 16.7662 0.152
56419.671837 0.934500864323 16.6958 0.098
53878.594567 0.935209579359 16.7717 0.13
54207.669242 0.935580884417 16.7183 0.148
53919.490083 0.942312136583 16.8046 0.146
54131.734266 0.943712619129 16.8953 0.162
54512.736095 0.947464186777 16.7586 0.106
54181.716161 0.950061781454 16.7293 0.124
53878.604444 0.950426923768 16.7269 0.128
56419.68265 0.951160289772 16.7038 0.095
54131.743895 0.958547873697 16.7215 0.149
55298.760565 0.963468821152 16.7782 0.098
53878.614338 0.965670459828 16.7672 0.131
54181.727348 0.967297423047 16.6843 0.122
56419.693423 0.967758087817 16.7811 0.101
54512.75197 0.971922559009 16.7739 0.107
54477.702969 0.972457176658 16.738 0.161
54131.753459 0.973282983748 16.6853 0.146
55328.627462 0.978945000623 16.7741 0.118
53878.624197 0.980860071912 16.7475 0.13
54529.633587 0.981174371623 16.7491 0.108
54181.738471 0.984434460798 16.7321 0.124
54477.712017 0.986397293318 16.7886 0.161
54529.64116 0.992841978111 16.7424 0.108
54512.767118 0.995260853356 16.7238 0.105
