53860.563585 0.00154444636842 15.2645 0.068
54588.64139 0.00410729128272 15.2499 0.071
53845.609179 0.00605610178207 15.2526 0.079
54869.617197 0.00660648630332 15.291 0.095
54595.587372 0.00737590140218 15.2736 0.078
56363.700347 0.0142182667759 15.3248 0.072
56004.743533 0.0268920871982 15.276 0.075
54588.654425 0.0285095437474 15.2849 0.072
54869.629019 0.0287379346016 15.3016 0.095
53860.578228 0.0289569651732 15.2876 0.068
56363.712203 0.0364133649927 15.3376 0.072
55361.60682 0.0388264454201 15.1566 0.111
54527.769097 0.0477542813901 15.3098 0.072
56004.755582 0.049448492246 15.2808 0.076
54869.640961 0.0510940296372 15.3183 0.095
54588.667528 0.0530390960218 15.3273 0.073
53860.592848 0.0563264266982 15.3037 0.069
56363.724154 0.0587863085397 15.3802 0.073
54527.775702 0.0601192125402 15.3187 0.072
56004.767629 0.0720011531938 15.3326 0.081
54527.782296 0.0724635510652 15.3623 0.072
54189.652794 0.0750357562797 15.4122 0.091
54588.680593 0.077497510164 15.3704 0.073
56363.736163 0.0812678313418 15.3813 0.073
53860.607477 0.083712736721 15.2606 0.068
54527.788886 0.0848004013766 15.3969 0.073
53806.659562 0.0901844349811 15.397 0.082
54189.661382 0.0911129748478 15.4071 0.09
56004.779642 0.0944901642232 15.3219 0.093
56101.467438 0.0994773219146 15.2607 0.069
54586.558657 0.105114083111 15.4371 0.325
54189.669998 0.107242610993 15.518 0.094
53806.669614 0.109002343815 15.3917 0.082
56101.480138 0.123252435547 15.3493 0.07
54189.678714 0.123559452767 15.4539 0.092
54172.58586 0.124776289287 15.4986 0.083
53806.679359 0.127245531409 15.4386 0.083
56376.582723 0.130750020596 15.4603 0.073
55328.541878 0.139397048152 15.5209 0.079
54172.594059 0.140125278009 15.5437 0.084
53820.57536 0.141340242477 15.4675 0.083
53806.688855 0.145022577002 15.5085 0.085
56101.492946 0.147229731249 15.3948 0.072
54908.68735 0.148128318224 15.4848 0.085
55765.499773 0.149129868292 15.5548 0.083
54939.671826 0.152808458699 15.4983 0.071
56376.594718 0.153205334616 15.4664 0.075
54172.602238 0.155436825595 15.535 0.084
54463.726045 0.155562253366 15.5732 0.106
53820.587198 0.163501643671 15.4551 0.083
54908.695837 0.164016459121 15.4899 0.086
55299.710084 0.164658574393 15.5388 0.071
54463.731418 0.165620811284 15.5339 0.104
54939.680947 0.169883483228 15.5163 0.071
56101.50571 0.171124656477 15.4529 0.073
54463.73676 0.175621335453 15.5061 0.103
56376.606709 0.175653160409 15.5536 0.077
54908.704268 0.179799764876 15.504 0.086
53820.599048 0.185685509533 15.461 0.084
54939.690147 0.187106400192 15.5206 0.071
54095.699567 0.189315426502 15.5321 0.099
54533.722877 0.193564994051 15.6033 0.093
54908.712897 0.195953737747 15.4662 0.085
56376.618686 0.198074777419 15.5044 0.074
54095.707286 0.203765828233 15.5087 0.097
54939.699395 0.204419175856 15.479 0.071
55328.57732 0.205746463684 15.5568 0.081
53820.611177 0.208391679086 15.4291 0.082
54126.69249 0.209808825628 15.5219 0.083
54095.715039 0.218279879897 15.5115 0.097
54999.540667 0.230642938984 15.4742 0.086
54095.722797 0.232803291831 15.4508 0.095
54126.70721 0.237365492767 15.4122 0.081
54999.545991 0.240609766145 15.4483 0.086
55657.646037 0.240875598123 15.4758 0.079
54999.55133 0.250604674158 15.4334 0.089
54227.674872 0.254502295151 15.3044 0.08
54677.449091 0.257113813536 15.3185 0.073
54999.556715 0.260685696743 15.3974 0.093
54227.682013 0.267870648405 15.318 0.08
54677.45891 0.27549553328 15.273 0.072
54677.468714 0.293849172185 15.2789 0.072
54509.740908 0.297971439914 15.3449 0.077
56429.555865 0.299448492254 15.3121 0.066
55619.752866 0.302730206759 15.2805 0.07
54677.478544 0.31225148454 15.2402 0.072
54844.674617 0.312695161856 15.3654 0.075
54285.399527 0.318300098102 15.2667 0.075
56429.566424 0.319215533572 15.2721 0.066
54509.753644 0.321813947565 15.2908 0.076
56414.611623 0.322987726798 15.2342 0.061
54844.685447 0.332969530424 15.3112 0.073
54285.409338 0.336666841391 15.2566 0.075
53873.563754 0.338591315165 15.2192 0.079
56429.577147 0.339289592127 15.2082 0.065
56076.490249 0.340776004741 15.3065 0.075
56153.411923 0.342472087645 15.2198 0.07
54509.766025 0.344991875275 15.2606 0.076
56414.625776 0.349482938085 15.2408 0.061
54844.696255 0.353202713741 15.2667 0.073
54285.41918 0.355091618428 15.2391 0.075
53873.572728 0.355391147423 15.1757 0.079
56153.419043 0.355801127734 15.201 0.07
56429.587724 0.359090330454 15.1859 0.065
56391.662648 0.361216986289 15.2181 0.069
55619.784956 0.362804489949 15.2186 0.07
56076.5028 0.364272182002 15.2871 0.075
54509.778251 0.367879634285 15.2647 0.076
56153.426148 0.36910208697 15.1531 0.07
53873.581761 0.372301431006 15.178 0.079
54844.707058 0.373426536775 15.2688 0.073
54285.429033 0.373536988091 15.178 0.074
56414.639897 0.375918243568 15.2024 0.061
56153.433335 0.382556554824 15.1951 0.071
56391.6764 0.386961503034 15.2005 0.069
56076.515231 0.387543712511 15.2156 0.074
53873.590966 0.389533708254 15.1691 0.078
56459.519932 0.393865646281 15.1779 0.069
56414.654081 0.402471488589 15.1981 0.061
55380.500189 0.408274862779 15.2653 0.092
56076.527731 0.410944414915 15.1912 0.074
56391.690283 0.412951259156 15.1867 0.069
56459.530527 0.41370008163 15.2118 0.069
53734.721223 0.417571493831 15.1589 0.086
56061.58063 0.429131440807 15.1347 0.067
53734.728593 0.431368547962 15.1121 0.085
56459.541298 0.433863998859 15.1497 0.074
56391.704177 0.438961607875 15.1251 0.068
53734.73591 0.445066383122 15.1506 0.086
54645.499858 0.446354357782 15.1394 0.076
56404.528977 0.447707854406 15.1842 0.065
56061.591188 0.448896610082 15.0911 0.066
56459.551927 0.453762084127 15.2139 0.076
56046.63869 0.45698014872 15.1281 0.066
53734.743205 0.458723033032 15.1717 0.086
55380.52755 0.459496192239 15.1833 0.094
54645.510296 0.465894880305 15.1685 0.077
56404.540101 0.468532607476 15.2109 0.066
56061.601804 0.468770358611 15.1412 0.067
54246.487807 0.473373744786 15.2417 0.087
55731.488491 0.478098814611 15.2913 0.076
56046.650764 0.479583355174 15.1034 0.066
54645.520788 0.48553649387 15.183 0.077
56061.612405 0.488616026302 15.1332 0.067
56404.550884 0.488718989387 15.2188 0.066
54246.496377 0.489417266358 15.2183 0.086
56046.662918 0.502336326134 15.1254 0.066
55649.773737 0.503487640695 15.208 0.074
54645.531096 0.504833649088 15.1987 0.077
54201.634425 0.50532225575 15.2199 0.077
54246.504946 0.50545891586 15.219 0.087
55731.503115 0.505475764364 15.2456 0.074
56404.561982 0.509495069007 15.2132 0.066
54246.513527 0.521523030044 15.2396 0.087
56046.675026 0.525003182494 15.1559 0.067
55057.390128 0.528084586989 15.2254 0.072
55731.515491 0.528644331789 15.3101 0.076
55649.789754 0.533472364706 15.2428 0.075
54974.597353 0.53535752529 15.1613 0.068
53580.409079 0.53656687359 15.1383 0.077
55057.396549 0.540105059792 15.239 0.072
54240.649247 0.543261346539 15.1797 0.077
53879.553242 0.551249410309 15.2636 0.08
53580.417222 0.551811027157 15.1562 0.078
55057.402911 0.552015081284 15.2516 0.073
55731.528038 0.552133020823 15.3084 0.076
54974.607825 0.554961697733 15.1748 0.068
54154.65647 0.559950727488 15.2603 0.078
55057.409265 0.563910126334 15.2606 0.073
53580.425414 0.567146911481 15.2104 0.079
54240.662302 0.567701040113 15.2037 0.078
53879.562323 0.568249552579 15.2837 0.08
54974.618311 0.574592078957 15.1343 0.068
56495.407949 0.578250076759 15.2354 0.07
54154.667786 0.581134915346 15.3173 0.079
53580.433606 0.582482795805 15.192 0.079
56296.699012 0.583954231969 15.2565 0.072
53879.571396 0.585234718408 15.289 0.081
54240.67546 0.592333555485 15.2281 0.078
54345.37355 0.593041192722 15.249 0.077
54974.628817 0.594259901304 15.2525 0.07
56495.416904 0.59501433995 15.2514 0.07
56296.708538 0.601787439254 15.2422 0.072
53879.580489 0.60225732536 15.3283 0.082
54345.380045 0.605200197689 15.2934 0.078
56495.425771 0.611613862209 15.2725 0.07
55799.400662 0.613499022791 15.2462 0.072
54240.688772 0.617254367513 15.1864 0.078
54345.386522 0.617325505647 15.2716 0.078
56296.71856 0.62054918641 15.2978 0.072
55416.403267 0.62085433157 15.3003 0.075
55799.407705 0.626683914544 15.2798 0.073
56495.434859 0.628627108877 15.3471 0.072
54345.39301 0.629471406217 15.327 0.079
56296.728197 0.638590191921 15.2868 0.072
55799.41481 0.639984873794 15.3529 0.074
53962.400855 0.646636289438 15.3513 0.077
55706.473169 0.648010378678 15.3932 0.076
55416.419569 0.6513725916 15.3846 0.076
55799.42188 0.653220311068 15.3157 0.074
55264.718834 0.659072358719 15.343 0.075
54704.373952 0.661966557595 15.3621 0.074
54322.441324 0.66262552137 15.369 0.072
53962.410669 0.665008648898 15.3709 0.078
54185.696844 0.669275064961 15.3761 0.081
55706.484973 0.670108129967 15.4201 0.076
54704.38049 0.674206060979 15.3508 0.074
54322.451265 0.681235631979 15.4084 0.073
54207.604767 0.682137963051 15.4112 0.091
53962.420496 0.683405345096 15.3646 0.078
54704.386971 0.686338857151 15.3786 0.074
54185.707801 0.68978718465 15.3749 0.081
55706.496905 0.692445504448 15.4478 0.077
54955.451452 0.693155013747 15.3688 0.083
54704.393479 0.698522198843 15.3674 0.074
54322.461232 0.699894416037 15.3671 0.073
54207.614357 0.700090981932 15.3917 0.091
53962.430338 0.701830122134 15.3599 0.078
54185.718766 0.710314280794 15.3873 0.081
55706.508773 0.714663067333 15.3932 0.076
54955.46415 0.716926383266 15.3512 0.083
53762.658311 0.717370060582 15.2469 0.09
54207.623912 0.717978478851 15.365 0.09
54322.471445 0.719013725925 15.3951 0.073
54919.677895 0.723046134958 15.3544 0.073
53886.59064 0.725653909236 15.2976 0.074
53762.66504 0.729967126697 15.2144 0.088
54185.729707 0.730796447587 15.353 0.081
54955.473503 0.734435724829 15.2327 0.08
54207.633488 0.735905288936 15.3367 0.089
56036.641574 0.741817242392 15.3324 0.069
53762.671763 0.742552960471 15.2473 0.089
53886.600477 0.744069325989 15.2996 0.074
54919.690394 0.746444965291 15.3281 0.073
54185.74066 0.751301079063 15.2694 0.079
54955.483027 0.752265188 15.3022 0.082
53886.61045 0.762739342388 15.2839 0.074
56036.655661 0.768188897956 15.2585 0.069
54919.703074 0.770182637801 15.2962 0.072
53886.620315 0.781207176719 15.2488 0.073
54919.715663 0.793749953207 15.2769 0.072
56036.669951 0.794940580947 15.2821 0.068
55353.466042 0.798832585763 15.2907 0.087
54274.439274 0.800090607517 15.3215 0.085
53555.445602 0.803535190916 15.2328 0.084
54274.444471 0.809819683556 15.3039 0.085
54887.675895 0.813503890137 15.2471 0.072
53555.453199 0.81775720181 15.2466 0.085
54274.449651 0.819516934629 15.3181 0.085
56036.684074 0.821379630529 15.2733 0.069
54274.454918 0.829377054591 15.3027 0.085
53555.460808 0.832001677373 15.2244 0.084
54887.6906 0.841032476438 15.2367 0.072
53555.468398 0.846210583855 15.2221 0.084
55353.492048 0.847517279083 15.2862 0.087
54297.438104 0.85519270947 15.2312 0.075
53945.424827 0.866557962612 15.2063 0.075
54887.704786 0.867589465573 15.2194 0.071
54297.449006 0.875601866074 15.2348 0.075
53945.434659 0.884964019081 15.1957 0.075
53830.589629 0.888614528661 15.1866 0.078
54887.718636 0.893517443819 15.2204 0.071
53915.526028 0.894326172099 15.215 0.083
53899.501235 0.895013216727 15.1868 0.079
54297.459982 0.896149554829 15.2358 0.075
53600.368269 0.901292093185 15.2644 0.086
55032.484049 0.902505185597 15.2368 0.082
53945.444472 0.903334506498 15.2232 0.075
53830.598777 0.905740098697 15.1897 0.078
53915.533547 0.908402162601 15.2463 0.084
53899.509803 0.911052994172 15.2326 0.079
55032.489102 0.911964685535 15.2749 0.083
53600.37551 0.914847652067 15.135 0.083
54297.470914 0.916614873112 15.217 0.075
55032.494174 0.921459754539 15.2462 0.082
53945.454288 0.921710610071 15.1745 0.075
53915.541116 0.922571755918 15.222 0.084
53830.607864 0.922751473308 15.1745 0.078
53899.518351 0.927055330494 14.9873 0.075
53600.382648 0.928210389165 15.2233 0.085
55032.499238 0.930939847088 15.2448 0.082
56019.650096 0.932815647394 15.2389 0.072
53915.548679 0.936730116894 15.2334 0.084
53830.616918 0.939701070071 15.2045 0.078
53600.389655 0.9413278869 15.3165 0.087
53608.403063 0.942877949424 15.182 0.09
53899.5269 0.943059538873 15.2661 0.08
54595.556262 0.949136233274 15.2731 0.08
56019.659539 0.950493474016 15.2687 0.072
53845.583306 0.957620391938 15.2034 0.078
53608.412373 0.960306792571 15.1837 0.091
56019.668886 0.967991583238 15.2554 0.072
54595.566623 0.968532607476 15.2464 0.077
53845.591993 0.973882944078 15.2193 0.078
53608.421798 0.977950922184 15.2126 0.092
54869.60515 0.984053825369 15.2508 0.094
56019.67828 0.985577679104 15.2977 0.072
55361.579512 0.987704334931 15.2794 0.075
54595.576984 0.987928981679 15.2586 0.077
53845.60063 0.990051893403 15.2667 0.079
53608.43122 0.995589435614 15.2102 0.092
