54245.451387 0.00033490458508 14.1743 0.07
56001.519383 0.00147393833706 14.1686 0.061
54113.679717 0.00602649149208 14.191 0.074
53763.588026 0.0150617513897 14.2026 0.064
54113.684907 0.0153214367674 14.2362 0.074
54245.459929 0.0156330591999 14.1875 0.07
56001.531157 0.0225603902804 14.1569 0.061
56029.449736 0.0228809673992 14.1554 0.056
54113.690074 0.0245751905565 14.2284 0.073
53763.598061 0.0330337698423 14.1645 0.063
54113.695243 0.033832526227 14.1987 0.073
55680.4759 0.0339202819647 14.1491 0.061
53848.471149 0.0350969253245 14.2006 0.059
55656.467386 0.0362664049499 14.1649 0.06
56001.543335 0.0443703793996 13.9634 0.062
56029.463007 0.0466484469041 14.2018 0.056
53763.608163 0.0511257808462 14.1992 0.064
54197.465323 0.0604816178561 14.198 0.07
53848.487106 0.0636748524322 14.2269 0.059
56001.555549 0.0662448421103 14.1687 0.061
53763.61826 0.0692088371921 14.2256 0.064
56029.476227 0.0703245888046 14.1826 0.056
54839.594764 0.0716588343238 14.1955 0.061
55368.370576 0.0740157029121 14.1354 0.062
53890.371295 0.0754753137708 14.1885 0.062
54197.474703 0.0772805748221 14.1768 0.069
54594.475624 0.0795604332648 14.1745 0.064
56388.51401 0.0831458822881 14.2069 0.067
53763.628768 0.0880279672271 14.2336 0.064
55656.497213 0.0896845807869 14.1888 0.06
53848.50306 0.0922474067373 14.2634 0.059
53890.381546 0.0938341738768 14.2097 0.062
54197.484056 0.094031176578 14.2072 0.07
54839.608117 0.0955731703927 14.2139 0.061
55160.67114 0.0981216688653 14.2142 0.066
54594.486291 0.0986643217439 14.1733 0.064
56388.524586 0.102086795809 14.0538 0.084
54197.493388 0.110744168729 14.2268 0.07
53890.391779 0.112160797181 14.2307 0.062
55368.392214 0.112767923667 14.2213 0.063
55160.679431 0.112970299156 14.2163 0.066
54594.496938 0.117732391539 14.1922 0.064
54839.621569 0.119664808881 14.2253 0.061
53848.519012 0.120816379161 14.2996 0.059
56388.535122 0.120956071988 14.1929 0.079
54938.454159 0.1222688263 14.22 0.061
55160.687735 0.127842211592 14.2273 0.066
53890.402007 0.130478465813 14.2498 0.062
56090.37481 0.135641727326 14.2044 0.06
54594.507603 0.13683269815 14.2443 0.065
56388.545817 0.140110106598 14.0881 0.089
54938.464916 0.14153389879 14.2198 0.061
55160.696016 0.142672932554 14.2343 0.066
54839.635136 0.143962404722 14.2496 0.061
56090.38532 0.154464439229 14.2717 0.06
54938.475598 0.160664651269 14.2176 0.061
56090.395916 0.173441171421 14.263 0.06
54938.48629 0.179813313089 14.2395 0.061
54528.647576 0.185898905391 14.2621 0.059
56090.406536 0.192460886019 14.3181 0.061
56388.576481 0.195027293826 14.2766 0.066
54528.656934 0.202658461805 14.2641 0.06
56388.587179 0.214186701252 14.2946 0.074
54528.66634 0.219503983047 14.3071 0.06
54528.675788 0.236424723485 14.3038 0.06
54999.390046 0.254394951005 14.3137 0.064
56298.716354 0.261508539169 14.259 0.061
54999.396627 0.266181084884 14.3317 0.064
55585.683354 0.266766720161 14.3609 0.064
56298.724746 0.276538053761 14.2713 0.061
54999.403056 0.277694996857 14.3294 0.064
54999.409547 0.289319946711 14.3077 0.064
56298.733123 0.291540704339 14.2701 0.061
54923.475689 0.296823958396 14.2933 0.066
56298.741634 0.306783340021 14.2544 0.061
54923.48423 0.312120322089 14.2761 0.066
55301.505931 0.323877801024 14.233 0.064
54923.492441 0.326825677697 14.2529 0.066
54130.643126 0.386365264494 14.2365 0.069
55673.416264 0.390581122131 14.2196 0.06
55645.498914 0.392461602395 14.227 0.062
54965.40816 0.395094274746 14.1862 0.065
54130.653497 0.404939036624 14.2467 0.069
56358.544455 0.409663519409 14.2129 0.065
54965.419002 0.414511576603 14.1735 0.065
56414.3866 0.419236059374 14.1917 0.058
55328.362662 0.422499140355 14.2093 0.063
54130.663846 0.423473408228 14.2333 0.069
56358.554216 0.427144822052 14.1952 0.064
53813.514908 0.430791162817 14.1925 0.061
54965.429835 0.433912760053 14.1578 0.065
56414.396499 0.436964510869 14.1725 0.058
54130.674123 0.441878832597 14.2171 0.069
56358.564092 0.444832082073 14.1985 0.064
56414.406447 0.454780718099 14.1824 0.058
53813.529207 0.456399722051 14.1922 0.061
55645.534629 0.456424795124 14.2128 0.062
56358.573811 0.462238165519 14.1844 0.064
56414.416696 0.473135996337 14.178 0.058
55328.390977 0.473209424618 14.1377 0.063
55673.467246 0.481886497798 14.15 0.06
53813.543444 0.481897243404 14.2266 0.061
54167.553903 0.491115178525 14.1663 0.071
53813.557664 0.507364318876 14.1802 0.061
53704.676685 0.508763037998 14.1927 0.078
54908.524238 0.519768324833 14.1304 0.065
53704.68357 0.521093615686 14.1901 0.071
53704.690476 0.533461802979 14.1885 0.073
54908.53223 0.534081465986 14.1374 0.065
54857.720944 0.534443234575 14.137 0.061
53704.697361 0.545792380654 14.206 0.076
54167.584476 0.545869390807 14.1837 0.07
54908.540234 0.548416098348 14.1308 0.065
54857.731656 0.553627715066 14.1423 0.061
54167.59132 0.558126540206 14.2105 0.07
54908.548235 0.562745357908 14.144 0.065
54167.598143 0.570346080014 14.1932 0.07
54857.742407 0.572882041951 14.1578 0.061
54818.666341 0.590243352053 14.1738 0.062
54062.641917 0.600716731624 14.2319 0.064
54818.679298 0.613448478432 14.2074 0.062
54062.656123 0.62615873403 14.2388 0.064
54818.692315 0.636761060811 14.2231 0.063
54062.670314 0.651573872437 14.2508 0.064
54184.396023 0.654233408798 14.256 0.065
54818.705183 0.659806794087 14.2216 0.062
54184.401083 0.663295532694 14.2872 0.065
54184.406171 0.672407802748 14.2834 0.065
54062.684494 0.676969310568 14.3186 0.065
54184.411181 0.681380379974 14.3155 0.065
54888.5293 0.710162473502 14.3486 0.067
55714.358989 0.716282093535 14.346 0.061
56059.434145 0.722965857645 14.31 0.057
54888.538205 0.726110737004 14.3612 0.067
54614.386548 0.738702790999 14.3056 0.062
55714.371641 0.738940985157 14.3693 0.061
54888.54715 0.742130637861 14.3655 0.067
56059.448141 0.748031764004 14.3668 0.058
55247.582424 0.750458479001 14.3946 0.071
54614.394727 0.753350836727 14.3175 0.066
54888.55614 0.758231130729 14.3435 0.067
55714.384346 0.761694796266 14.3943 0.061
54534.555385 0.766392415042 14.3758 0.07
54614.402881 0.767954109126 14.2829 0.065
54869.578062 0.769753997369 14.395 0.075
56059.462233 0.773269599979 14.378 0.058
54869.582586 0.777856180869 14.3755 0.075
54038.731389 0.77854927217 14.391 0.074
54534.564258 0.782283368676 14.3638 0.07
54614.411035 0.782557381511 14.3216 0.07
54473.702463 0.782851094625 14.3663 0.065
55714.397057 0.784459352979 14.3838 0.061
54869.587106 0.785951200644 14.3962 0.075
53901.38024 0.791764571037 14.3905 0.069
54038.739902 0.793795489719 14.3688 0.077
54869.591868 0.79447962635 14.3587 0.074
54534.57309 0.798100894035 14.3357 0.07
56059.476332 0.798519972493 14.3728 0.058
54473.713259 0.802186013523 14.3416 0.065
53901.388736 0.806980342719 14.3427 0.069
54038.748394 0.809004097664 14.3412 0.073
54534.581893 0.813866482328 14.315 0.069
54473.723693 0.820872614481 14.3106 0.065
53901.397248 0.822224769334 14.3378 0.069
54212.408791 0.823240228674 14.2882 0.065
54038.756913 0.824261060805 14.3 0.072
53722.721481 0.825794099954 14.3297 0.07
53722.727235 0.836099131757 14.3136 0.07
53901.405812 0.837562324488 14.2937 0.068
53877.396236 0.838006476021 14.3161 0.066
54473.734145 0.83959145224 14.2886 0.065
54212.419642 0.842673648925 14.2679 0.065
53825.470865 0.843116009523 14.3108 0.062
53722.732767 0.846006576315 14.2984 0.07
53722.738196 0.855729554704 14.2952 0.07
53877.406698 0.85674322311 14.3101 0.066
53825.480529 0.860423591615 14.3041 0.062
54212.430241 0.861655753919 14.2374 0.065
53877.417063 0.875306249647 14.2706 0.066
53825.489985 0.877358659527 14.2584 0.062
54212.440836 0.880630695176 14.2112 0.064
53877.42737 0.893765402029 14.2659 0.066
53825.500149 0.895561708411 14.2494 0.062
54977.444056 0.950584560725 14.166 0.066
54245.434328 0.969783368684 14.2183 0.07
54245.442843 0.985033168089 14.2266 0.07
55680.450576 0.988566680049 14.1446 0.06
56029.436435 0.999059759882 14.1603 0.056
