53959.5027491 0.00268537319446 16.993343 0.1184397613
54005.4525183 0.00971830070073 16.798196 0.15042886323
53959.5127896 0.0295634909556 16.717311 0.107246389504
53618.4587854 0.0316991888783 16.825635 0.143319866931
54005.4614404 0.0336026518286 16.786025 0.149557311177
56102.6001325 0.0510998308112 16.721476 0.100676697487
53959.5228257 0.0564301131774 16.822848 0.111300293661
54005.470159 0.0569422792976 16.810481 0.151208881191
55663.6775305 0.0600623845623 16.849449 0.151505166919
55362.5956352 0.0670993211093 16.814282 0.160491059163
54589.7137764 0.0707593108454 16.657426 0.107005800937
53806.7454909 0.073164654382 16.593542 0.205922935475
53618.4747833 0.0745254999372 16.785679 0.140268490261
53806.7534741 0.0945353616833 16.703512 0.137860252204
54614.7542129 0.1037357212 16.734455 0.107870735304
54704.4085835 0.107511886637 16.722978 0.110369351607
54589.7278817 0.108519048124 16.73311 0.109718252418
53806.7615345 0.116113164089 16.836871 0.599900754182
53618.4904953 0.116586452825 16.757156 0.140969491749
56102.6258973 0.120071805148 16.683963 0.100138066637
54704.4164584 0.128593051868 16.706782 0.109690537485
56065.6472684 0.128683821609 16.86097 0.188966477907
54614.7673553 0.138917803057 16.709722 0.106960593294
54589.742273 0.147044392517 16.713269 0.109082114351
54704.4243577 0.149739284286 16.62768 0.10648033572
56065.6567097 0.153958162133 16.612861 0.134134543821
53664.4519437 0.154884506131 16.724918 0.143025758904
54296.5085231 0.163481197909 16.734405 0.121333512893
54704.4324283 0.17134407369 16.688807 0.108869971859
53664.4585255 0.172503959277 16.788901 0.147268681119
54614.7804493 0.173970342448 16.711762 0.107161025063
53812.7605096 0.175304350111 16.451549 0.0939645796744
56065.6662205 0.179418405112 16.72439 0.14118956304
54296.5173103 0.187004589694 16.66579 0.118403613001
54589.7572007 0.187005581527 16.689923 0.108133934135
53812.7659178 0.189781996712 16.526301 0.0963017019636
53664.4651006 0.19010528626 16.698555 0.141501635299
54677.5489205 0.204485700055 16.663148 0.107133128631
56065.6758458 0.205185417645 16.775617 0.133589545656
54929.6988116 0.207005107425 16.720225 0.151301608165
53664.4717044 0.207783546687 16.743553 0.144760378748
54614.79358 0.209121130544 16.737953 0.108204397865
54177.7359651 0.210633908078 16.856297 0.259584997853
54296.5261987 0.210798777684 16.708556 0.119969685408
56150.4749062 0.211348961338 16.749506 0.106953309992
54677.5544602 0.219315662261 16.721074 0.109386071505
54177.7417243 0.226051042153 16.773569 0.167053437495
54296.534992 0.234338250419 16.739501 0.121486219845
54677.5600934 0.234395662475 16.609484 0.105217182425
56150.4852585 0.239061810071 16.760427 0.107529670389
54177.7474997 0.24151186228 16.716796 0.162553416781
54929.7120877 0.24254504971 16.755808 0.152717531878
55057.469798 0.248547789602 16.733019 0.112309649244
54677.5655856 0.249098003239 16.719353 0.109300910906
54177.7533786 0.257249676618 16.633214 0.157274815784
54658.517916 0.258693633043 16.711588 0.17115759199
55706.7134446 0.266736790124 16.818275 0.0990567303764
56150.4957003 0.267014502866 16.821067 0.109967442271
54622.6604664 0.268690440471 16.705585 0.107423975478
55057.4780843 0.270730176085 16.841798 0.11702418965
54929.7253213 0.277971283406 16.611164 0.143659425289
55331.6702117 0.280076450528 16.735476 0.122125470741
54658.5262249 0.280936408392 17.12624 0.268710879861
53636.4834264 0.283467482887 16.940828 0.160141933199
53973.4321001 0.291406640002 16.760314 0.146481971817
55057.4864291 0.293068999669 16.754498 0.11321539755
54333.5389497 0.293530959921 16.803965 0.125877103354
56150.5059135 0.29435492753 16.829201 0.110180882484
53851.6550701 0.295620282751 16.861632 0.0918330943122
55706.7258427 0.299926250833 16.838292 0.0996758474921
55852.4154125 0.309321985854 16.728007 0.117164318574
54622.6765014 0.311615931032 16.826492 0.112320487877
53636.4943288 0.312653016165 16.851764 0.154325096455
53973.4400924 0.312801979374 16.791063 0.148210782508
55304.7867041 0.313218635589 16.722254 0.134567725394
54929.7384885 0.313219670527 16.789324 0.154556139801
54944.6808841 0.31385052897 16.835233 0.117320359452
55057.4946227 0.315003176785 16.804561 0.115430080444
53903.5867291 0.316107261863 16.727828 0.120024569649
54333.5499194 0.32289684945 16.935267 0.133276732908
54658.5428596 0.325467223477 16.782022 0.285267495907
55706.73837 0.333461798036 16.886757 0.101172861821
55766.5070231 0.333496933772 16.737254 0.106670986403
53973.4479406 0.333811572622 16.831344 0.150525570909
54944.6889359 0.335405155356 16.81879 0.116481147394
53851.6712314 0.338883679735 16.917772 0.0930914864176
55852.4274361 0.341509063214 16.765175 0.11863941808
53587.5696157 0.3417274916 16.887188 0.141447178784
53636.505263 0.341923909253 16.900816 0.157932380609
54333.5607959 0.352013009636 16.827486 0.128303869435
53903.6001446 0.352020216617 16.840819 0.125294685147
54622.6924213 0.354233473875 16.816195 0.116369597866
53973.4558648 0.355024418148 16.86238 0.15252599188
53936.4742769 0.355715336477 16.892884 0.128909072409
54944.6970401 0.357099828666 16.932004 0.12144358225
54022.3932714 0.359930262017 16.908473 0.161335578511
55331.7008029 0.36196883181 16.878512 0.130409222332
53587.5780012 0.364175439959 16.862886 0.140132473945
55706.7508128 0.366771164814 16.882753 0.100781655643
55766.5197657 0.367608776517 16.900643 0.113079293435
53636.5161569 0.371086514405 17.021337 0.167682185375
55852.4394433 0.373652142665 16.81251 0.121331016681
54022.3997156 0.377181380196 16.87299 0.158792256984
54944.7050849 0.378635866042 16.960412 0.122697497478
54333.5716709 0.381125421501 17.052905 0.141720255232
53851.6874112 0.382196992136 17.019937 0.0957773684202
53936.4851419 0.384800792391 16.94162 0.131378380463
53587.5864636 0.386829088705 16.975314 0.147116399002
55678.7421229 0.387812423105 16.955425 0.117166482007
53903.6138152 0.388616393889 16.978416 0.132137044725
56405.6787236 0.389195670779 16.915008 0.10452436432
54022.4061671 0.394452019528 16.804209 0.15454362235
54622.708045 0.396057772908 16.918641 0.130723582932
55766.5326174 0.402012518674 16.967448 0.115946464059
55852.451378 0.405601233567 17.062152 0.134093744038
53587.5946514 0.408747804339 17.077057 0.153928336263
54022.412631 0.411755810147 16.936349 0.163919220353
53936.4960648 0.414041228303 17.014074 0.135281285263
56405.6887044 0.415914252835 16.951445 0.106075511024
53912.5923704 0.424111119143 17.022919 0.161540005501
53851.703599 0.425531405095 16.949095 0.0933959307699
53903.6279079 0.426342359067 16.939638 0.129623022837
54643.641648 0.435085807944 16.989306 0.119524910548
55766.5455848 0.436726095818 16.983277 0.116673728029
56405.6987998 0.442939573125 16.841891 0.101401936377
53936.5070357 0.443410215384 16.978738 0.133186325535
55413.5402192 0.445197093585 17.121621 0.13914702056
54378.4222327 0.445591967963 16.856994 0.158490117257
55678.7637805 0.445789749009 17.075143 0.121611973698
53912.6020777 0.450097558048 17.002129 0.159823641686
54913.7324979 0.465356799026 16.91816 0.125477145381
54643.6529867 0.465439209064 16.844921 0.113295898521
56405.7088318 0.469795073545 16.834132 0.100420359301
54378.4320883 0.471975276139 16.979817 0.167640569855
53912.611572 0.475513586254 16.879728 0.151359667433
54643.6642253 0.495524879411 16.913738 0.116336013984
53994.4276338 0.496222315921 16.908989 0.158455910305
53879.7465651 0.496247233609 16.913121 0.144118447945
53991.4397558 0.497705249576 16.875322 0.182931406286
54378.4419977 0.498502626671 16.925787 0.163261714671
54913.7453399 0.499734792029 16.908433 0.125343046275
53912.6209917 0.500729925267 16.850866 0.149390720637
53945.4958722 0.506427983904 16.904402 0.130375952704
54728.4663842 0.509983000585 16.841465 0.145157613536
53991.4466358 0.516122935638 16.888472 0.160591301502
54999.6692075 0.51699495816 16.844625 0.131778120936
53994.4361608 0.519048853709 16.87227 0.15655467033
53879.7564678 0.522756521416 16.778901 0.136131014624
54378.4518374 0.524843456896 16.861179 0.15890263888
54643.675281 0.52512097795 16.860936 0.114351557705
54356.4127028 0.526319654987 16.852592 0.130669867246
54246.5886707 0.528578717938 16.748842 0.160412454013
55796.4648325 0.530227346507 16.866621 0.116371700463
54728.4750537 0.53319125722 16.825413 0.144533770748
54913.7581768 0.534098874594 16.885672 0.123118484545
53991.4535141 0.53453600417 16.742202 0.157434953062
53945.506573 0.535073782102 16.868858 0.12841022903
53994.4447182 0.541956878799 16.761345 0.158027115316
55413.5765316 0.54240507611 16.882276 0.128197855691
56380.7080651 0.543014171182 16.608717 0.101891989687
53879.7660694 0.54846001623 16.791403 0.13692102595
54999.6824405 0.552419332148 16.774393 0.131047695031
53991.4603627 0.552869723522 16.718727 0.197924282443
54356.4228349 0.553443162703 16.820618 0.129138936499
54728.4837158 0.55637940512 16.853187 0.146409804854
54246.6000332 0.558995913574 16.757578 0.160605635969
53945.5170803 0.563201810977 16.761874 0.122930952052
53994.4532414 0.564773501563 16.943433 0.234916819743
54913.7711616 0.568859236686 16.77117 0.11702848981
53879.7757292 0.574319234971 16.797148 0.137336816066
55275.7479598 0.576815614337 16.866514 0.132648793551
56380.7211661 0.578085300928 16.531948 0.101571334182
54728.4924301 0.579707567844 16.861446 0.147184590844
54356.4328286 0.580196106312 16.823788 0.128874096478
54362.4114219 0.58482542069 16.585256 0.140586319019
54999.6957992 0.588180530536 16.725196 0.134771209117
54246.6115177 0.589740018585 16.717172 0.157035668924
53945.5282542 0.593114282801 16.774538 0.123424704014
55796.4888075 0.594408161597 16.774874 0.112799980947
53835.7054293 0.598604974109 16.811649 0.119015260092
55736.7222634 0.600018746694 16.813787 0.0994054257346
54356.442836 0.606985889868 16.775872 0.126650941627
54362.419712 0.607018000339 16.680831 0.146476814051
56380.7340473 0.612568080389 16.740837 0.104159821321
54015.3913259 0.615798351244 16.74652 0.152210630743
54246.6229421 0.620322978199 16.786689 0.161723292919
54999.7088842 0.623208901795 16.751922 0.141560722628
53835.7146724 0.623348688553 16.800903 0.118069131985
55796.5006833 0.626199545182 16.664437 0.108465049623
54362.4279437 0.629054114273 16.625766 0.143191510982
54758.3971369 0.634282980504 16.678706 0.138718704365
54015.4001361 0.639383090528 16.593047 0.142486101971
55736.7386752 0.643953064086 16.69857 0.0958102674265
56380.7469181 0.647023254747 16.568133 0.0929155423794
54362.4361855 0.651117493327 16.59297 0.141279756285
53835.7253724 0.651992533337 16.59581 0.109653087865
54034.4578254 0.656610303205 16.66944 0.1521750784
54758.4069165 0.660462726142 16.749264 0.143125123736
54015.4087169 0.662353702012 16.598384 0.142677634487
53605.6228819 0.67012506411 16.566047 0.127255987979
54034.4642726 0.673869477772 16.669796 0.150185236849
53835.7346336 0.676784644525 16.598392 0.108972649654
55421.4745305 0.685262241877 16.708 0.0910500113126
54015.4173297 0.685410138823 16.569757 0.140969491749
54758.416728 0.686727955526 16.720844 0.141515264405
56459.5820893 0.68792007072 16.439503 0.167974491432
55736.7552288 0.688266684062 16.523481 0.0910173311607
54034.4707223 0.691135159572 16.724387 0.155269472026
54344.5230368 0.697813008029 16.734412 0.121528915461
54212.66116 0.705001120321 16.717798 0.129710913825
54034.477175 0.708408896709 16.697902 0.15283768472
53605.6386645 0.712374892524 17.0032 0.15343136757
54758.4265376 0.712988258464 16.708545 0.143021034686
54974.7146923 0.714028770951 16.715134 0.115672717871
54344.5316999 0.721003913498 16.799965 0.12472846503
56459.5946395 0.721516965149 16.624782 0.128303869435
54974.7189957 0.725548933221 16.676815 0.114197894766
55736.7717876 0.732594526353 16.70735 0.0964919364931
54974.7233776 0.737279194986 16.802858 0.119609557144
54739.3853202 0.739855983068 16.736805 0.122556722032
54212.6755056 0.743404047878 16.728572 0.129603519567
54344.5403509 0.744162627363 16.731272 0.121406013073
53972.4810582 0.745477778592 16.738461 0.143348446321
56213.4325171 0.748189395382 16.819108 0.100902720984
54974.7277335 0.748940024192 16.756335 0.117837984824
53605.6536807 0.752573045668 16.75374 0.138883507574
56459.6070288 0.754682877971 16.754798 0.141660920003
54739.3941754 0.763561248433 16.71201 0.127860300399
55421.5039168 0.763929068093 16.569297 0.08579887608
53972.488366 0.765040682198 16.82472 0.150702509686
54344.5490125 0.767349505299 16.782546 0.124238234069
56213.4431679 0.776701374366 16.815763 0.100987543667
54212.6899295 0.782016734654 16.819347 0.133805790864
54319.5266288 0.782700246279 16.764295 0.145579051915
53972.4956448 0.78452581634 16.763155 0.146528433997
56459.6191573 0.787150666834 16.801358 0.149971126747
54739.4030385 0.787287893588 16.791476 0.12987757001
54414.4127139 0.791719177953 16.812584 0.152819644601
53605.6687417 0.792891351995 16.908684 0.149302147787
55086.4377832 0.795529443946 16.781213 0.116525472317
56213.4537851 0.805123469172 16.821436 0.101314328176
54414.4192748 0.809282612961 16.743296 0.179238151765
55086.4430419 0.809606812939 16.735835 0.114535554445
54739.4118435 0.810858690042 16.69769 0.120803925006
54319.5372817 0.811218050408 16.819847 0.149153104992
54268.73625 0.817407800483 16.748357 0.123331181379
56182.4538704 0.818688486535 16.770475 0.110159289683
54212.7043043 0.820498050344 16.84149 0.134979678919
55086.4483108 0.82371172601 16.771872 0.116264773624
53972.511345 0.826555227086 17.047522 0.241679890692
54414.4258273 0.826823769247 16.903108 0.14793173031
53606.4295987 0.82969706495 16.921328 0.107409126348
56213.464369 0.833456363465 16.860826 0.102897858193
55086.453579 0.837814501525 16.844802 0.119492062219
54319.5478221 0.839434384057 16.880717 0.153036682023
54268.7445994 0.839759048768 16.809419 0.126314469234
54414.4323617 0.844316252011 16.754638 0.135473509004
56182.4635504 0.844601771636 16.780362 0.110689451083
53972.5186469 0.846102329246 16.734671 0.34773012092
55123.4400734 0.850258367456 16.708841 0.111748744755
55473.4615384 0.853917781099 16.851927 0.127578102436
54268.7529574 0.86213350412 16.929444 0.133516546427
54319.5583742 0.867682350339 16.945119 0.157575558971
56182.4730083 0.869920419004 16.920306 0.116694972089
55123.4506695 0.878624072568 16.881254 0.119531955964
53606.4497438 0.883625351352 16.990866 0.110068143629
54268.7613264 0.884537114587 16.839873 0.13086500099
53576.5668137 0.887346181 16.927008 0.145347711011
56182.4824865 0.895293628769 16.897956 0.116045928226
54268.7696597 0.906845264947 16.828165 0.135128252627
55123.461298 0.907076222454 16.862805 0.1191215632
53576.5750247 0.909326864925 16.949952 0.14679273243
55031.5682334 0.910340557185 16.953105 0.150731117583
53649.419151 0.912261792947 16.891966 0.185644740829
55473.4899 0.92984153082 16.975345 0.134594035307
55031.5755481 0.929922050892 16.955995 0.150857222432
53576.5832334 0.931301598969 17.006047 0.15053696752
55123.4719173 0.935504204752 16.947178 0.123596459947
53606.4698742 0.937514382128 17.02601 0.111397726966
53649.428792 0.938070416052 16.97657 0.194058224009
55031.58295 0.949736882753 16.955254 0.150628217846
53576.5914541 0.953308246458 16.894545 0.143582646631
55031.590259 0.969302885528 16.973916 0.152133639409
53959.4926979 0.975778440593 16.891143 0.113995010945
54005.4437755 0.986313886348 16.727079 0.145377808378
55663.6504042 0.987445335609 16.975163 0.15779065734
53649.4477885 0.988923883553 16.829167 0.236394868665
53618.442851 0.989043194564 17.013861 0.154952397519
53606.4892438 0.989366423323 16.926282 0.107650817578
