56392.6362203 0.00254048391495 13.676476 0.0552132034815
54444.7153629 0.00573691756821 13.627682 0.0626363220078
54616.5281226 0.0100283659585 13.653779 0.0567127253241
53726.716204 0.0132859394439 13.718877 0.0636255874667
53876.5582618 0.0175729362171 13.6937 0.06052155202
56115.3748755 0.0227700139148 13.68708 0.0555950090321
53726.7239195 0.0308444412259 13.724065 0.06363625637
54616.5379708 0.0324404477243 13.670449 0.056819749191
56422.5350137 0.0449637025534 13.690314 0.0566051308782
54953.5750281 0.0472767795167 13.659977 0.060090319001
53726.7316251 0.0483805531787 13.748646 0.0637906283089
56115.3882043 0.0531033153105 13.721981 0.0556971537228
54923.6976894 0.0536791080696 13.686628 0.0575375207167
54616.5478627 0.0549520948339 13.676215 0.0568777970957
56422.5445601 0.0666890809021 13.7064 0.0567013231885
54953.5856195 0.0713801922485 13.691466 0.0603365790014
54616.5576828 0.0773001720366 13.689062 0.0569633569263
54923.7085327 0.0783559654424 13.720462 0.0577889709569
56385.6391122 0.0788144569708 13.70857 0.0556549209652
56115.4015905 0.0835669457359 13.732392 0.0557535235645
55060.3691028 0.0847647639715 13.710249 0.0578441736113
56422.5542942 0.0888414265261 13.727879 0.0568277150236
54953.5962348 0.0955381294085 13.698958 0.0604324792322
55060.3738598 0.0955905776762 13.718654 0.0579537061204
54923.7193419 0.102955093591 13.73378 0.0579027418442
55060.3786233 0.106431140787 13.731565 0.0580653708404
56056.5320793 0.11079600808 13.75785 0.058178525718
56385.6532029 0.110881496481 13.746959 0.0558806446886
56422.5640022 0.11093450777 13.766075 0.0570100525822
56115.4150222 0.114134382372 13.778588 0.0559791585637
55060.3833869 0.117271941262 13.755755 0.0582414993787
54953.6069781 0.119987384775 13.770021 0.0609942878006
54923.7301595 0.127573213188 13.773102 0.0581898831152
56075.4350128 0.129301272827 13.758147 0.058484052276
56056.5415536 0.132357289238 13.774397 0.0583098588787
54968.5541645 0.136168883551 13.786582 0.0609571715297
53847.6102731 0.138951171545 13.823189 0.0563966487551
56385.6673615 0.143103176494 13.7759 0.0560266163674
56075.4433952 0.148377525518 13.792583 0.0586825663482
54661.409529 0.149255583791 13.783022 0.0578546425421
54968.560637 0.150898650005 13.791915 0.0585351980814
56056.5510457 0.153958843129 13.79422 0.058439756061
53899.4679408 0.154462180986 13.821267 0.0615253960101
54661.4160206 0.164028809725 13.786637 0.0578967293275
54968.5671185 0.165648986827 13.844354 0.0634129953768
56075.4519229 0.167784659788 13.803978 0.0587747720631
54240.459179 0.168057950588 13.705819 0.059827825076
56485.4268249 0.171516854938 13.78966 0.0576449860119
53899.4764736 0.173880719767 13.843423 0.0616909750236
56385.6815518 0.175396764554 13.814244 0.0562264169993
56056.5604892 0.175450060986 13.801627 0.0584881353679
54661.4225088 0.178794398449 13.81104 0.0580643440166
54968.5736374 0.180484374632 13.931452 0.0667220232852
56008.667347 0.182240496652 13.844316 0.0582883597043
54122.703374 0.184322793756 13.809854 0.0604255539263
53847.6309555 0.186019408793 13.857867 0.0566296096843
56075.4602762 0.186794798982 13.825909 0.0589205612341
54240.4680628 0.188275322351 13.720399 0.0599351466902
53899.4850263 0.193344563435 13.842432 0.0617504178094
54661.4289959 0.193557641753 13.831287 0.0581990795888
56485.4380993 0.197174658962 13.819062 0.0577345965988
56008.6772238 0.204717638706 13.837695 0.0582546317736
54240.4770519 0.208732359916 13.77211 0.0602997928251
54122.7153843 0.211655334378 13.821972 0.0604833225973
53899.4935381 0.212715242793 13.874051 0.0620256653089
56485.4490053 0.221994014289 13.827809 0.0579232469375
56008.6871591 0.227328059175 13.857945 0.0583897862377
54240.4860447 0.229197853037 13.791551 0.0604409667848
53588.3971722 0.232619428593 13.873273 0.0619425430934
53847.6516754 0.23317282858 13.853118 0.0566569946385
54122.7272505 0.238659918431 13.833076 0.0605706094095
56485.4600577 0.247146594099 13.841334 0.0594141081537
56008.6971141 0.249983258374 13.867254 0.0584935317006
53588.4050238 0.250487738893 13.872101 0.062012069065
55265.6530196 0.261315390942 13.777017 0.0562515714043
55653.6556318 0.261429579156 13.831561 0.0561309670435
54122.7392757 0.266026437255 13.946549 0.063614784574
55328.4938139 0.271766288496 13.797185 0.0592258722993
53847.6724671 0.280489738595 13.821391 0.0565544413201
54939.621066 0.29143368622 13.764373 0.0577872747829
56408.5868469 0.302309260731 13.833612 0.0561518993752
56375.6348476 0.311527555558 13.800507 0.0574080955646
54939.6323646 0.317146513524 13.732449 0.0576162703953
56408.5981637 0.328063467476 13.785549 0.0559526718912
55328.5222597 0.336501994701 13.719354 0.0587729428303
56375.6466775 0.338449722129 13.768327 0.0572443423073
54939.6436577 0.342846723803 13.722705 0.0576053120714
55738.5017205 0.350608882725 13.765859 0.0572515348488
56408.6095344 0.353940418828 13.757576 0.0558247339177
53860.4506656 0.360579241671 13.725868 0.0561276986012
55738.5072945 0.363294101 13.760124 0.0572533994811
56375.6586655 0.365731452785 13.759769 0.0572120611355
54939.6551684 0.369042386668 13.732035 0.0577136402715
55738.5129227 0.376102562949 13.761546 0.0572833053559
56408.6209222 0.379856351412 13.74178 0.055775629112
53944.3883925 0.382546877421 13.735895 0.0591484991808
53860.4620997 0.386600535028 13.68522 0.0559296357139
55738.5185535 0.388916845844 13.756709 0.0573041027236
56375.6705645 0.392810605029 13.728731 0.0570451982493
53944.3965626 0.401140058563 13.713949 0.0590327642295
55653.7171633 0.401460456414 13.669638 0.0558830777202
53860.47364 0.412863601067 13.6783 0.0558982067706
53944.4047617 0.419799353218 13.692435 0.0589606259553
54845.6483179 0.432184413775 13.690848 0.0607137297972
54182.5741784 0.43579489843 13.681305 0.059569294436
53944.4129417 0.43841492351 13.695625 0.0590197357588
53860.4851426 0.43904056174 13.661677 0.0558167308226
54182.5800214 0.449092254215 13.650269 0.059377539556
54845.657181 0.45235463708 13.681907 0.0605896756825
54189.619732 0.469771188218 13.694455 0.0628809871426
54182.5897275 0.471180883391 13.657487 0.059426727697
54845.6660661 0.47257514325 13.669734 0.0604214766417
54867.6378016 0.474931554516 13.654733 0.0573921777394
54182.5952727 0.483800489273 13.654766 0.0594124238464
54189.6283296 0.489337124212 13.653187 0.0625864854922
54845.6749564 0.492807266488 13.67425 0.0604200435119
54867.6507816 0.504470922172 13.651402 0.0573016271305
53820.527286 0.504622001789 13.699498 0.060211149144
54189.6369174 0.508880961903 13.663046 0.0627963108787
53831.5172067 0.515023901827 13.704557 0.0601842002953
54087.7003282 0.525855252217 13.666299 0.0641541764377
56153.3861351 0.52720462365 13.705515 0.0570050436087
53556.4496382 0.527757812223 13.721193 0.0627970231476
54189.6455091 0.528433464794 13.714212 0.063162274509
53820.5377775 0.528498128414 13.689889 0.0600330044065
53831.5248337 0.532381141468 13.704965 0.0601995842371
54867.6639358 0.534406729638 13.663882 0.0573524376019
56153.391267 0.538883608848 13.710739 0.0570538052085
53556.4564337 0.543222774409 13.734313 0.0629067278593
54087.7089474 0.545470469977 13.673714 0.0641024403788
54167.6827445 0.546492528219 13.719319 0.0640871140436
53831.5325244 0.549883276129 13.711718 0.0602872941941
53820.54845 0.552786263296 13.723814 0.0602972464679
54999.4971665 0.55495851178 13.703226 0.059510599757
53556.4632502 0.558735411708 13.742483 0.063027042753
56153.4014858 0.562139118 13.723985 0.0581063048039
54867.6770504 0.564252454396 13.687883 0.057502419155
54087.7177955 0.565606689579 13.713621 0.0643786348103
54167.6912975 0.565957081925 13.773382 0.0646257110299
53831.539942 0.566764028223 13.726362 0.0603975342214
55674.4423193 0.566903328285 13.70866 0.0547881710446
54999.5052983 0.573464507721 13.713389 0.0596799044494
53556.4700527 0.574216414121 13.756537 0.0631799775216
53820.5593008 0.577479977866 13.706157 0.0601646631252
54167.6998288 0.585372354759 13.782563 0.064774244781
54087.7265664 0.585567195849 13.717494 0.0643369727069
54212.5201739 0.585638723843 13.714465 0.0596377691043
54999.5134005 0.591903075218 13.734229 0.0598879038652
54508.6935544 0.604628967433 13.754412 0.0590683282474
54167.7083611 0.604789760901 13.787003 0.0650089016655
54999.5214918 0.610316881801 13.745001 0.0601494750245
54212.5322419 0.613102699954 13.774025 0.060071490215
54508.7062839 0.633598051713 13.776311 0.0592059993314
53882.5438352 0.639290607713 13.799528 0.0565713570859
54212.5442815 0.640501853141 13.793803 0.0602294009331
55299.6592824 0.651345725665 13.768678 0.0560627949872
54527.6113721 0.657007073734 13.777519 0.05944209662
53882.5531342 0.660452892938 13.822687 0.0567091075191
54508.718798 0.662077215558 13.80114 0.0593697292919
54212.5563679 0.668007683404 13.822457 0.0604655855115
53762.5989579 0.673756169798 13.842197 0.0652345712085
55633.6262165 0.679324038605 13.824786 0.0596817433485
53882.562475 0.681710265937 13.850768 0.0568602984086
55674.493636 0.683687914805 13.798942 0.0550998350918
53762.6043005 0.685914591696 13.84988 0.0654582216371
54885.7472462 0.687648103153 13.81894 0.0614036962227
54527.6249254 0.687851104637 13.815829 0.0596929856301
54508.7309945 0.689833563333 13.804905 0.0594118849202
55274.6320118 0.695330182911 13.8502 0.063443587189
53762.6096354 0.698055629991 13.900163 0.0659655799053
55707.456454 0.69909011023 13.803346 0.0571141364928
54197.6308565 0.701153058155 13.866836 0.0651889639416
53882.5717678 0.70285832768 13.863373 0.0569927313704
54885.7556052 0.706671176597 13.8257 0.0614972350251
56029.5504862 0.707215125358 13.849508 0.0547618776674
53762.6149814 0.710221743494 13.867753 0.0654202342878
54297.3825053 0.711782660543 13.851227 0.0597142572403
55707.4649329 0.71838606348 13.824601 0.0572353216226
54527.6384948 0.718731772529 13.816829 0.0596834401836
54197.6411448 0.724566869051 13.872102 0.0654483299858
54885.7639876 0.725747429304 13.833321 0.0616144975117
55707.4733841 0.73761906448 13.822549 0.057223247314
54297.3945301 0.739148363274 13.840941 0.0596967477167
55362.5344803 0.740090817301 13.822795 0.0629066375343
56029.5664408 0.743523819222 13.847265 0.0547665733153
53960.366375 0.744571179339 13.857961 0.0599904621516
54885.7723685 0.744820284741 13.832346 0.0615951421371
54197.651472 0.748068918821 13.869743 0.0653875928219
54527.6520307 0.749536293558 13.794729 0.0595155641389
54534.6830014 0.75032512778 13.796308 0.0630169589461
55707.4820292 0.757293020247 13.798395 0.0571040517839
53960.3745607 0.763199918744 13.841175 0.0599179329633
54297.4066709 0.766777753095 13.826492 0.0596425495171
55633.6656923 0.76916140974 13.844621 0.0597658662644
54817.6740223 0.769452706331 13.838228 0.0627631444978
53806.5831076 0.771044198632 13.844314 0.0614112570819
54197.6619266 0.771861233357 13.84907 0.0652614354437
54534.692862 0.77276563172 13.799275 0.0630377946432
56362.6554062 0.773457867522 13.766297 0.06036193187
56029.5824289 0.779908898885 13.83352 0.0547268468728
53960.3827355 0.781803635978 13.833998 0.0599246138377
54817.6824325 0.788592201886 13.862006 0.06292862413
53806.5923298 0.792031773214 13.832765 0.0613245708733
54297.4187073 0.794169795444 13.822325 0.0596191718379
54534.7028616 0.795522237797 13.787868 0.0629396032648
55381.4543492 0.797137204775 13.775311 0.0590114816393
56362.6669034 0.799622738684 13.741175 0.0601995575426
53960.3908948 0.80037229491 13.814684 0.0598321479645
54817.6908722 0.807799126099 13.845527 0.0626909239211
53806.6016501 0.813242313621 13.813066 0.0611442937925
54246.455177 0.813499294502 13.784089 0.0641711259927
56029.5984009 0.816257392344 13.800828 0.0545953705001
54534.712846 0.818244340177 13.777644 0.0628486712623
55681.5835269 0.818565027502 13.753183 0.0571893476831
56362.6785688 0.826170327064 13.728419 0.0601360810669
54912.6125931 0.826680817848 13.748424 0.056254353598
54246.4637443 0.832996484624 13.785637 0.0642042056763
53806.6111648 0.834895625989 13.781485 0.0609122943912
53766.6295871 0.846493605568 13.807752 0.058297916658
54912.6237162 0.85199433403 13.712768 0.0560762973656
54246.4722966 0.852459431875 13.767347 0.064061799762
56362.6901821 0.85259938531 13.707356 0.0599891313253
54897.6862536 0.857941764483 13.619381 0.0555011831021
54150.6864934 0.867135327956 13.729801 0.0645850976909
54246.4808534 0.871932651891 13.738907 0.063795369704
54912.6348093 0.877239366971 13.704557 0.0560501214979
54590.5445197 0.877631719277 13.693952 0.0571529325599
53766.6470282 0.886185303823 13.760136 0.0580009982301
54897.6993259 0.887691086536 13.652124 0.0556559061897
54150.6956598 0.887995943457 13.737721 0.0646499481448
55681.6156076 0.891572797627 13.685662 0.0568333027457
54590.5526848 0.896213600375 13.687943 0.0571376042711
54912.6459155 0.902514427382 13.665198 0.0560097647251
56392.5931832 0.904598489573 13.710633 0.0552939231768
54150.704769 0.908726151409 13.65262 0.0644452122381
54590.5608557 0.914808625567 13.672288 0.0570495949684
54897.7124005 0.917445649877 13.641549 0.0556275226343
54487.7418228 0.923554554697 13.720376 0.059778081625
53766.6650174 0.927124217923 13.736071 0.0578185367865
54150.7139942 0.929720573072 13.691238 0.0647231512851
54590.5690339 0.933420245143 13.661254 0.057024683844
56392.6073734 0.936891787465 13.68929 0.0552180834091
54487.7491504 0.940230409586 13.697514 0.059647903683
54444.6878592 0.943145139202 13.704101 0.0637554469226
54897.7255706 0.947417780718 13.659983 0.0557220181266
54487.7566201 0.95722969044 13.702115 0.0596580376049
53876.5324829 0.958906340022 13.691291 0.0606884825906
54444.6970052 0.963959371339 13.668464 0.0631769841586
53766.6837184 0.969683319141 13.7063 0.0576325998843
56392.621983 0.970139693317 13.681358 0.0552080767353
54487.7638852 0.973763311364 13.71529 0.0597782771461
53876.5410975 0.978511231998 13.692276 0.0604024305014
54444.7061498 0.984770178453 13.674906 0.063180167849
53726.7082957 0.995288590703 13.72855 0.0637743773662
53876.5496816 0.998046535613 13.66747 0.060293279453
