54260.474298 0.000934266483288 16.756 0.136
56422.556648 0.00285972607694 16.7579 0.105
56029.559876 0.00337541438924 16.6827 0.086
55274.623962 0.00459096540306 16.7201 0.141
54178.651874 0.00461105716384 16.7388 0.155
55006.454796 0.00555202089033 16.6541 0.133
56358.652247 0.00690988848564 16.7946 0.129
53806.562091 0.00996383484345 16.655 0.126
55006.46165 0.0170277600982 16.6357 0.132
54178.660661 0.0193232428097 16.7546 0.156
56358.661958 0.0231691390612 16.6645 0.122
55006.468436 0.028389646053 16.6298 0.132
56029.575858 0.0301342798702 16.7715 0.088
54178.669453 0.0340438000219 16.6818 0.152
56029.59187 0.0569433747369 16.8363 0.089
55633.616712 0.0707095737225 16.7732 0.121
56385.583239 0.0978116733054 16.7979 0.096
56056.49313 0.0980644945272 16.8967 0.119
54534.6786 0.104678029666 16.7584 0.146
56056.50266 0.1140206945 16.6561 0.109
54534.688462 0.121190101458 16.7587 0.146
56385.598405 0.123204299628 16.7725 0.097
56056.512234 0.130050564244 16.8437 0.116
54534.6984 0.137829421023 16.7934 0.148
53882.490892 0.138519237854 16.7529 0.135
55651.575224 0.138874192142 16.7881 0.107
56056.521684 0.145872819205 16.8589 0.118
56385.613623 0.148683990216 16.8634 0.101
53882.499949 0.153683487922 16.692 0.13
54534.708366 0.154515621334 16.8616 0.153
53860.402589 0.155793121917 16.8112 0.089
53876.531202 0.160134614736 16.7694 0.135
53882.509088 0.168985031641 16.808 0.137
56385.627778 0.172383886416 16.8119 0.099
53860.413361 0.173828818266 16.785 0.089
54150.681758 0.173890767836 16.8797 0.172
55380.440366 0.174339483644 16.8313 0.149
53876.539829 0.174578910357 16.8093 0.137
53882.518225 0.184283226733 16.7977 0.136
53876.548421 0.188964605027 16.7699 0.135
54150.690902 0.189200683121 16.9046 0.17
54896.669754 0.191062518838 16.7882 0.1
53860.424218 0.192006831194 16.7529 0.088
56485.384146 0.195737199872 16.8424 0.132
54150.700085 0.204575896587 16.7014 0.152
55651.617756 0.21008605967 16.7159 0.105
53860.43515 0.210310417567 16.7358 0.087
54296.43496 0.210327160696 16.7472 0.122
56485.394109 0.212418377255 16.6333 0.185
54896.683559 0.214176405579 16.7329 0.098
54150.709166 0.219780330173 16.6808 0.16
54296.443158 0.224053176172 16.6646 0.119
56485.403786 0.228620701204 16.488 0.16
54896.697359 0.237281920766 16.5566 0.093
54296.451354 0.23777584301 16.5855 0.116
53763.696198 0.23905501791 16.4643 0.112
56077.48216 0.240263871678 16.5292 0.096
54923.578037 0.243942336668 16.6679 0.107
56485.413572 0.245005525226 16.5454 0.158
54122.655178 0.248632086528 16.5763 0.119
53763.702952 0.250363325852 16.494 0.113
54296.45953 0.251465023606 16.5532 0.115
53726.67663 0.25672236547 16.5545 0.143
54527.604151 0.259838261391 16.623 0.116
54896.711162 0.260392458893 16.566 0.094
53763.709698 0.261658239289 16.4706 0.112
56077.495551 0.262684592972 16.5219 0.096
54923.591064 0.265753608142 16.6042 0.105
54122.666779 0.268055788096 16.579 0.119
53726.684356 0.269658105342 16.5802 0.145
53763.716386 0.272856042593 16.5384 0.115
54527.617738 0.282587147975 16.5313 0.112
53726.692089 0.282605565408 16.4831 0.137
56077.508991 0.285187355593 16.4777 0.095
54122.678383 0.287484512603 16.6114 0.12
54923.604047 0.287491209858 16.579 0.104
53726.699807 0.295527910786 16.4027 0.132
54506.724049 0.300018417432 16.6772 0.205
54527.631221 0.305161906041 16.5014 0.111
54122.690245 0.307345209786 16.5045 0.115
56077.522499 0.307803971466 16.4502 0.094
54923.61701 0.30919532532 16.4993 0.102
54506.732731 0.314554800246 16.4111 0.146
56375.559902 0.315611291564 16.3826 0.093
54527.644723 0.327768476035 16.5067 0.111
54506.741391 0.329054348193 16.3792 0.404
53820.490007 0.329650403508 16.4223 0.115
56375.56911 0.331028362849 16.4386 0.095
56375.578117 0.346108897291 16.3959 0.094
53820.500506 0.347229012483 16.3781 0.113
56107.410925 0.350375046036 16.5564 0.098
56375.587302 0.361487459396 16.4261 0.095
53820.511331 0.36535344741 16.3978 0.114
56107.4257 0.375113016104 16.4802 0.104
54444.654503 0.376189599164 16.471 0.141
53820.522547 0.384132538592 16.4005 0.114
54444.663806 0.39176573016 16.5178 0.143
54938.598247 0.392470615813 16.4787 0.1
54953.533616 0.398948531627 16.4644 0.118
56107.440516 0.399919632993 16.5268 0.097
54938.60631 0.405970599072 16.4966 0.101
54444.672846 0.406901516927 16.4852 0.139
54953.542108 0.413166795031 16.5529 0.122
54938.614432 0.419569366776 16.5156 0.101
54444.682059 0.422326959779 16.5778 0.144
56107.455398 0.424836754507 16.5838 0.099
54953.550631 0.427436962122 16.5949 0.124
54938.622522 0.433114556469 16.467 0.1
54974.460197 0.436588755314 16.4511 0.104
54953.559348 0.442031945888 16.7059 0.129
54974.467783 0.449290091416 16.4731 0.104
54974.475376 0.462003147709 16.5271 0.106
54974.48304 0.474835080196 16.5277 0.106
53899.428885 0.498015939457 16.5697 0.124
53899.43834 0.513846565984 16.6434 0.127
53899.447792 0.529672169571 16.6136 0.126
56006.587693 0.540757793926 16.558 0.106
53899.457253 0.545512841977 16.5288 0.122
56006.594796 0.55265043699 16.5062 0.103
56006.601938 0.564608378258 16.5769 0.106
55263.61068 0.564913103166 16.5577 0.11
56006.609125 0.5766416636 16.6202 0.108
55363.368448 0.590610454408 16.6273 0.11
54508.690279 0.592102267021 16.6931 0.118
56408.579149 0.600155711074 16.7659 0.097
54660.401695 0.604451997454 16.6206 0.106
54508.703042 0.613471519941 16.6707 0.116
56408.590379 0.618958242641 16.7776 0.097
53847.539828 0.619509091517 16.5631 0.093
54660.411539 0.62093393162 16.5873 0.105
55707.411918 0.626959783004 16.6698 0.101
55363.393881 0.633193249175 16.7231 0.116
54508.715544 0.634403777245 16.6883 0.117
54590.540732 0.63535478686 16.6766 0.106
54167.681473 0.636729397575 16.677 0.153
54660.421434 0.637501255738 16.6927 0.111
56408.601732 0.637966714666 16.6842 0.095
55162.717947 0.638929444457 16.6902 0.133
55162.721278 0.644506580042 16.6207 0.129
55707.422596 0.644838093955 16.6104 0.099
53847.55579 0.646234470745 16.5782 0.094
54590.548908 0.649043967444 16.7074 0.107
55162.724631 0.650120550507 16.6429 0.131
54167.690012 0.651026353678 16.5448 0.144
54660.431309 0.654035093591 16.7518 0.111
54508.727738 0.654820346248 16.649 0.116
55162.728029 0.655809865045 16.5987 0.128
56408.613104 0.657006998619 16.7666 0.097
55707.433228 0.662639386533 16.6695 0.101
54590.557072 0.662713056294 16.7011 0.107
54167.69857 0.665355121721 16.6589 0.152
55650.696121 0.666980879348 16.6138 0.102
53847.571723 0.672911294913 16.5852 0.094
54590.565262 0.676425677252 16.6887 0.107
54167.707084 0.679610220005 16.7157 0.156
55707.443762 0.680276596459 16.7172 0.103
56392.508559 0.692962863745 16.815 0.096
53588.373877 0.694667314063 16.6363 0.128
54474.708721 0.696348324016 16.7267 0.151
54212.512989 0.698705756289 16.6999 0.124
53847.587726 0.69970532096 16.6175 0.095
53588.380395 0.705580484209 16.6146 0.127
54197.589241 0.711685028296 16.6828 0.149
54474.717884 0.711690051228 16.7196 0.147
53588.387175 0.716932324285 16.6211 0.128
54212.525142 0.719053678461 16.7165 0.124
56392.524518 0.719683220033 16.5019 0.088
53831.476164 0.723912533902 16.6242 0.124
54474.72701 0.726969828887 16.707 0.146
53944.36073 0.727974416501 16.6462 0.117
53588.393848 0.72810501289 16.6273 0.129
54197.599679 0.729161504199 16.5715 0.142
54084.717723 0.729469577739 16.6571 0.147
55680.59682 0.73010079362 16.7161 0.11
54864.740917 0.732205404684 16.7286 0.1
55650.738329 0.737650269562 16.3611 0.185
53944.367281 0.738942838961 16.6382 0.117
54212.5372 0.739242540933 16.7148 0.125
53831.486718 0.741583230082 16.6662 0.126
54084.725526 0.742534239696 16.7546 0.153
54474.736367 0.742636372763 16.7861 0.151
56392.539814 0.745293507019 16.6445 0.091
54864.748885 0.745546328232 16.7039 0.1
54197.610105 0.746617888354 16.6371 0.146
53944.37383 0.749907912794 16.7344 0.121
54084.733355 0.755642433773 16.8552 0.16
54864.756848 0.758878880213 16.7271 0.1
54212.549258 0.759431403405 16.736 0.126
53831.497477 0.759597160359 16.6591 0.126
53944.380395 0.76089977564 16.6922 0.12
54197.620422 0.763891772425 16.7358 0.154
54187.468775 0.766860328835 16.6601 0.147
54084.741318 0.768974985767 16.5626 0.14
56392.554808 0.770398151558 16.7286 0.093
54864.764829 0.772241569833 16.67 0.099
55680.622384 0.772902923351 16.592 0.112
53831.508225 0.777592673202 16.5712 0.122
54187.478768 0.783591735592 16.7712 0.167
54187.488745 0.800296353349 16.7035 0.147
55329.452401 0.804542410342 16.7387 0.141
54187.498725 0.817005994034 16.7934 0.153
54912.574223 0.82011686703 16.7262 0.111
54912.579143 0.828354485486 16.6946 0.11
54885.706087 0.834455680939 16.7366 0.112
54912.584081 0.836622241569 16.7561 0.112
54912.589023 0.844896694905 16.7394 0.111
54885.716759 0.852323946023 16.6669 0.109
55329.482632 0.855158557409 16.7183 0.14
54632.482764 0.859431403407 16.7458 0.109
54885.727448 0.870220674407 16.7614 0.113
54632.490316 0.872075812882 16.7676 0.11
55737.422392 0.873877373337 16.7144 0.103
56139.382837 0.881353179513 16.6912 0.099
54632.497986 0.884917791248 16.79 0.111
54885.738138 0.888119077118 16.7135 0.111
56139.390634 0.894407795603 16.8349 0.104
55737.436446 0.897408163946 16.7129 0.103
54632.505553 0.89758731541 16.706 0.108
54239.511865 0.903266584066 16.7005 0.127
56139.398088 0.906888122427 16.7526 0.101
55299.653556 0.911957941259 16.6886 0.097
54817.668599 0.918425811197 16.6345 0.134
56139.405377 0.91909218766 16.832 0.104
55737.450623 0.921144895014 16.7615 0.104
55673.547517 0.927363292365 16.7727 0.103
54817.676991 0.932476643336 16.6857 0.136
55737.464757 0.944809630647 16.7744 0.105
54817.6854 0.946555938789 16.7744 0.14
54829.633518 0.951441583232 16.7351 0.107
54260.444826 0.951588922744 16.7963 0.136
56422.527952 0.95481364899 16.7677 0.105
54239.543776 0.956695576462 16.6585 0.125
53806.534056 0.963024478444 16.6834 0.128
54829.642901 0.967151659241 16.7304 0.106
54260.454638 0.96801727891 16.6588 0.129
56422.537467 0.970744734288 16.6812 0.102
56358.632835 0.974408130455 16.7312 0.125
54239.554716 0.975012557341 16.7567 0.13
56029.543942 0.976696915908 16.7574 0.088
53806.543075 0.978125104645 16.6369 0.125
54829.652217 0.982749556309 16.7709 0.108
54260.464481 0.984497538763 16.7883 0.137
56422.54699 0.98668921408 16.6508 0.101
54178.643161 0.990022770651 16.7074 0.153
56358.64256 0.990690821416 16.8462 0.132
55673.585581 0.991094330774 16.7675 0.106
53806.552437 0.993800020087 16.6977 0.128
55006.447941 0.994074607369 16.7724 0.139
