56358.643044 0.000122385906861 16.316 0.107
54197.610522 0.00139213977327 16.1708 0.121
54296.445871 0.00252675918077 16.2884 0.103
54212.516774 0.00796018379313 16.06 0.099
54897.69415 0.0091891423391 16.22 0.085
54660.41316 0.0122997842875 16.2337 0.093
54923.580734 0.0123813749128 16.0584 0.089
56139.407032 0.0126312461525 16.0745 0.083
54444.702473 0.0133528130867 16.2414 0.124
54864.751583 0.0153109877007 16.1636 0.085
54817.687502 0.0157163910469 16.0973 0.108
56029.592794 0.0185516646963 16.2756 0.078
53806.593312 0.0222589379909 16.2685 0.109
54296.45406 0.0234063059267 16.1714 0.1
56358.65272 0.0247933462831 16.2733 0.106
54197.620839 0.0276974620312 16.1941 0.123
54912.606096 0.0302752153325 16.3079 0.088
54864.759523 0.0355556575472 16.2224 0.087
54444.711722 0.0369350487777 16.2829 0.126
54660.42305 0.0375163818601 16.3334 0.097
54212.528922 0.0389340186903 16.3335 0.108
54897.707188 0.0424322160545 16.2613 0.086
54296.462237 0.0442552562211 16.287 0.104
54923.593742 0.045547957425 16.1397 0.091
53806.602622 0.0459967057771 16.0381 0.101
56358.662454 0.0496121896325 16.3439 0.109
54864.767571 0.0560756956807 16.2196 0.086
54912.617205 0.0585999051585 16.3009 0.088
54660.432932 0.0627125817921 16.2117 0.093
55329.530796 0.0659048143553 16.3899 0.125
54239.602104 0.0676029189001 16.1232 0.262
54212.540978 0.0696732806002 16.2959 0.107
53806.612045 0.0700225904058 16.4294 0.116
55274.626338 0.0756497927154 16.2962 0.121
54897.720362 0.0760220498639 16.3402 0.088
54923.606731 0.0786660955338 16.1296 0.091
55737.427287 0.0822509829101 16.2661 0.09
54912.628313 0.0869220452771 16.3326 0.089
54212.55305 0.100453337828 16.3415 0.109
54616.52163 0.101779185225 16.168 0.09
54923.619691 0.111710292147 16.085 0.2
54912.639421 0.115244185396 16.4157 0.091
55737.441409 0.118257938511 16.2306 0.089
54616.531495 0.126932040131 16.343 0.094
56077.484263 0.127742846796 16.3248 0.091
54187.469191 0.143974278553 16.4252 0.133
56375.565459 0.147314394109 16.3538 0.093
54616.541316 0.15197270795 16.1727 0.09
55737.455555 0.15432608707 16.3382 0.092
56485.387552 0.161421920339 16.334 0.108
56077.49767 0.161926762224 16.2714 0.09
53589.368684 0.163206714911 16.2645 0.109
54508.691369 0.166258713624 16.3499 0.104
54187.479185 0.169456045602 16.351 0.14
56375.574506 0.170381589074 16.4113 0.095
54616.5512 0.177174007278 16.1857 0.09
53589.376565 0.183300952059 16.1964 0.107
55737.469689 0.190363639141 16.2775 0.09
56375.583548 0.19343603552 16.3782 0.094
54187.489163 0.194897017351 16.235 0.122
56077.511114 0.196205016806 16.3007 0.09
54508.704118 0.198764922163 16.2863 0.102
55651.581594 0.200927073303 16.3694 0.093
53589.384347 0.203142768267 16.1742 0.107
56485.407215 0.211556799812 16.347 0.112
55673.549617 0.212938740745 16.1408 0.085
56375.59274 0.216872937927 16.2746 0.091
54260.448606 0.220065170496 16.1932 0.108
54187.499142 0.220340538807 16.3159 0.126
53589.392006 0.222670970578 16.1247 0.105
53860.405269 0.226957027254 16.2966 0.078
53556.448768 0.227081962873 16.3037 0.125
54508.716623 0.230649002302 16.3109 0.103
56077.52463 0.230666850247 16.0354 0.084
56485.417009 0.236528625549 16.2278 0.105
54240.454769 0.241648436276 16.3486 0.11
53556.455575 0.244437815209 16.0946 0.115
54260.458422 0.245093089796 16.2214 0.11
53860.416088 0.254542302178 16.2091 0.076
54508.728829 0.261770720191 16.3195 0.103
53556.462394 0.261824264034 16.1389 0.117
54240.463592 0.26414449697 16.3093 0.108
54260.468261 0.270179652328 15.9926 0.102
53556.469196 0.279167367833 16.2501 0.122
54240.472611 0.287140300147 16.3094 0.108
53944.362349 0.292872040437 16.1324 0.098
54260.478092 0.295245817202 16.0495 0.104
55651.624128 0.309376290799 16.0139 0.085
53944.368892 0.309554770244 16.2684 0.102
54240.481578 0.310003518594 16.3513 0.11
55673.58769 0.310013717424 16.0522 0.086
53860.440154 0.315903539513 16.2396 0.077
53944.375445 0.326262997125 16.3109 0.104
56408.581246 0.327882060781 16.165 0.082
53726.709149 0.341086990894 16.2724 0.126
53944.382005 0.342989071958 15.8834 0.091
55363.369038 0.343491364138 15.8333 0.086
53876.531626 0.344434755571 16.1928 0.108
54150.68391 0.352303149909 16.2523 0.132
56392.510734 0.352792693571 16.1067 0.079
56408.59249 0.356550960993 15.9893 0.078
53726.717051 0.361234771879 16.2204 0.124
53876.540247 0.366415775539 16.0634 0.103
56006.590632 0.369789037282 15.9681 0.089
54150.693066 0.375648262886 16.197 0.159
54938.628793 0.380515652659 15.9356 0.079
53726.724768 0.380910857162 16.1575 0.12
56408.603849 0.385513077444 16.0029 0.078
54650.363081 0.387547743265 16.2523 0.092
54953.535321 0.387787415678 16.1951 0.107
56006.597829 0.388139275167 16.1516 0.093
53876.548838 0.388320304341 16.1548 0.107
56392.526794 0.393740980409 16.2574 0.082
54527.606858 0.39520451196 16.0818 0.096
54938.635305 0.397119341574 15.9226 0.078
55633.6173 0.397249376594 16.2319 0.101
54150.702201 0.398939832027 16.143 0.121
56006.604978 0.406367127153 16.1602 0.094
54953.543822 0.40946247087 16.1219 0.104
53876.557424 0.410212084588 16.2497 0.111
54938.641868 0.413853065511 16.0162 0.08
56408.615242 0.414561883929 16.0047 0.079
54650.375086 0.418156970135 16.2144 0.091
54150.711399 0.422392032678 16.2378 0.134
56006.612061 0.424426698488 15.9932 0.09
54527.620469 0.429908567529 16.2302 0.101
54534.680313 0.430438906476 16.2608 0.12
54938.648401 0.430510298263 16.0114 0.08
54953.552453 0.431468987913 16.3188 0.112
56392.541978 0.432455724351 16.2953 0.083
56107.413009 0.437261921164 16.2774 0.09
53847.545788 0.439054364852 16.0357 0.08
55381.448414 0.440594387584 16.2609 0.101
54885.707672 0.447187928663 16.2258 0.094
54650.387081 0.448740699949 15.9829 0.086
54953.561062 0.453419411429 16.275 0.11
53820.489582 0.453669282672 16.294 0.11
54534.690165 0.455558615205 16.2247 0.118
54527.633973 0.464339804499 16.295 0.103
56392.556952 0.470635029907 16.2886 0.083
55971.724702 0.471899684347 16.3081 0.088
54885.718356 0.474428993218 16.3131 0.097
53847.561707 0.479643143078 16.0854 0.082
54650.399256 0.479783376927 16.0998 0.089
53820.500056 0.480374908842 16.3001 0.11
54534.700124 0.480951142532 16.3235 0.123
54829.636147 0.481254557596 16.1121 0.088
55971.734732 0.497473240825 16.1682 0.085
55633.65669 0.497682316776 16.3099 0.103
54527.64755 0.498957170035 16.3231 0.104
54829.645565 0.505267693687 16.1729 0.089
54534.710117 0.506430359873 16.4194 0.127
53820.510882 0.507978031736 16.4257 0.115
56107.442639 0.512809725604 16.2602 0.09
53847.577671 0.520346658099 16.2382 0.085
55971.744766 0.52305699615 16.3242 0.089
54829.654868 0.528987613522 16.2343 0.091
53820.522091 0.536557692209 16.3325 0.111
53882.491326 0.539920755131 16.4089 0.118
55971.754856 0.548783535016 16.1467 0.085
56107.45751 0.550726411392 16.4042 0.094
54829.664223 0.552840118104 16.1509 0.089
53847.593653 0.561096067853 16.3005 0.087
53882.500372 0.562985400388 16.3371 0.113
55707.416954 0.564709001996 16.3925 0.093
53831.518193 0.573390752735 16.4383 0.116
53882.509574 0.586447799868 16.4512 0.119
55707.427532 0.591679797661 16.4197 0.094
53831.525824 0.592847563239 16.4033 0.114
53882.518651 0.609591486018 16.4809 0.12
53831.533515 0.612457356167 16.5067 0.118
56056.496077 0.614027975391 16.4273 0.101
55707.438129 0.618699037747 16.4278 0.094
53831.540896 0.631276740045 16.388 0.114
56056.505646 0.63842611715 16.5448 0.105
54178.64358 0.641256291412 16.49 0.14
55707.448698 0.645646886046 16.4911 0.096
55005.409898 0.65273507019 16.4575 0.104
56056.515182 0.662740118621 16.4046 0.1
54178.652311 0.6635177791 16.4397 0.137
55005.415215 0.666291859811 16.4506 0.104
55005.420566 0.679935339446 16.3299 0.1
54178.661102 0.685932249195 16.3635 0.133
56056.524617 0.68679659972 16.3512 0.099
54167.681907 0.692207076963 16.4634 0.139
55005.426116 0.694086210685 16.329 0.1
56385.586054 0.696890887859 16.4362 0.087
54178.669873 0.708295725161 16.301 0.13
54167.690446 0.713979021018 16.235 0.127
53899.42846 0.724641893727 16.1258 0.105
53590.374177 0.726918781645 16.2908 0.115
56385.601242 0.735615830612 16.2533 0.082
54167.698984 0.735748415365 16.2828 0.13
53899.437918 0.748757018077 16.4028 0.117
53590.3838 0.751454607585 16.3178 0.116
54167.707519 0.75751016059 15.9726 0.116
54087.699484 0.760500966333 16.2815 0.132
53899.447366 0.772846645354 16.2873 0.112
56385.61643 0.774340773384 16.1637 0.082
53590.393276 0.77561562665 16.3178 0.117
54087.708112 0.782499834271 16.1822 0.126
53899.456831 0.796979617656 16.2639 0.111
53590.402812 0.799929628102 16.2569 0.114
54087.716926 0.804972947618 16.2266 0.128
54632.486538 0.80760934416 16.1248 0.089
56385.630648 0.810592500801 16.0968 0.081
54974.489407 0.81455729446 16.0149 0.083
54632.494115 0.826928470538 16.1524 0.09
54087.725712 0.827374669176 16.171 0.125
54974.494753 0.828188025558 16.1261 0.085
54974.499942 0.841418452743 16.0582 0.084
53762.596281 0.842741750422 16.191 0.127
54632.501777 0.846464321952 16.1817 0.091
54239.517617 0.852185863403 15.9149 0.153
54974.505135 0.85465907874 15.9748 0.082
53762.601638 0.856400528301 16.2656 0.133
54590.54127 0.859485673205 16.0872 0.088
54632.509335 0.865735003909 16.1308 0.09
53762.606978 0.870015961173 15.9417 0.122
54590.549441 0.880319325255 16.0708 0.088
53762.612314 0.883621195197 16.2531 0.129
55299.65437 0.88978638558 16.1367 0.083
54122.657882 0.894156582578 16.2791 0.107
56422.530886 0.895370242888 16.2805 0.09
56029.544878 0.896379926674 16.0866 0.074
54590.557605 0.901135129353 16.1615 0.09
56422.540463 0.919788782307 16.1357 0.087
54239.544313 0.920252828897 15.9958 0.122
54590.565794 0.922014676117 16.1265 0.089
54122.669494 0.923763774795 16.237 0.105
56029.560811 0.937004400803 16.2345 0.076
56422.55009 0.944334807058 16.2295 0.089
54239.555251 0.948141518908 16.2011 0.106
54197.589679 0.948248606579 16.2087 0.123
54122.681085 0.953317423157 16.2651 0.106
56139.384468 0.955099668021 16.2235 0.086
55650.702377 0.959181748186 15.8985 0.11
54444.684301 0.967019546055 16.1689 0.122
56422.559617 0.968625861163 16.1785 0.089
54817.67069 0.972850724881 15.9086 0.102
54197.600096 0.974808899502 16.2781 0.126
56139.392334 0.975155659576 16.1477 0.085
56358.633311 0.975306092265 16.2466 0.106
54897.681051 0.97579053651 15.8611 0.077
56029.576802 0.977776757905 16.1172 0.074
54296.437669 0.98161406622 16.1614 0.099
54122.692965 0.983607936733 16.1279 0.101
54660.403316 0.987200473236 16.1603 0.091
55329.500672 0.98909745489 16.2327 0.117
54444.693318 0.990010249816 16.2133 0.124
56139.399737 0.994031137017 16.0733 0.083
54817.679085 0.994255511201 16.0003 0.105
54864.743623 0.995015323743 16.1412 0.084
55263.613608 0.996420212034 16.2666 0.1
53806.584098 0.99876594204 16.2809 0.11
