54954.7224156 0.000827878772435 15.220044 0.0787202850536
55823.4945994 0.00410351824961 15.121917 0.0680107374969
54344.6112761 0.00760425113456 15.14541 0.0727597202076
53889.6475691 0.0184313748626 15.073783 0.0696203949518
54704.5935424 0.0221483478429 14.963868 0.0668441354511
56400.7328317 0.027803287529 14.909928 0.0623251573578
54954.7298194 0.0312261818453 15.041429 0.0753876273127
56132.578117 0.0386561472109 14.782646 0.064871772919
55145.438959 0.044469872491 14.984325 0.0674430378322
53889.6541626 0.0455027459728 14.925314 0.0676171469688
53606.6399297 0.0461723807153 14.90586 0.0728615566806
55823.5059237 0.0505986881857 14.863496 0.06470490941
54344.6222038 0.05247131196 14.876855 0.0690840930038
54207.7440669 0.0584620415019 14.982021 0.0812478373792
54378.4783484 0.0589693173875 14.896496 0.0769712121269
55145.4442217 0.0660774427574 14.863364 0.0661235989431
56400.7435728 0.0719038364754 14.79448 0.0613632986848
53889.6609099 0.0732060975341 14.811717 0.0663374987665
55145.4494884 0.0877016928365 14.802292 0.0655129188091
54207.7525883 0.093449146406 14.832181 0.078184455173
54378.4873299 0.0958454212259 14.785668 0.0750449892439
54344.633078 0.0971183504538 14.751443 0.0675634530973
53588.6294188 0.0986493681209 14.730705 0.0660158841327
53576.6951518 0.0989569597514 14.739369 0.0669272759809
53889.6675005 0.100265540439 14.747571 0.0656413718105
53942.5216113 0.108579239457 14.695479 0.0728581899025
55145.4547549 0.109324518602 14.724459 0.065605699284
53606.6563892 0.113751823392 14.714129 0.0702587579165
54207.7612487 0.129006973705 14.713693 0.0759669324977
54378.4963914 0.133049939233 14.717827 0.0738856369421
53576.7051318 0.139932873887 14.691029 0.0665804930464
55005.6603082 0.141535875249 14.662225 0.0622054177306
53588.6402003 0.14291595512 14.651709 0.0651856854434
54344.646204 0.151011372236 14.70487 0.0670873957142
53942.5320836 0.151576309541 14.636856 0.0719755990854
55497.4074491 0.156066037239 14.704592 0.059595496625
55058.5173332 0.161814601032 14.598518 0.0608310055636
54207.7697488 0.163906638662 14.691558 0.0755712959861
54378.5053896 0.169994948234 14.659983 0.0729811479846
55337.6386124 0.177462577701 14.635787 0.0670082207499
53576.7150886 0.180813603758 14.684764 0.0669331605433
53606.6728437 0.181310927186 14.638104 0.0694059975641
54391.4174584 0.184343733319 14.621293 0.0727630533055
53588.6509056 0.186869474206 14.65841 0.0653157570265
53942.5422228 0.1932056348 14.617507 0.0717735272909
55005.6743407 0.199150392515 14.562396 0.0632681509465
54059.4516212 0.199604405518 14.627021 0.0682407470201
55058.5266828 0.20020196134 14.598072 0.0607926408265
56072.7050545 0.211943365859 14.621251 0.0615793048975
55741.709815 0.212282132808 14.665786 0.062918437931
53576.7250496 0.221711582863 14.685923 0.0670357124799
54391.4271431 0.224107344872 14.625458 0.0729530676626
54643.7537695 0.226317670526 14.643647 0.0631328712675
53588.6618099 0.231640400637 14.619537 0.0649146060273
53942.5523203 0.234663884181 14.600877 0.071337905195
55058.5360476 0.238652049604 14.641908 0.0611218986185
55086.5456816 0.240556873926 14.635219 0.0643427266268
55445.551051 0.244159530799 14.656027 0.0627046468541
56156.4973268 0.246104804192 14.714181 0.0603738806883
54059.4632054 0.247166467953 14.607388 0.0680964867269
55005.6880219 0.255322605705 14.646259 0.0620734482542
56072.7169735 0.26088029914 14.660028 0.0618692540449
54391.4368366 0.263906594331 14.632089 0.0731035883878
55741.722751 0.265394813977 14.701565 0.0632381638427
54643.765071 0.272719273854 14.684019 0.0635091661714
55058.5451988 0.276224855675 14.677539 0.0613983069524
55086.5562575 0.283979728861 14.674593 0.0647177158824
54059.4746798 0.29427798267 14.632703 0.0684838098329
56156.5100037 0.298153495262 14.788454 0.0609439942951
54391.446519 0.303660653736 14.689019 0.0739992673741
55337.6708384 0.309776059511 14.749687 0.0680718351288
56072.728961 0.310098506714 14.753658 0.0626325619026
55005.7022206 0.313619571934 14.711454 0.0626863859863
55497.4466891 0.317177227206 14.716182 0.0596465764473
55741.7357438 0.318740394498 14.787788 0.0640542087255
54643.7763651 0.319090890467 14.767249 0.0643488312864
55086.5668394 0.327426819065 14.757341 0.0655376019075
56464.6199922 0.335592292612 15.004229 0.0639944161621
55119.4496308 0.337532643166 14.781777 0.0647657520387
54059.4861466 0.341358658317 14.701295 0.0695859879394
55684.7502226 0.347689541313 14.791928 0.0675765433172
54319.6076503 0.347762153152 14.781701 0.0733647751055
55717.6312302 0.350471790694 14.823725 0.0637613656305
56156.5228661 0.350963943706 15.048976 0.0631015994259
55445.5770855 0.351051754407 14.851723 0.0645700462903
53691.4729733 0.353530979884 14.816121 0.078711101579
56072.7409913 0.359492589453 14.934951 0.0644910098416
55119.4560096 0.363722835638 14.866557 0.06569000257
54643.7875876 0.365167925496 14.930516 0.066032040157
53555.5707554 0.366448069464 14.890416 0.0766475513493
55086.5774254 0.370890590754 14.965355 0.0678570104447
55741.7486446 0.371708661599 14.976297 0.0660588018461
53691.4780463 0.374359637943 14.860662 0.0789182657108
55031.5345176 0.375818507714 14.98911 0.0758559644021
56036.7001824 0.383203984277 15.018405 0.0747261032402
54319.61831 0.391529060435 14.978337 0.0768076264195
55717.6418107 0.393913225613 15.060539 0.0661173628011
56464.6342008 0.393930123824 15.229513 0.0662511788851
53691.4831452 0.395294932615 14.958133 0.080079526086
54022.4791082 0.397926597365 14.893514 0.077172146358
53555.5786107 0.398700493101 15.03176 0.0791816233156
56156.5357419 0.403829565847 15.320482 0.0657893844204
55031.5419499 0.406334186933 15.164236 0.0789911362343
53691.4882099 0.416089326984 15.056015 0.0818282035261
55416.6100103 0.418086456197 15.202793 0.0676702922922
54022.4856016 0.424587293786 15.111437 0.0813208662193
56036.7108266 0.426906737199 15.270428 0.0789609397507
53555.5865175 0.431164431065 15.177837 0.0821819853616
53973.5329133 0.43472734132 15.194459 0.0812555416572
54319.6288627 0.434856350428 15.197388 0.0810142662774
55684.7718447 0.436465643088 15.178251 0.0727807370666
55031.5493697 0.43679811666 15.220657 0.0800067514871
55717.6524424 0.437564656891 15.219568 0.0679106902313
54022.4920468 0.451049780333 15.246904 0.0843011884039
56464.6487278 0.453574874971 15.219854 0.0661172124507
55365.7152678 0.454544080664 15.24578 0.0683513789374
53555.594368 0.463396846341 15.217483 0.0829622112164
55767.5884991 0.464937024874 15.234397 0.0690547963643
55119.4807897 0.465464991512 15.232221 0.0702557074406
55031.5569355 0.467861759421 15.263676 0.0808287870262
53991.5650414 0.471006639475 15.210009 0.0993753661661
56036.7216 0.471140343579 15.318435 0.0771178207108
54319.6391893 0.477255038226 15.201605 0.0810611346273
54022.4985219 0.477635346408 15.207366 0.0835216460637
53973.5436326 0.47873850459 15.19929 0.0813879283428
56183.588977 0.478953783899 15.151319 0.0645439089104
55717.6631131 0.481376708224 15.244835 0.0681531243494
55119.4871815 0.491708407859 15.228757 0.0702122166531
53665.4476238 0.498697816135 15.217284 0.0747194326223
53991.5719105 0.499209433884 15.082212 0.0969817602831
53645.4767159 0.502179684911 15.135801 0.08957845026
54363.4864477 0.505250166299 15.134312 0.0809487244013
55767.5998038 0.511351885395 15.015696 0.0664049063675
56464.6630772 0.512490560366 14.895582 0.0628710208431
56036.7323627 0.515329758431 15.082512 0.0701537256636
53973.554469 0.523230624319 15.034136 0.0782243521321
53991.578748 0.527282924001 15.040407 0.0861919786758
54732.4839059 0.534352624419 14.982998 0.0666850194151
54681.5808314 0.53660087167 14.873835 0.0656711713649
56183.6030396 0.536691902136 14.84652 0.0618465425575
54363.4944852 0.538250328459 14.946026 0.0772678355709
53645.4865491 0.542552939756 14.895301 0.0840028138875
53665.4595674 0.547735730714 14.962275 0.0707929016524
54631.6549172 0.550871798925 14.853869 0.0652274426163
53876.6251936 0.551185199435 14.998313 0.076310382823
55416.6426653 0.552161106194 14.825571 0.0637025868096
53991.5856267 0.555525637415 14.890886 0.0822655607382
55767.6110983 0.557724452079 14.822672 0.0644261686932
54008.3927726 0.56227502731 14.87698 0.0756026118855
53973.5651321 0.567011312719 14.844668 0.074883121285
54363.5024808 0.571078942588 14.789686 0.0747564701123
54681.5911117 0.578809522986 14.728059 0.0641878397563
54732.495144 0.580494335643 14.79412 0.064681496587
53912.6790122 0.580889004663 14.793571 0.0734082659419
53876.6351248 0.591961049531 14.807233 0.0721813003622
53645.4992377 0.594649577917 14.684278 0.0796567410593
56183.6172185 0.594907558782 14.737022 0.0610928831311
53619.4389224 0.596253757619 14.726108 0.0711430776495
54015.4643185 0.5966157133 14.819136 0.075713926412
53665.4714947 0.596706735986 14.77868 0.0684772280518
54631.6661231 0.596880833304 14.754631 0.0642575324723
54363.5104851 0.603942720827 14.72095 0.0736062427874
55767.6223836 0.604060002547 14.706955 0.0677924776645
54008.4043427 0.609779587191 14.766668 0.0737937459863
53912.6884849 0.619782035093 14.692814 0.0718491368135
54240.7611549 0.619962689801 15.174645 0.0764156004879
54681.6012475 0.62042506713 14.668921 0.0636090065982
55386.7029829 0.625867101876 14.660963 0.0626358027861
53903.6783546 0.626005142095 14.747224 0.0670251459285
54732.5063337 0.626436743618 14.707976 0.0637973721174
55796.6117661 0.628614537405 14.680603 0.0640346702111
54015.4729223 0.631941164722 14.749618 0.0746833324163
53876.6449978 0.632497254872 14.753883 0.0712936962677
55365.7587542 0.633090465919 14.689664 0.0625424001462
53619.4487715 0.636692258528 14.638597 0.0698692359726
55858.4786448 0.641534315028 14.691603 0.0642333858425
53645.5106642 0.64156478538 14.620313 0.0786202051013
54631.6772718 0.642655113358 14.680385 0.0634826383898
53665.4833818 0.645512890562 14.714217 0.067554769062
56183.6314085 0.653168883401 14.678286 0.0606759238067
54240.7694144 0.653874824471 15.201983 0.0778539370782
53912.6977581 0.657856231771 14.698163 0.071820542532
54008.4160662 0.657913846404 14.702371 0.072698262186
54624.6179388 0.658458340112 14.640515 0.0604592632702
54681.611235 0.661431868401 14.615478 0.0631858275943
54003.5461631 0.663074320691 14.676694 0.0633263935982
54015.481547 0.667352153501 14.760083 0.0748671305805
55858.4857008 0.670504571386 14.660956 0.0650314081608
54732.5174944 0.672260494436 14.675854 0.0635297581978
53876.654917 0.673223777508 14.693831 0.0704192918524
54590.7678424 0.676793237351 14.664656 0.0636777758537
53903.6907844 0.677039499436 14.670668 0.0661529760685
53619.4590169 0.678758013715 14.617791 0.0695955181561
55796.6248087 0.682164933215 14.655417 0.0638103022313
54240.7777188 0.687970911234 15.104528 0.0748538229921
54631.6884808 0.688676976333 14.663808 0.0633314149591
53912.7066579 0.694396980605 14.644657 0.0711493977143
55858.4927751 0.699550478728 14.671162 0.0665202420725
53959.7146197 0.699602287353 14.687264 0.0669177866743
54015.4901164 0.702536469753 14.693991 0.0737935619049
54008.4277231 0.705774813404 14.671871 0.0722721263853
56267.4283718 0.706590555025 14.706868 0.0642573627644
56219.4480414 0.709035995945 14.641882 0.0613740764183
54624.6311177 0.712568102042 14.608634 0.0601885025205
54003.559432 0.717553748994 14.65204 0.0631909207575
54414.4422946 0.719675059333 14.767346 0.074621501597
54240.7861214 0.722470403779 14.934619 0.0725208956705
53619.4696803 0.722539508463 14.598699 0.0693390389732
53903.7032241 0.728114299257 14.675355 0.0661854330273
55858.4998371 0.728545540702 14.660596 0.0671008892458
54590.7810657 0.731085481892 14.636995 0.063372285185
55796.6379813 0.736249035563 14.660884 0.0639492855192
56267.437321 0.74333417091 14.675016 0.0641120323343
54414.4504822 0.753291614311 14.699377 0.0801717233921
53959.7278199 0.753799440806 14.676949 0.0668994307687
56219.4620696 0.766632931364 14.673846 0.0618074591864
54624.6444193 0.76718210981 14.645636 0.0604299163137
54291.7011462 0.76928772777 14.657293 0.0723411362748
54003.572693 0.772000862233 14.65686 0.0632770360046
54940.7855191 0.778742944193 14.732865 0.0621024413794
53903.7156193 0.779006761832 14.686016 0.0663371114206
56267.4462662 0.780061533189 14.735176 0.064793670998
54590.794411 0.785878593595 14.693257 0.0638620320346
54717.4446609 0.786247686802 14.696997 0.0641110332488
54414.4586673 0.786898190576 14.635559 0.142115105444
55796.6511666 0.790384887793 14.747415 0.0648728986399
54260.7747008 0.791543550201 14.645588 0.0649307326566
54764.4538755 0.796596504325 14.646248 0.0655497000633
55386.7466364 0.805099354981 14.700172 0.0631020684346
54291.7098693 0.805103165995 14.716704 0.0733054347659
54940.7920532 0.805570866084 14.750512 0.0622570011622
53959.7410835 0.808257055815 14.733279 0.0676758591505
56267.4551623 0.816586980938 14.805299 0.0656745535927
54717.452385 0.817961414111 14.758239 0.0646329365783
54414.4668398 0.820452493872 14.780625 0.0785438415059
54624.6578692 0.822404334495 14.741816 0.0611121324661
54764.4604309 0.823511865357 14.695143 0.0661055066958
56219.4761845 0.824585845276 14.793019 0.063247581166
54003.5859914 0.826601517093 14.763879 0.06428080363
54940.7986096 0.832490076301 14.803578 0.0626654031412
54590.8077633 0.840700265249 14.793408 0.064859533169
54291.7187782 0.841681313696 14.815791 0.0749857873839
54794.4227083 0.842576569448 14.766363 0.0663378089614
54260.7876936 0.844889606579 14.75046 0.0661770965844
54717.4601308 0.849764054555 14.807936 0.0650787147806
54764.4670035 0.850497603873 14.750549 0.0667824947734
54940.805411 0.86041534911 14.882833 0.0632997462882
53959.7543053 0.862543075173 14.858839 0.0694364418876
54794.4290847 0.868756781564 14.822109 0.0670677585755
54764.4735834 0.877513281426 14.852726 0.0680227631285
54291.7275743 0.877796133986 14.9501 0.0776481266854
54704.5588956 0.879895508672 15.029507 0.0675697670013
54717.467888 0.881613215326 14.956453 0.0667089609308
56219.490323 0.882635748773 15.041472 0.0654559686298
56132.5428366 0.893801875518 15.260904 0.0706949786798
54794.4354741 0.8949906938 14.935214 0.0684702414528
55823.4681455 0.89548909255 15.090991 0.0667469883763
54260.8007481 0.898488473791 15.002298 0.0693360708126
53836.7688306 0.909001416929 14.95961 0.0688933924384
54745.4862452 0.919334333931 15.19371 0.0710315859172
54794.4418592 0.921206547916 15.067822 0.0702600295727
54704.5704799 0.927458519116 15.297707 0.0710615923195
53836.7753907 0.935936071505 15.087517 0.0705146008957
54745.4911612 0.939518132846 15.249484 0.0720285772702
56400.7113846 0.939745699579 15.304058 0.0664816433676
54954.7075647 0.93985302227 15.261094 0.0797434189568
56132.5544699 0.941565946525 15.253425 0.0706151820644
54260.8137306 0.951792237169 15.230099 0.0727068765151
55823.4833153 0.957773242506 15.29309 0.0700535459315
54745.4960743 0.95969052712 15.295813 0.0726473966461
53836.7819394 0.962823583697 15.243691 0.0727052193847
54954.7149452 0.970155808466 15.234293 0.079016698126
54704.5820185 0.97483334811 15.220433 0.0700344419178
53606.6234331 0.978440871994 15.286345 0.0793835592738
54745.5009934 0.979887158723 15.276574 0.0724536574318
56400.722097 0.98372887444 15.146959 0.0645642623894
53836.7884896 0.989717275157 15.28531 0.073216209579
56132.5662899 0.990096529771 14.999934 0.067331064945
