55562.601465 0.00507987558189 16.065 0.083
54793.676967 0.0197807389444 16.0802 0.082
54471.614786 0.0262630387405 16.1348 0.097
54793.690036 0.0295194647806 16.0853 0.082
55562.635404 0.0303704575811 16.0455 0.083
54471.627856 0.0360025097545 16.1643 0.098
54793.703113 0.0392641520394 16.1048 0.082
54471.640924 0.0457404904128 16.1295 0.097
54793.716254 0.0490565306581 16.0238 0.081
54471.653988 0.0554754903598 16.0975 0.096
53858.378578 0.0563875877257 16.1339 0.104
53858.38503 0.0611954734886 16.092 0.103
53858.391458 0.0659854749943 16.1415 0.105
53858.397917 0.0707985770074 16.0712 0.103
54004.698069 0.0903922763791 16.0259 0.108
54004.710134 0.0993828439232 16.1135 0.126
54412.719379 0.138725984788 16.1203 0.116
54361.72547 0.139208114681 16.1322 0.095
54412.726785 0.144244769967 16.0861 0.116
54412.734165 0.149744180534 16.2114 0.122
54361.740523 0.150425272844 16.2015 0.097
54726.754215 0.150446137817 16.1918 0.104
54412.741556 0.155251788051 16.1759 0.118
54726.763742 0.157545444654 16.1431 0.103
55809.729393 0.159272021113 16.2618 0.111
54726.773488 0.164807945378 16.1941 0.104
55809.740981 0.167907138949 16.265 0.111
54726.783196 0.172042129354 16.1568 0.103
54361.773846 0.175256825448 16.2239 0.098
54882.456833 0.176546727845 16.1674 0.09
55809.752694 0.176635403982 16.216 0.109
54090.703099 0.179412680832 16.2264 0.106
54882.464863 0.182530503842 16.2033 0.091
55495.742548 0.183313685483 16.2916 0.092
55852.706995 0.185217614207 16.2243 0.093
55809.764368 0.185334607085 16.2308 0.11
54361.788998 0.186547756195 16.2286 0.098
54525.508918 0.186962074929 16.2742 0.115
54882.472908 0.188525457501 16.2506 0.092
54090.715383 0.188566442268 16.262 0.107
54525.517813 0.193590429531 16.233 0.114
55852.718432 0.193740210228 16.1848 0.092
54882.480941 0.194511469026 16.1467 0.09
54090.72772 0.197759698113 16.2479 0.107
55495.762192 0.197951953929 16.2308 0.091
54525.526758 0.200256043015 16.2196 0.114
53627.756026 0.201631640835 16.1761 0.116
55852.729238 0.201792599191 16.2349 0.094
53713.641982 0.201920769736 16.2192 0.099
54525.535656 0.206886633151 16.1725 0.112
54090.740039 0.206939540756 16.1409 0.103
55118.684611 0.208191439097 16.214 0.088
55852.740002 0.209813690697 16.1927 0.092
53627.769216 0.211460533157 16.1953 0.109
53713.655029 0.211643101666 16.2059 0.099
55118.689463 0.211807040735 16.1724 0.087
55891.660552 0.212535079233 16.1283 0.091
55118.694394 0.215481511395 16.1336 0.086
55118.699392 0.219205908959 16.2109 0.088
53627.782457 0.221327429538 16.1978 0.109
55891.672369 0.221340842733 16.1276 0.091
54234.351042 0.222639687262 16.117 0.117
54234.356213 0.226493000543 16.1074 0.116
55204.596721 0.227969942515 16.1023 0.082
55891.684154 0.230122760554 16.1428 0.091
54234.361375 0.230339607229 16.1296 0.118
53713.681123 0.231087765524 15.8019 0.088
53627.795917 0.23135751981 16.206 0.109
54234.366531 0.234181742848 16.0929 0.116
55891.696108 0.23903061338 16.1195 0.09
55204.615156 0.241707291261 16.0895 0.082
55149.616602 0.258017738206 16.0893 0.087
55149.627529 0.266160293655 16.0844 0.086
55149.63844 0.274290926269 16.0653 0.088
55149.649307 0.282388771065 16.0314 0.085
53806.412852 0.33269347418 16.1091 0.1
53806.421403 0.339065487694 16.017 0.098
53806.429896 0.345394280909 15.8731 0.093
55098.740762 0.346482240181 16.1106 0.102
53806.438399 0.351730525898 15.9725 0.096
55588.565195 0.352669449656 16.069 0.083
55098.751286 0.354324489065 16.0776 0.101
55301.389874 0.356057772125 16.191 0.109
55098.761927 0.362253923729 16.1468 0.103
55588.584207 0.366836765867 16.1001 0.084
55098.772592 0.370201242656 16.1028 0.101
54819.651222 0.375213307081 16.0283 0.073
54819.66356 0.384407308103 15.9958 0.072
54819.675913 0.393612486788 16.0098 0.072
54819.688325 0.402861630954 16.0625 0.073
55541.685331 0.418845690114 15.9869 0.102
54442.644744 0.438437153953 16.0658 0.094
55541.716867 0.442345610381 16.0131 0.103
54442.658315 0.448549958938 16.0619 0.094
54442.671917 0.458685864425 16.0583 0.094
54442.685569 0.468859028793 16.0901 0.095
53825.395073 0.477819044053 16.0857 0.09
54598.365876 0.478333961766 16.071 0.109
54598.370377 0.481688006065 16.1011 0.111
56376.472576 0.483587463725 16.0859 0.086
54598.374843 0.485015969151 16.1001 0.111
54779.539944 0.485188105172 16.0317 0.087
53825.405975 0.485942970067 16.063 0.088
54598.37936 0.488381936295 16.0748 0.11
56376.479924 0.489063028607 16.167 0.088
54779.545285 0.489168098647 16.046 0.087
54779.550621 0.493144366232 16.0989 0.089
56411.377355 0.493846323512 16.1381 0.099
56376.488294 0.495300164981 16.1349 0.087
54779.555959 0.497122124169 15.9796 0.086
56411.384844 0.499426958435 16.0896 0.097
53825.424704 0.499899401021 16.2162 0.093
56376.495589 0.500736235448 16.1159 0.087
56411.392184 0.504896561894 16.4842 0.111
53825.438097 0.509879564395 16.1274 0.09
56411.399574 0.510403424239 15.9559 0.094
54108.602936 0.51796995742 16.1597 0.099
54065.66467 0.521336669738 16.1743 0.117
54108.611146 0.524087865378 16.0797 0.097
54912.446969 0.52452379426 16.057 0.087
54065.670725 0.525848720008 16.1209 0.115
54108.619341 0.530194595669 16.1236 0.098
54065.676764 0.530348847433 16.137 0.115
54912.454989 0.530500118479 16.0807 0.088
56235.632614 0.532804952747 16.1566 0.081
54065.68282 0.534861642876 16.1072 0.115
54108.627607 0.536354233576 16.0786 0.097
54912.463041 0.536500288383 16.1463 0.09
54504.508123 0.537640410083 16.0292 0.092
56235.645409 0.542339499921 16.0962 0.08
54912.471079 0.542490025797 16.1529 0.09
54504.519277 0.545952120846 16.0859 0.093
54379.717242 0.546273292384 16.0876 0.112
56235.65823 0.551893421719 16.1365 0.08
54379.725906 0.552729510967 16.0845 0.123
54504.53039 0.55423327933 16.4104 0.103
54379.734843 0.559389163027 16.0037 0.121
56235.671034 0.561434675494 16.1522 0.081
54504.541516 0.562524125119 16.3638 0.102
54379.744027 0.566232873954 16.0532 0.125
54896.468355 0.617618829738 16.0941 0.08
54896.478127 0.624900705086 16.1002 0.08
56266.627806 0.629727220288 16.1811 0.087
54896.487899 0.632182580428 16.2986 0.085
56266.638471 0.637674539215 16.37 0.092
54080.583476 0.638496470091 16.2525 0.111
55657.389601 0.63907398272 16.372 0.1
54896.497695 0.639482340032 16.496 0.09
56266.649225 0.645688178948 16.4381 0.094
54205.400643 0.649451325743 16.244 0.123
54205.400643 0.649451325743 16.244 0.123
54080.600087 0.650874614926 16.3485 0.112
56266.659925 0.653661579088 16.5163 0.097
54205.408109 0.655014821582 16.3232 0.127
54205.408109 0.655014821582 16.3232 0.127
54205.415607 0.6606021631 16.3783 0.132
54205.415607 0.6606021631 16.3783 0.132
54205.423056 0.666152990916 16.3785 0.132
54080.632778 0.675235215301 15.9805 0.128
54205.445745 0.683060325101 16.4308 0.138
54927.426544 0.686967291173 16.4722 0.1
54205.453188 0.688606681855 16.0364 0.225
54205.453188 0.688606681855 16.0364 0.225
54927.434581 0.69295628341 16.44 0.099
54927.442632 0.698955708131 16.3561 0.097
54927.450668 0.704943955189 16.2676 0.095
56297.613135 0.719299801332 16.131 0.101
56297.630944 0.732570668911 16.0555 0.13
54833.558345 0.738489614455 16.0486 0.07
56297.639834 0.739195297629 16.1124 0.101
56297.648989 0.746017398404 16.1495 0.103
54833.572397 0.74896084986 16.0659 0.071
54417.566777 0.750898311574 16.177 0.095
53742.566348 0.755709923229 16.13 0.088
54833.58647 0.759447733988 16.068 0.071
54417.580457 0.76109234091 16.1757 0.095
53742.579556 0.765552228746 16.1334 0.088
54833.600553 0.769942069889 16.0378 0.07
54417.594146 0.771293076852 16.1256 0.094
53742.59277 0.775399005336 16.1023 0.088
54417.608068 0.781667439165 16.1343 0.094
53742.605993 0.785252488516 16.126 0.088
53859.363371 0.790233255484 16.0723 0.101
53859.369986 0.795162605196 16.1796 0.105
54864.500063 0.795564255914 16.0733 0.088
54747.750677 0.796538948196 16.0596 0.097
53859.376586 0.800080777246 16.1424 0.104
54378.71677 0.800743985295 16.172 0.112
54864.50706 0.800778263468 16.0891 0.088
54747.757807 0.801852064364 16.1038 0.098
55268.440477 0.802905745463 16.0441 0.092
53859.383186 0.804998949296 16.1081 0.103
54864.514058 0.805993016193 16.0811 0.088
54747.764954 0.807177848549 16.0526 0.097
54378.72544 0.807204674945 16.1372 0.11
54005.661122 0.808037783479 16.1274 0.109
54864.521066 0.811215220697 16.115 0.089
54747.77206 0.812473080459 16.1127 0.098
54005.671214 0.815558115653 16.1153 0.109
54052.642901 0.81780631642 16.0935 0.107
54005.681043 0.822882466115 16.0941 0.108
54052.656285 0.827779773193 16.1276 0.109
54005.690662 0.830050329292 16.0709 0.107
55303.372159 0.833212117776 16.0584 0.093
54052.669588 0.837692870583 16.2304 0.113
53726.585013 0.846777330505 16.0915 0.111
53726.59366 0.853220881064 16.1136 0.113
54173.467033 0.853241000861 16.1275 0.098
54938.391647 0.857916245015 16.0157 0.085
53726.602226 0.859604072246 16.0321 0.109
54173.476882 0.86058025488 16.0852 0.097
54938.400229 0.864311359036 16.0372 0.086
53597.780761 0.864736110261 16.0307 0.117
53726.61076 0.865963417742 16.1546 0.114
54487.505611 0.867749608407 15.9762 0.093
54173.486699 0.867895663213 16.0876 0.097
55178.618579 0.869640869114 16.1012 0.09
54938.408837 0.870725847676 16.3974 0.096
53597.78961 0.871330186694 16.0829 0.119
54173.496502 0.875200639063 16.063 0.097
54487.516855 0.876128385154 15.9902 0.094
54762.619666 0.876576236879 15.9551 0.099
54938.417433 0.877131394181 16.1685 0.09
53597.798805 0.878182094571 16.0654 0.117
55178.63271 0.88017097354 16.0967 0.083
54487.528103 0.884510142607 16.036 0.095
54762.63036 0.884545165958 16.0685 0.103
53597.807714 0.884820881663 16.0972 0.118
53954.773012 0.887358956508 16.1422 0.109
55621.491267 0.888440209181 16.1314 0.085
55178.646919 0.890759201822 16.4809 0.096
54762.641362 0.892743609728 16.077 0.103
54487.539291 0.892847189411 16.1757 0.099
53954.783375 0.895081231805 16.1395 0.109
54762.652265 0.900868280915 16.0365 0.101
55178.6611 0.901326565129 16.2922 0.095
53954.793751 0.902813194407 15.9088 0.101
53757.535759 0.910579435181 16.124 0.089
53954.804235 0.910625636195 15.9029 0.1
55621.525074 0.913632427739 15.9846 0.152
53757.548969 0.92042323106 16.1497 0.089
53757.562194 0.930278204595 15.7953 0.081
54801.615874 0.935676271011 16.0795 0.102
53757.575399 0.940118274584 15.882 0.083
54801.622792 0.940831409532 16.1111 0.106
54801.629788 0.946044671902 16.1071 0.109
53675.725346 0.947293589532 16.1051 0.124
54522.505683 0.94901867564 16.3985 0.137
54801.636497 0.951044068309 16.0304 0.102
53675.731824 0.952120849918 16.0705 0.122
54522.514256 0.955407083061 16.1433 0.117
53675.73831 0.956954071722 16.0691 0.122
53675.744794 0.961785803171 16.0128 0.12
55962.45088 0.963900617151 16.0285 0.08
54032.7125 0.966118265642 16.0402 0.108
55962.46136 0.971710078227 16.0638 0.081
54032.723302 0.974167673894 16.156 0.123
55962.471933 0.979588840814 16.0696 0.081
54032.734088 0.982205159307 16.1249 0.27
55962.482495 0.987459406446 16.0945 0.081
54032.750462 0.99440669706 16.1252 0.123
