53830.580424 0.00552826239526 17.4883 0.176
53820.573559 0.00740692038856 17.4067 0.168
53845.595387 0.00923661857853 17.4325 0.17
54509.711593 0.00940168309179 17.3035 0.15
54509.720093 0.0212919235874 17.4062 0.156
53845.604026 0.021321299472 17.5028 0.177
53820.585341 0.0238881925623 17.4916 0.175
54615.523053 0.0239553374483 17.4803 0.138
53845.61256 0.0332591009253 17.4338 0.171
54615.531233 0.0353979453618 17.5484 0.142
53820.59731 0.0406310500238 17.7375 0.198
54615.539403 0.0468265647524 17.7713 0.158
53580.405821 0.0483289316067 17.6162 0.189
53820.609352 0.0574760236724 17.8312 0.206
54226.657462 0.0586146890605 17.8983 0.21
53580.413975 0.0597351693707 17.7812 0.206
53580.430343 0.0826315759958 17.8636 0.215
53936.438665 0.085521603863 17.8605 0.19
54595.552854 0.0886060721312 17.8642 0.202
54226.679284 0.0891404335227 17.7172 0.192
54153.764315 0.0919031658753 17.7727 0.195
55706.468462 0.0949288823624 17.777 0.174
55299.706817 0.0956604818674 17.5639 0.13
53936.449511 0.100693550725 17.7237 0.179
54595.563221 0.103107968968 17.6501 0.182
54226.690238 0.104463456392 17.4402 0.169
54153.773792 0.105160084596 17.6598 0.186
55706.480219 0.111375183239 17.5291 0.155
53936.460354 0.115861301041 17.4323 0.157
54595.573586 0.11760706811 17.2851 0.152
54153.783202 0.118323280243 17.5073 0.173
55706.492133 0.128041103855 17.3604 0.145
54923.707369 0.128147416598 17.4663 0.144
53936.471237 0.131085005418 17.3522 0.152
54595.58395 0.1321047684 17.4665 0.172
54923.718187 0.143280195607 17.4894 0.146
55706.50405 0.144711221027 17.2856 0.14
54923.728975 0.158371009066 17.4482 0.144
54923.739804 0.17351917545 17.3562 0.139
54527.702524 0.176048299549 17.4916 0.141
54954.493537 0.193434628853 17.4449 0.179
54174.568844 0.194356472203 17.3922 0.162
54527.716447 0.195524513471 17.5028 0.142
54174.574026 0.201605322348 17.3681 0.16
54954.502527 0.206010306729 17.4388 0.178
54174.579236 0.208893340336 17.4513 0.166
54126.685438 0.212566725226 17.4363 0.167
54527.729803 0.214207578416 17.4624 0.14
53889.35108 0.216967513059 17.39 0.143
54954.511594 0.218693696212 17.553 0.188
53555.510234 0.223091686339 17.3702 0.192
55360.562256 0.223402231438 17.2687 0.141
54954.520657 0.231371490275 17.4348 0.178
53889.36195 0.232173032366 17.4166 0.144
54527.743068 0.232763347842 17.5017 0.142
54126.700125 0.233111661945 17.457 0.168
53555.517551 0.233327085118 17.3493 0.19
53555.524906 0.243615640274 17.2627 0.183
53889.372833 0.247396736754 17.5164 0.15
54974.550651 0.250365100316 17.3926 0.129
53555.532251 0.253890206907 17.2325 0.181
53889.383711 0.262613446879 17.3872 0.142
54974.561847 0.266026645319 17.4533 0.133
54974.573038 0.281681196071 17.2771 0.124
53881.535758 0.284490090524 17.4966 0.18
54974.584191 0.297282590445 17.3031 0.126
54189.655336 0.298123300393 17.4757 0.207
53881.546198 0.299094103548 17.3666 0.17
56153.409552 0.299287145101 17.4338 0.138
56153.416666 0.309238576965 17.3334 0.135
54189.663953 0.310177206546 17.5737 0.217
53881.556486 0.313485491104 17.4174 0.174
56153.423763 0.319166228351 17.3062 0.131
54189.67257 0.322231112699 17.298 0.19
53881.566769 0.327869884388 17.4613 0.178
56153.43093 0.329191799367 17.2743 0.14
54189.681313 0.334461274181 17.2632 0.186
55060.399613 0.340342047243 17.2842 0.136
55060.405957 0.349216363206 17.295 0.137
55060.412313 0.358107465387 17.3045 0.138
54323.392152 0.376112087193 17.3265 0.149
54323.403833 0.392452075325 17.3006 0.148
54323.415407 0.408642386323 17.2941 0.148
54588.637055 0.414428037459 17.4218 0.14
53899.502086 0.416720755598 17.3235 0.167
54323.426885 0.424698407541 17.3767 0.154
53899.510654 0.428706118009 17.3734 0.17
55328.540701 0.429991662834 17.3806 0.15
54588.650113 0.432694244562 17.4896 0.144
55654.528481 0.438591803842 17.3693 0.129
53899.519195 0.440653711428 17.3847 0.171
55386.455497 0.444209592763 17.2098 0.194
54588.66319 0.450987029838 17.4 0.14
53899.527751 0.452622287622 17.395 0.172
54939.666606 0.452755178541 17.2227 0.115
54182.621697 0.459104566968 17.4231 0.165
56363.699165 0.463295527022 17.4359 0.138
54939.675725 0.465511308313 17.2583 0.117
54588.676273 0.469288208228 17.4089 0.141
55386.47727 0.474666793493 17.2612 0.148
54939.684871 0.478305207076 17.227 0.116
56376.577737 0.478509439445 17.5737 0.143
56363.710996 0.479845342938 17.4328 0.139
54182.636895 0.480364316967 17.5397 0.174
55654.561957 0.485419767445 17.4348 0.132
55674.57926 0.486660549013 17.4405 0.151
54939.694125 0.491250181846 17.3279 0.121
53806.622595 0.49207550442 17.2655 0.159
55737.492214 0.492560905999 17.321 0.126
56376.589922 0.4955544489 17.4477 0.137
56363.722989 0.496621772844 17.3375 0.135
56459.518537 0.500398672767 17.3211 0.124
54182.651772 0.501175035521 17.3759 0.162
54859.636173 0.502038127097 17.3612 0.175
55737.499262 0.502420013642 17.4296 0.133
53806.632125 0.505406562282 17.1969 0.154
56376.601878 0.512279121292 17.0878 0.127
55737.506371 0.512364451256 17.4451 0.134
56363.734955 0.513360433749 17.3991 0.135
54859.645143 0.514585827948 17.4448 0.18
56459.529122 0.515205519303 17.3618 0.13
54197.675206 0.516733065493 17.5369 0.224
53806.641739 0.518855123706 17.5419 0.181
54182.666473 0.521739556162 17.2734 0.155
55737.513453 0.522271119857 17.5132 0.137
54859.654078 0.527084568978 17.4602 0.181
56376.613874 0.529059747755 17.5551 0.142
54197.684729 0.530054331399 17.6412 0.238
56459.539891 0.530269754579 17.2782 0.138
53806.650982 0.531784711101 17.5361 0.18
55351.494215 0.538556552773 17.6682 0.232
54859.66299 0.539551136416 17.5923 0.19
54197.694236 0.543353215678 17.6374 0.24
56459.550518 0.54513535289 17.4082 0.163
55674.622994 0.547837934613 17.7994 0.182
54197.703764 0.556681475835 17.7519 0.256
54210.591211 0.584310198181 17.788 0.196
56404.538686 0.591733904804 17.758 0.136
56391.671612 0.592603990635 17.5478 0.14
56429.560789 0.593948287243 17.6001 0.125
54210.602159 0.599624827937 17.685 0.186
55265.75623 0.603819984549 17.5038 0.145
56404.549469 0.606817724002 17.424 0.119
56429.57143 0.608833469486 17.5138 0.12
54167.71822 0.611348605062 17.3987 0.218
56391.685484 0.61200886312 17.509 0.139
54210.613075 0.61489469443 17.4433 0.166
56404.560562 0.62233518727 17.3453 0.115
54167.726761 0.623296198471 17.2644 0.207
56429.582094 0.623750825312 17.3686 0.114
55043.449303 0.629370013088 17.3236 0.182
54210.623951 0.630108606851 17.4019 0.164
56391.699263 0.631283642383 17.4129 0.133
56101.46184 0.632135543144 17.2966 0.121
54463.690993 0.633401504034 17.2627 0.222
54167.735349 0.635309537928 17.334 0.225
55043.45434 0.636416029711 17.4415 0.194
54463.698112 0.64335993016 17.2922 0.223
55043.459406 0.643502613051 17.2573 0.179
54167.744074 0.647514520078 17.2844 0.252
56101.474486 0.649825423284 17.3996 0.128
55043.464453 0.650562618197 17.2684 0.181
56495.37138 0.653213442395 17.3707 0.132
54463.70528 0.653386900028 17.1727 0.211
54127.722413 0.663141093788 17.3843 0.158
54463.712627 0.663664264366 17.1707 0.21
56101.487243 0.667670575989 17.3198 0.126
56495.381959 0.668011895827 17.4884 0.138
54127.728526 0.671692274973 17.3974 0.158
54912.66165 0.676823263461 17.4909 0.155
56414.609757 0.679669926915 17.0707 0.089
54127.734731 0.680372150528 17.2921 0.151
56495.390904 0.68052462538 17.1193 0.119
56101.500058 0.685596862086 17.4205 0.134
54127.740932 0.689046430684 17.3188 0.153
56495.399919 0.693135274564 17.503 0.138
54912.673999 0.694097684612 17.4524 0.146
56076.487351 0.696526091382 17.3568 0.147
56414.623882 0.699428708909 17.2733 0.097
54662.480569 0.710562170563 17.3614 0.161
54912.686384 0.711422464435 17.4285 0.147
56076.499857 0.714020132272 17.2746 0.143
56414.638017 0.719201479415 17.3751 0.098
54662.487138 0.719751228181 17.2002 0.13
54296.473179 0.720457648356 17.376 0.153
54344.373823 0.726360803049 17.4373 0.198
54912.69877 0.728748643111 17.4029 0.143
54662.493698 0.728927696138 17.3496 0.147
56076.512284 0.731403663861 17.3544 0.147
54296.481365 0.731908649373 17.3312 0.151
54344.378915 0.733483756528 17.3265 0.188
56414.652229 0.739081961518 17.1879 0.093
54344.384 0.74059691804 17.3757 0.194
54296.489563 0.743376436618 17.3381 0.152
54334.379109 0.74523690954 17.2098 0.146
54344.389081 0.747704484154 17.2664 0.184
56076.524763 0.74885993576 17.423 0.154
56033.633236 0.749969225255 17.2844 0.102
56061.515734 0.753452366292 17.3285 0.12
54296.497757 0.754838628443 17.3118 0.151
56033.644565 0.765816817553 17.4257 0.107
56061.525602 0.767256236077 17.3515 0.122
54334.399866 0.774272876816 17.2719 0.152
54622.493708 0.774868787695 17.3597 0.132
53607.376755 0.776669109984 17.3347 0.173
56061.535521 0.781131447298 17.377 0.123
56033.655886 0.781653219032 17.3492 0.104
54867.699664 0.781667207549 17.5043 0.148
54622.50353 0.788608310295 17.4142 0.135
53607.386558 0.790382054401 17.2931 0.17
56061.545434 0.794998265416 17.3352 0.122
56033.667162 0.797426672178 17.3955 0.106
54867.712378 0.799452209615 17.4237 0.142
54246.489521 0.800726563634 17.3464 0.197
54887.7303 0.801558880468 17.404 0.14
54622.513354 0.802350630599 17.3813 0.134
53948.389709 0.803261283136 17.3826 0.134
53607.396377 0.804117380444 17.3126 0.173
53948.395192 0.81093118768 17.363 0.133
54246.49807 0.812685347862 17.2845 0.191
54622.523175 0.816088754347 17.4127 0.136
54887.741116 0.816688861772 17.367 0.138
54867.725055 0.817185454176 17.4208 0.142
53607.406192 0.817847111088 17.3356 0.175
53948.400709 0.818648653181 17.482 0.139
55238.746548 0.821277095757 17.3576 0.148
54246.506637 0.824669311421 17.3914 0.202
53948.406206 0.826338141646 17.3497 0.133
54887.751991 0.831901375341 17.4511 0.143
54867.738037 0.835345348535 17.4937 0.146
54246.515224 0.836681252025 17.4111 0.203
54887.762787 0.847003379619 17.4568 0.143
54274.405102 0.850487919505 17.2516 0.175
54274.414026 0.86297127317 17.3123 0.182
54095.697006 0.864342147961 17.3268 0.206
53860.505873 0.866797132909 17.4197 0.125
54095.704745 0.875167862216 17.4368 0.214
54274.422968 0.875479806167 17.3182 0.181
53860.519314 0.885599100248 17.3227 0.12
54095.712488 0.885999171869 17.3879 0.207
54274.431865 0.887925390831 16.9796 0.184
54095.72024 0.896843071204 17.4188 0.21
53860.532685 0.904303147967 17.3338 0.121
53734.716551 0.906174811705 17.0959 0.177
55766.390014 0.916301100046 17.4146 0.132
53734.723902 0.916457771452 17.1813 0.184
56011.591977 0.917513904575 17.3738 0.123
53860.546005 0.922935854239 17.3097 0.12
55766.396359 0.925176814861 17.1485 0.118
53875.560183 0.925546111747 17.3737 0.17
53734.731238 0.926719748424 17.3041 0.195
55766.402708 0.934058125086 17.4175 0.132
56046.633051 0.934784129176 17.4121 0.126
56011.605389 0.936275305218 17.4334 0.127
53734.738529 0.936918777064 17.2417 0.189
53875.56875 0.937530075306 17.3175 0.166
55766.409072 0.942960418085 17.3239 0.128
53729.73901 0.943332512663 17.0958 0.17
53762.62357 0.943959198288 17.3406 0.219
53729.741689 0.947080036702 17.355 0.192
53875.577345 0.949553206718 17.3218 0.166
53729.74439 0.950858335471 17.6775 0.224
56046.645058 0.951580143014 17.4269 0.127
53762.630291 0.953360881384 17.3587 0.215
53729.747067 0.954603061796 17.1458 0.174
56011.618928 0.955214360051 17.3849 0.124
53875.585884 0.961498002433 17.3644 0.169
53762.636956 0.962684228781 17.1843 0.192
54241.602724 0.964821674358 17.2385 0.178
53830.551601 0.965209156317 17.4278 0.172
56046.657219 0.968591580025 17.3535 0.123
53762.643638 0.972031356658 17.3944 0.212
56011.632464 0.974149218318 17.3755 0.123
54241.610939 0.976313242082 17.3847 0.166
53830.561169 0.978593370556 17.3376 0.165
54509.694476 0.985457536443 17.2626 0.15
56046.669337 0.985542866407 17.3794 0.124
54241.619161 0.987814601771 17.3624 0.165
53830.570864 0.992155238975 17.3615 0.166
53845.586729 0.997125359502 17.4511 0.172
54509.703108 0.997532425381 17.1971 0.144
54241.627379 0.999310366042 17.3518 0.164
