54839.667548 0.000527368683015 17.8176 0.204
54589.488458 0.00110405389815 17.7768 0.14
54589.495099 0.00638649045279 17.7467 0.138
54868.591735 0.00763213051534 17.7666 0.168
54839.67804 0.00887299800666 17.7347 0.196
54589.501736 0.0116657452948 17.798 0.141
54868.602223 0.0159745781264 17.8461 0.174
54589.508369 0.0169418184301 17.7991 0.142
54839.692783 0.0205999912493 17.7071 0.189
54868.612145 0.0238668135551 17.8836 0.177
54120.608457 0.0408786296386 17.8677 0.198
54120.621668 0.0513870273666 17.9191 0.203
54130.683188 0.0546005560063 18.153 0.286
54120.634956 0.0619566730448 18.1977 0.232
54130.693561 0.0628515294091 17.8546 0.245
54130.70386 0.0710436411519 18.2391 0.301
54120.648419 0.0726655185971 18.0212 0.212
55181.715664 0.0751353221707 18.2926 0.22
54130.714156 0.0792333666103 18.2664 0.304
55181.721215 0.0795507423314 18.2876 0.219
55181.726588 0.0838245763335 18.1931 0.208
53899.40874 0.0924565596941 18.2459 0.26
54999.45416 0.0992534909351 18.1918 0.219
54212.457656 0.100292319745 18.128 0.227
54999.46712 0.109562236267 18.0828 0.215
54212.470944 0.110861965423 18.0789 0.222
53763.661942 0.115668736104 18.1959 0.232
56074.371321 0.118332624076 17.8826 0.178
54999.480006 0.119812119933 18.1022 0.224
53763.668718 0.121058555424 18.1376 0.225
54212.484252 0.121447519659 17.9582 0.209
53763.675479 0.126436443322 17.8412 0.195
56074.383161 0.127750490181 17.7874 0.171
53763.682153 0.131745129 17.9966 0.209
54212.497429 0.131928872841 17.8453 0.198
56074.39534 0.137438006342 17.7921 0.172
53826.554025 0.141785019705 17.9482 0.175
56074.407392 0.147024503157 17.8262 0.176
54178.577002 0.150675517126 17.9234 0.362
53826.56638 0.151612531168 17.8189 0.165
54178.583016 0.155459220399 17.8233 0.252
54178.58906 0.16026678651 17.818 0.251
53826.581947 0.163994956986 17.7865 0.163
54178.595086 0.16506003492 17.7716 0.245
53826.597221 0.176144322438 17.9799 0.179
53826.612553 0.188339822698 17.8273 0.167
54241.500916 0.202111065593 17.8395 0.202
54100.702416 0.207058627012 17.7085 0.234
54241.510832 0.209998528458 17.9202 0.211
54974.453291 0.212865250538 17.8643 0.18
54100.713163 0.215607090445 17.8294 0.25
54476.613091 0.216890115615 17.8323 0.24
54241.520735 0.217875650758 17.7991 0.199
54974.460829 0.218861185906 17.7142 0.168
55586.711874 0.220412270271 17.7653 0.218
54100.723881 0.224132486466 17.6532 0.227
54476.622546 0.224410886225 17.6449 0.218
54974.468415 0.224895301808 17.7242 0.169
54241.530585 0.225710615383 17.8322 0.203
54974.47601 0.230936576557 17.7046 0.167
54476.63199 0.231922907131 17.7005 0.224
54197.536961 0.231955519671 17.8141 0.247
53879.4694 0.232149604077 17.7224 0.199
54100.734368 0.232474138649 17.9049 0.26
53879.478462 0.239357771529 17.7412 0.201
54476.641612 0.239576514196 17.7233 0.227
54197.548604 0.241216686489 17.7422 0.238
55586.739424 0.242326308379 17.8887 0.233
53879.487479 0.246530144731 17.6642 0.194
55248.565258 0.249166192726 17.8942 0.238
54197.5602 0.250440468189 17.9155 0.261
53879.49645 0.253665928244 17.7669 0.205
54197.57173 0.259611751654 17.8147 0.248
53723.668294 0.303606072299 17.8785 0.246
53723.680309 0.313163138284 17.5782 0.21
54896.636516 0.315232841625 17.7809 0.164
54896.641468 0.319171800492 17.8202 0.167
54896.645747 0.322575436394 17.7897 0.164
53723.692441 0.322813269327 17.6069 0.213
54896.650038 0.325988617427 17.6142 0.152
53723.705384 0.333108492386 17.6191 0.213
56362.540243 0.335927488797 17.7324 0.155
56362.556363 0.348749786232 17.8019 0.16
56362.57127 0.360607229644 17.7032 0.153
55160.709729 0.366428966303 17.7739 0.211
55942.684806 0.371207101578 17.7152 0.148
56362.586045 0.372359676576 17.8503 0.163
55160.717273 0.372429674234 17.7933 0.212
55160.724766 0.378389815341 17.6416 0.198
55942.698976 0.382478314647 17.7413 0.15
55160.732254 0.384345979313 17.8 0.254
55942.713224 0.393811571089 17.6207 0.142
55942.727476 0.405148009243 17.5941 0.14
56029.494525 0.422077896254 17.5975 0.129
56303.569706 0.429118228425 17.8166 0.165
55653.606385 0.430171374936 17.8908 0.143
56029.505046 0.430446592982 17.8602 0.144
54167.616904 0.43270799445 17.4514 0.215
54167.623754 0.43815667543 17.7345 0.249
56303.581663 0.438629159589 17.8232 0.164
56029.515691 0.438913922772 17.8663 0.144
54167.630586 0.443591038709 17.996 0.286
56029.526272 0.447330345178 17.6937 0.135
56303.594058 0.448488488172 17.6123 0.149
54167.637441 0.44904369683 17.6913 0.243
55653.637073 0.454581465734 17.9355 0.147
56303.606197 0.458144187213 17.717 0.153
55208.651349 0.500530152682 17.9335 0.159
55208.699384 0.538738530924 17.8094 0.149
54953.491987 0.539659636411 17.6935 0.194
54953.500369 0.546326912906 17.654 0.191
54953.508749 0.552992598544 17.8025 0.205
54064.680663 0.554351984791 17.8328 0.205
54953.517144 0.559670215599 17.8413 0.209
54064.695545 0.566189542512 17.5519 0.249
55368.406974 0.574608351196 17.8204 0.177
54064.710425 0.57802550937 17.8998 0.208
54064.72526 0.589825681979 17.6352 0.197
55368.428772 0.591947088137 17.7224 0.17
54909.558826 0.593998496642 17.7979 0.208
54909.567655 0.601021329398 17.7391 0.202
54909.576478 0.608039389591 17.8231 0.211
54450.712134 0.61454678508 17.9417 0.503
54909.585333 0.615082903473 17.8572 0.215
56414.440167 0.618574036439 17.8693 0.136
54450.718685 0.619757633125 17.6519 0.186
56414.451119 0.627285562584 17.8079 0.133
54938.519573 0.630184101781 17.8399 0.165
54258.383558 0.631035209616 17.7174 0.2
56414.462069 0.635995497879 17.9268 0.139
54938.530348 0.638754837196 17.8597 0.166
56414.47304 0.644722137153 17.7903 0.132
54258.402794 0.646336060327 18.1323 0.463
54938.541119 0.647322390898 17.8218 0.164
54938.551878 0.655880399463 17.9031 0.171
54615.464001 0.662775168333 17.7369 0.154
54615.473821 0.670586270119 17.7255 0.154
54816.623508 0.670655472343 17.7036 0.215
55739.397308 0.670663426624 17.8954 0.161
55739.403648 0.675706439386 17.712 0.148
54816.632787 0.67803624765 17.8702 0.232
54615.483666 0.678417257603 17.7578 0.156
55739.410018 0.680773314987 17.8205 0.155
54816.642042 0.685397932683 17.9794 0.245
55739.41637 0.685825872882 17.9104 0.162
54615.493497 0.686237109099 17.7465 0.156
54816.651332 0.692787457694 17.6185 0.203
54923.527319 0.704927278007 17.5588 0.148
54923.539719 0.714790583725 17.7961 0.164
54508.668743 0.71484944539 17.7577 0.18
54508.67368 0.718776472834 17.745 0.178
54508.678607 0.722695546003 17.647 0.171
54923.552232 0.724743772796 17.6556 0.154
54508.683534 0.726614619172 17.7307 0.177
54923.564648 0.734619805359 17.7154 0.159
55627.590101 0.736093733223 17.834 0.181
54527.566824 0.746909961542 17.7612 0.183
54884.610698 0.749561918092 17.851 0.17
55685.439562 0.751167886985 17.8002 0.172
54527.575315 0.753663939676 17.6595 0.174
54884.618301 0.755609556272 17.7837 0.165
54527.583784 0.760400418397 17.6165 0.17
54884.625852 0.761615832195 17.7205 0.16
54527.592192 0.767088376012 17.6442 0.173
54884.633315 0.767552110468 17.698 0.159
55627.634576 0.771470388206 17.6779 0.169
55685.466197 0.772354108585 17.7966 0.175
54595.499467 0.782428202692 17.7252 0.186
53823.592097 0.785784908347 17.7945 0.167
53847.478739 0.785885927686 17.8535 0.146
54595.509793 0.790641790983 17.8337 0.198
53823.605689 0.796596364102 17.6427 0.271
55709.383835 0.797110210511 17.9223 0.202
53847.494643 0.798536412698 17.7428 0.139
54595.520169 0.798895150676 17.6639 0.197
53740.637338 0.801256776052 17.7204 0.165
54595.530538 0.807142942367 17.551 0.175
55709.396608 0.80727021083 17.7247 0.164
53740.647263 0.809151397765 17.8305 0.173
53847.510488 0.811139967467 17.8452 0.145
55362.424151 0.815704132645 17.7086 0.176
53740.657214 0.817066700604 18.0218 0.188
55709.409348 0.817403962027 17.8183 0.155
53813.577721 0.820071031711 17.7832 0.163
53847.526373 0.82377533935 17.8877 0.148
53740.667197 0.825007457138 17.8949 0.18
55709.422051 0.827508282394 17.8392 0.155
55665.423555 0.82987786205 17.6918 0.168
53813.59292 0.832160740068 17.9325 0.175
55680.522435 0.839947979016 17.8179 0.165
55299.596058 0.840487279122 17.766 0.139
53813.608125 0.844255220989 17.6278 0.153
56389.583648 0.847005810601 17.793 0.134
54296.372343 0.848373946557 17.8646 0.192
54296.379096 0.85374547103 17.7287 0.182
53813.623332 0.856351292772 17.7716 0.163
56389.59588 0.856735484436 17.7385 0.132
55680.544177 0.857242171998 17.727 0.161
54296.385661 0.858967455069 17.9053 0.2
56056.447598 0.861303626753 17.8101 0.167
54296.392209 0.864175916828 17.6593 0.174
55665.466924 0.864374773801 17.8308 0.181
56389.607959 0.866343457805 17.8729 0.139
55386.374848 0.866756284874 17.7131 0.172
56056.457044 0.868817238515 17.7801 0.165
56389.620125 0.8760206334 17.6967 0.131
56056.46678 0.87656152436 17.5601 0.15
54189.54829 0.87754387779 17.6319 0.222
54854.603685 0.881147166091 17.6834 0.211
54189.556007 0.883682194744 17.8444 0.246
55386.396533 0.884005138464 17.7992 0.185
56056.476283 0.88412047551 17.8022 0.169
54854.6079 0.884499894608 17.7776 0.218
54854.6121 0.887840691703 17.848 0.261
54189.563744 0.889836420256 18.206 0.298
54854.616455 0.891304780126 17.7376 0.23
54189.571449 0.895965192078 17.9448 0.26
54536.590401 0.924514689566 17.6643 0.209
54536.600696 0.932703619596 17.7924 0.224
54536.611 0.940899708474 17.7466 0.218
54536.621328 0.949114887627 17.9222 0.239
54839.657144 0.992251737013 17.7897 0.202
54868.581921 0.999825801292 17.7536 0.168
