54062.670854 0.00035508125103 16.022 0.1
55645.498328 0.0027000969164 16.0988 0.096
56414.407381 0.0108792945704 16.0109 0.08
55330.402385 0.0259135327952 16.0367 0.116
54528.64835 0.0272007022845 16.0957 0.086
56077.41093 0.0309019310015 16.1271 0.09
54062.685037 0.0353281172679 16.1146 0.103
56414.417407 0.0356018257166 16.0604 0.081
56077.417933 0.0481702219975 16.2227 0.094
55656.466692 0.0489518938994 16.1248 0.091
54528.657705 0.0502686534773 16.143 0.088
56077.425514 0.066863769642 16.2335 0.092
54528.667116 0.0734746918288 16.1551 0.088
56077.43258 0.084287408678 16.2288 0.093
55645.534039 0.0907577778828 16.2417 0.102
54528.676569 0.0967842955582 16.2076 0.089
53825.471418 0.104041268338 16.2583 0.099
55656.496513 0.122485765928 16.2078 0.093
53825.481073 0.127848972125 16.2408 0.098
53877.398359 0.147669409507 16.2227 0.113
53825.490524 0.151153644151 16.2092 0.097
56388.513533 0.160743303389 16.2144 0.131
54818.666879 0.167048461188 16.1604 0.101
53877.4089 0.173661849244 16.1611 0.111
53825.500693 0.176228790686 16.1597 0.096
56388.524113 0.186831910957 16.3136 0.252
54909.51732 0.189874759891 16.1545 0.113
55680.45128 0.191154531856 16.1124 0.091
53877.419181 0.19901317006 16.1601 0.11
54818.67986 0.199057555213 16.1382 0.099
54909.526578 0.212703524426 15.9989 0.107
56388.534648 0.212809555638 16.313 0.187
53877.429511 0.224485317154 16.1386 0.109
54818.692852 0.231093773508 16.1028 0.098
54212.40934 0.231791606768 16.0071 0.102
54909.535861 0.235593935012 16.006 0.108
56388.545329 0.239147213235 16.1063 0.22
53704.677111 0.244374798107 16.0319 0.174
55680.476601 0.253592115234 15.95 0.089
54909.545157 0.258516401554 15.9507 0.106
54212.420185 0.258533662453 15.967 0.1
56358.543986 0.260577845394 15.9037 0.099
53704.683999 0.261359517294 15.8216 0.266
54818.705717 0.262816829862 15.9809 0.094
56006.539029 0.271997159354 15.9666 0.091
53704.690896 0.278366429047 15.9882 0.122
53901.380662 0.284237598677 16.0316 0.112
54212.43078 0.284659257645 15.988 0.101
56358.553753 0.284661723481 15.9125 0.1
53704.697785 0.295353614058 15.999 0.141
56006.549056 0.296722156343 15.954 0.091
53901.38916 0.305192323343 16.012 0.111
56358.563487 0.308664228775 15.8995 0.099
54212.441377 0.310789784522 15.9332 0.099
56388.575975 0.314715404859 15.8868 0.101
56006.559142 0.321592637983 15.9448 0.091
53901.397677 0.326193899021 16.0083 0.112
56358.573336 0.332950305896 15.9241 0.101
56388.586675 0.341099913451 15.8092 0.115
56006.569327 0.346707237985 15.9233 0.091
53901.406235 0.347296574216 15.9022 0.108
54594.476056 0.347917966375 15.9485 0.099
56041.456802 0.373705741226 15.9089 0.081
54594.486714 0.374198909607 15.9213 0.098
54594.49736 0.400450262743 15.9341 0.099
56041.467996 0.401308375729 15.9312 0.081
54594.508026 0.426750932718 15.9117 0.098
56041.479345 0.429293215734 15.954 0.082
54888.528843 0.435608236904 15.9521 0.105
54614.387103 0.445412424398 15.9508 0.088
56041.490717 0.457334770104 15.9603 0.082
54888.537785 0.457657795396 16.015 0.107
54614.395265 0.465538626184 15.9486 0.089
54888.546728 0.47970981973 16.0399 0.107
54614.40342 0.485647567088 15.988 0.095
55160.670731 0.494485144536 16.0074 0.107
54614.411573 0.505751576289 16.0969 0.099
55585.682764 0.506974633883 16.0557 0.098
53763.588569 0.51071778193 16.1049 0.103
55160.679008 0.514894918149 16.0715 0.11
55160.687323 0.535398393751 16.0755 0.11
53763.598601 0.535455108115 16.0936 0.103
54473.70191 0.537965335208 16.1025 0.104
54938.454693 0.544862295062 16.0947 0.093
55160.695602 0.55581309905 16.0684 0.11
53763.608702 0.560362577396 16.179 0.106
54473.712721 0.564623552256 16.1183 0.104
54938.465449 0.571384890813 16.226 0.096
53763.6188 0.585262649149 16.184 0.106
54473.723155 0.59035214689 16.2209 0.108
55585.71671 0.590680103868 16.3843 0.123
54534.555819 0.594085431567 16.2556 0.127
54938.476131 0.597725014253 16.2697 0.098
54130.639198 0.599547271421 16.2521 0.128
53763.629312 0.611183579464 16.2739 0.109
54534.564682 0.615940188535 16.278 0.127
54473.733604 0.616117729164 16.2162 0.108
53813.515446 0.622504259741 16.2245 0.097
54938.486823 0.624089796103 16.2754 0.098
54130.649616 0.625236412606 16.1907 0.125
54167.554352 0.62648166277 16.2627 0.138
54534.573515 0.637720970256 16.2185 0.125
54130.659987 0.650809659199 16.1867 0.125
53813.529745 0.657763333428 16.2096 0.097
54534.582319 0.659430242572 16.1757 0.122
54130.670304 0.676249750337 16.0754 0.12
54977.444472 0.687493989522 16.0845 0.113
53813.543983 0.692871990761 16.055 0.092
54167.5849 0.701808201892 16.0634 0.126
54977.451591 0.705048318171 16.0353 0.112
54178.540209 0.71586843254 15.9723 0.12
54167.591749 0.718696753229 16.0089 0.123
54977.458723 0.722634702793 16.0434 0.112
53813.558202 0.727933797081 16.0544 0.092
56298.715749 0.733602767673 16.0067 0.087
54178.547924 0.734892402989 15.9624 0.12
54167.598565 0.735503931791 16.0221 0.125
54977.465842 0.740189031442 16.002 0.117
54178.555674 0.754002677917 15.9411 0.12
56298.724156 0.754333100719 15.9524 0.087
54189.507261 0.758885044917 15.9301 0.116
54178.563412 0.773083362731 15.98 0.121
54839.595296 0.773216518186 15.9816 0.09
55301.506513 0.773260903342 15.8995 0.096
56298.732531 0.774984526851 15.941 0.087
54189.514162 0.775901820042 15.9655 0.117
54189.521049 0.792884073385 15.8857 0.114
56298.741033 0.795949114887 15.8942 0.085
55714.358274 0.800441878874 15.9598 0.085
54999.390577 0.803119783204 15.939 0.093
55247.582004 0.803945840262 15.9246 0.112
54839.60865 0.806145371255 15.9711 0.09
54189.527944 0.809886053453 15.9429 0.116
54858.671877 0.813049728641 15.932 0.102
54999.397159 0.819349954757 15.9688 0.095
53848.471806 0.81936228397 15.9631 0.082
54113.698693 0.826939816197 15.8986 0.126
55714.370931 0.831652040114 15.8979 0.084
54999.403588 0.835202852494 15.9058 0.093
54839.622107 0.839328206038 15.9044 0.088
54858.682605 0.839503280812 15.8699 0.099
54113.704309 0.840787984452 15.9126 0.125
54999.410079 0.851208632427 15.9545 0.095
54113.709944 0.854683003701 16.0023 0.13
53848.487767 0.858719586924 15.9403 0.081
55714.383636 0.86298056177 15.8896 0.084
54858.693357 0.866016013174 15.9148 0.101
54113.715625 0.868691451664 15.9374 0.125
54839.635668 0.872767488379 15.9356 0.089
55714.396332 0.894286890841 15.9748 0.086
53848.50372 0.898057163154 15.9296 0.081
54062.642457 0.93033256811 15.9352 0.098
53848.519667 0.937379944327 16.0338 0.084
56414.387307 0.961379983773 15.9543 0.079
54062.656667 0.965372181863 15.9528 0.098
56414.397211 0.98580168221 15.9822 0.08
