55706.50405 0.00375932719022 16.0291 0.09
56459.529122 0.00420112266001 15.8294 0.079
53555.532251 0.00612008706096 16.1921 0.116
54615.523053 0.00700096761718 16.2683 0.09
55737.499262 0.0132348915483 16.0609 0.084
54527.716447 0.0158260355851 15.9775 0.084
56404.560562 0.0173221773284 15.878 0.075
56011.632464 0.0243339865575 15.9924 0.079
54226.657462 0.0250386910035 15.9063 0.094
54615.531233 0.0291720536057 16.2298 0.089
55737.506371 0.0325031373102 16.083 0.084
56459.539891 0.0333894386615 16.0195 0.089
56391.657961 0.0460903810595 15.9463 0.081
54334.399866 0.0502345852786 15.9132 0.092
54615.539403 0.0513160355679 16.234 0.089
55737.513453 0.0516982022011 16.0677 0.084
54527.729803 0.0520261608141 15.8355 0.081
54226.668374 0.0546145944425 16.0048 0.097
54126.685438 0.060694025474 15.9196 0.093
56459.550518 0.0621928776084 15.9265 0.093
54095.697006 0.0695949846899 15.9358 0.113
54615.547591 0.0735088047576 16.1228 0.086
56391.671612 0.0830900747872 15.9709 0.082
54344.373823 0.0836646799583 15.7576 0.1
54226.679284 0.0841850770763 15.8998 0.094
54527.743068 0.087979639483 15.8103 0.08
54095.704745 0.0905707835146 15.9009 0.11
54344.378915 0.0974660454571 15.8425 0.102
54126.700125 0.100501695376 15.963 0.094
54344.384 0.111248438138 15.8283 0.103
54095.712488 0.11155742393 15.9504 0.112
54226.690238 0.113874817406 15.861 0.093
54974.550651 0.116016034742 15.9813 0.081
56391.685484 0.120688767298 15.9873 0.083
54344.389081 0.125019989227 15.8758 0.104
55654.528481 0.129088302192 16.2068 0.087
54095.72024 0.132568457989 15.9861 0.113
54588.637055 0.135146050005 15.8433 0.082
54974.561847 0.14636169227 16.0871 0.084
56495.37138 0.151118447268 15.9521 0.082
56391.699263 0.158035392443 16.0534 0.084
54509.694476 0.169045044169 15.8082 0.089
53845.586729 0.170272856158 16.1238 0.101
54588.650113 0.170538475528 15.8516 0.082
56376.577737 0.172625484834 16.0776 0.085
53729.73901 0.176417336818 16.1027 0.113
54974.573038 0.176693797805 16.0933 0.084
56495.381959 0.179791786948 15.9787 0.083
53729.741689 0.183678503008 16.1955 0.117
53729.74439 0.190999298017 16.378 0.125
54509.703108 0.192441231731 15.7912 0.088
55238.746548 0.193026678503 15.7699 0.085
53845.595387 0.193739514148 16.1464 0.102
53729.747067 0.198255043382 16.1609 0.115
56495.390904 0.204036330236 16.0235 0.084
56376.589922 0.205651729653 16.1123 0.086
54588.66319 0.205982398661 15.8409 0.082
54974.584191 0.20692290806 16.1392 0.085
54323.392152 0.21490775149 15.9459 0.09
54509.711593 0.215438990224 15.8236 0.088
53845.604026 0.217154674508 16.2059 0.104
55654.561957 0.219821709782 16.2885 0.089
56061.515734 0.228034226966 16.2103 0.084
56495.399919 0.228470601648 15.964 0.082
56376.601878 0.238057292487 16.1185 0.091
54509.720093 0.238477404757 15.7548 0.086
53845.61256 0.240285242691 16.1308 0.102
54588.676273 0.24144258421 15.8207 0.082
54323.403833 0.246567953839 16.0157 0.092
54296.473179 0.253677337531 16.0382 0.093
56414.609757 0.254677475756 16.181 0.072
56061.525602 0.25478047103 16.2222 0.084
56363.699165 0.266521931222 16.1846 0.089
56376.613874 0.270571271386 16.1302 0.086
54296.481365 0.275864685916 16.1319 0.096
54167.71822 0.276016468419 16.0772 0.121
54323.415407 0.277938143225 16.0579 0.094
56061.535521 0.281664945568 16.2663 0.085
56414.623882 0.292961899895 16.138 0.072
56153.409552 0.297195547357 16.1944 0.089
54296.489563 0.298084559132 16.0755 0.095
54662.487138 0.298537196201 15.7618 0.081
56363.710996 0.298588693847 16.2419 0.091
54167.726761 0.2991660094 16.076 0.122
53899.502086 0.302548590739 16.2149 0.107
53762.62357 0.306784948618 16.1532 0.128
56061.545434 0.30853315771 16.2502 0.085
54323.426885 0.309048134037 16.0894 0.095
54923.707369 0.310297629232 16.1576 0.09
54662.493698 0.316317431414 15.9323 0.089
56153.416666 0.316477345112 16.2355 0.091
55766.390014 0.318778476161 16.2298 0.088
54296.497757 0.320293590717 16.1452 0.097
54167.735349 0.322442939286 16.0912 0.128
53762.630291 0.325001558496 16.2272 0.129
53899.510654 0.325771312572 16.201 0.106
56363.722989 0.331094541538 16.1715 0.09
56414.638017 0.33127342804 16.1872 0.072
56153.423763 0.335713066042 16.2156 0.089
55766.396359 0.335975975007 16.1596 0.086
54923.718187 0.339618754903 16.2018 0.091
53762.636956 0.343066385886 16.2435 0.127
54167.744074 0.346091194193 16.1951 0.15
53899.519195 0.348920853573 16.2037 0.106
55766.402708 0.353184315463 16.2857 0.089
56153.43093 0.355138515097 16.1337 0.093
53762.643638 0.361177290101 16.2088 0.125
55360.562256 0.362529780543 15.834 0.085
56363.734955 0.363527208379 16.2784 0.091
54923.728975 0.368858568535 16.1218 0.089
56414.652229 0.369793657128 16.1436 0.072
55766.409072 0.370433311939 16.2216 0.088
54912.66165 0.371961978501 16.2414 0.097
53899.527751 0.372111050594 16.1774 0.105
53820.573559 0.374534149709 16.2258 0.105
54923.739804 0.398209508635 16.1919 0.091
55265.75623 0.400114921041 15.9032 0.083
54912.673999 0.405432729193 16.2487 0.094
53820.585341 0.406468102644 16.2565 0.106
53875.560183 0.410373791515 16.163 0.105
53936.438665 0.415515423556 16.2601 0.099
53830.551601 0.41903623537 16.1969 0.105
55299.706817 0.419843935077 15.9232 0.077
53580.405821 0.423486714978 15.9335 0.097
54153.754889 0.429780267754 16.2303 0.103
53875.56875 0.433593802945 16.2286 0.107
53820.59731 0.438908900692 16.1881 0.104
54912.686384 0.439001054359 16.2625 0.095
54274.405102 0.440323730383 16.2317 0.114
53936.449511 0.444912440481 16.2308 0.099
53830.561169 0.444969358921 16.2001 0.105
53580.413975 0.445587330518 15.9719 0.098
54153.764315 0.455328514251 16.2038 0.102
53875.577345 0.456889705629 16.2133 0.106
54274.414026 0.464511355235 16.3165 0.119
53580.422143 0.467725891675 15.9351 0.097
53830.570864 0.471246703488 16.1731 0.104
54197.675206 0.471482508434 16.2045 0.123
53820.609352 0.471547558073 16.1549 0.102
54912.69877 0.472572089928 16.1424 0.091
53936.460354 0.474301326218 16.1819 0.097
55674.57926 0.474753963293 15.8536 0.086
54210.591211 0.479044529198 16.2289 0.103
53875.585884 0.480033825825 16.1753 0.105
54153.773792 0.481014991243 16.2101 0.103
54463.690993 0.481126117704 16.1035 0.131
55000.512835 0.483963908306 16.1957 0.088
54274.422968 0.488747767315 16.2548 0.116
53580.430343 0.489951185676 15.9708 0.098
53830.580424 0.497158143819 16.1102 0.101
54197.684729 0.497293663907 16.2468 0.126
56101.46184 0.498028182778 16.2036 0.085
55000.518716 0.499903780747 16.224 0.089
54463.698112 0.500421467472 16.1366 0.132
53936.471237 0.503798628 16.176 0.097
54153.783202 0.506519871318 16.2163 0.103
54867.699664 0.506918300372 16.0356 0.087
54210.602159 0.508718007112 16.2036 0.102
54274.431865 0.512862211316 16.4314 0.144
54463.70528 0.51984962693 16.1482 0.133
54197.694236 0.523061452957 16.0639 0.118
53607.376755 0.525552312113 15.9203 0.099
56101.474486 0.532303922774 16.1501 0.084
54241.602724 0.532702351818 16.2311 0.117
54210.613075 0.538304752162 16.1462 0.1
54463.712627 0.53976294828 16.1774 0.134
54867.712378 0.541378347687 15.9082 0.084
55386.455497 0.543614429113 15.8641 0.11
54197.703764 0.548886160424 16.1644 0.123
53607.386558 0.552122380065 15.9539 0.1
54241.610939 0.554968301859 16.2665 0.106
53806.622595 0.561817486983 15.8371 0.093
54939.666606 0.566240862567 16.0979 0.081
56101.487243 0.566880517382 16.0574 0.083
54210.623951 0.567783081146 16.1724 0.101
55328.540701 0.571252395324 15.9745 0.09
54867.725055 0.575738110164 15.8664 0.083
54241.619161 0.577253224718 16.2057 0.104
53607.396377 0.578735814439 15.8694 0.098
53806.632125 0.587647615255 15.8129 0.092
54939.675725 0.590957015753 16.0094 0.08
55674.622994 0.593290671616 15.7465 0.084
54241.627379 0.599527305947 16.2479 0.106
56101.500058 0.601614315263 15.9415 0.082
55386.47727 0.602628005517 15.9487 0.091
53607.406192 0.605338407223 15.926 0.1
53881.535758 0.606582481596 15.8604 0.095
53860.505873 0.607146245161 15.7582 0.075
54867.738037 0.610924545146 15.854 0.083
53806.641739 0.613705417288 15.7129 0.09
54939.684871 0.615746349772 15.9155 0.078
53881.546198 0.634879075429 15.798 0.093
53806.650982 0.638757660282 15.764 0.091
54939.694125 0.640828407195 15.8296 0.076
53860.519314 0.643576754515 15.83 0.076
54859.636173 0.651618516389 15.8068 0.095
56033.633236 0.655264006694 15.8189 0.07
53881.556486 0.662763688221 15.8305 0.094
53734.716551 0.66755296803 15.7897 0.104
54182.621697 0.670425993854 15.9019 0.093
54859.645143 0.675930819723 15.7847 0.094
53860.532685 0.679817535764 15.8186 0.076
56033.644565 0.685970147654 15.7998 0.069
53734.723902 0.687477130991 15.8276 0.105
53881.566769 0.69063474898 15.8124 0.094
54859.654078 0.700148258984 15.762 0.093
53734.731238 0.707360637932 15.7749 0.104
54182.636895 0.711618679025 15.7817 0.089
53860.546005 0.715920086518 15.7958 0.076
56033.655886 0.716654605392 15.7668 0.069
54859.66299 0.724303359004 15.7736 0.093
53734.738529 0.727122176795 15.7784 0.104
54189.655336 0.734413157395 15.7778 0.102
56033.667162 0.747217095052 15.7228 0.068
56429.550295 0.749537198923 15.8542 0.074
54182.651772 0.751941325228 15.809 0.09
54954.493537 0.753179978822 15.8127 0.094
54189.663953 0.757768688917 15.7155 0.1
54954.502527 0.777546490168 15.8097 0.094
54246.489521 0.777885290399 15.8128 0.104
56429.560789 0.777980154458 15.8223 0.073
54189.67257 0.781124220439 15.781 0.102
55351.494215 0.784495960155 16.1605 0.119
53889.35108 0.789244583952 15.8168 0.083
54182.666473 0.791786940747 15.7802 0.089
54887.7303 0.797988339871 15.7658 0.081
54246.49807 0.801056514601 15.8233 0.105
55060.399613 0.801189324285 15.9373 0.086
54954.511594 0.802121702478 15.8549 0.096
54189.681313 0.804821262573 15.7403 0.101
56429.57143 0.806821539042 15.8019 0.073
56076.487351 0.807130524836 15.8124 0.085
53948.389709 0.807645501159 15.838 0.08
55060.405957 0.818384112728 15.8852 0.085
53889.36195 0.81870665052 15.8029 0.083
53948.395192 0.822506633729 15.8159 0.08
54246.506637 0.824276526031 15.7511 0.102
54954.520657 0.826686073157 15.7342 0.092
54887.741116 0.827304044737 15.8044 0.081
55060.412313 0.835611425983 15.8277 0.083
56429.582094 0.835725262847 15.8039 0.073
53948.400709 0.83745991995 15.7359 0.078
56076.499857 0.841026808602 15.8575 0.087
54174.568844 0.843959463247 15.6868 0.087
54246.515224 0.847550745514 15.6654 0.099
53889.372833 0.848203952323 15.7871 0.082
53948.406206 0.852358998138 15.7918 0.08
54887.751991 0.856779663318 15.7924 0.081
54174.574026 0.858004764903 15.6753 0.086
55043.449303 0.859040138354 15.8085 0.099
54127.722413 0.871312837295 15.7615 0.087
54174.579236 0.872125957794 15.7131 0.087
55043.45434 0.872692431748 15.8452 0.101
56076.512284 0.874708970619 15.8137 0.085
53889.383711 0.877687702112 15.8328 0.083
54595.552854 0.879739476203 16.2981 0.105
54887.762787 0.886041160171 15.8557 0.083
55043.459406 0.886423326818 15.7528 0.099
54127.728526 0.887881522929 15.8135 0.088
56046.633051 0.88998479465 15.81 0.077
55043.464453 0.900102724238 15.8264 0.101
54622.493708 0.90027618995 16.2105 0.089
54127.734731 0.904699565525 15.7989 0.088
55706.468462 0.907301551167 15.9254 0.087
54595.563221 0.907838210704 16.3143 0.105
56076.524763 0.908532073554 15.809 0.086
56011.591977 0.914597952565 15.8439 0.077
54127.740932 0.921506766531 15.8163 0.088
56046.645058 0.922528587979 15.9161 0.078
54622.50353 0.926897755533 16.2529 0.09
56404.527574 0.927911445766 15.7875 0.073
54595.573586 0.935931524419 16.243 0.102
55706.480219 0.939167744056 15.9592 0.088
53555.510234 0.946445172654 16.2048 0.116
56011.605389 0.950949860281 15.9122 0.078
54622.513354 0.95352474192 16.1946 0.089
56046.657219 0.955489783154 15.9075 0.078
56404.538686 0.958029429553 15.8001 0.074
54595.58395 0.964022127732 16.1532 0.102
53555.517551 0.966277181945 16.2324 0.118
55706.492133 0.971459470019 16.083 0.091
56459.518537 0.975511520584 15.819 0.077
54527.702524 0.9780891126 16.0693 0.086
54622.523175 0.9801435971 16.1778 0.088
53555.524906 0.986212186516 16.2624 0.119
56404.549469 0.987255691172 15.8331 0.074
56011.618928 0.987645989033 15.8998 0.078
56046.669337 0.988334431056 15.9408 0.079
54334.379109 0.993974777017 15.8131 0.088
55737.492214 0.994131980307 16.0294 0.083
