56036.710827 0.00275943882807 12.4501 0.054
54008.416066 0.00346720765254 12.3607 0.054
55823.483315 0.00766510784176 12.4439 0.052
55796.611766 0.00829264378649 12.4021 0.052
53576.72505 0.00974829791165 12.3316 0.053
53645.476716 0.0149577057827 12.2559 0.055
54681.611235 0.0178890722615 12.3408 0.052
55058.517333 0.0275685991359 12.3822 0.052
56400.711385 0.0321189510112 12.4176 0.052
54008.427723 0.036869885147 12.3635 0.054
55823.494599 0.0399989684204 12.4333 0.052
53645.486549 0.0431337826335 12.2412 0.055
55796.624809 0.045666850051 12.3813 0.052
53973.532913 0.0471568897147 12.355 0.054
54003.546163 0.0489506682155 12.3525 0.052
54745.486245 0.0492314833846 12.361 0.053
55058.526683 0.0543606583506 12.3578 0.052
55445.551051 0.0575470508665 12.3581 0.052
56400.722097 0.0628137679532 12.4186 0.052
54745.491161 0.0633180890686 12.3599 0.053
56036.732363 0.064470004356 12.3962 0.053
55823.505924 0.0724503128931 12.4158 0.052
54745.496074 0.077396098388 12.3501 0.053
53973.543633 0.0778746303515 12.3453 0.054
53645.499238 0.0794936157365 12.2365 0.055
55058.536048 0.0811956995139 12.3552 0.052
55796.637981 0.0834107007692 12.3656 0.052
54003.559432 0.0869724686498 12.3247 0.052
54745.500993 0.0914913004576 12.3434 0.053
56400.732832 0.0935744905178 12.3904 0.052
55145.438959 0.0980875913984 12.3895 0.052
55058.545199 0.107417532029 12.3373 0.052
53973.554469 0.108924764459 12.3231 0.054
53645.510664 0.112234371773 12.221 0.055
55145.444222 0.113168512011 12.3727 0.052
56267.428372 0.114859133942 12.3985 0.052
55796.651167 0.121194667953 12.3151 0.052
53588.629419 0.121251977153 12.2875 0.053
56400.743573 0.124352405833 12.3605 0.052
54003.572693 0.124971345389 12.3098 0.052
54260.774701 0.127263714094 12.2919 0.052
55416.61001 0.128126217804 12.3087 0.052
55145.449488 0.128258029009 12.3686 0.052
55445.577085 0.132146459421 12.2913 0.052
53973.565132 0.139479173833 12.3015 0.054
56267.437321 0.14050214335 12.3822 0.052
56072.705055 0.142811704823 12.2949 0.052
55145.454755 0.143350411469 12.319 0.053
53588.6402 0.152144510921 12.25 0.052
53836.768831 0.155030030026 12.2848 0.053
56464.619992 0.159732251327 12.3538 0.052
54003.585991 0.163076244176 12.2826 0.052
54260.787694 0.164494647308 12.2761 0.052
56267.446266 0.166133690932 12.3629 0.052
54207.744067 0.17005650688 12.3087 0.055
53836.775391 0.173827453409 12.2648 0.052
56072.716973 0.17696226761 12.2834 0.052
53588.650906 0.182822135112 12.234 0.052
53942.521611 0.185484148253 12.2478 0.054
56267.455162 0.191624830926 12.3566 0.052
53836.781939 0.192590491249 12.258 0.052
54207.752588 0.194473099055 12.2916 0.055
54015.464319 0.199960456629 12.2786 0.054
56464.634201 0.200447584984 12.3423 0.052
54260.800748 0.201900373653 12.2548 0.052
56072.728961 0.211313412644 12.2854 0.052
53836.78849 0.211362125474 12.2402 0.052
53588.66181 0.214067120542 12.2108 0.052
53942.532084 0.215494120063 12.2165 0.054
54207.761249 0.219290855742 12.2741 0.055
55416.642665 0.221697842872 12.2786 0.052
54015.472922 0.224612016592 12.2713 0.054
54260.813731 0.239102652269 12.2394 0.052
53665.447624 0.24081333241 12.1985 0.053
56464.648728 0.242074135197 12.3481 0.052
54207.769749 0.243647273218 12.2551 0.054
54059.451621 0.243853586404 12.2305 0.053
53942.542223 0.244547027927 12.2133 0.054
56072.740991 0.245784907033 12.2827 0.052
56156.497327 0.246289228144 12.2969 0.051
54015.481547 0.249326616694 12.2697 0.054
53942.55232 0.273479586457 12.2088 0.054
54015.490116 0.273880750975 12.2637 0.054
54794.422708 0.274751851075 12.284 0.052
53665.459567 0.275035531702 12.1798 0.053
54059.463205 0.277047085246 12.2129 0.053
56156.510004 0.282614675747 12.2958 0.051
56464.663077 0.283190633366 12.372 0.052
55858.478645 0.285414231026 12.3437 0.052
55365.715268 0.291233982066 12.2939 0.052
54794.429085 0.293024895126 12.2804 0.052
54022.479108 0.300563922693 12.233 0.054
55858.485701 0.305632922985 12.3548 0.053
53665.471495 0.309214749087 12.1903 0.053
54059.47468 0.30992824885 12.224 0.053
54794.435474 0.311332324678 12.2885 0.053
54022.485602 0.319172225655 12.2361 0.054
56156.522866 0.319470233583 12.3305 0.051
55858.492775 0.325903193259 12.3708 0.053
54794.441859 0.329628292403 12.2913 0.053
54022.492047 0.337640121029 12.2524 0.054
55086.545682 0.34170621003 12.3162 0.052
54059.486147 0.342786488781 12.2356 0.053
53665.483382 0.343276482578 12.2082 0.053
55858.499837 0.34613907801 12.3428 0.053
54022.498522 0.356193980237 12.26 0.054
56156.535742 0.356365907885 12.3621 0.051
54344.611276 0.357689750822 12.2721 0.053
53876.625194 0.36187905462 12.2757 0.054
55086.556258 0.372011324285 12.3372 0.052
54344.622204 0.389003507315 12.2903 0.053
53876.635125 0.390335946628 12.2769 0.054
53555.570755 0.39294351603 12.2903 0.054
54764.453875 0.400233248506 12.253 0.053
55086.566839 0.402330765871 12.3629 0.053
54378.478348 0.402459711604 12.2995 0.054
53619.438922 0.404677578338 12.2585 0.054
53555.578611 0.415454576699 12.2969 0.054
55365.758754 0.415841413932 12.3873 0.052
53876.644998 0.418626641912 12.3004 0.054
54764.460431 0.419019210041 12.2829 0.053
54344.633078 0.420162528931 12.3249 0.053
54378.48733 0.428197281254 12.3205 0.054
55386.702983 0.430710290444 12.3749 0.052
55086.577425 0.432664534765 12.4011 0.053
53619.448771 0.432899502557 12.2606 0.054
54764.467003 0.437851018945 12.296 0.053
53555.586518 0.438111775881 12.3223 0.054
54363.486448 0.443756733835 12.323 0.054
53876.654917 0.447049148377 12.317 0.054
53959.71462 0.451378859765 12.3124 0.053
54378.496391 0.454161222285 12.3428 0.054
54764.473583 0.456705751543 12.3205 0.053
54344.646204 0.457774568446 12.3549 0.053
53555.594368 0.460605643799 12.3409 0.054
53619.459017 0.462259014736 12.3042 0.054
54363.494485 0.466786442932 12.3292 0.054
55684.750223 0.47341711941 12.3995 0.053
54391.417458 0.47897324806 12.3568 0.055
54414.450482 0.479202484921 12.4374 0.056
54378.50539 0.479947504745 12.3562 0.054
53959.72782 0.489202943394 12.3246 0.053
54363.502481 0.489698668136 12.3597 0.054
53619.46968 0.49281342411 12.3164 0.054
54414.458667 0.502656282226 12.3502 0.072
54391.427143 0.506725236682 12.3683 0.055
54363.510485 0.512633817013 12.3608 0.054
54414.46684 0.52607569401 12.4214 0.056
53959.741083 0.527207551058 12.3418 0.053
54391.436837 0.534503014461 12.3731 0.055
55684.771845 0.535374114574 12.3765 0.053
54643.753769 0.538801205786 12.3591 0.052
55386.746636 0.555796254272 12.38 0.052
54391.446519 0.562246406697 12.3769 0.055
54954.707565 0.564739357662 12.3675 0.054
53959.754305 0.565094674827 12.3302 0.053
55005.660308 0.567831189957 12.381 0.052
54643.765071 0.571186644657 12.3363 0.052
54954.714945 0.58588645897 12.3502 0.054
54643.776365 0.603549159833 12.3289 0.052
56132.542837 0.605635215363 12.3572 0.052
54954.722416 0.607294317202 12.3517 0.054
55005.674341 0.608042202495 12.3338 0.052
55119.449631 0.626684890999 12.3584 0.052
54954.729819 0.628507324111 12.3314 0.054
56219.448041 0.629097609061 12.3571 0.052
54643.787588 0.635708227302 12.3081 0.052
56132.55447 0.638969121794 12.3306 0.052
55119.45601 0.644963665953 12.3328 0.052
55005.688022 0.647244572816 12.3211 0.052
55497.407449 0.65002693532 12.3348 0.051
56219.46207 0.669297159752 12.315 0.052
54940.785519 0.671661164967 12.2952 0.052
53912.679012 0.67268413451 12.2861 0.054
56132.56629 0.672838869403 12.3187 0.052
53889.647569 0.676985191293 12.2486 0.052
53606.623433 0.682395181436 12.2471 0.053
55005.702221 0.687931251854 12.295 0.052
55741.709815 0.688899777638 12.3335 0.052
54940.792053 0.690384086362 12.2861 0.052
55717.63123 0.692656396845 12.3131 0.052
53889.654163 0.695880040336 12.2473 0.052
54717.444661 0.697169497739 12.2658 0.052
53912.688485 0.699828645429 12.2506 0.054
54624.617939 0.705828920526 12.2625 0.051
56132.578117 0.706728675225 12.3032 0.052
54940.79861 0.709172913358 12.2719 0.052
55031.534518 0.709367764705 12.2744 0.054
54590.767842 0.709700158169 12.2626 0.052
56219.476184 0.709740274616 12.3175 0.052
54319.60765 0.710777571452 12.2392 0.054
53889.66091 0.715213304897 12.2314 0.052
55119.48079 0.715969786577 12.2933 0.052
53991.565041 0.717514269993 12.2662 0.057
54717.452385 0.719302317568 12.2627 0.052
55717.641811 0.72297583843 12.2834 0.052
55741.722751 0.725967379589 12.3016 0.052
53912.697758 0.726400064185 12.2584 0.054
54940.805411 0.728660912817 12.2648 0.052
53606.63993 0.729666689576 12.2186 0.053
55031.54195 0.730663869966 12.2562 0.054
53889.6675 0.734096692114 12.2216 0.052
55119.487182 0.734285812514 12.2871 0.052
53991.57191 0.737197120774 12.1826 0.056
54319.61831 0.74132338444 12.2184 0.054
54717.460131 0.741498177559 12.2595 0.052
54624.631118 0.743592829456 12.2395 0.051
54291.701146 0.745782041575 12.2361 0.054
54590.781066 0.747593012862 12.2331 0.052
56219.490323 0.750255026006 12.3031 0.052
53912.706658 0.751902666026 12.2464 0.054
55031.54937 0.751925589706 12.2535 0.054
55717.652442 0.753438553046 12.3078 0.052
53991.578748 0.75679114228 12.2107 0.055
55497.446689 0.762467620275 12.3043 0.051
55741.735744 0.763198312803 12.3207 0.052
54717.467888 0.763725557609 12.2552 0.052
54291.709869 0.770777456834 12.2235 0.054
54319.628863 0.771562593115 12.2215 0.054
54704.558896 0.773513971986 12.2613 0.052
55031.556935 0.773602801269 12.2586 0.054
53991.585627 0.77650264768 12.2302 0.055
53606.656389 0.776829310229 12.2107 0.053
54240.761155 0.779230566437 12.2857 0.053
54624.644419 0.781706324628 12.2481 0.051
55717.663113 0.784015886114 12.2989 0.052
54590.794411 0.785832588314 12.2382 0.052
54732.483906 0.791537720923 12.232 0.052
54291.718778 0.796305847832 12.2386 0.054
55741.748645 0.80016562363 12.3312 0.052
54319.639189 0.801151342178 12.2372 0.054
54240.769414 0.802896407857 12.2603 0.053
54704.57048 0.806707470828 12.2704 0.052
53691.472973 0.815432799214 12.2981 0.055
54624.657869 0.820246773491 12.2622 0.051
54291.727574 0.821510441723 12.2414 0.054
54732.495144 0.823739770299 12.2328 0.052
53606.672844 0.823980469013 12.2134 0.053
54590.807763 0.824092221977 12.2481 0.052
54240.777719 0.826694060459 12.2619 0.053
53691.478046 0.829969282242 12.2799 0.055
55337.638612 0.838674552415 12.3147 0.053
54704.582018 0.839769158467 12.2764 0.052
55767.588499 0.843256424349 12.3527 0.052
53691.483145 0.844580267278 12.2884 0.055
54240.786121 0.850769662778 12.2472 0.053
54732.506334 0.855804277547 12.2641 0.052
53691.48821 0.859093826653 12.2924 0.055
54631.654917 0.87001409806 12.2974 0.052
54704.593542 0.87279072966 12.3032 0.052
55767.599804 0.875650459606 12.3769 0.052
56183.588977 0.876352497527 12.3584 0.052
53903.678355 0.881653600147 12.2569 0.053
54732.517494 0.887782820981 12.2932 0.052
54631.666123 0.902124452697 12.3089 0.052
55767.611098 0.908012974803 12.3815 0.052
56183.60304 0.916649473899 12.3857 0.052
53903.690784 0.91726841344 12.2792 0.053
53576.695152 0.924076748498 12.2747 0.053
54681.580831 0.930767599651 12.3197 0.052
55337.670838 0.931016894745 12.3901 0.053
54631.677272 0.934071476051 12.3444 0.052
54008.392773 0.936722027362 12.3173 0.054
55767.622384 0.940352566305 12.3177 0.053
53576.705132 0.952674048095 12.2888 0.053
53903.703224 0.952914746792 12.3023 0.053
56183.617218 0.957275978259 12.4297 0.052
54681.591112 0.960227402974 12.3334 0.052
55823.468146 0.964198931747 12.4547 0.052
54631.688481 0.966190427054 12.3642 0.052
54008.404343 0.969875409759 12.3288 0.054
56036.700182 0.972256607747 12.4223 0.054
53576.715089 0.981205442069 12.3072 0.053
53903.715619 0.988432134424 12.3569 0.053
54681.601247 0.989268848991 12.349 0.052
56183.631409 0.997939733623 12.4233 0.052
