54909.547655 9.48127362714e-05 16.7452 0.134
53877.408044 0.00109034638395 16.7738 0.132
55634.56317 0.0250508771925 16.6543 0.119
54977.47992 0.0302147846847 16.7204 0.138
56388.516382 0.0379352496858 16.713 0.132
56388.516382 0.0379352496858 16.713 0.132
54977.485435 0.0488895059331 16.5131 0.139
54977.490905 0.0674118495562 16.5362 0.152
56388.526963 0.0737643023204 16.4899 0.217
55330.405225 0.0948906098239 16.6751 0.138
53704.677957 0.107849478023 16.5273 0.144
56388.537558 0.10964076136 16.7434 0.238
56388.537558 0.10964076136 16.7434 0.238
55366.441124 0.118529454582 16.7086 0.118
54594.479592 0.126432772709 16.6865 0.121
54113.705141 0.142960662873 16.1628 0.132
56388.548274 0.145926946797 16.6494 0.237
54839.600609 0.147586169536 16.1533 0.091
53704.691745 0.15453797418 16.5112 0.142
54113.710821 0.162194101974 16.1222 0.129
54473.706352 0.167849003963 16.6108 0.118
54602.467221 0.173893315362 16.5863 0.102
55330.429498 0.177083086419 16.6151 0.135
54113.716494 0.181403837886 16.1117 0.127
54602.473877 0.196431655251 16.7447 0.109
56388.568205 0.213416678248 16.5269 0.162
56388.568205 0.213416678248 16.5269 0.162
54602.480528 0.218953064315 16.6254 0.104
54528.651423 0.221137143236 16.6884 0.098
54534.558921 0.224922880017 16.7015 0.142
54594.511565 0.234698749491 16.6398 0.12
54473.727483 0.239402138036 16.5201 0.114
54602.487176 0.241464314869 16.7376 0.109
55714.365283 0.248480456725 16.795 0.105
56388.578877 0.249553872254 16.8007 0.13
56388.578877 0.249553872254 16.8007 0.13
54528.660787 0.252845228384 16.7659 0.101
55301.511174 0.254755027613 16.7738 0.122
54534.567806 0.255008990276 16.7568 0.145
54999.401415 0.260098402069 16.698 0.116
54508.583163 0.266620163292 16.7694 0.122
54473.73794 0.274811305739 16.744 0.124
54534.576623 0.284864841074 16.7686 0.146
54528.670283 0.285000287824 16.8901 0.105
56388.589637 0.285989049122 16.8117 0.206
54508.589954 0.289615635984 16.7753 0.122
55714.377985 0.291491573517 16.7611 0.104
54923.51767 0.30492450537 16.9763 0.12
55656.500802 0.309577101381 16.9752 0.115
54508.596737 0.312584019315 16.9692 0.132
54534.58543 0.314686830172 16.9418 0.158
54528.679654 0.316732076161 16.9244 0.107
55714.390692 0.334519621159 17.0616 0.116
54508.603404 0.335159607075 17.0721 0.137
56299.714941 0.341261483341 17.2106 0.124
54923.530045 0.346828344942 17.1117 0.127
55160.674013 0.356346865606 17.1142 0.157
56299.724709 0.374337580725 17.2167 0.127
55714.403341 0.377351270991 17.3565 0.132
55160.682314 0.38445545325 17.2869 0.17
53723.661062 0.387848394447 17.2269 0.182
54923.542514 0.389050484395 16.9905 0.122
54212.415054 0.391393713231 17.1557 0.149
56299.733708 0.404809714242 17.0775 0.12
54298.357021 0.405405679972 17.0687 0.139
55160.690617 0.412570813258 17.0942 0.157
55680.455457 0.424083787351 16.9532 0.116
54212.425716 0.427497045562 17.043 0.142
54298.36359 0.42764942317 17.269 0.152
54062.699149 0.428059149599 17.0252 0.15
53723.673101 0.428614481292 17.106 0.172
56299.742715 0.435308937118 17.154 0.123
54062.708915 0.461128474643 16.8548 0.139
54212.436255 0.46318387913 16.8151 0.13
53723.685217 0.469641303129 16.9173 0.158
54298.376752 0.472218177621 16.9103 0.131
54130.640039 0.487384827926 16.7619 0.15
54167.55519 0.488319410534 16.7968 0.162
54212.446759 0.498752196773 16.6255 0.12
55680.480842 0.51004168373 16.7206 0.107
54130.650455 0.522655162733 16.7107 0.147
55585.687462 0.523650696373 16.7366 0.118
54614.392492 0.554874559373 16.6129 0.103
54167.585734 0.591746552035 16.5938 0.147
54130.671144 0.592711610158 16.669 0.143
54167.592583 0.614938422513 16.5092 0.142
56077.422157 0.62035967886 16.5651 0.099
55585.721497 0.638898953332 16.6886 0.115
56077.429757 0.646094562146 16.4783 0.095
55247.58704 0.658531960351 16.6254 0.139
53813.52414 0.679404305181 16.5669 0.104
54178.541076 0.688384424983 16.6225 0.147
56414.401458 0.689173402323 16.6332 0.091
54178.548782 0.714478242166 16.7051 0.152
55381.384327 0.718738042592 16.638 0.115
56358.595457 0.720630910993 16.7198 0.126
56414.411766 0.724078030868 16.5408 0.088
53763.632583 0.738167879476 16.4769 0.112
54178.556521 0.740683802935 16.6503 0.149
56358.605291 0.753930495499 16.6712 0.123
54178.564256 0.766875819023 16.634 0.148
56358.615078 0.787070930089 16.8312 0.131
54858.695919 0.807530162293 16.8681 0.136
53921.354836 0.812348680576 16.7524 0.12
53921.361383 0.834517928083 16.8744 0.127
54189.515023 0.848021969464 16.7624 0.151
56041.460968 0.849701509215 16.9471 0.104
53921.367912 0.85662622453 16.9101 0.129
54189.521884 0.871254473982 17.0181 0.17
53921.374458 0.878792085842 16.8442 0.126
54197.498483 0.881365574187 17.1417 0.184
56041.472224 0.887816225836 17.0383 0.108
54189.528822 0.894747713491 16.8934 0.161
54938.460071 0.902417385951 17.0479 0.122
54909.519815 0.905823871813 17.0671 0.153
54197.508804 0.916314222917 16.9824 0.172
56041.483592 0.926310193375 16.9266 0.105
55634.536537 0.934867042081 16.9333 0.168
54909.529081 0.937200112424 16.8293 0.138
54197.519106 0.951198534466 16.7484 0.154
56041.494954 0.964783843918 16.832 0.102
53877.397511 0.965423829835 16.7136 0.129
54909.538369 0.96865084875 16.852 0.14
