53835.42756 0.0203757564464 15.2177 0.072
55945.632734 0.0212695831514 15.198 0.069
53813.437998 0.0217705189982 15.2351 0.072
53835.435811 0.0293805966507 15.2224 0.072
53813.449441 0.0342589914667 15.2492 0.072
55945.644645 0.0342688137417 15.1875 0.07
53813.460886 0.0467496466709 15.2428 0.072
55945.65666 0.0473815461342 15.1827 0.069
53813.472353 0.0592643118641 15.2472 0.072
55945.668698 0.0605193798876 15.2113 0.07
54908.446623 0.0742105349345 15.2498 0.08
54908.455076 0.0834358305521 15.2451 0.08
54908.463545 0.0926785879914 15.2905 0.081
53724.626316 0.0959428562082 15.2507 0.077
54908.472026 0.101934441797 15.2352 0.08
54819.594904 0.104687951889 15.2758 0.074
53724.635262 0.105706194036 15.2891 0.078
54007.768211 0.106670959365 15.2576 0.085
53847.420622 0.109165816309 15.198 0.071
53757.625666 0.110228804356 15.2201 0.073
53724.644064 0.115312375515 15.2904 0.078
54007.776483 0.115698718194 15.2499 0.084
54819.60684 0.117714466568 15.2206 0.073
53847.433741 0.123483414003 15.2233 0.072
54007.784704 0.124670817482 15.2489 0.084
53724.652827 0.12487599382 15.2367 0.077
53757.642308 0.128391275642 15.2912 0.074
54819.618922 0.130900320316 15.2727 0.074
54007.792964 0.133685479954 15.0738 0.081
53847.446864 0.137805377144 15.2576 0.072
55214.546272 0.140193280473 15.2337 0.074
54130.581182 0.140264219103 15.2632 0.078
54819.630973 0.144052341791 15.2491 0.073
53757.658247 0.145786518385 15.2762 0.074
54953.414936 0.150985774077 15.2867 0.082
53847.459924 0.152058584394 15.2819 0.073
54130.595454 0.155840158904 15.2649 0.078
54953.42371 0.160561397384 15.3525 0.083
53757.674224 0.163223232947 15.2304 0.073
55214.572073 0.168351550011 15.2328 0.074
54953.432503 0.170157756596 15.2921 0.082
54130.609716 0.171405185066 15.3129 0.079
55586.587777 0.172710455808 15.257 0.083
53881.385734 0.177449156106 15.258 0.082
54953.441299 0.179757389892 15.3463 0.083
53881.390913 0.183101327646 15.2267 0.081
54130.623953 0.186942927147 15.2871 0.078
54085.72641 0.187403482543 15.3032 0.089
53881.396083 0.188743676911 15.2266 0.081
54085.732525 0.194077170311 15.3161 0.089
53881.401233 0.194364198907 15.2445 0.082
55586.610702 0.197729963927 15.2448 0.083
55574.699343 0.198107575699 15.2755 0.088
54085.738737 0.200856720342 15.324 0.089
54085.744869 0.207548961296 15.2758 0.088
54742.740936 0.229072832144 15.4869 0.172
54888.440587 0.240353165223 15.3736 0.084
54742.757636 0.24729860251 15.0831 0.283
54888.447033 0.247388094311 15.3859 0.084
54888.453505 0.254451398852 15.3702 0.083
54742.766109 0.256545725397 15.2434 0.134
54888.459964 0.26150051567 15.353 0.083
54593.43176 0.278488679831 15.3697 0.073
54593.440129 0.287622300923 15.3732 0.073
54593.448496 0.29675373928 15.3676 0.073
54593.456874 0.305897182648 15.3369 0.073
54382.742257 0.339656329632 15.2552 0.086
54382.750254 0.348383963502 15.28 0.086
54199.498285 0.353874613249 15.2361 0.079
54382.758417 0.35729276371 15.2995 0.087
55656.401401 0.364751141841 15.1934 0.064
54382.766459 0.366069508938 15.303 0.087
54199.509758 0.366395826625 15.3298 0.081
54199.521243 0.378930136368 15.3107 0.081
54199.532688 0.391420791564 15.2931 0.08
55544.642585 0.395259116978 15.2481 0.083
56400.453296 0.395827717357 15.2397 0.071
56400.46401 0.407520585846 15.2436 0.07
55656.443634 0.410842696325 15.1537 0.064
55544.664258 0.418912238 15.2109 0.114
56400.475017 0.419533223829 15.2162 0.07
56400.485827 0.431330863209 15.2549 0.071
54178.511785 0.4499746258 15.1748 0.088
54178.519298 0.458174039735 15.2819 0.091
54178.526768 0.466326525047 15.3068 0.091
54178.534237 0.474477918987 15.3061 0.095
55184.644014 0.505960481724 15.2516 0.068
55184.659397 0.522748926373 15.2499 0.068
55330.363754 0.53916521606 15.1868 0.079
55184.674648 0.539393311032 15.2325 0.068
55184.68962 0.555733205276 15.2352 0.068
55918.634033 0.555872899809 15.2062 0.069
55918.644608 0.567414068768 15.2388 0.069
56368.545566 0.572895987602 15.2364 0.063
55330.395498 0.573809458844 15.2216 0.084
55274.506426 0.5785165096 15.3078 0.086
55918.655199 0.578972699542 15.2553 0.069
56368.559694 0.588314771062 15.2322 0.063
55918.665797 0.590538969863 15.2452 0.069
56368.573816 0.60372700633 15.2233 0.063
54529.590888 0.604891491182 15.2733 0.073
54529.60168 0.616669486021 15.3026 0.074
56368.588019 0.619227642056 15.2542 0.063
54529.612447 0.628420196771 15.2884 0.074
54529.623229 0.640187277972 15.2988 0.074
54858.57103 0.641809044127 15.2548 0.079
54858.57909 0.650605433897 15.2941 0.08
54475.576324 0.655368144192 15.2752 0.087
54858.587173 0.659426925028 15.2572 0.079
54169.54305 0.661824650626 15.2983 0.089
54475.585838 0.66575137648 15.2906 0.087
54858.595279 0.668273517519 15.2613 0.079
54169.55287 0.672541840146 15.3237 0.089
54475.595329 0.676109507416 15.3079 0.088
54114.58123 0.678500684833 15.1539 0.086
54169.562808 0.683387810563 15.2899 0.089
54114.588069 0.685964519769 15.2966 0.09
54475.604775 0.686418526985 15.3191 0.088
54114.594964 0.693489471073 15.3174 0.09
54169.572636 0.694113730986 15.3237 0.09
54114.601842 0.700995869184 15.3322 0.091
54226.395435 0.708442242313 15.3929 0.082
54226.403613 0.717367412979 15.4293 0.083
54226.411787 0.726288218181 15.491 0.084
54226.420327 0.735608462431 15.5337 0.085
54509.567408 0.751996376675 15.6648 0.085
53742.639033 0.754364635456 15.5675 0.074
54137.567768 0.765169134057 15.536 0.112
56281.687463 0.779133129977 15.4394 0.074
54048.706302 0.78500903103 15.67 0.098
54137.588407 0.787693785233 15.5887 0.1
53742.671844 0.790173363087 15.6453 0.075
56281.700717 0.793598061737 15.6486 0.095
54048.714265 0.793699558545 15.6022 0.096
54137.59872 0.798949016955 15.5232 0.098
54048.722349 0.802522141039 15.4961 0.093
53742.688227 0.808053171227 15.4123 0.071
56281.714192 0.808304184832 15.4632 0.074
54048.730391 0.81129888626 15.4899 0.092
55616.53472 0.855710832331 15.2763 0.082
55616.560498 0.8838440005 15.2793 0.084
55300.452743 0.895379712645 15.2959 0.078
55978.508609 0.900799423756 15.2513 0.073
55978.51862 0.91172506371 15.2625 0.072
55978.528776 0.922808951361 15.2596 0.072
54062.586637 0.93349994816 15.2581 0.077
55978.538872 0.933827357205 15.2287 0.071
55144.729043 0.944218229043 15.3434 0.08
54062.59978 0.94784373857 15.2718 0.077
55144.73752 0.953469717393 15.3379 0.08
54062.61293 0.962195168536 15.2424 0.076
55144.746014 0.962739758913 15.2727 0.079
55144.754426 0.971920308636 15.3768 0.081
54062.626101 0.976569517127 15.2431 0.076
