54953.558088 0.00308139887434 16.9241 0.142
54829.641605 0.00658197906327 17.0221 0.118
56029.555192 0.00875006244032 17.0297 0.094
54120.719025 0.0126559437452 17.0394 0.14
54909.614792 0.0149517247319 16.9393 0.145
54974.458608 0.0236573706334 16.9409 0.124
55380.435005 0.0283627500299 16.9485 0.143
54508.689182 0.0314080604812 17.0085 0.133
55737.420302 0.0320576526722 16.9057 0.109
54829.650914 0.0324240892967 16.9544 0.115
54909.622492 0.0363271945812 17.0782 0.154
54120.728802 0.039797238375 16.9755 0.136
54974.466182 0.0446830600496 17.0543 0.13
56077.479362 0.0479254689862 17.137 0.117
56029.571165 0.0530916702126 17.0985 0.097
54534.634855 0.0575055659214 16.9562 0.159
54829.660177 0.0581385019152 16.8692 0.111
53831.476615 0.06558937998 16.7286 0.13
54974.473777 0.0657670462215 16.8577 0.12
54120.738484 0.0666748096873 17.032 0.139
54508.701956 0.0668691321286 16.9614 0.131
54896.66651 0.0700671245155 16.8989 0.105
54084.717308 0.0706278835853 16.9413 0.167
55737.434315 0.070958231753 16.9827 0.112
56077.492722 0.0850132971954 17.0941 0.115
54534.645312 0.0865345643945 17.1516 0.174
54974.48144 0.0870398027798 17.0242 0.129
54084.7251 0.0922587486643 17.0304 0.173
53831.4872 0.0949737109379 16.935 0.141
56029.587156 0.0974832466125 17.1294 0.097
54508.714455 0.101566794163 17.0734 0.137
54896.680302 0.108354199846 16.9569 0.107
55737.448527 0.110411241813 17.014 0.114
54084.732938 0.114017311338 17.1707 0.184
54534.655717 0.115419209037 17.0228 0.164
56077.506142 0.122267687483 17.2073 0.121
53831.49797 0.124871608351 17.1561 0.155
56107.407434 0.129302160292 17.203 0.123
55274.566659 0.134124133153 17.1453 0.169
54508.726659 0.135445525845 17.0868 0.138
54084.740902 0.136125654425 17.2977 0.195
53876.530778 0.137524776094 17.1649 0.16
53726.67705 0.138324274182 17.2867 0.202
54534.666153 0.144389910754 17.0821 0.168
54896.694092 0.146635723104 17.0692 0.111
55737.462657 0.149636616983 17.1443 0.12
53831.508669 0.15457240731 17.2535 0.162
54617.523556 0.159444348806 17.1601 0.125
53726.684785 0.15979690525 17.1189 0.187
56077.519678 0.159844097843 17.1941 0.121
53876.539392 0.161437541965 17.2378 0.166
55596.620704 0.167439329737 17.1722 0.107
56107.422157 0.170173724256 17.0253 0.114
55208.661091 0.177957726524 17.0692 0.116
54617.530735 0.179373504392 17.1647 0.126
53726.692512 0.181247328051 17.3373 0.202
54896.707901 0.184969991046 17.2574 0.119
53876.547983 0.185286459028 17.3053 0.171
54150.681342 0.189097955163 17.248 0.206
53588.370072 0.193306424275 17.1966 0.163
54617.53789 0.199236035135 17.1645 0.126
53726.70023 0.202672766528 17.1368 0.183
53876.556563 0.209104839716 17.1848 0.162
56107.436976 0.211311787572 17.1893 0.122
53588.376599 0.211425605026 17.207 0.165
54150.690478 0.214459811313 17.2531 0.202
54617.545047 0.21910411795 17.1411 0.126
53588.383193 0.229730780106 17.2663 0.17
54150.699667 0.239968797349 17.3052 0.201
54590.538033 0.246686802147 17.2879 0.134
53588.389902 0.248355199224 17.2815 0.171
56006.587115 0.24856340185 17.3036 0.139
56107.451881 0.252688589923 17.3399 0.13
54444.652628 0.263690016813 17.2034 0.196
54150.708748 0.26517797158 17.274 0.213
56006.594198 0.268226058063 17.2792 0.139
54590.546203 0.269367008464 17.3042 0.135
55650.695428 0.280768184395 17.4317 0.137
55680.594725 0.282264467294 17.3488 0.138
56006.601358 0.288102468985 17.3478 0.143
54444.661923 0.289493262543 17.3885 0.212
54167.648322 0.29002903731 17.263 0.201
54590.554375 0.292052766854 17.3048 0.135
56006.608524 0.307995536124 17.3071 0.141
54187.468359 0.311146335888 17.5443 0.223
55208.709363 0.3119624902 17.4384 0.133
54167.65685 0.313703064167 17.387 0.212
54590.562559 0.314771837655 17.4228 0.142
54444.671071 0.314888431124 17.4534 0.216
54167.66538 0.337382643095 16.7732 0.159
54187.478338 0.338848389605 17.3913 0.227
54444.680248 0.340364104729 17.3963 0.209
56385.579664 0.345161093286 17.4417 0.12
55680.620265 0.353164402321 17.6438 0.171
53860.399924 0.35770877169 17.4172 0.109
54167.673945 0.361159383263 17.4448 0.218
54187.488331 0.366589307805 17.3398 0.197
55596.699238 0.385452465935 17.4662 0.118
56385.594827 0.387254112678 17.3349 0.115
53860.410678 0.387562252567 17.4896 0.111
54187.498306 0.394280257378 17.3875 0.203
56485.382719 0.401939338065 17.5008 0.176
54197.588807 0.405864651616 17.4365 0.212
53860.421499 0.417601727775 17.5273 0.113
53944.357997 0.428261702354 17.4487 0.164
56485.39259 0.429341579997 17.1169 0.242
56385.610088 0.429619183496 17.5787 0.13
56375.523878 0.429946755628 17.4637 0.137
54864.737656 0.434449484464 17.5166 0.136
54197.599247 0.434846457478 17.7904 0.254
53944.364575 0.446522460879 17.5809 0.174
53860.432484 0.448096472743 17.5866 0.115
56485.402333 0.456388489423 17.4305 0.247
54864.745611 0.456532843247 17.3977 0.129
56375.533834 0.457584960537 17.3074 0.129
54938.593248 0.460161121047 17.494 0.147
54197.609669 0.463778294711 17.4578 0.215
53944.371124 0.464702714381 17.4613 0.165
56385.62422 0.468850110738 17.5878 0.131
54864.753565 0.478613425994 17.5516 0.137
53944.377677 0.482894072027 17.5308 0.171
54938.601505 0.483082842415 17.503 0.148
56485.412155 0.483654705632 17.5706 0.215
55329.447261 0.484598557556 17.6946 0.218
56375.543969 0.485720075706 17.6089 0.145
54197.619987 0.492421424304 17.5298 0.223
55596.739328 0.496743710882 17.4799 0.117
54864.761516 0.500685680633 17.6628 0.143
54938.609586 0.505515981611 17.6226 0.155
56375.553645 0.512580990802 17.4089 0.134
54938.617684 0.527996313398 17.3836 0.141
56358.629492 0.530539161506 17.5144 0.174
54527.602446 0.535291733496 17.6464 0.179
56358.639127 0.557286259168 17.6231 0.184
53820.490429 0.567552036751 17.5166 0.183
55329.477378 0.568204405002 17.5482 0.202
56392.504915 0.569900562398 17.5089 0.122
54506.722771 0.57258221226 17.4722 0.326
54527.615959 0.572804295069 17.5589 0.172
55673.498324 0.582406600282 17.6926 0.146
56358.648859 0.584302632219 17.6593 0.186
53820.500926 0.596692076623 17.5773 0.188
54506.731456 0.596692076625 17.6071 0.237
54527.629554 0.610544491492 17.6767 0.182
56358.658589 0.611313453198 17.6093 0.182
56392.520963 0.614450372809 17.6434 0.128
54506.740112 0.620721435967 17.8749 0.705
53820.511774 0.626806504783 17.6023 0.19
55162.714925 0.629790742459 17.612 0.201
54885.702377 0.633249682128 17.656 0.162
55162.71836 0.639326422834 17.5241 0.192
55363.365429 0.642621576429 17.7566 0.173
53847.535178 0.64472303496 17.6811 0.14
54527.643073 0.648073709261 17.6773 0.181
55162.72169 0.648570619532 17.4618 0.186
56392.536196 0.656737714639 17.6735 0.13
54240.546267 0.657279041465 17.4346 0.172
55162.725042 0.657875889001 17.5603 0.195
53820.523039 0.658078539564 17.7285 0.202
54885.71304 0.662850543812 17.7384 0.17
53882.490459 0.681808087128 17.7018 0.208
54240.555609 0.683212760866 17.6257 0.189
55673.536658 0.688823127676 17.6038 0.14
53847.551194 0.689184012239 17.688 0.14
55621.665087 0.691524209785 17.9861 0.298
54885.723722 0.69250415016 17.6201 0.162
56392.551248 0.698522594139 17.7124 0.132
54474.709143 0.701628977345 17.602 0.266
54614.477122 0.702436803533 17.6322 0.152
53899.42931 0.704652079507 17.8382 0.218
53882.49953 0.706989501019 17.6135 0.197
55263.606561 0.708507992187 17.6093 0.168
54240.564866 0.708910517269 17.687 0.194
55363.39087 0.713246684015 17.7445 0.195
55651.574532 0.721191696301 17.66 0.151
55707.40982 0.721907913348 17.7304 0.151
54885.734411 0.722177188739 17.4915 0.151
54614.485366 0.725322436453 17.7734 0.162
54296.405811 0.725330764548 17.7229 0.185
54474.718319 0.727101874914 17.7273 0.236
53899.438763 0.730893938781 17.7679 0.211
53882.508579 0.732109842139 17.6523 0.201
53847.567106 0.733356281877 17.4886 0.13
54240.5741 0.734544424864 17.6114 0.189
54296.414014 0.748102580033 17.586 0.175
55707.420476 0.75148934278 17.715 0.15
54474.727542 0.752705246133 17.5007 0.211
53899.448216 0.757135798055 17.4865 0.184
53882.517801 0.757710437322 17.5672 0.193
56414.54871 0.764247999854 17.6188 0.108
55299.649457 0.76485039945 17.7119 0.138
54817.667341 0.765605480985 17.9408 0.245
54296.422213 0.770863291353 17.5914 0.175
55621.694603 0.77346166017 17.4617 0.133
54239.508086 0.775252202769 17.7245 0.203
54923.577511 0.775948987569 17.6426 0.159
53847.583093 0.777736754133 17.5038 0.131
54474.736857 0.778564012582 17.632 0.225
55707.431101 0.780984715137 17.6751 0.148
53899.457681 0.783410969761 17.7072 0.205
56056.491354 0.784479743247 17.6283 0.16
54817.675732 0.788899191053 17.8737 0.236
54296.430421 0.793648986998 17.5573 0.173
56414.563919 0.806468716841 17.5865 0.107
55707.441646 0.810258004675 17.5414 0.139
54178.64273 0.810890940667 17.5933 0.234
56056.500877 0.810915924979 17.5005 0.151
54923.590537 0.812109620042 17.6053 0.156
54817.684151 0.812270630089 17.527 0.198
55006.445343 0.819954695087 17.6893 0.21
54260.418364 0.822916724474 17.5784 0.191
53806.534489 0.82537351549 17.408 0.175
54212.512376 0.83421518711 17.5084 0.175
54178.651456 0.835114622467 17.5053 0.223
56056.510445 0.83747702829 17.6721 0.164
55006.452148 0.838845613558 17.4225 0.186
54622.451326 0.839106560868 17.5193 0.145
55651.617051 0.839225930371 17.5116 0.142
54260.424851 0.840924863826 17.5632 0.191
54923.603512 0.848128674761 17.4997 0.15
56414.579018 0.848384069971 17.4394 0.103
53806.543524 0.850454992126 17.6368 0.195
55006.459067 0.858053000051 17.4896 0.194
54260.431349 0.858963539533 17.5647 0.209
54178.660236 0.859488210169 17.4916 0.222
54239.539872 0.863491252698 17.5994 0.188
56056.519908 0.863746647923 17.4353 0.148
54212.52461 0.868177199851 17.4575 0.171
54622.462764 0.870858849712 17.3569 0.136
53806.552928 0.876560825677 17.3625 0.171
55006.465861 0.876913382126 17.2484 0.173
54260.437912 0.877182657538 17.54 0.19
54178.669021 0.883875678032 17.3679 0.209
54923.616484 0.884139401352 17.2089 0.138
54661.371972 0.884183817919 17.1763 0.132
56139.379302 0.884328171742 17.5036 0.133
56414.594116 0.890296647085 17.283 0.097
54239.550906 0.894122023368 17.6404 0.192
53763.694563 0.900237628573 17.1991 0.15
54212.536667 0.901647854384 17.099 0.146
54622.474218 0.902655555113 17.3385 0.135
53806.562584 0.903366220074 17.13 0.154
56139.386584 0.904543258934 17.3502 0.126
54661.381805 0.911480570504 17.2385 0.136
53763.701325 0.919009177558 17.2859 0.156
56139.394458 0.926401758883 17.2574 0.12
54953.532372 0.931692881676 16.9975 0.146
54622.485753 0.934677119347 17.1956 0.127
54212.548717 0.935099076665 17.1234 0.148
53763.708063 0.937714101679 17.2486 0.154
54661.391629 0.938752338784 17.1535 0.131
56139.401842 0.946900001644 17.258 0.121
54239.571908 0.95242431138 17.4937 0.18
54953.540847 0.955219778665 16.9835 0.146
53763.71475 0.956277448025 17.0519 0.141
56029.539261 0.964525048139 17.0799 0.096
54661.401452 0.966021331029 17.0551 0.127
54909.59948 0.972445076119 16.9783 0.147
54953.549374 0.978891029506 17.0088 0.147
54829.632221 0.980531666212 16.9588 0.116
54120.709088 0.98507048352 17.0302 0.139
54909.607184 0.993831650112 17.0404 0.151
