54938.398592 0.0352648810697 16.072 0.087
54938.407198 0.0358159748816 16.0521 0.086
54938.415794 0.0363664283333 16.0718 0.087
54938.424358 0.0369148326328 16.0313 0.086
54126.578232 0.0495367123509 16.0325 0.095
54126.591378 0.0503785296002 16.0409 0.095
54126.604478 0.0512174011939 16.0503 0.096
54126.61761 0.0520583219393 16.0267 0.095
56375.478446 0.0601096962287 16.195 0.087
56375.487886 0.0607141960641 16.1565 0.087
56375.497425 0.0613250354633 16.1803 0.087
56375.506887 0.0619309440907 16.1625 0.087
55329.363568 0.0710978895273 16.2011 0.097
55329.379535 0.0721203523313 16.1919 0.097
55891.709579 0.0814867699066 16.2539 0.108
55891.719258 0.0821065743454 16.2277 0.107
55891.728904 0.082724265597 16.2772 0.109
55204.621861 0.0831380021896 16.1771 0.084
55891.738604 0.0833454147919 16.2412 0.108
55204.666032 0.0859665363237 16.1727 0.085
55626.454824 0.0956334108085 16.217 0.094
55626.483194 0.0974501121143 16.2438 0.095
55267.464215 0.107310951642 16.2397 0.096
56235.683858 0.10822352867 16.2037 0.081
56235.696908 0.109059198464 16.1875 0.081
56235.709746 0.109881292626 16.2327 0.082
56235.722802 0.110717346635 16.2232 0.082
53955.822313 0.115010768294 16.1357 0.109
54721.763854 0.162842906374 16.0203 0.086
54721.779203 0.16382579493 16.0353 0.086
54721.784416 0.164159614596 16.1346 0.09
54487.549191 0.164672863131 16.0688 0.096
54487.56043 0.16539256373 16.0867 0.096
54487.571627 0.166109574816 16.1276 0.098
54487.582796 0.166824792895 16.1076 0.097
55174.701788 0.16717622246 16.2583 0.095
55174.711464 0.167795834791 16.2264 0.094
55174.721101 0.168412949719 16.1447 0.096
56408.410994 0.168978323558 16.3047 0.084
55174.730763 0.169031665546 16.1889 0.098
56408.416606 0.169337693587 16.2797 0.083
56408.42226 0.169699753128 16.2709 0.083
56408.427919 0.17006213285 16.1943 0.082
53956.787912 0.176843865377 16.2166 0.113
53956.793989 0.177233012146 16.0593 0.107
53956.800067 0.177622222951 16.0244 0.105
53956.806165 0.178012714476 16.2724 0.115
54956.397469 0.18784095968 16.1773 0.095
54956.403929 0.188254632236 16.1116 0.093
54956.410355 0.188666127569 16.0783 0.092
54956.416785 0.189077879046 16.1173 0.094
53597.822068 0.190107257738 16.1806 0.123
53597.824322 0.190251594881 16.3803 0.132
54378.718051 0.195562036284 16.1412 0.111
54378.726802 0.196122415315 16.1029 0.11
54378.7359 0.196705014838 16.0526 0.107
54378.745131 0.19729613115 16.0942 0.109
54472.626142 0.209060504798 16.0301 0.095
54472.637621 0.209795574037 16.0427 0.096
54472.649124 0.210532180139 16.0378 0.096
54472.660633 0.211269170457 15.9253 0.093
55300.402901 0.216572631936 16.1745 0.095
54035.725418 0.231685960287 16.0023 0.104
54035.733173 0.232182559463 16.0332 0.105
54035.740972 0.232681976223 15.9986 0.104
54035.748749 0.233179984191 16.0404 0.106
53676.703182 0.241338234563 16.0622 0.121
53676.710861 0.241829967004 16.0344 0.12
53676.719317 0.242371455416 16.1451 0.126
53676.726747 0.242847242892 16.0772 0.195
54004.699353 0.244900877396 16.0355 0.109
54504.554908 0.253650948476 15.9772 0.091
54504.565779 0.254347083826 15.9637 0.09
54504.576717 0.255047509589 15.9691 0.091
54504.587602 0.255744541443 15.9901 0.092
54379.718514 0.259627684453 16.0269 0.11
54379.727209 0.260184477469 15.8976 0.113
54379.736323 0.260768101568 16.0043 0.108
54379.745458 0.261353070424 15.8914 0.115
54442.653915 0.289758991551 15.941 0.091
54442.667514 0.290629817108 15.9482 0.091
54442.681097 0.291499618089 15.945 0.091
54442.694755 0.29237422177 15.959 0.092
54036.684607 0.293108586613 15.9625 0.102
54036.692457 0.293611269209 15.9417 0.102
54036.700503 0.294126502861 15.9568 0.102
54036.708452 0.294635525021 15.946 0.102
56004.412782 0.298549021095 16.0485 0.079
56004.424072 0.299271987529 16.0087 0.078
56004.435313 0.299991816199 16.0244 0.078
54864.531902 0.305137557011 15.9456 0.086
54864.540458 0.305685449023 15.9209 0.085
54864.549061 0.306236350727 15.906 0.085
54864.557629 0.306785011171 15.9383 0.086
54739.753323 0.3148165343 15.9406 0.078
54739.769713 0.315866084332 15.938 0.08
54739.786445 0.316937534675 15.8122 0.084
54833.623204 0.325868187274 15.9565 0.082
54833.631809 0.32641921705 15.9355 0.082
54833.640343 0.32696570027 15.9339 0.082
54833.648859 0.327511030841 15.922 0.082
54896.513034 0.353081309839 15.906 0.084
54896.521081 0.353596607526 15.8746 0.083
54896.529117 0.354111200818 15.9309 0.084
54896.537163 0.354626434471 15.8798 0.083
54006.714974 0.373973182748 15.9508 0.103
54006.725805 0.374666756659 15.9557 0.103
54006.736707 0.375364877125 15.9254 0.102
54006.747758 0.376072538956 15.931 0.102
54740.73968 0.377978890661 15.8771 0.084
54740.750233 0.378654662564 15.8895 0.084
54740.760657 0.379322173822 15.8962 0.084
54740.770991 0.379983921841 15.8807 0.084
56068.35998 0.393471760381 15.9472 0.087
56068.364811 0.393781118294 15.9591 0.087
56068.36955 0.394084584896 15.9607 0.088
56068.374347 0.394391765585 16.0015 0.089
54522.510346 0.403445367303 16.1392 0.121
54522.518916 0.403994155819 15.9595 0.109
56037.39687 0.410718063838 15.9678 0.078
56037.408095 0.411436867933 15.9808 0.078
56037.419381 0.412159578223 15.9497 0.078
56037.430686 0.412883505197 15.9696 0.078
53757.548242 0.418332456467 15.9806 0.085
53757.561468 0.419179396597 15.9932 0.086
53757.574673 0.42002499197 15.951 0.085
54819.485339 0.420535871174 15.9002 0.096
53757.587917 0.420873084747 15.9782 0.086
54819.494172 0.421101501158 15.8969 0.096
54819.503078 0.421671805769 15.8488 0.095
54819.512044 0.422245952541 15.926 0.097
55100.703478 0.428620480147 15.9184 0.085
55100.714079 0.429299325778 15.9748 0.092
56006.455517 0.429357598538 15.9832 0.084
56006.46517 0.429975738041 15.9847 0.084
55100.724746 0.429982397785 16.0256 0.102
56006.474743 0.430588754664 15.9858 0.084
55100.735455 0.430668159303 15.9142 0.085
56006.484424 0.431208687175 15.9928 0.085
54913.461777 0.438411008147 15.9352 0.085
54913.468204 0.438822567516 15.9402 0.086
54226.356251 0.438921887351 15.9819 0.095
53726.63895 0.439025049346 16.052 0.111
54913.474655 0.439235663748 15.9128 0.085
54226.364486 0.439449223807 15.9566 0.094
53726.646259 0.439493088467 15.9727 0.107
54913.481098 0.439648247693 15.9415 0.086
53726.653584 0.439962152163 16.0394 0.11
54226.372671 0.439973358463 15.9666 0.095
53726.660877 0.440429166707 15.91 0.106
54226.38086 0.440497749263 15.9285 0.094
53742.57358 0.459415008091 15.9667 0.085
53742.586773 0.460259835033 15.982 0.085
53742.6 0.461106839198 16.0018 0.085
53742.613207 0.461952562644 15.9911 0.085
55679.362419 0.483624137883 16.0908 0.085
55679.383802 0.484993419661 16.0194 0.087
53633.725447 0.489216017504 16.065 0.114
53633.734055 0.489767239388 16.0568 0.114
53633.742662 0.490318397235 15.9989 0.111
53633.751325 0.490873141099 16.0157 0.112
54883.536551 0.522119250912 15.9952 0.086
54883.545107 0.522667142924 16.0253 0.087
54883.553681 0.523216187583 15.9651 0.086
54883.562259 0.523765488387 16.0328 0.087
53806.446951 0.549610161642 16.1541 0.103
53806.455531 0.550159590518 16.1516 0.102
53806.464237 0.55071708793 16.079 0.1
53806.472743 0.551261778141 16.168 0.103
55149.624191 0.561307233456 16.1602 0.088
55149.635141 0.56200842765 16.1746 0.089
55149.646 0.562703794569 16.1841 0.089
55149.656846 0.563398329019 16.1992 0.089
54056.601139 0.568483619847 16.1014 0.11
54056.609409 0.569013197563 16.159 0.112
54056.617797 0.569550331527 16.1349 0.111
55649.472301 0.569580556519 16.3894 0.104
54056.626737 0.570122813363 16.0548 0.107
55649.498991 0.571289677346 16.2514 0.097
55524.59882 0.573182389383 16.1761 0.094
55524.634272 0.575452593638 15.9403 0.118
55852.661865 0.581027375646 16.1186 0.091
55852.672488 0.581707630068 16.2346 0.094
55118.712865 0.581869577112 16.2141 0.089
55118.720955 0.582387628347 16.1687 0.088
55852.683209 0.58239416002 16.0736 0.089
55118.729171 0.582913748119 16.1545 0.087
55852.693936 0.583081074186 16.2163 0.094
55118.737259 0.583431671283 16.2091 0.088
56274.528048 0.595650060168 16.1644 0.087
54525.513335 0.595744769412 16.0034 0.105
54525.522251 0.596315714383 16.0327 0.106
56274.538965 0.596349141175 16.1734 0.095
54525.531189 0.596888068147 16.1129 0.11
56274.549724 0.597038104493 16.1713 0.094
54525.540062 0.59745625957 16.042 0.107
56274.592001 0.599745354444 16.2198 0.096
56274.599425 0.600220757705 16.1925 0.089
56274.606651 0.600683481837 16.1931 0.087
56274.613839 0.601143772601 16.2079 0.087
53713.561206 0.601578641074 16.1721 0.098
53713.572871 0.602325621008 16.1795 0.099
53713.584531 0.603072280763 16.2476 0.101
53713.5962 0.603819516841 16.1808 0.099
55962.504143 0.614887434959 16.4817 0.099
55962.513004 0.61545485795 16.3533 0.095
55962.521892 0.616024009914 16.3894 0.096
55962.530795 0.616594122417 16.373 0.096
54417.573795 0.683728439719 16.0428 0.092
54417.587471 0.684604196049 16.0545 0.093
54417.601299 0.68548968585 16.0896 0.093
54417.615419 0.686393874163 16.0799 0.093
54137.532054 0.750975652489 16.0282 0.113
54137.540632 0.751524953292 16.0185 0.113
54137.549259 0.75207739186 16.0271 0.115
54090.707981 0.752549337176 15.9256 0.098
54137.557834 0.752626500556 16.022 0.114
54090.720274 0.753336531718 15.954 0.096
54090.73264 0.754128400888 15.944 0.098
54090.744955 0.754917004222 15.7794 0.092
54512.557619 0.766112546087 15.9782 0.111
54512.569602 0.766879889469 15.9912 0.112
54512.581581 0.767646976707 15.9863 0.112
54512.593548 0.768413295513 15.9563 0.111
54153.438444 0.769557234608 16.012 0.109
54153.444916 0.769971675597 15.997 0.108
53872.358037 0.770292431918 16.0024 0.101
54153.451943 0.770421656565 16.0103 0.109
53872.36322 0.770624330504 15.9833 0.101
54153.458385 0.770834176474 15.9569 0.107
53872.368395 0.770955716801 15.9966 0.101
54793.729915 0.771261552735 15.9722 0.088
53872.373538 0.771285053947 15.9674 0.1
54793.733407 0.771485166445 16.0141 0.089
54793.736933 0.771710957379 16.0541 0.09
54793.740435 0.771935211449 16.0212 0.089
54762.626016 0.779492291859 15.9081 0.098
54762.636785 0.780181895538 15.9282 0.099
54762.647824 0.780888788936 15.9135 0.098
54762.658788 0.781590879634 15.9261 0.099
54856.598397 0.797107634782 15.9567 0.086
54856.611235 0.797929728943 15.9352 0.086
55590.581504 0.798449509151 16.1189 0.084
54856.624091 0.798752975753 15.8977 0.086
54856.636962 0.799577183102 16.4176 0.515
55590.611352 0.800360855664 16.08 0.083
53857.390941 0.811859479915 15.9915 0.099
53857.397359 0.81227046296 15.89 0.097
53857.403783 0.812681830221 15.961 0.099
53857.410211 0.813093453626 15.9877 0.101
54591.372533 0.813104339745 15.9185 0.094
54591.378549 0.813489580318 15.893 0.094
54591.384496 0.813870402407 15.9441 0.095
54591.39046 0.814252313109 15.9448 0.095
55559.639095 0.817021421835 16.1006 0.083
55559.681663 0.819747306262 16.1172 0.085
54466.61753 0.824293029759 16.1019 0.346
54466.627287 0.824917829006 15.9104 0.116
54466.636812 0.825527771901 15.7234 0.227
53607.752168 0.825991136393 16.0052 0.1
53607.763952 0.826745736611 15.9765 0.098
53607.775556 0.82748881035 15.9779 0.098
53826.412294 0.828110856049 15.9725 0.084
53607.787181 0.828233228844 15.9062 0.095
53826.428161 0.829126915253 15.9188 0.083
53826.439036 0.829823306748 15.9665 0.085
53826.449916 0.830520018422 15.9661 0.085
54779.579281 0.865111560957 15.8179 0.082
54779.587333 0.865627178825 15.9635 0.086
54779.595395 0.866143437053 15.8078 0.082
54779.603453 0.866659439137 15.8752 0.083
54108.71984 0.905956731131 15.8528 0.085
54108.726452 0.90638013716 15.9497 0.088
54108.733048 0.906802518613 15.9827 0.089
54202.436061 0.907168612422 15.9345 0.095
54108.739702 0.907228614153 15.8438 0.086
54202.446993 0.907868653968 15.976 0.096
54202.457867 0.908564981427 16.0107 0.098
54202.468716 0.909259707986 15.9749 0.097
54172.462563 0.987785709419 16.0211 0.095
54172.472388 0.988414863114 16.0045 0.094
54172.482212 0.989043952773 16.0234 0.095
54172.492047 0.989673746828 16.0545 0.096
