54888.550986 0.00879518019315 15.2484 0.081
53763.632583 0.0172981865765 15.3225 0.079
53877.428658 0.0247883238334 15.3363 0.082
54888.559954 0.0356691753615 15.2827 0.082
56388.568205 0.0417478884981 15.4178 0.104
56388.568205 0.0417478884981 15.4178 0.104
54113.699549 0.0469545752141 15.3839 0.1
55366.430264 0.0477576785648 15.3531 0.077
54113.705141 0.0637118657033 15.4231 0.1
55680.455457 0.0726823501511 15.3884 0.073
56388.578877 0.07372818249 15.4501 0.083
56388.578877 0.07372818249 15.4501 0.083
55366.441124 0.0803013435474 15.392 0.079
54113.710821 0.0807328617673 15.435 0.101
55585.687462 0.0857687392136 15.3771 0.078
55330.405225 0.0931719735042 15.3417 0.087
54113.716494 0.0977328812445 15.425 0.099
56388.589637 0.105972182057 15.4531 0.115
55680.480842 0.148752417923 15.4935 0.076
54197.498483 0.163385080572 15.562 0.098
55330.429498 0.16590976175 15.503 0.091
54999.394867 0.169580663203 15.3607 0.077
55585.721497 0.187759866111 15.4736 0.079
54999.401415 0.189202755131 15.3815 0.078
54197.508804 0.19431354892 15.5676 0.098
56358.585747 0.1946881307 15.5306 0.085
55656.470971 0.199470790875 15.5758 0.075
54999.407897 0.208627067876 15.3788 0.078
54062.699149 0.216389900682 15.5185 0.087
54534.558921 0.216974248268 15.5154 0.093
54189.50811 0.218999986528 15.5554 0.096
56358.595457 0.223785643344 15.5881 0.086
54197.519106 0.225185080862 15.5629 0.098
54999.414346 0.227952491043 15.4231 0.079
53723.661062 0.236470480712 15.5087 0.093
54189.515023 0.239715857251 15.577 0.097
56006.542549 0.242947748838 15.5604 0.078
54534.567806 0.243599521138 15.5536 0.093
54062.708915 0.245655225955 15.5324 0.088
56358.605291 0.253254741087 15.5852 0.086
54197.529398 0.256026646251 15.5717 0.098
54189.521884 0.260275901966 15.5915 0.097
54534.576623 0.270021021538 15.5507 0.093
53723.673101 0.272547201057 15.5323 0.094
56006.552597 0.273058130608 15.5752 0.079
54062.718855 0.275441969045 15.5983 0.089
54189.528822 0.281066689048 15.5921 0.097
56358.615078 0.282582996098 15.6215 0.087
53848.482343 0.282690875653 15.5986 0.073
55656.500802 0.288863983375 15.6242 0.077
54534.58543 0.296412555385 15.5752 0.094
56006.562744 0.303465181139 15.6373 0.08
54062.728748 0.305087869404 15.5741 0.089
53723.685217 0.308854663769 15.5906 0.096
54839.600609 0.321440611566 15.5259 0.077
53848.498329 0.330595390258 15.6546 0.074
56006.572945 0.334034050988 15.7349 0.083
53825.475981 0.340578743848 15.6532 0.08
53723.698105 0.347475543571 15.5906 0.095
53704.677957 0.350668478649 15.6404 0.103
54178.541076 0.354591099048 15.7017 0.103
54839.613994 0.361550828504 15.6057 0.078
53825.485443 0.368933086208 15.6929 0.08
53704.684842 0.371300443068 15.6676 0.104
54508.583163 0.376609016048 15.6525 0.084
54178.548782 0.377683316577 15.6959 0.103
53848.514275 0.378380038697 15.686 0.074
53704.691745 0.391986347238 15.6666 0.103
54508.589954 0.396959294961 15.683 0.085
53825.495751 0.399822598082 15.6629 0.08
54178.556521 0.400874423707 15.7167 0.104
54298.357021 0.401550169252 15.7265 0.087
54839.627502 0.402029633929 15.6055 0.078
53704.698623 0.412597335071 15.7025 0.105
54508.596737 0.417285600632 15.6761 0.085
54298.36359 0.421235190918 15.7039 0.087
54178.564256 0.424053544217 15.7156 0.104
56414.391578 0.42546796503 15.7172 0.072
53825.505051 0.427691482466 15.7394 0.082
54167.55519 0.433689285915 15.7824 0.108
54508.603404 0.437264294425 15.6971 0.085
54298.370163 0.440932199204 15.7965 0.089
54839.64116 0.442957937466 15.6222 0.079
54614.392492 0.450582924168 15.6473 0.078
56414.401458 0.455074908871 15.7203 0.073
54298.376752 0.460677153953 15.7277 0.088
55160.674013 0.46741662935 15.6529 0.091
55634.536537 0.469556240463 15.7102 0.103
54614.400649 0.475026632779 15.6496 0.078
54858.674408 0.479021172863 15.686 0.09
54977.474455 0.481685198491 15.7065 0.095
56414.411766 0.485964420723 15.7536 0.073
55160.682314 0.492291856142 15.6966 0.092
54977.47992 0.498061913873 15.7228 0.096
54614.4088 0.499452361437 15.6981 0.081
55301.511174 0.507691662263 15.8091 0.088
54858.685137 0.511172276161 15.7222 0.091
54528.651423 0.514245345087 15.7428 0.076
54977.485435 0.514588461995 15.6496 0.101
56414.421651 0.515586347839 15.7895 0.073
55160.690617 0.517173076267 15.7343 0.094
54614.416943 0.523854116874 15.7171 0.082
53813.52414 0.52504378862 15.8471 0.083
54167.585734 0.525219092889 15.8378 0.109
54977.490905 0.530980160653 15.8734 0.116
55160.698897 0.541985373343 15.7245 0.095
54528.660787 0.542306015342 15.7916 0.077
54858.695919 0.543482202121 15.7353 0.091
54167.592583 0.545743177741 15.7662 0.107
55634.56317 0.549366132722 15.7823 0.089
54167.599429 0.566258272649 15.7662 0.107
53813.53837 0.567686178394 15.7858 0.082
54938.460071 0.569066137667 15.7432 0.081
54528.670283 0.570762243959 15.7437 0.076
54858.706724 0.575861051152 15.7588 0.092
54528.679654 0.5988438908 15.7574 0.076
54938.470766 0.601115354708 15.7334 0.08
53813.55262 0.610388501251 15.7821 0.082
56077.415108 0.623501860182 15.8119 0.08
54938.481464 0.633173561714 15.7596 0.081
56077.422157 0.644625275888 15.8816 0.081
53813.566862 0.653066850866 15.7443 0.081
53921.354836 0.656355678886 15.7924 0.087
54938.492208 0.665369614841 15.7535 0.081
56077.429757 0.66739984807 15.7685 0.078
53921.361383 0.67597477418 15.768 0.087
56077.436817 0.688556226983 15.7134 0.077
55714.365283 0.688706059688 15.7936 0.078
53921.367912 0.695539929679 15.7672 0.087
54602.467221 0.714669071984 15.7318 0.08
53921.374458 0.715156028295 15.7831 0.088
55714.377985 0.726769561788 15.6815 0.076
54602.473877 0.734614802569 15.7326 0.08
54602.480528 0.754545549899 15.6783 0.079
55714.390692 0.764848047164 15.6407 0.076
54602.487176 0.774467307264 15.6339 0.078
54594.479592 0.778506797177 15.629 0.086
56299.714941 0.779237980795 15.4952 0.074
54923.51767 0.791856891789 15.6729 0.08
55714.403341 0.802752726579 15.5202 0.074
56299.724709 0.808509299379 15.3546 0.073
54594.490249 0.810442141362 15.5021 0.083
54130.640039 0.811745685942 15.3465 0.09
54923.530045 0.82894048795 15.6105 0.079
56299.733708 0.835476190838 15.2969 0.071
54594.500919 0.842416442043 15.4093 0.081
54130.650455 0.842958836473 15.2688 0.088
54909.519815 0.845125417476 15.6059 0.09
55381.384327 0.859913906129 15.4624 0.08
56299.742715 0.862467055539 15.3291 0.072
54473.706352 0.862865610555 15.2951 0.079
54212.415054 0.863190747528 15.2775 0.079
54923.542514 0.866305769616 15.4946 0.077
54909.529081 0.872892415626 15.4801 0.087
54130.660837 0.874070100747 15.2923 0.088
54594.511565 0.874318823042 15.327 0.08
56041.460968 0.881375943763 15.3179 0.068
56388.516382 0.886452276045 15.2857 0.082
56388.516382 0.886452276045 15.2857 0.082
54473.717036 0.89488186441 15.2902 0.079
54212.425716 0.895141074989 15.2731 0.079
53763.591876 0.89531338261 15.2639 0.078
54909.538369 0.900725340169 15.4021 0.085
54130.671144 0.904956615944 15.3202 0.089
56041.472224 0.915106283832 15.3355 0.069
55247.58704 0.91570711301 15.268 0.087
56388.526963 0.918159874496 15.2162 0.123
53763.601988 0.92561555025 15.3012 0.078
54473.727483 0.92618791121 15.297 0.079
54212.436255 0.926722813985 15.2739 0.079
54909.547655 0.928552271401 15.3356 0.083
53877.397511 0.931451534376 15.2788 0.081
56041.483592 0.94917224918 15.2609 0.068
56388.537558 0.949909426143 15.3423 0.126
56388.537558 0.949909426143 15.3423 0.126
54888.533119 0.95525395896 15.2726 0.082
53763.61203 0.955707952067 15.2783 0.078
54473.73794 0.957523924541 15.2891 0.079
54212.446759 0.95819967007 15.2467 0.078
53877.408044 0.963015293441 15.2552 0.08
54888.54201 0.981897211761 15.2696 0.082
56388.548274 0.982021572922 15.3964 0.133
56041.494954 0.983220234619 15.2841 0.068
53763.622206 0.986201905578 15.2826 0.078
53877.418339 0.993865848796 15.2857 0.081
