54005.5317386 0.00283573220295 18.292751 0.294682486442
53576.6746714 0.00549478776555 18.196307 0.215148232703
55148.4184889 0.00574066356513 17.982212 0.180090385636
53851.7616614 0.00652615380132 18.052364 0.160071009667
53555.563464 0.00812100662432 18.166276 0.277993592986
54076.4321278 0.00843465161441 18.350709 0.396337194788
53618.5847311 0.0089686815383 18.040573 0.239675705405
55060.506212 0.0121451293876 18.296393 0.207317653323
55767.6019083 0.012387368635 18.106412 0.223715141512
53707.4461221 0.014620788296 17.897408 0.262315049821
54076.4347854 0.0168687523149 18.528109 0.433718491542
55031.5191502 0.0203907992403 17.58382 0.192969331426
54076.4374545 0.0253392167555 18.090657 0.335971878482
55148.42486 0.0259596013986 17.855065 0.16987889097
55715.6139369 0.0262035296016 18.206116 0.190274687304
56183.5450001 0.0266422801804 18.433987 0.178378728732
55362.6966784 0.0272872743942 18.143687 0.174374993614
54732.4867798 0.027609255951 18.145715 0.185609558508
54005.5405595 0.0308293768634 18.232099 0.285400927276
53707.4512324 0.0308386328305 18.062977 0.286745452138
54076.4401099 0.033766339136 18.054849 0.330536272921
53576.6846505 0.0371638682199 18.034647 0.199387910487
55060.5146903 0.0390515040836 18.096502 0.187857886636
55031.5274328 0.0466760190814 17.945105 0.230577321928
55767.6132076 0.0482461163539 18.157047 0.413931548033
54929.7514438 0.0559617257647 18.098134 0.328377840989
54344.6020808 0.0579356769945 18.041789 0.204638178428
56183.5556122 0.0603202440232 18.090158 0.153224461832
54732.4979657 0.0631080417582 18.214739 0.191834749337
56156.4574769 0.0631595753722 18.239494 0.160828447416
55715.6289307 0.0737872061481 18.065285 0.176175803334
56123.693101 0.0839276745752 18.201493 0.138187096143
54954.6543334 0.0864105336112 18.016363 0.188891904694
54929.7614724 0.0877880141469 17.885812 0.291886598666
54344.6129751 0.0925091772364 17.800647 0.182752931306
56183.5662382 0.0940422862155 18.068393 0.152258085136
54745.4277077 0.0962304526905 18.105586 0.233296612217
54732.5091432 0.0985803824075 18.3048 0.201252255313
56156.4688005 0.0990954596023 18.290805 0.164367886296
54745.4326337 0.111863321409 17.988657 0.191573998673
54929.7712468 0.118807289299 18.020782 0.312626162297
54954.6651241 0.120655291723 18.100602 0.195876375773
55715.6440918 0.121901715924 18.316692 0.19827239147
56123.706193 0.125475517047 18.447074 0.153663802578
54344.6238985 0.127175200629 18.006759 0.202578710328
54745.4375511 0.127469010642 18.116964 0.203600102845
54627.5886752 0.128719476665 18.222459 0.196269206259
56156.480157 0.135136024798 18.529957 0.182819789924
54745.442474 0.143091963618 18.46219 0.253209859555
54929.7811234 0.150151301289 18.019118 0.311242456952
54954.6759321 0.154955145094 18.214492 0.205906505483
54627.5973719 0.156318998723 18.193099 0.192796420025
54344.6347627 0.161653199405 18.21126 0.22442251415
54590.733303 0.166525436916 18.195522 0.166693108394
56123.719449 0.167544240477 18.359854 0.147803586591
55715.6594357 0.170596206654 18.248591 0.191887041914
56156.4916228 0.171522999304 18.233299 0.159711006464
55386.692891 0.180355740144 18.182406 0.181956883804
54627.6060783 0.183949008107 18.019103 0.179133870961
54590.7399962 0.187766591758 18.117034 0.160627154856
54954.6867217 0.189196231088 18.301324 0.214397381659
56066.6975888 0.206086250294 18.030977 0.185903431429
54602.7204131 0.208162607999 18.087633 0.182697275597
56123.73268 0.20953325589 18.193592 0.138054349195
54590.7468809 0.209615680157 18.195718 0.166230280563
54627.6147896 0.211594812187 18.302183 0.20234532869
53912.6419941 0.213021217995 18.249673 0.277336808636
53959.5942841 0.218241736243 17.855248 0.1855392529
54590.7538104 0.231606549551 18.242046 0.169549136277
54643.6921537 0.233838500159 18.332878 0.203806367641
56066.7065018 0.234371904911 18.331746 0.214978575538
53912.6515329 0.243293240328 18.159392 0.264668789013
53936.6025954 0.25307558399 18.102068 0.209467349077
53959.6052613 0.253078596017 18.226725 0.222930220161
54602.7350771 0.254699455402 18.589149 0.233564255227
56066.7155844 0.263196072084 18.128539 0.194139677488
54643.70357 0.270068632977 18.359321 0.205972230846
53912.6609341 0.27312827692 18.332526 0.289352072245
55823.4576641 0.273160122175 18.269414 0.188175945546
53936.6128113 0.285496177452 18.210516 0.22148911548
54704.523724 0.285584148126 18.12398 0.186782380981
53959.6162278 0.287881294801 18.141912 0.213470334125
55501.4254374 0.28929201694 18.372044 0.233979762918
56066.7244637 0.291374877576 18.322452 0.213673205887
54602.7488012 0.298253645917 18.458876 0.218473883956
55858.442818 0.30013180495 18.217868 0.196849057707
53912.6698945 0.301564492448 18.245679 0.275956240142
54643.7148763 0.305949824025 18.437939 0.21382112477
55823.4688568 0.308680580109 18.270928 0.188446464389
54704.5315993 0.31057677249 18.252597 0.198637113514
53936.6227702 0.317101347149 18.236295 0.223992972371
55386.7364103 0.318466117951 17.999814 0.168276985724
53959.6271649 0.322590698954 18.51904 0.259484274298
55858.4512307 0.326829659621 18.467766 0.219250679375
54704.5393157 0.335065045612 18.188151 0.192531383954
54643.7261637 0.341770739905 18.616845 0.234053320754
53936.6326545 0.348469565688 18.269553 0.227863234388
55858.4596943 0.353689386378 18.243339 0.20600511865
55823.4840221 0.356808276269 18.21402 0.189579160395
54704.5468984 0.359129076962 18.19091 0.192902766597
54942.7694634 0.369237076828 18.174794 0.169800591871
53936.64252 0.379778316098 18.223783 0.223374666795
55858.4681353 0.380477377996 18.201938 0.195666976154
55823.4953073 0.392622579121 18.219492 0.190952895157
54942.7828725 0.411791380635 18.074505 0.161951578829
54942.7962387 0.454209451121 18.213816 0.172800804437
53973.5341854 0.457150343199 18.149505 0.267490014773
54015.4432299 0.457402720028 17.8521 0.239570238404
54681.5769353 0.462910253709 18.386819 0.210569106681
53651.5013498 0.471350341299 18.125954 0.323921912188
55337.6303781 0.478247183301 18.090702 0.21632860159
56429.7843767 0.478464960226 17.994284 0.17970994287
54015.4518174 0.484655468175 18.299373 0.302925093205
53973.5449169 0.491207406405 18.34867 0.297608264889
54681.5872007 0.495487725666 18.122534 0.185352214784
54942.8097477 0.497081110399 18.229028 0.172967167088
53651.5103833 0.50001836562 18.281315 0.354602563285
53903.5965682 0.506952158165 18.084331 0.206169799547
56429.7941777 0.509568716773 18.22059 0.200856688602
53973.5557447 0.525570033783 18.096776 0.261110115375
54681.59742 0.527919338947 18.045362 0.178543330516
53651.5193952 0.528618105389 18.157865 0.332944086195
56429.8038529 0.540273612599 18.119611 0.187034326828
55086.513347 0.546966817079 18.202793 0.204349018131
53903.6102535 0.550383337926 18.090267 0.206334901258
54390.4489445 0.555035593523 18.009771 0.175646526025
53651.5285251 0.557592171489 17.962763 0.300413267474
53973.566417 0.559438998412 18.053532 0.25593443589
54681.6074121 0.559629558066 18.14925 0.187821302356
54378.4770734 0.561760057107 17.863734 0.240631355704
56429.8134643 0.570775717913 17.901949 0.164019417035
55086.5212764 0.57213134193 18.098556 0.194644465606
55337.6624328 0.579974260314 17.903975 0.19547218712
53635.4663225 0.583464315367 17.956944 0.247633705369
54390.4597612 0.589362996128 18.079839 0.181912993865
54378.4860616 0.590284463254 18.025558 0.261555721887
53879.6749187 0.590513333327 18.068811 0.233930758962
53903.624297 0.594950933806 18.056499 0.201989148894
54207.7010927 0.596444630518 17.907631 0.265276100374
55086.5292198 0.597339945085 17.917254 0.178667108875
54319.5696978 0.6165335031 17.966715 0.241086694861
54378.495097 0.618958766736 18.095902 0.271894903525
53635.4779074 0.620229543798 17.920296 0.243182573091
53879.6849578 0.622373009628 17.87091 0.212013028032
55086.5372058 0.622683753338 17.901788 0.177180339933
54390.4705776 0.62368925912 18.177497 0.191120459087
54207.710862 0.627448147758 18.239724 0.314322052008
53903.6384956 0.640010649131 17.818158 0.180026788318
54319.5788052 0.645436235838 18.072365 0.254561172091
54378.5041126 0.64757022546 17.733199 0.225836428785
53945.5510522 0.651408856078 17.800278 0.181617678821
53879.6950481 0.654394816329 17.881339 0.212574001346
53635.4893664 0.656595141921 17.847025 0.234151518461
54390.4813912 0.658006744089 17.929953 0.170395242471
54207.7207659 0.658878441145 17.828553 0.251482038784
54319.5878184 0.674039980322 17.636281 0.204349018131
54624.6106456 0.67780760983 17.816978 0.13797989467
53991.5663284 0.682973620837 17.983451 0.369952617535
53879.7055647 0.68776986114 17.995979 0.225529561257
54207.7307907 0.690692608473 17.560074 0.218672238424
53635.5008373 0.69299860839 18.095787 0.266104429426
54022.4500994 0.694020570901 17.882191 0.243154995244
53945.5654059 0.696960874626 17.916452 0.191470023791
55741.664496 0.698833817597 17.890982 0.161132061207
54319.5967701 0.702448720898 17.947604 0.238627364519
53991.5731795 0.704715822958 17.940041 0.378360009226
54022.4565802 0.714587679025 17.880265 0.243292971555
54624.6239159 0.719921549305 17.902684 0.142747946564
54363.4034246 0.724852224812 18.045517 0.261315501221
55741.673183 0.72640244933 18.010743 0.169896302894
53991.5800197 0.726423459473 17.748022 0.261831084178
54022.4630369 0.735078386235 17.93295 0.250209285157
53590.4549496 0.737832207989 17.835461 0.211707390763
53945.5791057 0.74043789434 18.000794 0.199210426019
53991.5869016 0.748263732719 17.849637 0.293806437234
54363.4124938 0.753633746844 17.851625 0.235991214235
55741.6820455 0.754527995103 17.813417 0.15577518648
54022.4695 0.755589296895 18.010838 0.260734828623
54624.6371328 0.761866121745 18.038104 0.150954927239
53590.4628255 0.762826817081 17.83355 0.211278250937
55796.5175997 0.777644702538 17.824996 0.163819245016
54760.4532757 0.780551581831 17.935608 0.181715937527
54291.5770641 0.78064157216 17.7457 0.225924351316
55741.6908323 0.782413285086 17.900136 0.161804167914
54363.421611 0.782567737717 17.783145 0.227457854403
53945.592632 0.78336428236 17.85004 0.184426275515
53590.4707719 0.788044857426 17.839911 0.211403133025
54415.4157347 0.788276079068 17.843568 0.196494828588
55684.6629864 0.801959238665 18.132151 0.186436298531
54624.650602 0.804611095335 17.924069 0.143501230313
54291.5860838 0.809266252828 17.891762 0.247896432681
55005.6145726 0.811039618534 17.874611 0.154819912548
53590.4784575 0.812435610664 17.919056 0.219632257331
55796.5295196 0.815473068643 17.957342 0.173891985918
56392.7086618 0.817003202718 17.93005 0.167773867638
54415.4266853 0.823028089661 17.931313 0.196410123846
54760.4669127 0.823829188976 17.897772 0.179290368441
55005.6224486 0.836034446293 17.827769 0.15157518982
54291.5956102 0.839498716285 17.806545 0.245023927677
56464.559979 0.840415077495 17.942627 0.150840000732
56392.7163425 0.841378381475 17.803545 0.158305703002
53821.7762515 0.846468652663 17.8623 0.212574001346
55796.541401 0.853179085054 17.838339 0.164915087398
54415.4375605 0.857540982207 18.014565 0.20620278815
55005.630454 0.861439962855 17.965535 0.160756454041
53821.7814122 0.862846202672 17.851256 0.211206991502
56392.7240963 0.865985331849 17.784686 0.15651536885
53606.5658904 0.866632895691 17.831868 0.178081690986
54760.4805742 0.867184630499 17.820707 0.173788396368
54291.6053735 0.870482729557 17.755643 0.237234119016
55445.5200194 0.870914059752 17.791261 0.176373200066
56218.4735214 0.873887679655 17.811294 0.166351648822
53589.5534194 0.876785302985 18.196481 0.208760076509
53851.7214744 0.878990770044 17.880737 0.149076042837
53821.7865816 0.879251632942 17.704734 0.196622116459
56464.5727993 0.881100810186 17.686594 0.134767431077
54034.4835548 0.882737022876 17.945565 0.255516915999
55005.6383825 0.886601181805 18.006395 0.163505293868
55414.6460304 0.890910592013 17.854422 0.158176383904
56392.7319985 0.891063171934 17.881584 0.163299691411
55796.5534222 0.891328845289 17.853977 0.166036723051
54415.4484528 0.892108237232 17.610742 0.169601059772
53821.7917427 0.895630616437 17.940004 0.219894553107
53618.5492884 0.896489824321 17.911145 0.223864613239
54034.4899905 0.903160880636 17.939187 0.255805750378
56218.4840253 0.907222210678 17.828418 0.146969903974
53589.5632899 0.908109627899 17.986842 0.188483450802
54760.4941612 0.910303525157 17.975507 0.187699519027
53606.5798881 0.911055441181 17.90467 0.184094381394
55123.4958872 0.912734628752 17.886577 0.213451926396
55362.6618085 0.916626189037 17.909683 0.157208258809
53851.7348313 0.921379381774 18.061492 0.161474197563
56464.5857309 0.922139930161 18.194155 0.167399900925
54034.4964382 0.923622938046 17.656966 0.222404703682
54260.7447052 0.932753125782 17.860938 0.205350569304
53618.5608665 0.933233345388 17.942312 0.228635096878
53555.5399355 0.933452371094 17.826562 0.233369510777
55123.5037401 0.937655995282 17.974043 0.223757817829
53589.5728208 0.938356563355 18.062166 0.195499976786
55445.5419191 0.940413710977 17.935258 0.189016252112
56218.4946542 0.940953802373 17.918884 0.149346407064
55767.5794208 0.941022121192 18.052857 0.173581854098
53576.6546263 0.941880594082 17.759297 0.173460189537
54034.5029257 0.944211386993 18.00491 0.267526770697
55684.7083665 0.94597501848 17.972206 0.170184556763
54260.7502766 0.950434216827 17.888922 0.208383690619
53606.5938348 0.955315931499 18.099075 0.202578710328
53555.5477613 0.958287970662 17.945109 0.247925669006
55060.4898498 0.960218948904 17.837938 0.167234610771
55123.5116094 0.962629520941 18.173175 0.248837432987
56464.5985839 0.962929648191 18.227251 0.169609716379
53851.7482263 0.963889241038 18.022776 0.158142414828
55148.4057769 0.965398364986 17.799294 0.164883646751
54260.7557156 0.967695071461 18.018398 0.222258260203
53589.5822883 0.968401810503 18.016957 0.191327352276
55031.5027927 0.968479312586 17.911604 0.227412947062
53618.5729208 0.97148823025 18.096688 0.247721190219
55414.6720519 0.97349097854 18.009519 0.168041554419
53576.6647301 0.973945376604 17.908635 0.186281842806
54005.5227517 0.974315697287 18.082016 0.262906342293
56218.5052345 0.974530755775 17.848252 0.147347676269
55767.590611 0.976534864863 17.839852 0.157562144557
53707.435928 0.982269542199 18.10403 0.289584048734
53555.5556083 0.983190824942 18.088824 0.267086711775
54260.7611189 0.984842757794 18.114813 0.23312677822
55148.4121296 0.985559229777 17.835123 0.168632267606
55060.4979723 0.985996143168 18.079839 0.187058381178
55123.5194841 0.987620308449 18.175221 0.249729525007
54732.4754952 0.991797119364 17.936406 0.168802355763
56183.5342752 0.992606189989 18.083837 0.152050875657
55031.5108436 0.994029143595 18.089917 0.248807860776
53707.4410243 0.998442612456 18.115076 0.293130307635
53606.6078029 0.999644298243 18.173716 0.210375414918
