54296.534992 0.00284272864733 17.1573 0.144
56213.443168 0.00382711414357 17.0435 0.11
55766.545585 0.00462692736565 17.2001 0.127
54614.754213 0.0066682652469 17.2596 0.132
55736.755229 0.00912291883794 16.9625 0.105
53936.485142 0.00949048585261 17.0978 0.14
55331.700803 0.0192128702143 17.1273 0.143
56213.453785 0.0205758655198 17.041 0.11
53835.705429 0.0253747448402 17.0647 0.131
53936.496065 0.0267219647367 17.1036 0.14
54614.767355 0.0274003073159 17.1416 0.126
55736.771788 0.035245418035 16.9664 0.105
56213.464369 0.0372725580528 17.0832 0.111
53835.714672 0.0399559550671 17.128 0.134
53936.507036 0.044029165585 17.2014 0.146
54658.517916 0.0456982038126 17.039 0.2
54614.780449 0.0480566274091 17.2812 0.133
53835.725372 0.0568356423337 17.1248 0.134
54658.526225 0.0588059908767 17.1654 0.272
53605.622882 0.0607542538493 16.9446 0.149
54677.54892 0.0678847385611 17.2848 0.136
54614.79358 0.0687713165226 17.3554 0.137
53835.734634 0.0714468258358 17.4998 0.156
54677.55446 0.0766243149571 17.5314 0.152
54677.560093 0.0855106026575 17.4844 0.149
53605.638664 0.0856510037916 17.4617 0.189
54677.565586 0.0941760346307 17.5617 0.154
55086.437783 0.106775853536 17.5687 0.161
53605.653681 0.109340934987 17.4685 0.191
53903.586729 0.110899545362 17.4987 0.165
55086.443042 0.115072140947 17.4834 0.155
56182.45387 0.116943104413 17.4637 0.144
55086.448311 0.123384203773 17.376 0.148
55413.540219 0.124236075844 17.2656 0.148
55086.453579 0.131694689058 17.2321 0.14
53903.600145 0.132063833614 17.0685 0.137
56182.46355 0.132213700002 17.4213 0.141
53605.668742 0.13310027797 17.1629 0.167
56102.600133 0.144409668438 17.1759 0.119
56182.473008 0.147134081515 17.257 0.133
54268.73625 0.149191194806 17.0836 0.141
53649.419151 0.151158388266 17.1804 0.215
53903.613815 0.153628817255 16.9857 0.132
56182.482487 0.162087591386 17.1636 0.128
54268.744599 0.162362083492 17.1101 0.143
56102.612947 0.1646242771 17.1079 0.116
53649.428792 0.166367459752 16.8957 0.187
54268.752957 0.17554717005 17.0225 0.139
53903.627908 0.17586110069 16.9146 0.128
53649.438384 0.181499231744 17.0528 0.229
55413.576532 0.181521317314 17.0418 0.137
54378.422233 0.183311826194 17.0278 0.171
56102.625897 0.185053431311 17.1571 0.12
53851.65507 0.186585223496 17.0495 0.097
54268.761326 0.188749609564 17.17 0.15
53649.447788 0.196334426045 17.1275 0.281
54378.432088 0.198858491437 17.0682 0.174
54268.76966 0.20189683514 17.0886 0.152
55796.464833 0.20346333322 17.0801 0.127
56102.638909 0.205580393067 17.039 0.114
54246.588671 0.210480234992 16.9424 0.174
53851.671231 0.212079861434 17.0222 0.096
54378.441998 0.214491921422 17.1241 0.179
55796.476935 0.222554732784 17.0709 0.126
53576.566814 0.223619572867 17.0399 0.153
53945.495872 0.224285295115 17.0822 0.14
54999.669208 0.225802889428 17.0576 0.144
54246.600033 0.228404254321 17.1637 0.192
54378.451837 0.230013346002 16.9938 0.169
53576.575025 0.23657276092 17.1429 0.16
53851.687411 0.237604472647 17.1447 0.1
53945.506573 0.241166559923 17.0434 0.138
55796.488808 0.241284875493 17.0409 0.124
54246.611518 0.246522311162 17.049 0.182
54999.68244 0.246676910166 16.9529 0.141
53576.583233 0.249521216348 17.0489 0.154
53945.51708 0.257741781803 17.0716 0.139
55796.500683 0.260018173274 17.0829 0.127
53576.591454 0.262490179815 17.2156 0.166
53851.703599 0.263141704192 17.0703 0.097
56405.678724 0.263272640079 17.2606 0.118
54246.622942 0.264544138024 17.1402 0.19
54999.695799 0.267751278604 17.093 0.158
54319.526629 0.273089676893 17.1142 0.17
53945.528254 0.27536922344 17.166 0.145
56405.688704 0.279016497928 17.1831 0.114
53618.442851 0.284779254711 17.0358 0.157
54999.708884 0.288393400836 16.9821 0.156
54319.537282 0.289895219737 17.0378 0.164
53973.4321 0.294826612486 17.083 0.168
56405.6988 0.29494335051 17.2686 0.117
56459.582089 0.298033753075 17.1207 0.233
53959.492698 0.304850307155 17.1783 0.127
54319.547822 0.306522500471 17.085 0.168
53973.440092 0.307434319087 17.0966 0.169
53618.458785 0.309915790878 17.0322 0.158
56405.708832 0.310769240477 17.1076 0.11
53912.59237 0.317666249147 17.1009 0.167
56459.59464 0.317833468486 17.219 0.165
53973.447941 0.319816437348 17.0729 0.167
53959.502749 0.320706170397 17.1544 0.126
54319.558374 0.323168711691 16.9165 0.156
53973.455865 0.332316871179 17.0205 0.163
53912.602078 0.332981015884 17.1596 0.171
53606.429599 0.333383288804 16.9667 0.11
53618.474783 0.335153289648 17.08 0.16
53959.51279 0.336546258237 17.0862 0.122
56459.607029 0.337377622271 17.4056 0.189
53806.745491 0.339889067334 17.1865 0.274
53912.611572 0.347958188865 17.113 0.168
53959.522826 0.35237845837 17.1047 0.123
53806.753474 0.352482576062 16.9372 0.152
56459.619157 0.3565100379 16.9171 0.158
53618.490495 0.359939611738 17.0959 0.164
53912.620992 0.362818623816 17.0878 0.166
53606.449744 0.365162849545 17.0509 0.113
54333.53895 0.378098684655 16.9687 0.135
54728.466384 0.392265001629 17.043 0.159
54333.549919 0.395402730409 17.0627 0.141
53606.469874 0.396918747189 17.021 0.112
54728.475054 0.405942280944 17.1232 0.165
55057.469798 0.408595704674 17.0373 0.126
54333.560796 0.412561642411 16.9844 0.137
53994.427634 0.416139505099 16.9051 0.158
54728.483716 0.419606939927 17.0844 0.162
55057.478084 0.421667208298 16.9028 0.12
53606.489244 0.427475713758 17.0191 0.112
53994.436161 0.429591196062 17.0587 0.17
54333.571671 0.429717399331 16.8801 0.132
54728.49243 0.433353631029 17.0391 0.159
55057.486429 0.434831786818 16.9912 0.125
54704.408583 0.440100773311 17.0836 0.126
53994.444718 0.443090213255 17.1026 0.184
55057.494623 0.447758156678 17.072 0.128
54704.416458 0.452523907637 17.125 0.128
53994.453241 0.456535594064 16.933 0.234
54356.412703 0.462378805431 17.1197 0.146
54704.424358 0.464986480475 17.0813 0.125
55852.415412 0.467788193062 17.0483 0.132
54704.432428 0.47771723527 17.1777 0.131
54356.422835 0.478362449481 16.9688 0.138
54622.660466 0.479105471234 17.0612 0.123
55123.440073 0.479400471371 17.0435 0.127
54944.680884 0.479474615797 17.0524 0.128
55852.427436 0.486756544431 17.0381 0.132
54015.391326 0.487220341444 17.0698 0.174
55678.742123 0.491077428872 17.079 0.123
54944.688936 0.492176974848 17.0283 0.127
54356.432829 0.494128392897 17.0359 0.14
55123.45067 0.496117671931 17.0597 0.128
54015.400136 0.501118476474 16.7754 0.153
53879.746565 0.502066578542 17.142 0.159
54589.713776 0.504355590332 17.0332 0.123
54622.676501 0.504401339025 17.0992 0.125
54944.69704 0.504961366028 17.0854 0.129
55852.439443 0.505698077619 17.0221 0.132
54356.442836 0.509914844352 17.1253 0.146
55123.461298 0.512883776263 17.0112 0.126
54015.408717 0.51465535465 16.7918 0.154
54944.705085 0.5176526823 17.0528 0.127
53879.756468 0.517688965737 17.1481 0.159
55852.451378 0.524526027849 17.0622 0.134
55678.763781 0.525243808949 17.1688 0.126
54589.727882 0.526608381794 17.0548 0.124
54015.41733 0.528242714127 16.93 0.163
54622.692421 0.529515789611 17.1538 0.133
55123.471917 0.529635682722 16.986 0.125
53879.766069 0.53283493559 17.169 0.161
54022.393271 0.533074721807 17.0383 0.171
54022.399716 0.543241972688 17.1692 0.181
55031.568233 0.547818418738 17.3168 0.177
53879.775729 0.548073980363 17.1837 0.162
54589.742273 0.549310772406 17.1687 0.13
54022.406167 0.553418688818 17.3212 0.195
54622.708045 0.554163288104 17.2676 0.152
55031.575548 0.559358130179 17.1639 0.166
55304.786704 0.561121820863 17.3737 0.179
54022.412631 0.563615912974 17.312 0.194
54034.457825 0.565401689232 17.233 0.197
55031.58295 0.571035087675 17.5583 0.199
54589.757201 0.572860302452 17.4729 0.147
54034.464273 0.575573672738 17.3857 0.209
54643.641648 0.577777497327 17.4911 0.147
53587.569616 0.580989370536 17.4966 0.186
55031.590259 0.582565333855 17.5782 0.202
54034.470722 0.585747233784 17.0693 0.181
54177.735965 0.592522771807 17.5249 0.37
53587.586464 0.607567779048 17.5639 0.193
54643.664225 0.613393637468 17.4857 0.147
55706.713445 0.616980965399 17.3238 0.119
54739.38532 0.617332757012 17.5245 0.17
53587.594651 0.620483106119 17.2963 0.171
54758.406916 0.624677787283 17.4203 0.195
54643.675281 0.63083492929 17.2441 0.133
54739.394175 0.631301881382 17.306 0.165
55706.725843 0.636539317057 17.3155 0.118
54758.416728 0.640156618257 17.3319 0.187
55421.47453 0.64093592345 17.1698 0.106
54739.403039 0.645285203614 17.2628 0.158
55473.461538 0.652565554721 17.0929 0.141
54758.426538 0.655632294159 17.2875 0.187
55706.73837 0.656301171486 17.0424 0.107
54913.732498 0.657130957979 17.1028 0.135
54739.411844 0.659175450948 17.0869 0.141
56150.474906 0.668820535806 17.272 0.131
55706.750813 0.675930512483 17.1228 0.11
54913.74534 0.677389737788 16.9015 0.125
55663.650404 0.683273965217 17.1527 0.17
56150.485258 0.685151238849 17.2207 0.127
55421.503917 0.687295116888 16.9861 0.097
54212.66116 0.688445144182 17.1801 0.158
55473.4899 0.697307768764 17.0698 0.14
54913.758177 0.697640629891 17.1328 0.136
56150.4957 0.701623920572 17.1998 0.127
53991.439756 0.70263985689 17.1505 0.208
54344.523037 0.705944805004 17.0325 0.137
54212.675506 0.711076545442 17.0087 0.146
53991.446636 0.713493338051 17.1073 0.177
56150.505913 0.717735345441 17.068 0.121
54913.771162 0.718124998029 16.9754 0.127
54344.5317 0.719611041529 16.8925 0.13
53991.453514 0.724343664129 17.1615 0.19
55663.677531 0.726067916297 17.0694 0.167
54344.540351 0.733258347568 17.1074 0.142
54212.689929 0.733829417356 17.0468 0.148
53991.460363 0.735148241518 17.1122 0.241
53636.483426 0.744523566886 17.014 0.167
54344.549012 0.74692142901 17.0613 0.139
55275.74796 0.751316457859 17.1343 0.148
54212.704304 0.756506567306 17.0649 0.148
55362.595635 0.757072904476 16.8122 0.16
53636.494329 0.761723494954 17.1007 0.174
55381.617909 0.76548750746 17.1295 0.125
53636.505263 0.778972326782 17.1546 0.178
53972.481058 0.794518992016 17.1532 0.172
54005.443775 0.794552120377 17.111 0.172
53636.516157 0.796158056977 17.0019 0.167
53972.488366 0.806047660666 17.0248 0.164
54005.452518 0.808344560168 17.0418 0.167
53812.749641 0.811681059106 16.8921 0.108
53972.495645 0.817530580639 17.1264 0.172
53812.755056 0.820223442896 17.0286 0.114
54005.46144 0.822419379778 17.1918 0.179
53812.76051 0.828827350778 17.169 0.12
54005.470159 0.836173958586 16.8994 0.157
53812.765918 0.837358691778 17.1666 0.12
53972.511345 0.842297972233 17.0491 0.24
54929.698812 0.844643775506 17.0177 0.172
56065.647268 0.84975500791 17.0635 0.204
53972.518647 0.853817175635 17.4549 0.513
54974.714692 0.859034103286 17.0861 0.135
56065.65671 0.864650148772 17.154 0.168
54929.712088 0.865587208042 16.8857 0.16
54974.718996 0.865823839177 17.0189 0.131
53664.451944 0.866003678831 17.1407 0.172
56380.708065 0.871037611733 17.141 0.123
54974.723378 0.872736623251 17.0079 0.13
53664.458526 0.876387052815 17.0606 0.167
54974.727734 0.879608391261 17.1052 0.136
56065.66622 0.879652562404 17.1594 0.17
54929.725321 0.886462806321 17.1583 0.182
53664.465101 0.88675938401 17.2247 0.179
56380.721166 0.891704974627 17.0798 0.123
56065.675846 0.89483797078 17.0732 0.15
53664.471704 0.897175886352 17.0951 0.169
54929.738488 0.907234286914 17.0682 0.174
56380.734047 0.912025278517 16.8709 0.108
54362.411422 0.925603172751 17.0287 0.171
56380.746918 0.932329807004 16.998 0.106
54362.419712 0.93868098654 17.0468 0.172
55766.507023 0.943793796481 17.1714 0.126
54362.427944 0.951667302951 16.8821 0.16
55736.722263 0.957117706645 17.1363 0.111
54414.412714 0.959766397751 16.961 0.165
54296.508523 0.961086799454 17.0691 0.139
55766.519766 0.963896399738 17.0764 0.12
54362.436186 0.964669394764 17.0628 0.173
54414.419275 0.970116643377 16.8536 0.19
55331.670212 0.970954317573 17.1677 0.145
54296.51731 0.974948651055 16.9973 0.135
54414.425827 0.980452691131 16.9983 0.154
55736.738675 0.983008307336 17.0328 0.107
55766.532617 0.984169377409 17.1815 0.126
56213.432517 0.987024726383 17.1212 0.112
54296.526199 0.988971411809 17.1075 0.141
54414.432362 0.990761920692 17.1204 0.159
53936.474277 0.992350504347 16.9756 0.133
