54240.4900125 0.00206073260882 14.137049 0.0634895968342
56056.5528147 0.00452628010259 14.05725 0.060312983755
55362.5349696 0.0062121764154 14.020619 0.0654232221935
54999.5139262 0.00708915340241 13.990745 0.0619779599553
54534.6843545 0.00768885714554 14.010615 0.0652567299326
54885.7585185 0.0171494972603 14.004114 0.0632215760904
53944.3900064 0.0225092235308 14.016858 0.061351251653
56385.6426259 0.0242433960944 14.106691 0.057757150816
54246.4718748 0.0321349609268 14.036562 0.0671678567563
56029.5542294 0.0335893630306 14.10317 0.0559002906769
54999.5220182 0.0409486486959 14.027487 0.0624170638274
56056.5622746 0.0441094419612 14.102852 0.0606629241081
54897.7143739 0.0443702465291 14.014755 0.0575355522577
54534.6942308 0.0490145694323 14.045792 0.0656000510054
53899.4675157 0.0520727797073 14.086111 0.0640265661247
54885.7669009 0.0522241423536 14.026935 0.0634938564805
53944.3981792 0.0567067100065 14.045277 0.0616102772723
55380.4710809 0.0567853025729 14.054478 0.0669387136392
55300.6516932 0.0662847540074 14.017094 0.0621129652483
54246.4804274 0.0679215241932 14.108143 0.0679735155176
56420.5463644 0.072934406089 14.182462 0.0599192685413
54297.3862834 0.0747212794301 14.072021 0.061536203769
54597.5544373 0.0767378543877 14.071326 0.0593214747526
56385.6567472 0.0833318712168 14.243504 0.0586031291287
54885.7752812 0.0872900701929 14.075669 0.0639394576845
53899.4760513 0.0877883441533 14.131873 0.0645216074579
53847.6161846 0.0890950554009 14.181734 0.0584677631602
54534.7042122 0.0907800223522 14.117827 0.0664486780988
53944.4063728 0.0909914179781 14.094086 0.0620556066712
54897.7275479 0.0994946507835 14.099235 0.0580272137165
56029.5702084 0.100450615313 14.27591 0.0567128984694
56392.5953245 0.116615236418 14.354156 0.0586592958931
56420.5571004 0.117857526154 14.3653 0.0612943651802
53899.4846005 0.123561055222 14.255156 0.0658208401585
53944.4145586 0.125243678133 14.195192 0.0629379157439
54297.3984305 0.125548756639 14.166836 0.0623560611646
54597.5663482 0.126576881184 14.20556 0.060247047566
54534.7141963 0.132556566292 14.192741 0.067324060997
56115.3755717 0.138236249686 14.336579 0.0591589755086
55674.4451191 0.140589788589 14.301516 0.0575941342985
56385.6709222 0.142644624193 14.496728 0.0603438993646
54189.6201488 0.145864968409 14.349939 0.0705409520144
55380.4928672 0.147946070716 14.171799 0.0669483138526
55653.6564706 0.154065339557 14.367025 0.0591949133244
54122.7060926 0.155504855525 14.326804 0.0652195314438
53899.4931112 0.159172640791 14.412195 0.0676744670578
56420.5678692 0.162917799727 14.586512 0.0632364837352
56029.5862045 0.16738359119 14.590457 0.0584621527007
56375.640137 0.170549084287 14.625452 0.0634775859955
53847.6369096 0.175815400446 14.563414 0.0611899458652
54297.4104601 0.175884624293 14.379253 0.0643810086546
54597.5782145 0.176229405392 14.436186 0.0620779772143
56392.6097409 0.176938233063 14.591833 0.0602654417623
55738.5031078 0.180226446239 14.515454 0.0625165300694
54189.6287537 0.181870480011 14.5481 0.0734764526783
54845.6503955 0.191606696215 14.418614 0.0679923460516
56115.3889041 0.194023608831 14.599353 0.0609148475392
56075.4795085 0.200021223341 14.599126 0.065571461889
54867.6394019 0.200822115868 14.451196 0.0632088555759
56408.627631 0.201044485273 14.61091 0.058019648179
56385.6852025 0.202398086105 14.594298 0.0611386528034
55738.5087002 0.203627106949 14.58761 0.0632284255435
54122.7181105 0.205791374037 14.586649 0.0680952123669
56420.5788262 0.208765152094 14.576553 0.0632190389337
54677.4081499 0.210864736177 14.479293 0.0631124907474
54189.6373605 0.217884177419 14.613398 0.0746217009798
53766.6309397 0.220266145036 14.5764 0.0645120231537
56375.652062 0.220447195073 14.518457 0.0625636950297
54597.5900586 0.225788946297 14.571451 0.0633059599879
54297.422497 0.226251003219 14.571331 0.0664231512439
55738.5143258 0.227166326233 14.587572 0.0632678606642
54845.6592682 0.228732920627 14.614176 0.0704441917662
56029.6021729 0.234200770782 14.4863 0.0578787960268
54150.6869212 0.236469781634 14.564118 0.0762360588563
56392.6241113 0.237068479899 14.40978 0.0590499313887
56075.48902 0.239820382289 14.47993 0.0643660837424
53882.5444828 0.240552098245 14.461903 0.0607509908644
56115.4022929 0.250046821412 14.465522 0.0599599979904
55738.520004 0.250925899345 14.513693 0.0626808933724
56408.639756 0.251779462099 14.406158 0.0568732368885
54189.6459326 0.253752586143 14.413696 0.0717688693725
54122.7299682 0.25540805986 14.538737 0.0675485593581
54867.6525867 0.255991948954 14.537914 0.0639666041193
54508.6947048 0.258469400028 14.487525 0.0653882684406
53847.6576304 0.262517872119 14.33714 0.059636374279
54845.6681583 0.265932226876 14.607145 0.0702229741507
56375.6640554 0.270631574133 14.274731 0.0605885399153
54150.6961008 0.2748803638 14.401283 0.0735405987497
53882.5537949 0.279516859085 14.28816 0.0595075688929
56075.4985884 0.279857765515 14.264628 0.0623690234787
54661.4133172 0.283238044348 14.501133 0.0632268923514
53766.6483967 0.293311727443 14.241029 0.0614389490854
56392.6383411 0.296610788885 14.176881 0.0577003172923
56408.6520167 0.303082085672 14.207362 0.0559947286248
54845.677087 0.303292851523 14.388416 0.0673899285105
54122.742002 0.305761411312 14.528943 0.0801134998592
56115.4157235 0.306244865219 14.212168 0.0583526162692
54867.6655516 0.310241180091 14.288422 0.0616751336288
54661.4198107 0.310409105124 14.35092 0.0619469239597
54508.7073785 0.311500042268 14.263395 0.0631270280879
54150.7052032 0.312967483196 14.208648 0.071719122804
53882.563129 0.318573736673 14.196472 0.0589262151798
56075.5081423 0.319834662578 14.152135 0.0614258950368
56375.6759772 0.320516127246 14.154162 0.0597407850936
53764.7466874 0.3359364405 14.151929 0.0629492784562
54661.4263006 0.337564716101 14.241984 0.061097761093
55633.6267957 0.3433352919 14.137754 0.0622202322492
53847.6783903 0.34938408619 14.117567 0.0583087294659
54150.7144122 0.351501074979 14.121641 0.0703049102334
56408.6642637 0.354327560095 14.100951 0.0555664861217
54167.6831777 0.354382023734 14.142499 0.0690417846691
53762.6002928 0.354717157861 14.092209 0.0683435912879
55674.4964791 0.355496682676 14.081 0.0564230116986
53882.5724266 0.357478010953 14.120118 0.0585596458416
54508.7198737 0.363784334723 14.097345 0.0617405491571
54661.4327759 0.364659740932 14.153328 0.0604292404726
54867.6786652 0.3651127321 14.127331 0.0604504880926
53766.6663836 0.368574905351 14.126747 0.0604729395228
53762.6056369 0.377078564141 14.082525 0.0689704749638
54912.6138921 0.388841824458 14.058743 0.0579809988378
54167.6917145 0.390102770892 14.075121 0.0682183271516
53806.5826236 0.391216401766 14.118047 0.0640001894789
54939.6215986 0.397944607054 14.041203 0.0596289088969
53762.61096 0.39935231417 14.110227 0.0695147887669
55653.7180191 0.411604190622 14.075641 0.0580292305275
54508.7320824 0.414869507976 14.023665 0.0611194310365
53762.6163163 0.421764669233 14.031289 0.0674770545658
54167.7002505 0.425820125808 14.026759 0.0676538011584
53806.5918353 0.429760988696 14.06886 0.06355578802
54912.625011 0.43536661242 14.018502 0.0577624492715
54444.6896721 0.440417658307 14.028801 0.0675357901951
55774.4135669 0.441366872273 14.056322 0.0602246830737
54939.6328914 0.445197342964 14.005213 0.0593887784598
55237.6499348 0.446261847745 14.025179 0.0586167491132
53766.6851805 0.447227342942 14.023894 0.059745242275
53588.402191 0.452719020302 14.011925 0.0633388343557
54167.7087833 0.461524357836 14.076256 0.0684872052687
54968.5548118 0.463999126322 13.932269 0.0627114767937
53806.6011646 0.468797814541 14.079185 0.063649257874
55774.4205386 0.470538660705 14.045817 0.0601981638798
54444.6988226 0.478706197852 14.005338 0.0669458708772
54912.636118 0.48184205127 13.983617 0.0575663709373
54968.5612848 0.491084465718 14.008022 0.0603955214524
54939.6441846 0.492452013715 13.991378 0.0593312670406
55774.4275923 0.500053379501 14.030568 0.0601551515906
53806.6106625 0.508540067474 14.082042 0.0636526028685
55633.6662819 0.508558616167 14.035365 0.0613442200801
54444.7079716 0.516988924929 13.979263 0.066487811422
54968.5677664 0.518205691967 13.98277 0.0664368851883
54912.6472119 0.528262762839 14.004006 0.0580048467357
55774.434675 0.529690093211 14.031599 0.0601976819788
54939.6556987 0.540630774497 14.030724 0.0596724843637
54968.5742854 0.545483297007 13.967667 0.0668527819953
54225.565791 0.554222788699 14.059036 0.0630824501089
54444.717185 0.555540483824 14.02491 0.0668776970159
56485.4286823 0.561835031205 14.114422 0.059635050068
55328.4955776 0.574230560672 14.066471 0.0613157872385
54487.7429191 0.589325541983 14.093892 0.0629336328277
54225.5766507 0.599663236088 14.147481 0.0634428910949
54527.6571984 0.603762608438 14.109663 0.0596277053845
56485.4400509 0.609405028332 14.205531 0.0603599337908
54487.7503001 0.620209854954 14.133668 0.0632899545949
54612.5022493 0.623286032315 14.147576 0.0598185267472
53729.6862054 0.631378940714 14.200117 0.0683515805191
54527.6640464 0.632416633573 14.155483 0.059951259464
54225.587529 0.64518160488 14.190355 0.0650629296201
54487.7577204 0.651258876862 14.223524 0.064121749812
56485.4508503 0.654593155289 14.383564 0.0619736298469
55060.3717336 0.656117693866 14.15034 0.0608660656584
56008.6729696 0.659548776316 14.412427 0.0625486952994
54527.6707648 0.660528780237 14.260547 0.06071991985
54210.5356634 0.663238453169 14.33074 0.0652757055184
53729.6939769 0.663897804093 14.302747 0.0695906931066
54612.5120855 0.664444177733 14.237339 0.0626914917396
54182.5747926 0.665783657297 14.359468 0.0655864024724
54197.6312793 0.66706261892 14.339119 0.0712269988348
55060.3764935 0.676034660491 14.214157 0.0614608159764
54487.7649775 0.681624990079 14.342244 0.0653965159118
54087.7007524 0.681678804714 14.289587 0.0720100630187
54527.6775425 0.68888883832 14.37377 0.061611743001
54182.58063 0.690209138586 14.441141 0.0664753224877
54225.5984118 0.690718911097 14.513987 0.0718740208301
55060.3812572 0.695967655157 14.25969 0.0619075122799
53729.7017757 0.696530478255 14.470752 0.0718643017985
56485.4620082 0.701281732504 14.505102 0.0663722128419
56008.6829635 0.701366534617 14.491839 0.0633015905628
54612.5218895 0.705467203248 14.364916 0.0636227186046
54210.5467603 0.709671707283 14.482592 0.0669027801239
54197.6415681 0.710114364404 14.466097 0.0733647751055
55060.3860204 0.715898230054 14.322983 0.0624536316265
54087.7093664 0.71772253011 14.431656 0.0741124526077
55043.4189692 0.720190692412 14.390787 0.0644812357763
53831.5167153 0.723634569274 14.41616 0.0670103449701
53729.7095818 0.729193710148 14.456111 0.0716183484898
54182.5902844 0.730606404559 14.435233 0.0664080352602
53924.4845087 0.731377599648 14.464426 0.0655322860621
55706.371793 0.732265569274 14.424043 0.0639133969938
56008.69291 0.742986213926 14.341864 0.0620085214028
55043.4254023 0.747108949471 14.494422 0.0656356242153
53820.5303533 0.753092228885 14.292097 0.0656587863987
54197.6519063 0.753372955029 14.339407 0.07149936788
54182.5958275 0.753800320108 14.367342 0.065705984111
54087.7182227 0.754780419456 14.43978 0.0740622487878
54210.5576635 0.755294249496 14.349935 0.065380435686
53831.5243408 0.755542200213 14.268854 0.0653522176208
55265.6861187 0.758851848869 14.419072 0.0601843604541
54612.5347303 0.759197221207 14.374935 0.0621487363841
53924.4932498 0.767953082412 14.373555 0.0647157024718
54923.6982214 0.76931144917 14.405924 0.0627193679739
55043.4318365 0.774031612196 14.469089 0.0654718890386
55706.3824818 0.776991142647 14.286215 0.0627584153393
56008.7028588 0.784615096238 14.208461 0.0610111567374
53831.5320308 0.787719633739 14.155532 0.0642412547572
54087.7269842 0.791441187628 14.252252 0.0710961656688
54197.6623503 0.797073710319 14.224789 0.069907738242
53820.5409645 0.797493372463 14.162026 0.0642053319953
54589.6016956 0.799857595632 14.2067 0.0584581675309
54210.5685539 0.800863035654 14.165685 0.0636023158393
55043.4382691 0.800947932345 14.342644 0.0642917003338
54953.5792153 0.80119113594 14.236303 0.06526010954
53860.4527358 0.801436007409 14.144824 0.0584935499227
53924.501985 0.804503913195 14.171231 0.062878189715
53555.5081136 0.813109690503 14.103151 0.0670133199015
54923.7090596 0.814661767809 14.247175 0.0614719408198
53831.5394586 0.818800135161 14.088956 0.0636019589159
55706.3932097 0.821880458783 14.141341 0.0615088943225
54589.6082866 0.827436529627 14.127652 0.0580029380037
56362.655873 0.840129466471 14.102355 0.0632858872477
53924.5107044 0.840988832882 14.123192 0.0627165607858
53820.5515272 0.841690773579 14.080336 0.0634288913951
53555.5154056 0.843621676521 14.074528 0.0667559305913
54953.5898232 0.845578188388 14.114245 0.0640605894719
53860.4642319 0.849539700915 14.071986 0.0580415785276
53875.5207731 0.851046572844 14.046584 0.0634844398051
54589.6148658 0.85496601867 14.080261 0.0577545707089
53875.5226527 0.858911752964 14.052709 0.063535662431
54923.7198713 0.859901714337 14.132912 0.0606584903885
55706.404176 0.867766944261 14.058138 0.060813889922
53555.5227465 0.874338178669 14.027492 0.0663366469361
54589.6214352 0.882454825591 14.037883 0.0575333214062
53960.3690848 0.884214732194 14.042265 0.0615284918424
53820.5624884 0.887556336131 14.020249 0.062856935656
56362.6673776 0.888268512947 14.074645 0.0630636887088
54240.4629809 0.888951712029 14.479771 0.0670284678852
54953.6004303 0.889961850237 14.036133 0.0633588434561
53875.5312562 0.894911356715 14.020516 0.0632336524562
53860.4757431 0.897706304981 14.0275 0.057664924919
53555.5301031 0.905120884429 13.983162 0.0659945966192
54923.7306864 0.905155657037 14.065368 0.060204518064
53960.3772745 0.918482975665 14.005266 0.0612975257846
56056.5338158 0.925028745943 14.031124 0.060092910559
54240.4719985 0.926684229302 14.374146 0.0658465851581
53875.5398131 0.930716323097 14.011469 0.0631602366949
54897.6882177 0.934924109704 13.989903 0.0573578065738
54953.6111992 0.935022607124 13.97898 0.0628949966212
56362.6790417 0.937074970638 14.041263 0.0628106490105
54999.4976934 0.939165788529 14.011673 0.0619551619649
53860.4871215 0.945316935671 13.993529 0.057587531884
53960.385429 0.952603990194 13.982058 0.0611513779168
54246.4547559 0.960503721569 14.022457 0.0669336656456
54240.4809676 0.964213872739 14.233741 0.064415504133
56056.5433255 0.964820106984 14.057224 0.0603113909548
53875.5484062 0.966672534512 13.990614 0.0630219521182
54999.5058303 0.973213191538 13.98936 0.0618855784025
54885.7501509 0.98213684137 14.011616 0.0631998337779
56362.6906624 0.985699815907 14.079529 0.0631735638589
53960.393618 0.98686976281 13.982863 0.0612220492261
54897.7012705 0.989541360012 13.975378 0.0572992054157
54246.4633221 0.996347429784 14.053013 0.0673618200833
