54739.394175 0.000500492238963 17.297 0.164
53936.474277 0.00350344569308 17.8414 0.196
54333.571671 0.00410843630965 17.2704 0.156
53879.746565 0.00431009985683 17.6153 0.198
53606.469874 0.00480875879593 17.7031 0.146
55766.507023 0.0115351545295 17.849 0.168
53618.474783 0.0134674579115 17.5273 0.197
54728.49243 0.0142777786858 17.004 0.157
53972.481058 0.0149121021856 17.361 0.19
54739.403039 0.0167509070165 17.1387 0.15
54622.676501 0.0214148347342 17.2255 0.131
53879.756468 0.0224653184478 17.4504 0.183
53936.485142 0.0234223036111 17.8563 0.197
53972.488366 0.0283098945202 17.2563 0.183
53636.483426 0.0288012202401 17.9932 0.27
56380.708065 0.0293255454461 17.4354 0.138
54739.411844 0.0328931568207 17.1474 0.145
55766.519766 0.0348969590869 17.8679 0.168
53879.766069 0.0400668789532 17.2963 0.17
53606.489244 0.0403198750303 17.6734 0.145
53972.495645 0.0416545210209 17.2677 0.183
53618.490495 0.0422723447697 18.0461 0.261
53936.496065 0.0434474932237 17.822 0.194
53636.494329 0.0487897437552 17.918 0.26
54622.692421 0.0506010490109 17.1583 0.133
56380.721166 0.0533436731727 17.2187 0.13
54296.508523 0.0560569644388 17.4379 0.163
53879.775729 0.0577766044586 17.3314 0.173
55766.532617 0.0584567605758 17.7747 0.162
53936.507036 0.0635606814754 17.6776 0.18
53636.505263 0.0688350997154 18.0026 0.272
53972.511345 0.0704374082127 17.1833 0.257
54296.51731 0.0721662147566 17.3903 0.16
55123.440073 0.0737336904516 17.1355 0.132
56380.734047 0.0769584738009 17.4101 0.133
54622.708045 0.0792446050351 17.2498 0.151
54344.523037 0.0813015731515 17.1203 0.142
55766.545585 0.0822310587458 17.729 0.159
53972.518647 0.083824200714 17.3276 0.477
54296.526199 0.0884624621593 17.4119 0.161
53636.516157 0.0888071234807 17.6303 0.226
55123.45067 0.0931612226589 17.1505 0.133
54344.5317 0.0971834936493 17.2754 0.152
56380.746918 0.100554941387 17.235 0.115
54296.534992 0.104582712297 17.2724 0.152
55678.742123 0.111712435125 17.2324 0.131
55123.461298 0.112645587325 17.1459 0.133
54344.540351 0.113043414494 17.2367 0.15
54344.549012 0.128921668381 17.2446 0.151
55057.469798 0.130104150043 17.2499 0.138
55123.471917 0.13211345224 17.1476 0.134
54268.73625 0.141012314307 17.3718 0.16
55057.478084 0.145294914594 17.2674 0.138
55678.763781 0.151418153015 16.9816 0.118
54268.744599 0.156318577052 17.4232 0.164
55057.486429 0.160593844117 17.4131 0.148
54999.669208 0.163998291353 17.1559 0.15
53806.745491 0.171082181557 17.348 0.298
54268.752957 0.171641339548 17.4159 0.165
56102.600133 0.172686323356 17.4613 0.134
55057.494623 0.175615944611 17.3206 0.142
53812.749641 0.178519899607 17.1101 0.116
53576.566814 0.183381824239 17.2012 0.164
53806.753474 0.185717454702 17.2725 0.177
54268.761326 0.186984268405 17.4594 0.171
54999.68244 0.188256582011 17.2086 0.158
53812.755056 0.188447245732 17.4558 0.134
56102.612947 0.196178292567 17.4663 0.134
53576.575025 0.198435090914 17.4929 0.187
53812.76051 0.198446090747 17.0499 0.114
54268.76966 0.202263031581 17.4981 0.182
53959.492698 0.203287849036 17.2984 0.133
53812.765918 0.208360603733 17.1202 0.118
54414.412714 0.210390072278 17.1346 0.178
54999.695799 0.212747702407 17.4742 0.188
53576.583233 0.213482857672 17.2799 0.171
56102.625897 0.219919591237 17.549 0.14
53912.59237 0.220685912693 17.1502 0.171
53959.502749 0.221714396753 17.3564 0.136
54414.419275 0.222418385843 17.4336 0.253
53576.591454 0.228554457403 17.1854 0.163
54378.422233 0.228864285927 17.4255 0.206
54414.425827 0.234430199658 17.2695 0.174
54999.708884 0.236736497245 17.284 0.179
55086.437783 0.237253489234 17.2903 0.143
53912.602078 0.238483636838 17.2547 0.179
53959.51279 0.240122611428 17.443 0.141
56102.638909 0.243774554824 17.6852 0.148
54414.432362 0.246410847292 17.3365 0.175
55086.443042 0.246894839789 17.3468 0.146
54378.432088 0.246931505892 17.5523 0.22
53994.427634 0.249677796655 17.3313 0.192
54319.526629 0.255263876737 17.3839 0.193
53912.611572 0.255889033717 17.311 0.184
55086.448311 0.256554523399 17.2717 0.142
53959.522826 0.258521659576 17.3807 0.138
54378.441998 0.265099557622 17.5194 0.217
53994.436161 0.265310387679 17.4348 0.203
55086.453579 0.266212373704 17.2859 0.143
53912.620992 0.273158766027 17.2468 0.178
54319.537282 0.274794074015 17.3752 0.192
53835.714672 0.280424153423 17.2028 0.138
53994.444718 0.280997977857 17.4505 0.217
54378.451837 0.283137444698 17.6427 0.23
54319.547822 0.294117107847 17.228 0.179
53994.453241 0.296623235673 17.5413 0.322
53835.725372 0.300040516034 17.5573 0.161
55275.74796 0.300531841752 17.3315 0.161
53664.451944 0.303622793842 17.4235 0.197
54319.558374 0.313462141331 17.3532 0.191
53664.458526 0.315689606809 17.2309 0.18
53835.734634 0.317020586176 17.2631 0.141
54177.741724 0.320300368671 17.9315 0.297
53664.465101 0.327743586638 17.2228 0.179
54177.7475 0.330889537869 17.5049 0.237
54212.66116 0.338274090085 17.317 0.168
53664.471704 0.339848899009 17.3868 0.194
54177.753379 0.341667537484 17.7735 0.274
54944.680884 0.353633518677 17.601 0.161
53587.569616 0.3548728328 17.5573 0.192
56213.432517 0.362240885262 17.602 0.135
54212.675506 0.364574682419 17.3986 0.174
54944.688936 0.368395289865 17.5616 0.158
53587.578001 0.370245094532 17.401 0.179
56213.443168 0.381767415929 17.486 0.13
54944.69704 0.383252392914 17.6832 0.166
53587.586464 0.385760354042 17.536 0.191
54212.689929 0.39101643924 17.4535 0.177
55706.713445 0.391674595707 17.6072 0.133
55381.617909 0.392429917331 17.4049 0.139
54944.705085 0.398001330976 17.6391 0.163
53587.594651 0.400769621398 17.561 0.193
56213.453785 0.401231614234 17.6689 0.14
55736.722263 0.406988191683 17.5453 0.129
55706.725843 0.414403910067 17.6341 0.134
54974.714692 0.414761404528 17.5361 0.164
54212.704304 0.417370197421 17.67 0.196
56213.464369 0.420635313482 17.7169 0.142
54974.718996 0.422651948895 17.757 0.18
56065.647268 0.426817217662 17.9213 0.319
54974.723378 0.43068549104 17.6868 0.174
55736.738675 0.437076391978 17.6027 0.132
55706.73837 0.437369720762 17.6173 0.133
54974.727734 0.438671367255 17.5886 0.167
55663.650404 0.443989784819 17.5489 0.205
56065.65671 0.444127282693 17.5223 0.2
54005.443775 0.4456232595 17.4538 0.203
53605.622882 0.452014160448 18.2584 0.281
54643.641648 0.456921917699 17.7203 0.163
55706.750813 0.460181533845 16.9042 0.102
56065.66622 0.461562012448 17.4313 0.193
54005.452518 0.461651844388 17.5535 0.213
55421.47453 0.461769175904 17.7655 0.133
55736.755229 0.467424921578 17.5803 0.132
54643.652987 0.477709762162 17.6271 0.156
54005.46144 0.47800859086 17.534 0.211
56065.675846 0.479209405579 17.7296 0.203
53605.638664 0.48094737864 17.9308 0.239
55663.677531 0.493721847308 17.7564 0.232
54005.470159 0.493993176428 17.3477 0.193
54614.754213 0.497445289593 17.6945 0.158
55736.771788 0.497782617694 17.6908 0.139
54643.664225 0.498312442819 17.7603 0.166
53851.65507 0.504034187466 17.5472 0.115
55852.415412 0.507807128988 17.5618 0.165
53605.653681 0.50847811859 17.6433 0.208
55421.503917 0.515644507508 17.7354 0.127
54643.675281 0.518581461988 17.6343 0.157
55362.595635 0.518801458568 17.7245 0.249
54022.393271 0.519217618789 17.5711 0.22
54614.767355 0.521538582819 17.6456 0.156
55852.427436 0.529850787304 17.5195 0.162
54022.399716 0.531033268978 17.5624 0.219
53851.671231 0.53366222823 17.6237 0.119
53605.668742 0.536089523943 17.2918 0.177
55304.786704 0.537404003562 17.5849 0.198
54246.588671 0.537746831581 18.1302 0.317
53945.495872 0.542837919339 17.7738 0.191
54022.406167 0.542859919001 17.6163 0.226
54614.780449 0.545543877394 17.7181 0.16
55852.439443 0.551863279452 17.7549 0.182
54022.412631 0.554710401982 17.4923 0.212
54246.600033 0.558576842058 17.6406 0.244
53945.506573 0.562456115256 17.7519 0.189
53851.687411 0.563325101787 17.7062 0.122
56182.45387 0.56893501483 17.8016 0.167
54614.79358 0.56961700426 17.7327 0.161
55852.451378 0.573743773629 17.7638 0.183
54246.611518 0.579632349022 17.7086 0.252
53945.51708 0.581718650018 17.7449 0.188
56182.46355 0.586681406433 17.7301 0.162
54589.713776 0.590689010976 17.6126 0.156
53851.703599 0.593002641787 17.6378 0.118
54246.622942 0.600576024403 18.0124 0.295
53945.528254 0.60220399916 17.8546 0.198
56182.473008 0.60402080434 17.679 0.159
54913.732498 0.615805288341 17.8769 0.191
54589.727882 0.616549610141 17.7682 0.167
54677.54892 0.619290400995 17.7023 0.163
56182.482487 0.62139870165 17.6921 0.16
54677.55446 0.629446910233 17.7036 0.164
56459.582089 0.629461576679 18.047 0.383
54034.457825 0.637223789688 17.6098 0.237
54913.74534 0.639348590093 17.7414 0.179
54677.560093 0.639773916832 17.7195 0.165
54589.742273 0.64293270121 17.6701 0.16
55031.568233 0.644637674774 17.6677 0.21
54034.464273 0.649044939794 17.8221 0.26
54677.565586 0.649844260736 17.653 0.16
56459.59464 0.652471386693 17.8082 0.218
55031.575548 0.658048300247 17.7797 0.222
54034.470722 0.660867923205 17.8718 0.271
54913.758177 0.662882725318 17.7329 0.177
54589.757201 0.670300277007 17.9327 0.181
55031.58295 0.671618423249 17.8159 0.226
54034.477175 0.672698239838 17.7806 0.256
56459.607029 0.675184201304 17.8451 0.234
54015.391326 0.682517420969 17.7453 0.243
55031.590259 0.685018048875 17.7811 0.223
54913.771162 0.686688189656 17.7594 0.178
56459.619157 0.697418523342 17.7407 0.234
54015.400136 0.698668837288 17.661 0.233
53903.586729 0.710599985699 17.7058 0.182
54015.408717 0.714400426785 17.4648 0.211
54658.517916 0.729657190302 17.6772 0.276
54015.41733 0.730190682033 17.356 0.199
53903.600145 0.735195604456 17.724 0.183
53649.419151 0.743929469091 17.915 0.315
53973.4321 0.758462077162 17.6248 0.218
53903.613815 0.760256882674 17.8621 0.195
53649.428792 0.761604361791 17.6867 0.279
55473.461538 0.769806567998 17.7992 0.193
53991.439756 0.771986367539 17.5691 0.257
53973.440092 0.773113850058 17.5322 0.208
53649.438384 0.77918942256 17.4571 0.282
53991.446636 0.78459950537 17.7011 0.236
53903.627908 0.78609364888 17.6443 0.175
53973.447941 0.787503460355 17.7751 0.235
53649.447788 0.796429821995 17.8656 0.422
53991.453514 0.79720897659 17.6272 0.239
53973.455865 0.802030568527 17.6604 0.221
56405.678724 0.808157473549 17.6887 0.139
53991.460363 0.809765281963 17.3442 0.272
55473.4899 0.821802762052 17.91 0.205
55331.670212 0.823071409049 17.801 0.193
56405.688704 0.826453856626 17.4766 0.128
54758.397137 0.838724166436 17.684 0.222
56405.6988 0.844962903066 17.5689 0.131
54758.406916 0.856652055221 17.707 0.225
54704.408583 0.861242650727 17.7495 0.167
56405.708832 0.863354617991 17.5368 0.129
54758.416728 0.874640443061 17.6544 0.219
54704.416458 0.875679926955 17.7266 0.165
54362.411422 0.876165752754 17.8633 0.257
54356.412703 0.878684713718 17.725 0.193
55331.700803 0.879154039773 17.7936 0.194
54929.698812 0.886927252626 18.1517 0.303
54704.424358 0.890163035794 17.7745 0.168
54362.419712 0.891363850526 17.6135 0.226
54758.426538 0.892625164304 17.7902 0.24
54356.422835 0.89725975913 17.5224 0.176
54704.432428 0.904957806482 17.7226 0.165
54362.427944 0.906455616604 17.357 0.2
54929.712088 0.911266208702 17.5818 0.223
54356.432829 0.915581808472 17.5892 0.18
55413.540219 0.915757805752 17.9696 0.205
54362.436186 0.921565715724 17.047 0.172
53606.429599 0.930972403261 17.6605 0.144
55796.464833 0.93333553329 17.8341 0.176
54356.442836 0.933927690785 17.4329 0.167
54929.725321 0.935526332666 17.8273 0.253
56150.474906 0.941743069649 18.0256 0.181
54333.53895 0.944120866124 17.7852 0.194
53618.442851 0.954926365302 17.5228 0.197
55796.476935 0.955522189398 18.0208 0.191
54929.738488 0.959665458518 17.6228 0.228
56150.485258 0.960721442146 17.8858 0.169
54333.549919 0.964230387752 17.5099 0.171
54728.466384 0.966527518817 17.3616 0.184
53606.449744 0.967904330806 17.7025 0.146
55796.488808 0.977289018684 17.9834 0.187
56150.4957 0.979864812089 17.8672 0.168
55413.576532 0.982330607202 17.7944 0.191
54728.475054 0.982422272453 17.3106 0.18
53618.458785 0.984138245856 17.7689 0.223
54333.560796 0.984171245336 17.3905 0.163
54739.38532 0.984266577198 17.4376 0.164
54622.660466 0.992017790387 17.3735 0.139
54728.483716 0.998302359646 17.1462 0.166
56150.505913 0.99858835521 17.86 0.168
55796.500683 0.999059514569 18.0177 0.191
