54510.692298 0.00580039699425 15.9675 0.09
53860.577574 0.00830555183472 15.9863 0.079
56414.647476 0.00903782785107 15.7871 0.067
56376.662348 0.0107978597107 16.0869 0.086
56048.493516 0.0188272021532 16.0597 0.08
55731.532769 0.024277519779 15.9729 0.089
56014.558084 0.0271456008914 15.9705 0.098
54887.754711 0.0310928256445 15.8058 0.081
54510.703388 0.0414185600091 15.8571 0.087
53962.404092 0.048298100587 15.9211 0.09
56014.56569 0.0515740723181 15.9453 0.097
56048.504153 0.0529904483181 15.947 0.078
56414.661648 0.0545545642217 15.6691 0.065
53860.592192 0.0552547228655 15.9606 0.079
54345.376813 0.0559452463343 15.9788 0.093
56376.67716 0.0583701077379 15.9044 0.086
56061.584833 0.0646940178397 15.9442 0.079
54999.542793 0.0650087680617 15.8973 0.097
54887.765514 0.0657892201402 15.791 0.081
54704.376147 0.0673790299535 15.9507 0.085
55657.755253 0.070301710599 15.8809 0.083
56153.438326 0.0739534555364 15.984 0.104
55765.486613 0.0750936221541 15.7752 0.079
56014.573466 0.0765485390046 15.9141 0.096
54345.383286 0.0767348197321 15.9275 0.092
53962.413908 0.0798245107169 15.8995 0.09
54999.548123 0.0821273261202 15.7582 0.095
54974.639756 0.0830041303017 15.6611 0.076
54704.38266 0.0882970728504 15.9091 0.084
55043.4518 0.0891899357273 15.7853 0.098
55765.491539 0.0909146384807 15.6469 0.074
54172.585322 0.0951252256391 15.8137 0.091
56153.44547 0.0968981044473 15.667 0.156
54345.389768 0.0975532987958 15.9393 0.093
56061.595404 0.0986452893628 15.8597 0.077
54999.553471 0.0993036954403 15.8413 0.118
54297.441343 0.0998239968273 15.8483 0.087
53860.606822 0.102242434776 15.8573 0.077
53608.407309 0.103742315943 15.8678 0.113
55043.456859 0.105438113052 15.719 0.097
55765.496482 0.106790254331 15.7656 0.078
54974.647604 0.108209842058 15.7565 0.078
54704.389136 0.109096281462 15.8893 0.084
53962.423746 0.111421579037 15.8651 0.089
54999.558838 0.11654108776 15.8537 0.106
56014.586145 0.117270152066 15.8764 0.095
54345.396249 0.118368566098 15.8384 0.091
56153.452669 0.120019398905 15.7226 0.109
54172.593515 0.121438986652 15.6285 0.086
55043.461908 0.12165417302 15.8703 0.102
55765.501426 0.122669081919 15.709 0.077
55674.586553 0.128010200498 15.8245 0.085
54704.395643 0.129995053954 15.8322 0.083
53875.561016 0.131180184884 15.8547 0.094
56061.606035 0.132789265099 15.7607 0.075
54974.655486 0.133524752885 15.6832 0.077
53608.416627 0.133669281034 15.8627 0.113
54297.452266 0.134905799773 15.8246 0.087
54510.733104 0.136858535848 15.7925 0.085
55043.46695 0.137847750845 15.9328 0.104
53899.538193 0.139566030119 15.8264 0.094
53962.433577 0.142996165215 15.8367 0.088
56153.45992 0.143307703694 15.8789 0.105
56459.525566 0.145658695143 15.9079 0.08
54172.6017 0.147727053761 15.6641 0.088
56393.520594 0.155049814064 15.8954 0.08
53875.569593 0.158727252891 15.7302 0.091
54974.663353 0.158791487642 15.6786 0.077
54463.726472 0.163920631581 15.8533 0.118
53608.426142 0.164228958312 15.7046 0.107
56061.616643 0.166859370907 15.8462 0.077
53899.546721 0.166955723008 15.8627 0.095
54297.463236 0.170138554361 15.841 0.088
54510.744439 0.17326357443 15.8198 0.086
54210.596675 0.177592995864 15.8442 0.091
56459.536193 0.179789823951 15.8999 0.082
54463.731841 0.181164447377 15.8268 0.116
56393.530422 0.186614765027 15.8911 0.08
53608.435482 0.19422658164 15.8342 0.113
53899.555292 0.194483520587 15.8393 0.094
54463.737182 0.19831833453 15.8397 0.117
54622.53072 0.201395178566 15.7023 0.078
54297.474159 0.205220357284 15.8497 0.088
54210.607593 0.21265874012 15.8695 0.092
53875.58672 0.213734672001 15.8807 0.095
56459.546966 0.214389866352 15.9837 0.093
54463.742538 0.215520397755 15.8428 0.117
54185.700108 0.216368296311 15.8583 0.093
53555.511989 0.217887447903 15.735 0.099
56393.540362 0.218539430512 15.9342 0.08
53899.56388 0.222065917712 15.9048 0.097
54274.440116 0.225932849015 15.8347 0.1
54622.540569 0.233027575982 15.7502 0.079
53555.519297 0.241358821692 15.8694 0.103
54274.445315 0.242630669528 15.9014 0.102
54210.618465 0.247576744471 15.9133 0.093
56459.557637 0.248662311564 15.9474 0.091
56393.550107 0.24983780731 15.8214 0.078
54185.711092 0.251646015208 15.8031 0.092
54274.450498 0.259277102255 15.8664 0.101
54943.559312 0.260793042103 15.8492 0.076
54622.550418 0.264659973421 15.7646 0.08
53555.526654 0.264987570599 15.8993 0.104
55674.630166 0.268083685045 15.9478 0.089
53580.437987 0.273636778252 15.8969 0.096
54274.455758 0.276170838719 15.959 0.104
54210.629379 0.282629641775 15.893 0.092
54943.567249 0.286284598454 15.9201 0.078
54185.722038 0.286801688106 15.8877 0.094
53600.369112 0.287167826122 15.932 0.106
53555.534005 0.288597049078 15.9234 0.106
54622.560228 0.296167113123 15.8553 0.082
53737.681479 0.298373576412 15.9547 0.113
53580.447914 0.305519691166 15.9668 0.098
55301.635057 0.305901887876 15.8668 0.087
53600.376359 0.31044328396 16.0018 0.108
54943.575216 0.311872506899 15.9344 0.078
53737.686594 0.314801611021 15.9734 0.114
54185.732959 0.321877067576 15.9391 0.096
53881.536612 0.323222785376 16.0063 0.099
53737.691693 0.331178257845 15.9474 0.112
53600.383488 0.333339756823 15.9854 0.108
53580.457808 0.337296616771 15.9827 0.099
54943.583158 0.33738012194 16.0138 0.08
54925.524594 0.338022469337 16.037 0.082
53737.696778 0.347509940336 15.9098 0.111
53600.390494 0.355841186046 16.0669 0.111
53881.547046 0.356734048925 16.0628 0.101
54185.743931 0.357116245617 16.0215 0.098
54925.532427 0.363180005023 15.9862 0.089
54588.643554 0.364731273992 16.0356 0.086
56101.533441 0.369115294951 15.9092 0.08
53580.467947 0.36986041792 16.0263 0.101
53881.557326 0.389750705 16.0797 0.102
56363.703877 0.391597453753 16.1552 0.088
56495.409128 0.394221442857 16.1322 0.086
54322.443959 0.401650190463 16.0383 0.085
54925.545178 0.404132863154 16.1096 0.083
54588.656597 0.406621959309 16.0799 0.088
56101.545396 0.407511610452 16.0213 0.082
53881.567616 0.422799478433 16.1406 0.104
56495.418044 0.422857289692 16.2329 0.089
56363.715782 0.429833182398 16.2049 0.089
54925.553211 0.429932746241 16.1547 0.084
54322.453899 0.433574855972 16.0521 0.085
54285.40493 0.442031359408 16.0992 0.093
56101.557441 0.446196982261 15.9228 0.079
54588.669707 0.448727831006 16.0479 0.087
56495.426987 0.451579853431 16.1919 0.087
54246.488666 0.453227474492 16.092 0.115
54322.46386 0.465566967957 16.0323 0.085
54955.454835 0.466084057588 16.0714 0.103
56363.727717 0.468165263161 16.0989 0.087
54285.41476 0.473602733847 16.0331 0.092
56495.43605 0.480687825598 16.1455 0.087
54246.497219 0.480697460809 16.0405 0.113
56074.48047 0.482088142935 15.9069 0.088
56101.569571 0.485155351736 15.8627 0.078
53915.526874 0.49100392477 15.9953 0.105
54322.474081 0.498394131533 15.9837 0.085
54285.42462 0.505270460382 15.9845 0.09
56363.739812 0.507011221827 16.0843 0.086
54955.467647 0.507232831671 15.8799 0.097
54246.505792 0.508231681887 15.983 0.111
53915.534414 0.515220421531 15.9983 0.106
56074.491043 0.516045837934 16.0138 0.093
53762.658733 0.518743696973 15.9492 0.114
53945.428068 0.525774189218 15.9849 0.092
56404.5349 0.530103610649 15.9787 0.076
55060.402767 0.531237353802 15.9927 0.087
53820.576221 0.534481208154 15.9302 0.095
54246.514377 0.535804443776 15.9596 0.109
54285.434471 0.536909281297 15.9193 0.089
54955.47707 0.537497029164 15.9514 0.099
53915.54198 0.539520423459 15.9739 0.105
53762.665469 0.540377957223 15.8836 0.109
55706.474332 0.543168956647 15.829 0.085
56074.501753 0.550443540884 15.8102 0.09
55060.409118 0.551635095321 15.9139 0.085
53889.392894 0.555534143983 15.9002 0.085
53945.437915 0.557400163181 15.947 0.091
53762.672188 0.561957617926 15.9416 0.112
53915.549532 0.563775461054 15.9507 0.104
56404.545868 0.565329941761 15.9956 0.077
54955.486673 0.568339339298 15.8969 0.097
55060.415472 0.57204247203 15.8979 0.085
53820.588059 0.572501750419 15.7594 0.117
54590.576946 0.574277840963 15.8924 0.082
55706.486194 0.581266580602 15.817 0.084
53762.678892 0.583489102606 15.6658 0.116
53889.401749 0.583974074867 15.9053 0.085
56074.512441 0.584770585643 15.7342 0.087
53945.447721 0.588894455907 15.9078 0.09
54677.451258 0.591717572719 15.8887 0.083
55060.421827 0.592453060477 15.8717 0.085
56404.556815 0.600488826397 15.9757 0.076
54590.585317 0.60116329114 15.88 0.082
55380.502596 0.607692752408 15.8715 0.113
53820.599936 0.610647550422 15.8611 0.093
53889.41055 0.612240571965 15.7659 0.082
55706.498107 0.619528003151 15.85 0.085
54097.711478 0.620032245849 15.6404 0.102
53945.45753 0.620398383871 15.7369 0.086
54677.461065 0.623215077206 15.852 0.083
54590.593638 0.627888154485 15.8725 0.082
56404.567797 0.635760121818 15.869 0.075
53889.419376 0.640587362469 15.8613 0.084
54097.718765 0.643436173162 15.6479 0.102
53820.612127 0.649801835848 15.7995 0.091
54155.634217 0.652634587852 15.8323 0.091
54590.601924 0.654500607044 15.8611 0.082
54677.470886 0.654757546003 15.8304 0.082
54097.726138 0.667116309855 15.7336 0.104
54595.590882 0.67772146533 15.8294 0.09
54197.676073 0.680017857283 15.8627 0.108
54677.480704 0.686290379586 15.8382 0.083
54097.73351 0.690793234809 15.6416 0.101
54155.646548 0.692238516443 15.8783 0.093
53830.590551 0.697875114841 15.8412 0.093
54126.69303 0.701154298292 15.8435 0.091
54595.599877 0.706611039402 15.8484 0.09
54197.685572 0.710526146775 15.902 0.112
54615.528453 0.711955369718 15.742 0.078
53830.599628 0.72702805134 15.8724 0.094
54859.638698 0.729854379872 15.8577 0.097
54155.658893 0.731887409366 15.8315 0.091
55328.545409 0.734874324746 15.8461 0.087
54595.608999 0.735908504044 15.8653 0.09
54615.536624 0.738198472517 15.7778 0.079
54197.695105 0.741143635315 15.8373 0.108
54126.707749 0.748427854774 15.8544 0.316
55647.693599 0.754915563448 15.8385 0.078
53830.608703 0.756174564339 15.8243 0.093
54859.647658 0.758631543135 15.7591 0.094
54615.544814 0.764502598316 15.7628 0.079
54595.618037 0.764936182805 15.8452 0.091
54155.671258 0.771600537027 15.9033 0.093
54197.70464 0.771767547354 16.0186 0.116
55353.466967 0.77636354295 15.9431 0.105
54226.662894 0.77806255181 15.956 0.095
54241.608139 0.778258467774 15.8582 0.093
53830.617758 0.785256842624 15.8668 0.094
54859.656584 0.787299507327 15.8724 0.096
54615.552988 0.790755336329 15.8308 0.08
54241.616349 0.80462682831 15.8033 0.091
54226.673786 0.8130447909 15.9609 0.095
54859.665531 0.816034918018 15.8905 0.096
54241.62458 0.831062635323 15.8071 0.091
56041.58793 0.839901335463 15.9537 0.077
53806.660451 0.840688211027 15.995 0.098
55361.58432 0.847166284494 16.0003 0.09
54226.684732 0.848200463798 16.0044 0.096
55328.580892 0.848836387707 16.0374 0.092
54527.768443 0.849886625706 15.8595 0.081
54241.632807 0.857485595383 15.7723 0.091
53845.585885 0.858943723964 15.9988 0.097
55353.493002 0.859981115014 16.0322 0.11
54527.775048 0.87110014841 15.9633 0.084
55647.729832 0.871286429136 15.9155 0.08
54190.574414 0.871357087366 15.9731 0.108
53806.67046 0.872834486368 16.0032 0.098
56041.598528 0.873939323891 16.086 0.08
54226.696023 0.884464185929 16.0993 0.1
53845.594535 0.886725248756 16.0901 0.1
54190.580551 0.89106751715 15.837 0.103
54527.781642 0.892278341996 15.9974 0.084
56429.557267 0.89536482121 16.1197 0.078
53806.680216 0.904168192262 16.1227 0.102
55731.49545 0.904418707751 15.931 0.088
54896.744705 0.904588929795 16.0341 0.086
56041.609235 0.90832739165 15.9185 0.077
54190.586814 0.911182625812 16.0021 0.109
54527.788232 0.91344368863 16.0415 0.085
53845.603165 0.914442538833 16.1215 0.101
56376.632449 0.914770135994 16.1446 0.087
56414.619132 0.918004355133 15.9264 0.068
56429.567834 0.929303245804 16.1495 0.078
54190.593051 0.931214229308 16.118 0.114
53806.689717 0.93468290523 16.0106 0.098
54896.754482 0.935990082163 16.019 0.086
53845.611714 0.941899678198 15.9511 0.096
56041.619973 0.942815023242 16.0229 0.079
55731.507819 0.944144682341 15.9735 0.089
56048.472396 0.950995317298 16.053 0.08
55361.618729 0.957678941949 15.9421 0.09
55657.720977 0.960216214142 16.0101 0.089
53860.562921 0.961243969972 16.0278 0.08
54887.732999 0.961359592512 16.0113 0.086
56376.647407 0.962811297614 16.0809 0.086
56414.633304 0.963521091504 15.8518 0.067
56429.578558 0.963745913087 16.0581 0.077
54896.764256 0.967381599342 16.0149 0.086
55731.520228 0.98399912643 16.0462 0.092
56048.48293 0.984827754559 15.9764 0.079
54887.743865 0.996258326436 15.7781 0.081
56429.589141 0.997735725443 15.9849 0.076
54896.774025 0.998757057806 15.9605 0.085
