54590.403005 0.00657039142431 15.2312 0.071
54049.71241 0.0111778105365 15.1917 0.075
55144.72522 0.0123262715177 15.2098 0.077
55330.358477 0.0136322046934 15.1914 0.082
54062.606427 0.0189210982808 15.255 0.076
53757.638307 0.0189536787404 15.2109 0.072
54049.718986 0.0290318989755 15.2598 0.077
55144.73374 0.0354583934095 15.1845 0.077
54125.595614 0.0369435190607 15.1965 0.075
54531.487945 0.0499566951465 15.2065 0.076
54062.619592 0.054664570662 15.2055 0.075
55144.742176 0.0583624521098 15.1852 0.077
54504.604604 0.0606702342236 15.1935 0.075
53757.654249 0.0622368110202 15.2127 0.072
55647.499931 0.0646613397553 15.2021 0.074
54125.607601 0.069488676941 15.2301 0.076
54531.496201 0.0723720470588 15.2054 0.076
55144.75067 0.0814239830151 15.184 0.077
54941.441369 0.0889907933042 15.156 0.071
54379.755032 0.08936546852 15.1917 0.086
54504.615577 0.0904623437719 15.1278 0.074
54531.504458 0.0947901140098 15.2537 0.077
55330.390217 0.0998075038187 15.1343 0.081
54125.619578 0.102006684415 15.198 0.075
53757.670199 0.10554166361 15.1888 0.072
55299.454511 0.108196970567 15.1049 0.072
54379.762077 0.108492909674 15.2193 0.085
54941.449349 0.110656794792 15.1707 0.071
54531.512727 0.117240761405 15.278 0.077
54504.626536 0.120216442818 15.1118 0.074
54379.769106 0.127576910229 15.219 0.087
54007.767354 0.128766096786 15.1312 0.081
54941.457356 0.132396102286 15.119 0.07
54125.631557 0.134530121985 15.1526 0.075
54379.776602 0.147928833422 15.1727 0.084
54504.637527 0.150057423043 15.1044 0.074
54007.775642 0.151268329897 15.1815 0.082
54941.465349 0.154097399257 15.074 0.07
54855.648534 0.158202536385 15.12 0.07
54444.607016 0.16495212031 15.1507 0.083
54007.783864 0.173591370514 15.1311 0.081
55543.676543 0.180240498047 15.2071 0.082
54444.616017 0.189390175362 15.159 0.083
55918.629844 0.192618355289 15.1783 0.068
54855.661393 0.193115207201 15.0678 0.07
54007.792082 0.195903550995 15.1818 0.082
53887.352522 0.197947974446 15.1092 0.079
54031.734569 0.200660297186 15.1374 0.082
55574.625322 0.207344720198 15.1796 0.073
53683.677018 0.211259804683 15.0789 0.079
53887.357738 0.212109611499 15.1398 0.08
53835.424836 0.212318669407 15.1256 0.071
54444.624951 0.21364632288 15.1778 0.084
54031.739967 0.215316071124 15.1314 0.082
54867.457099 0.218902636025 15.1272 0.071
55918.640384 0.221234853476 15.1683 0.068
53887.362931 0.226208802701 15.1436 0.08
54855.67426 0.228049598307 15.1077 0.071
54031.745345 0.229917544308 15.1185 0.081
53835.433092 0.234734021319 15.1613 0.071
53683.686506 0.237020083127 15.1228 0.08
54444.633855 0.237821019277 15.1686 0.083
54475.573542 0.240240117934 15.1944 0.084
53887.368116 0.240286273575 15.0435 0.078
54031.75087 0.244918128042 15.132 0.082
54867.468253 0.24918616742 15.1549 0.071
55918.650977 0.249995248674 15.1608 0.068
55184.593087 0.255091374596 15.0474 0.07
54819.591652 0.26240568638 15.0753 0.07
53683.695899 0.262522432993 15.0962 0.079
54855.687846 0.264936101585 15.0882 0.071
54475.583181 0.266410367102 15.1443 0.083
55543.711115 0.27410478416 15.192 0.082
55918.661565 0.278742068699 15.1629 0.068
54867.479461 0.279616310865 15.1305 0.072
55574.652398 0.280857083119 15.2116 0.074
53742.634324 0.282572986997 15.0983 0.067
53683.705172 0.287698978333 15.1134 0.08
55184.606266 0.2908728575 15.0871 0.071
54475.592657 0.292138065101 15.1735 0.084
54819.603607 0.294863963022 15.0809 0.07
54899.533811 0.308387566213 15.0802 0.089
54475.602121 0.317833182655 15.1972 0.084
54899.539145 0.322869577734 15.043 0.088
55184.61945 0.326667915576 15.0983 0.07
53742.650733 0.327124041934 15.1961 0.068
54819.61566 0.327588313397 15.1321 0.071
54867.499624 0.334359617601 15.1513 0.071
54899.54448 0.337354304274 15.045 0.089
56400.447415 0.345526568005 15.1538 0.069
53711.719038 0.34640352521 15.2257 0.077
54899.54982 0.351852606026 15.1179 0.102
54169.542211 0.353614665545 15.127 0.084
54819.62773 0.36035881939 15.0856 0.07
53711.72444 0.361070159283 15.2406 0.078
55184.632439 0.361933541305 15.1091 0.07
53742.667136 0.37165880662 15.1678 0.068
54378.754834 0.373790111285 15.2212 0.084
56400.458048 0.374395564712 15.172 0.069
53711.72992 0.375948566316 15.1402 0.076
53724.621291 0.376507864112 15.1992 0.076
54169.552019 0.380243756096 15.1699 0.085
53711.735394 0.390810683136 15.2024 0.077
54378.76269 0.395119448093 15.2202 0.084
56004.52426 0.3992028649 15.1927 0.067
53724.630291 0.400943204125 15.2337 0.076
56400.468903 0.403867299813 15.2321 0.07
54169.561961 0.407236661694 15.2212 0.086
55883.720508 0.412452249266 15.3249 0.084
53742.683521 0.416144700648 15.1722 0.068
54378.770857 0.41729316164 15.2694 0.085
53724.639132 0.424946853123 15.1543 0.075
56004.535536 0.429817630918 15.1507 0.067
56400.479878 0.433664839438 15.1737 0.07
54169.57177 0.433868467283 15.277 0.088
55883.729184 0.436007917056 15.3098 0.084
54378.779479 0.44070221736 15.1631 0.083
53724.647945 0.448874481077 15.2631 0.077
55618.544378 0.449241011182 15.2776 0.075
55883.738084 0.460171753278 15.2529 0.083
56004.546825 0.460467692398 15.2033 0.067
55263.494952 0.476635742386 15.1589 0.075
55883.746736 0.48366226016 15.2938 0.084
56004.55811 0.491106893744 15.2246 0.068
55962.570353 0.492760351765 15.239 0.068
54908.441637 0.493471691665 15.31 0.081
53886.356423 0.493501557064 15.2346 0.073
55618.565631 0.506943709112 15.2207 0.074
53813.435311 0.509927535642 15.2365 0.072
54742.705211 0.5128136208 15.2084 0.08
54908.450079 0.516392040598 15.1805 0.078
55962.581142 0.52205289437 15.2246 0.068
53886.372185 0.536295982556 15.1395 0.072
54742.714427 0.537835408974 15.2096 0.08
54908.458541 0.539366690284 15.1934 0.079
53813.446749 0.54098213777 15.1839 0.071
53872.380013 0.54702038179 15.1445 0.079
55962.591896 0.551250410641 15.1703 0.067
53886.380888 0.559924956352 15.1137 0.072
54199.452049 0.559954821767 15.2275 0.077
53872.385199 0.561100567702 15.1507 0.079
54908.467013 0.562368490358 15.1628 0.078
54742.723721 0.563068970107 15.1822 0.079
54137.577207 0.567421175668 15.0543 0.091
53813.458184 0.572028594783 15.23 0.072
53872.390383 0.575175323557 15.184 0.08
55962.602621 0.580369190829 15.2437 0.068
53886.389619 0.583629951212 15.1692 0.072
54742.733207 0.588823818474 15.1818 0.079
53872.395549 0.589201208734 15.1855 0.08
54199.463493 0.591025714128 15.167 0.076
54137.587558 0.595524531719 15.1059 0.086
53813.469656 0.603175508187 15.1893 0.071
54199.47497 0.622186202726 15.2239 0.078
54137.597856 0.623483990778 15.1402 0.087
55590.623646 0.643398792891 15.1666 0.069
56243.655947 0.650767405423 15.1219 0.066
55093.764832 0.652947580765 15.0877 0.073
54199.486421 0.653276100338 15.1526 0.077
55214.576889 0.662246585168 15.1432 0.079
55093.770511 0.66836628032 15.1091 0.073
54085.684715 0.67734491026 15.1512 0.084
55093.776168 0.683725249025 15.1251 0.074
56243.668741 0.685503598783 15.1027 0.065
55103.722708 0.688957126838 15.0994 0.078
53633.763661 0.694609835485 15.1484 0.086
55093.781823 0.699078787672 15.0644 0.073
56368.5344 0.700485177239 15.0865 0.061
54085.693332 0.700740390806 15.1817 0.085
54226.392204 0.703493439117 15.1464 0.076
54178.510929 0.704022871465 15.2101 0.088
56281.615317 0.71189105097 15.1048 0.069
53633.770212 0.712396047996 15.1226 0.085
55590.649255 0.712928195384 15.0611 0.068
55103.731832 0.713729131531 15.121 0.079
56243.681674 0.720617182384 15.1238 0.065
54085.701969 0.724190172107 15.0925 0.083
54178.518433 0.724396514968 15.1824 0.087
54226.400387 0.725710593264 15.1576 0.077
55214.600722 0.726954080571 15.1263 0.079
53633.776801 0.730285431919 15.1139 0.085
54925.472791 0.733698234408 15.1283 0.067
56368.548378 0.738435975332 15.0832 0.061
55103.741027 0.738693903913 15.0975 0.078
54178.525927 0.744743008103 15.1639 0.087
55679.426942 0.747702399271 15.1576 0.071
54226.408551 0.747876161695 15.1544 0.077
54085.710793 0.748147665467 15.1209 0.084
53633.783474 0.748402879033 15.1678 0.086
56281.628878 0.748709678301 15.0937 0.069
54243.352908 0.752445570279 15.15 0.086
56243.694905 0.75653984724 15.1491 0.066
53847.413551 0.762132825069 15.0847 0.07
55103.750325 0.763938325201 15.1247 0.079
54178.533399 0.765029770386 15.2425 0.09
54925.484587 0.765724820055 15.0819 0.067
54226.417082 0.771038148993 15.1921 0.078
54243.361065 0.774592133439 15.1807 0.087
56368.562515 0.77681846442 15.1195 0.062
56037.445335 0.781165239902 15.1911 0.067
56281.64219 0.784852261212 15.1287 0.07
54243.369234 0.796771277064 15.1604 0.087
54925.496329 0.797604793672 15.112 0.067
53847.426666 0.797740545555 15.0985 0.07
55679.446129 0.799795829166 15.1401 0.073
56037.456612 0.811782720958 15.2209 0.068
56368.576746 0.815456167066 15.125 0.062
54129.566686 0.818554025172 15.1143 0.083
54243.3774 0.818942275572 15.2274 0.088
56281.655646 0.821385809578 15.1263 0.069
54925.508207 0.829854012413 15.1789 0.068
56068.402967 0.832305691536 15.2693 0.074
53847.439787 0.833364556273 15.1357 0.07
54129.575263 0.84184090421 15.1323 0.083
56037.46797 0.84262012005 15.2515 0.068
56068.407695 0.845142390158 15.1602 0.072
54956.455594 0.853178901979 15.1699 0.075
56068.412517 0.858234302319 15.2859 0.075
54129.583855 0.865168508809 15.2629 0.086
54769.722491 0.865749526903 15.0893 0.079
54956.461065 0.868032873683 15.1576 0.076
53847.452883 0.868920691023 15.1938 0.071
56068.417247 0.871076431019 15.2709 0.075
56037.479253 0.873253891319 15.2724 0.069
54956.466518 0.88283797469 15.2048 0.076
54129.592457 0.888523263795 15.2033 0.085
54769.731739 0.890858196296 15.1752 0.081
54956.471972 0.897645790736 15.1485 0.076
54769.740931 0.915814823561 15.1891 0.081
54590.377381 0.937000263351 15.216 0.071
54769.750191 0.940956073398 15.1715 0.08
54109.723525 0.943622240504 15.1629 0.078
54062.580136 0.947540040008 15.1927 0.077
54109.730044 0.961321571796 15.1944 0.078
54590.386662 0.962198528982 15.2255 0.071
53836.440501 0.969887515975 15.2283 0.072
53757.621498 0.973316608699 15.223 0.072
54049.69924 0.975420762982 15.2153 0.076
54109.73657 0.97903990834 15.235 0.079
54062.593281 0.983229211635 15.2107 0.075
54590.394839 0.984399392916 15.213 0.071
53836.448729 0.992226846843 15.2301 0.08
55647.473389 0.992598807006 15.2195 0.074
54049.705787 0.993196115318 15.2352 0.076
54109.743096 0.996758244883 15.0405 0.076
