53945.631359 0.00295669374348 15.8427 0.086
56464.570589 0.00893562004443 16.0057 0.077
54319.584703 0.0132909714334 15.9169 0.1
55823.42722 0.0141802138306 15.9923 0.081
54915.75538 0.0204004420912 15.9472 0.087
53945.645101 0.0234256536767 15.82 0.086
56129.573057 0.0239946496513 15.971 0.077
54319.593619 0.0265715162379 15.8617 0.099
56464.583583 0.0282904203104 16.0528 0.078
55823.438521 0.0310132596849 16.0185 0.08
54915.765137 0.0349336717538 15.7161 0.081
56129.58478 0.0414562722073 15.9469 0.077
56464.59638 0.0473517854882 16.0576 0.078
55823.44982 0.0478433265125 16.0148 0.081
55334.701377 0.0481129293115 15.9121 0.102
56129.59638 0.0587346840312 15.9807 0.077
56156.451172 0.0594377366473 15.9166 0.073
56388.742104 0.0610225840704 15.9526 0.081
56388.751062 0.0743656886522 15.9578 0.081
56129.607991 0.0760294805398 15.965 0.077
56156.462425 0.0761992856226 15.8132 0.072
53588.525332 0.0870087196348 15.8029 0.084
56388.759972 0.0876372963441 16.0122 0.082
55334.730578 0.0916083520291 15.9647 0.105
56156.473745 0.0930606323334 15.8576 0.073
56388.768877 0.100901456453 15.9427 0.08
56156.48517 0.110078378449 15.8157 0.072
55858.404756 0.113858775799 16.0401 0.083
55414.642448 0.121797908117 15.9218 0.08
55858.413224 0.126472016424 15.9766 0.084
56429.741814 0.130839283959 16.0074 0.082
54599.622552 0.134780549275 15.9029 0.076
54681.535535 0.145664459203 15.8043 0.08
56429.752055 0.146093440454 16.0007 0.081
54599.63053 0.146663925955 15.8747 0.076
53668.460032 0.151203977612 15.9135 0.101
55392.50902 0.153652745624 15.8891 0.075
53588.570569 0.154390057171 15.7802 0.083
55441.51885 0.154689450337 15.8603 0.099
54599.638582 0.158657526981 15.8718 0.075
54681.545452 0.160436011782 15.7866 0.079
55414.668448 0.160525382875 15.8871 0.079
56429.763029 0.162439413846 15.9398 0.08
54260.609086 0.168032554905 15.8863 0.094
54599.646559 0.170539414142 15.8621 0.075
53849.739785 0.170706240183 15.9711 0.085
54681.555432 0.17530140402 15.8014 0.08
55392.524024 0.176001477599 15.8836 0.075
56429.773424 0.177922956155 15.8683 0.08
53588.587927 0.180245115124 15.7916 0.083
54260.617839 0.181070308238 15.9363 0.096
54303.587769 0.185565674345 15.9381 0.101
53849.751376 0.187971246339 15.8663 0.082
54681.565583 0.190421503881 15.8111 0.08
54303.59878 0.20196675991 15.89 0.1
53849.763115 0.205456701195 15.8426 0.082
54260.635332 0.207126451159 15.8776 0.094
54303.609808 0.218393167282 15.8865 0.1
54344.5656 0.222793204223 15.8635 0.087
53849.774883 0.222985352074 15.7966 0.081
53588.621637 0.230456775663 15.748 0.082
54303.62053 0.234363782065 15.8412 0.098
54344.576473 0.238988736263 15.7598 0.085
54344.587373 0.255224485299 15.7751 0.085
54942.767428 0.255339178201 15.761 0.075
54942.780868 0.275358303619 15.7127 0.074
53991.470441 0.281106354578 15.6953 0.1
53652.437366 0.285150396655 15.7029 0.108
53991.477316 0.291346792614 15.6401 0.104
54942.794229 0.295259757087 15.682 0.073
53652.446533 0.29880481055 15.6718 0.107
53991.484197 0.301596167763 15.6561 0.13
54745.424995 0.310181751019 15.785 0.085
53991.491095 0.31187086472 15.778 0.179
53652.45571 0.312474119622 15.5835 0.104
54942.807578 0.315143336341 15.6862 0.073
54745.434863 0.32488031721 15.8213 0.084
53652.464832 0.326061505184 15.7572 0.11
54704.486618 0.331721674579 15.823 0.08
54745.439775 0.332196830898 15.8682 0.085
53576.605979 0.332914778701 15.6403 0.081
54291.607836 0.341236717224 15.8076 0.104
55086.495747 0.341294808433 15.8086 0.082
56183.49843 0.346822410694 15.6397 0.07
55086.501018 0.349146059184 15.829 0.083
54704.498731 0.349764209258 15.8482 0.081
54291.616977 0.354852403631 15.8247 0.104
55086.506286 0.356992841379 15.8215 0.083
53831.739467 0.358903893301 15.8499 0.083
56066.692874 0.362813878735 15.8093 0.081
54291.62614 0.368500859451 15.8458 0.103
54168.768349 0.36957778115 15.8512 0.108
53831.748499 0.372357222228 15.8487 0.083
56066.701741 0.376021437141 15.8038 0.081
56183.519662 0.378447862389 15.7178 0.071
55501.421334 0.380533187953 15.8564 0.085
54291.635124 0.381882691499 15.8568 0.103
54022.422957 0.385444129662 15.7251 0.097
53831.757497 0.385759907528 15.8461 0.083
56066.710701 0.389367520761 15.8107 0.081
54022.430294 0.396372725129 15.7521 0.098
53831.766629 0.399362188277 15.8258 0.082
56066.719752 0.402849150522 15.8654 0.082
54022.437618 0.407281956874 15.8233 0.101
55715.609693 0.41800499882 15.8473 0.08
54022.444942 0.418191188607 15.7811 0.099
55031.501538 0.426416308431 15.9646 0.1
53607.553712 0.430128187941 15.8298 0.093
54926.774282 0.433256176284 15.9544 0.094
55031.509587 0.438405440912 15.9389 0.099
55715.624614 0.44023010078 15.9048 0.08
54926.780587 0.442647588917 16.015 0.096
55031.517863 0.450732694032 15.8773 0.097
54926.786897 0.452046449133 15.9557 0.094
55715.639738 0.462757574941 15.9293 0.08
54926.794928 0.464008770287 15.9622 0.094
54589.779253 0.473006950092 15.8343 0.08
55715.65497 0.485445917085 15.8889 0.08
54589.788217 0.486358991775 15.8463 0.08
54589.797224 0.499775082744 15.9472 0.082
53973.494061 0.504960095801 15.8866 0.1
54390.411307 0.510810923533 16.0572 0.085
54589.806173 0.513104781646 15.8951 0.081
53973.503993 0.519753991161 15.8787 0.099
54390.422149 0.526960280502 16.0348 0.084
55380.675897 0.527999964252 16.0019 0.082
53973.513883 0.534485326754 15.8882 0.1
54390.432968 0.543075378561 16.0029 0.084
53936.596833 0.545865246266 15.8542 0.087
54390.443805 0.559217287947 15.9662 0.083
55380.697755 0.560557854379 15.9731 0.082
53936.607153 0.5612370747 15.8474 0.087
53893.654007 0.581741783067 15.9182 0.096
53936.627208 0.591109363406 15.8829 0.088
53893.662609 0.594554619142 15.9024 0.096
53936.637084 0.605819845747 15.8366 0.087
53893.671194 0.607342133409 15.896 0.096
53893.680022 0.620491600606 15.8666 0.095
54004.474432 0.650788402018 15.805 0.098
53618.450795 0.661532297219 15.767 0.093
54004.483894 0.664882223786 15.7743 0.097
54004.493337 0.678947744719 15.7487 0.096
53618.466654 0.685154567314 15.702 0.091
55362.656791 0.688212548298 15.9082 0.078
54760.449346 0.689226910233 15.9487 0.086
53618.48255 0.708831949571 15.7322 0.092
56459.670298 0.709862696201 15.619 0.118
54382.497658 0.723286234765 15.779 0.098
54760.476627 0.729862457877 15.8719 0.085
55738.645336 0.730015878265 15.8239 0.078
56459.684563 0.731110674188 15.7943 0.143
53618.498498 0.732586786781 15.7145 0.092
55362.691578 0.740028420004 15.7894 0.076
54980.696124 0.750824448358 15.7558 0.094
56459.699062 0.752707199436 15.8351 0.147
53879.6758 0.760947214447 15.8055 0.092
54415.421837 0.764452050919 15.8447 0.088
56459.713438 0.77412051394 15.7593 0.144
53879.685824 0.775878145489 15.7775 0.091
54980.716963 0.781864519374 15.7421 0.093
54627.585434 0.786003890621 15.6595 0.077
53879.695998 0.791032504271 15.7426 0.09
54627.594141 0.798973126112 15.6595 0.077
53879.706531 0.806721600104 15.7734 0.092
54627.602839 0.811928955935 15.6854 0.078
54627.611543 0.82489372287 15.6789 0.077
56219.412885 0.842058931296 15.7234 0.074
55654.806126 0.849981678929 15.7861 0.088
56219.422728 0.856720259529 15.7448 0.074
55005.609797 0.860195305629 15.835 0.077
53959.637736 0.865710991745 15.761 0.085
53912.643895 0.86752671451 15.7881 0.096
55005.617873 0.872224655105 15.7973 0.077
53912.65343 0.881729271116 15.7636 0.095
55005.625754 0.883963548509 15.8243 0.077
56219.442505 0.886178462159 15.8248 0.076
53959.653548 0.88926325448 15.6595 0.083
53912.662763 0.895630945039 15.8088 0.096
55005.633742 0.895861820366 15.8124 0.077
54243.649471 0.906376329762 15.8671 0.092
53912.671633 0.908842972002 15.8106 0.096
53959.669405 0.912882545527 15.7976 0.086
54974.770994 0.925235120454 15.7623 0.076
55796.513478 0.925670059789 15.8682 0.081
54243.662649 0.926005201394 15.862 0.092
53959.68523 0.936454171995 15.8831 0.088
55796.525371 0.943384900459 15.8933 0.082
54243.675862 0.945686206161 15.91 0.093
54732.434088 0.959988560501 15.8212 0.08
55796.537253 0.961083356423 15.9457 0.082
53945.60391 0.962070907023 15.8347 0.086
54974.797475 0.964679053498 15.7954 0.078
54243.689053 0.965334441536 15.9628 0.094
54015.428102 0.966479881073 15.8374 0.101
53555.548623 0.967598509292 15.8638 0.101
54198.710678 0.969223573715 15.8689 0.107
54732.445264 0.976635416575 15.8831 0.081
55796.549229 0.978921827096 15.9375 0.083
54198.717274 0.979048436157 15.997 0.112
53555.55648 0.979301654257 15.8289 0.1
54015.436753 0.979365703546 15.8298 0.101
54319.566544 0.986242809351 15.956 0.102
54198.723842 0.988831592084 15.9838 0.111
56464.557824 0.989921919456 16.016 0.077
53555.564348 0.991021183927 15.858 0.101
54015.445357 0.992181518647 15.8618 0.102
54732.456407 0.99323311854 15.8865 0.081
55823.415929 0.997362063164 16.0033 0.081
54319.57567 0.999836152988 15.876 0.099
