54061.514773 0.00034601539519 11.6348 0.053
54726.514146 0.000452481665885 11.6667 0.051
55743.625468 0.00153932486773 11.6189 0.051
54363.5831 0.00220252104093 11.6271 0.052
54717.49872 0.00381060537944 11.661 0.051
54006.517383 0.0135300889188 11.6167 0.052
54345.557579 0.020743178951 11.6393 0.051
55497.471921 0.0213132171156 11.6901 0.05
54382.528543 0.0240924304711 11.6508 0.052
53885.695189 0.0241811523609 11.614 0.051
54363.593361 0.0249619050355 11.669 0.052
54726.525499 0.0256339733952 11.6826 0.051
54763.495784 0.0274771707455 11.6285 0.051
55743.638428 0.0302852187076 11.6449 0.051
54717.511445 0.0320352580736 11.6651 0.051
54006.526432 0.0336011995178 11.6316 0.052
56072.761519 0.0408897031586 11.5904 0.051
54261.709665 0.0420985389775 11.6501 0.051
54382.537742 0.0444962481744 11.6581 0.052
54345.568527 0.0450263615004 11.6116 0.051
54363.603591 0.0476525295708 11.652 0.052
53885.706307 0.0488414029608 11.6368 0.051
54763.505606 0.0492628319565 11.6413 0.051
54596.694614 0.0545817095384 11.6998 0.052
54717.521683 0.0547436269939 11.7 0.051
55149.434716 0.0583080291178 11.7102 0.051
55743.651338 0.0589202101901 11.6407 0.051
54001.58008 0.0623581835966 11.6312 0.053
54382.546948 0.0649155922146 11.6654 0.052
56072.774443 0.0695557472986 11.6094 0.051
54345.579595 0.0695757097267 11.677 0.052
54261.722059 0.0695890180039 11.6846 0.051
54763.515437 0.0710684556005 11.6675 0.051
55149.441058 0.0723748854866 11.7247 0.051
54001.586533 0.0766712432417 11.6185 0.052
54596.705795 0.0793816971211 11.7034 0.052
54382.556132 0.0852861391961 11.671 0.052
55149.447414 0.0864727945452 11.7125 0.051
54001.592996 0.0910064833517 11.6534 0.053
54763.525269 0.0928762972765 11.6704 0.051
54345.59053 0.0938300576506 11.7053 0.052
56072.786658 0.0966491958415 11.6513 0.052
54261.734533 0.097256940831 11.6941 0.051
55149.453775 0.100581793828 11.7424 0.051
54596.716987 0.104206083217 11.7004 0.052
54001.599474 0.105374994183 11.6588 0.053
54415.478894 0.109531614938 11.7036 0.052
55497.513886 0.114393574762 11.6788 0.051
56072.798773 0.12352083967 11.6541 0.052
54261.747203 0.125359600927 11.719 0.052
54596.728242 0.129170206295 11.7209 0.052
54415.489749 0.133608519078 11.7192 0.052
54035.429892 0.142844468302 11.7101 0.053
54415.5006 0.157676551024 11.7389 0.052
54647.687845 0.159983320285 11.7332 0.051
54035.438448 0.161822081551 11.7203 0.053
54647.692718 0.170791865087 11.7205 0.051
55380.772507 0.176485592677 11.7076 0.051
55446.598032 0.180617814917 11.7401 0.051
54647.697534 0.181473981194 11.7462 0.051
54415.511449 0.181740146875 11.7645 0.052
53894.783721 0.182975599261 11.6601 0.052
54647.702531 0.192557563881 11.7369 0.051
54272.601574 0.200868587349 11.7075 0.052
53894.792637 0.202751709558 11.6704 0.052
54035.457331 0.203705469922 11.7189 0.053
54662.589689 0.212979125958 11.781 0.051
53894.801413 0.222217293231 11.6595 0.053
54244.665367 0.237038285719 11.7289 0.051
55446.624023 0.238267083949 11.7136 0.055
54662.601799 0.239839679529 11.7721 0.051
53894.810188 0.241680658856 11.6187 0.053
54356.481216 0.249887434097 11.7296 0.052
54211.759617 0.250526231745 11.7603 0.053
54272.628053 0.259600263505 11.725 0.053
54211.765547 0.263679252613 11.7513 0.053
54662.61404 0.266990797323 11.7447 0.051
54243.778621 0.270193657711 11.7237 0.052
56478.628554 0.273196893853 11.5935 0.05
54244.681912 0.273735879357 11.7246 0.051
54356.492467 0.274842684983 11.7195 0.052
54211.771483 0.276845581754 11.7363 0.053
55056.660744 0.281243969686 11.7702 0.051
54272.638882 0.28361949841 11.7478 0.056
55380.823241 0.289016007645 11.6541 0.051
55030.515133 0.289040406171 11.7731 0.053
54211.777415 0.290003038718 11.7325 0.053
53607.642922 0.29108322779 11.602 0.052
54243.790069 0.295585863946 11.7248 0.052
54356.503839 0.300066319611 11.6953 0.052
54271.74543 0.301900644793 11.7035 0.052
54272.648806 0.305631400448 11.7073 0.063
56478.643474 0.306290160514 11.6177 0.051
54244.698617 0.310788360579 11.7208 0.051
55030.52543 0.311879639882 11.7392 0.053
55056.6748 0.312420843437 11.7497 0.051
53607.656294 0.320742957146 11.6034 0.052
54086.45593 0.321013558916 11.6891 0.053
54243.801565 0.321084536443 11.7124 0.052
54356.514899 0.324597923468 11.6951 0.052
54271.755833 0.324974991523 11.6965 0.052
54086.459933 0.329892402519 11.6658 0.053
54662.643843 0.333095262912 11.7111 0.051
55030.535589 0.334412783049 11.7073 0.053
54086.464071 0.339070682521 11.6838 0.053
56478.65837 0.339330194052 11.5507 0.05
55056.688987 0.343888281394 11.7372 0.051
54243.813241 0.346982457472 11.6983 0.052
54244.715142 0.34744159327 11.692 0.051
54271.765975 0.347470427889 11.669 0.052
54086.468162 0.348144714277 11.6816 0.053
54035.522459 0.348162458661 11.563 0.057
53970.600865 0.348992008377 11.6327 0.052
53607.669597 0.350249641232 11.5425 0.052
53960.685414 0.356052053135 11.6187 0.051
55030.545762 0.35697697889 11.7237 0.053
56404.732992 0.369340374889 11.6 0.051
54271.776096 0.36991928526 11.6711 0.054
53970.611374 0.372301468126 11.6151 0.052
55056.703133 0.375264779411 11.7033 0.051
53934.54661 0.378946738024 11.5978 0.051
53607.682985 0.379944859342 11.5528 0.052
53960.701926 0.392676451217 11.5715 0.051
56404.743882 0.393494910696 11.5822 0.051
53970.621792 0.395409085562 11.5915 0.052
53934.557009 0.402012212562 11.5921 0.052
56404.755078 0.418328168985 11.549 0.051
53970.632143 0.418368093839 11.5858 0.052
55414.69583 0.42002275716 11.6057 0.051
54955.734177 0.42133805925 11.6869 0.052
53934.5674 0.42505994273 11.5714 0.051
53960.718485 0.429405097512 11.5952 0.051
54955.74199 0.438667663315 11.6805 0.052
53859.733927 0.440872402392 11.6157 0.052
56404.766201 0.442999509809 11.5584 0.051
53934.577806 0.448140943605 11.5708 0.051
55118.503973 0.452455045723 11.6455 0.051
53859.739215 0.452601436855 11.6034 0.052
55797.480214 0.453916738945 11.6196 0.051
54955.749719 0.455810951386 11.6642 0.052
54793.448309 0.463596297635 11.7002 0.063
53859.744484 0.464288328419 11.6208 0.052
53960.735103 0.466264608613 11.5624 0.051
54319.61078 0.46951404801 11.6439 0.052
55118.512541 0.471459275534 11.6492 0.051
54955.757539 0.473156081772 11.6737 0.052
53859.749692 0.475839919081 11.6099 0.052
55797.492073 0.480220562633 11.64 0.051
54793.456341 0.481411654059 11.6847 0.052
55118.521041 0.490312678137 11.649 0.051
54319.621418 0.493109635869 11.6137 0.052
54616.729605 0.493140688528 11.6269 0.051
55414.730826 0.497645542721 11.6247 0.051
54793.464373 0.4992270105 11.6914 0.052
54022.516911 0.501240997498 11.5531 0.052
55797.50397 0.506608672118 11.6762 0.051
55118.529547 0.509179389013 11.6667 0.051
54319.631864 0.516279358636 11.6416 0.052
54022.523783 0.516483418981 11.6115 0.052
54793.472409 0.517051239117 11.6705 0.052
54710.520468 0.52571715017 11.649 0.051
54616.745099 0.527507114387 11.632 0.051
54022.530688 0.531799036035 11.6135 0.052
55797.51596 0.533203060012 11.6523 0.051
54319.642182 0.539165171341 11.6166 0.052
54710.531688 0.550603641597 11.6957 0.051
54616.760955 0.562676473389 11.6525 0.051
54710.542844 0.575348177993 11.6887 0.051
53615.437863 0.580631566805 11.5963 0.052
54616.776808 0.597839178264 11.6735 0.051
54710.554048 0.60019918065 11.6882 0.051
53615.450291 0.608197459451 11.6134 0.052
55337.688477 0.614066412782 11.7344 0.052
53615.462787 0.635914179305 11.6353 0.052
55834.539188 0.652476338986 11.7462 0.051
53615.47526 0.663579884084 11.6592 0.052
55834.548044 0.672119366444 11.7795 0.052
53633.513364 0.672948916149 11.7042 0.053
55337.717227 0.677835274497 11.7571 0.052
53633.520429 0.688619420772 11.7052 0.053
55834.556918 0.691802318752 11.7438 0.051
55709.673546 0.694568223806 11.7383 0.051
54739.453959 0.701570599336 11.7751 0.051
55086.606269 0.701836765031 11.8048 0.051
53633.527352 0.703974962676 11.7071 0.053
55834.565997 0.711939970762 11.6864 0.051
53633.534221 0.71921073003 11.7035 0.053
55086.614229 0.719492422039 11.7854 0.051
54739.464701 0.725396864119 11.7755 0.051
55709.687713 0.725991300817 11.7804 0.051
55086.622197 0.737165823433 11.792 0.051
53675.471466 0.738006463397 11.6726 0.053
54686.724894 0.746006960231 11.7689 0.051
53986.560544 0.748315947539 11.7307 0.052
54739.475453 0.749245309383 11.7271 0.051
55086.630179 0.7548702775 11.7743 0.051
53986.564426 0.756926407401 11.7395 0.052
55709.702007 0.757696069842 11.7366 0.051
53675.480432 0.75789347605 11.5351 0.057
54391.425757 0.75853449174 11.7403 0.053
54686.731261 0.760129267803 11.7475 0.051
56132.597841 0.760685997695 11.6585 0.051
53986.568332 0.765590100417 11.7295 0.052
53576.748521 0.765838521719 11.6744 0.052
54739.486228 0.773144769738 11.7361 0.051
53986.572212 0.774196124183 11.7128 0.052
54686.737643 0.77428484608 11.725 0.051
53675.489393 0.777769398496 11.5089 0.054
54391.435443 0.78001849852 11.7371 0.053
56132.609776 0.787158392975 11.6598 0.051
54686.744032 0.788455950694 11.7078 0.051
55709.71629 0.789376440338 11.7235 0.051
53576.760185 0.79170982617 11.6739 0.052
53597.502812 0.799838969759 11.6454 0.052
54391.445151 0.801551302327 11.7279 0.053
54292.711034 0.8046033355 11.6876 0.052
56132.621497 0.813156126137 11.6638 0.051
53576.771805 0.817483536537 11.6523 0.052
53597.511584 0.81929568124 11.6424 0.052
53644.400406 0.820923728007 11.612 0.053
54391.454818 0.822993166193 11.6975 0.053
54292.722037 0.829008510647 11.6768 0.051
53597.52027 0.838561640648 11.6164 0.052
56132.633357 0.839462167873 11.5756 0.051
53644.408964 0.839905777353 11.601 0.053
53576.783449 0.843310480058 11.6039 0.053
54632.667234 0.843556683311 11.6917 0.052
53587.607806 0.852246992883 11.5914 0.052
54292.733055 0.8534469565 11.6475 0.051
53597.529152 0.858262337341 11.6231 0.052
53644.417579 0.859014255393 11.5928 0.053
53587.617076 0.872808291954 11.5658 0.052
56174.577715 0.87403487214 11.6325 0.051
53555.607893 0.874924309135 11.5774 0.052
54292.744115 0.877978560358 11.5976 0.051
53644.426156 0.878038447637 11.5674 0.053
54632.683513 0.87966427636 11.668 0.052
56216.509911 0.881631684366 11.5993 0.051
53587.625943 0.892475717925 11.566 0.052
53555.615984 0.89287053035 11.5735 0.052
56156.55258 0.893431696348 11.577 0.051
56174.587235 0.895150683046 11.5884 0.051
56216.521361 0.907028326682 11.562 0.051
53555.624119 0.910914345666 11.57 0.052
53587.634722 0.911947955743 11.5609 0.052
53690.428032 0.912378256934 11.6439 0.052
54632.700229 0.916741156095 11.65 0.052
56174.597059 0.916940780353 11.6062 0.051
53722.440505 0.917559615566 11.5896 0.053
56156.564525 0.91992627211 11.5952 0.051
53555.632306 0.929073499435 11.5469 0.052
53722.446348 0.930519666312 11.5601 0.052
56216.532662 0.932094479941 11.545 0.051
53690.438665 0.935962754553 11.6271 0.052
54015.4996 0.936512830302 11.644 0.052
56174.606631 0.938171929729 11.5509 0.051
53722.451432 0.941796219121 11.5578 0.053
56156.576456 0.946389795214 11.5801 0.051
54726.49148 0.9501782201 11.6564 0.051
54015.506557 0.95194378581 11.6562 0.052
54632.716588 0.953026192928 11.6694 0.054
53722.456519 0.953079426057 11.5836 0.053
54061.493942 0.954141870748 11.6337 0.053
56216.543968 0.957171723441 11.5453 0.051
53690.449295 0.959540598027 11.6315 0.052
54015.513423 0.967172899003 11.6273 0.052
54061.500945 0.969674856437 11.6287 0.053
56156.588328 0.972722453511 11.5747 0.051
55743.612706 0.973232604409 11.6452 0.051
54006.499328 0.973483243757 11.6182 0.052
53885.673021 0.975011478401 11.5948 0.051
54726.502835 0.975364147925 11.6585 0.051
54363.572866 0.979503024313 11.648 0.052
54717.488469 0.98107340185 11.6426 0.051
54015.520311 0.982450809256 11.6622 0.052
53690.45994 0.983151712224 11.6445 0.052
54061.507845 0.984979383251 11.6206 0.053
54006.508336 0.993463414416 11.624 0.052
53885.684092 0.999567480772 11.6011 0.051
