55627.5948 0.00817270407753 10.9406 0.051
55627.63941 0.00828097254764 10.9656 0.051
54816.658898 0.0400312681089 10.4241 0.051
54816.669018 0.0400558293489 10.4286 0.051
54816.679158 0.0400804391289 10.4386 0.051
54816.689427 0.040105361992 10.4366 0.051
56056.449968 0.0490041977732 11.1294 0.051
56056.459462 0.0490272397112 11.1361 0.051
56056.469175 0.0490508131622 11.1158 0.051
56056.478622 0.0490737410312 11.056 0.051
55653.612301 0.0713171790628 11.2115 0.05
55653.643065 0.0713918432908 11.2317 0.05
55248.568652 0.0882762420334 10.8421 0.051
56074.376112 0.0925109493013 11.3213 0.051
56074.387988 0.0925397723533 11.3165 0.051
56074.400172 0.0925693429213 11.325 0.051
56074.412218 0.0925985785634 11.3227 0.051
55665.424739 0.0999859661152 11.3903 0.051
55665.468113 0.100091234813 11.4087 0.051
55680.555773 0.136708985667 11.5417 0.051
55680.58131 0.136770963966 11.5382 0.051
54858.724293 0.142123981868 11.0347 0.05
54858.733514 0.142146361235 11.0418 0.051
54858.74279 0.142168874087 11.0348 0.05
54858.752095 0.142191457322 11.0443 0.051
54868.583029 0.166051134162 11.1708 0.051
54868.592833 0.16607492847 11.1634 0.051
54868.603381 0.166100528466 11.1674 0.051
54868.613274 0.166124538777 11.1592 0.051
55709.38536 0.206678393381 11.8809 0.052
55709.398019 0.206709116774 11.8561 0.052
55709.410804 0.206740145969 11.8455 0.051
55709.423453 0.206770845092 11.7975 0.051
55299.600975 0.212131690069 11.6256 0.051
54888.636172 0.214720112268 11.3556 0.051
54888.650537 0.214754976123 11.3542 0.051
54888.664933 0.214789915215 11.384 0.051
54888.679407 0.214825043613 11.3611 0.051
54476.653993 0.214839362913 11.6223 0.053
54476.665674 0.2148677127 11.6137 0.053
54476.677283 0.214895887743 11.6121 0.053
54476.689142 0.214924669536 11.5926 0.053
54064.682824 0.214985334828 11.2446 0.051
54064.697712 0.215021468004 11.2451 0.052
54064.712598 0.215057596326 11.3021 0.051
54064.727444 0.215093627568 11.2645 0.051
54896.638242 0.234141136176 11.45 0.051
54896.642549 0.234151589265 11.4619 0.051
54896.646816 0.234161945274 11.447 0.051
54909.562173 0.265507516742 11.6842 0.052
54909.571008 0.265528959287 11.6796 0.052
54909.579838 0.265550389697 11.6632 0.052
54909.588686 0.265571863793 11.6937 0.052
55739.398715 0.279520806033 12.0033 0.052
55739.405059 0.279536202921 11.9939 0.052
55739.411427 0.279551658057 11.998 0.052
55739.417781 0.279567079215 11.983 0.052
55740.429051 0.282021431507 11.9877 0.052
55740.438922 0.282045388424 12.0041 0.053
55740.448821 0.282069413297 12.0423 0.054
55740.458717 0.282093430889 12.0101 0.065
55330.47721 0.287068312483 12.0322 0.052
55330.503893 0.287133072124 12.0154 0.052
54506.681204 0.287715404077 11.9525 0.053
54506.689893 0.28773649228 11.9458 0.053
54506.698566 0.287757541651 11.9638 0.054
54506.707199 0.287778493942 11.9 0.056
54923.570566 0.299505886584 11.8244 0.052
54923.583588 0.299537490978 11.8272 0.052
54923.596582 0.299569027416 11.8427 0.052
54923.609542 0.299600481336 11.8278 0.052
54100.70328 0.302406981621 11.8645 0.053
54100.714067 0.30243316167 11.8802 0.053
54100.724797 0.30245920338 11.9015 0.054
54527.569113 0.338410359267 12.1803 0.053
54527.577559 0.338430857709 12.1813 0.053
54527.585987 0.338451312465 12.1909 0.053
54527.594456 0.338471866728 12.1849 0.053
54943.489494 0.347849124885 11.8606 0.051
54943.498762 0.347871618321 11.8647 0.051
54943.508001 0.347894041374 11.8497 0.051
54943.517266 0.347916527529 11.8346 0.051
54120.609529 0.350719447988 12.1201 0.053
54120.622753 0.350751542636 12.1532 0.053
54120.636035 0.35078377805 12.1507 0.053
54120.649511 0.350816484302 12.1352 0.053
54536.592101 0.360309151163 12.2716 0.054
54536.602393 0.360334129847 12.2706 0.054
54536.612721 0.360359195903 12.267 0.054
54536.623053 0.360384271667 12.2577 0.054
55362.425342 0.364606428918 12.237 0.053
55362.443516 0.364650537216 12.26 0.053
54953.493649 0.372129209092 11.8184 0.052
54953.502042 0.372149578903 11.8134 0.052
54953.510422 0.372169917163 11.8139 0.052
54953.518814 0.372190284547 11.823 0.052
54130.685839 0.375174652381 12.2305 0.054
54130.696122 0.375199609222 12.2435 0.054
54130.706414 0.375224587906 12.2356 0.054
54130.716701 0.375249554455 12.2557 0.054
55386.378366 0.42274041822 12.0977 0.052
55386.40019 0.422793385068 12.0956 0.052
54974.454356 0.423000845028 11.7008 0.052
54974.461936 0.423019241688 11.6956 0.052
54974.469474 0.423037536414 11.6854 0.052
54974.477114 0.423056078694 11.6875 0.052
53740.672423 0.428612090876 11.8047 0.051
53740.685173 0.428643035126 11.803 0.051
53740.697953 0.428674052186 11.765 0.051
53740.710769 0.428705156618 11.7879 0.051
54167.650434 0.464887724529 12.2705 0.055
54167.658972 0.464908446255 12.2201 0.055
54167.667511 0.464929170408 12.2466 0.055
54167.676067 0.46494993582 12.2211 0.055
54999.448724 0.48366217622 11.3719 0.051
54999.461691 0.483693647129 11.3843 0.051
54999.474578 0.483724923878 11.3592 0.051
54999.487467 0.483756205481 11.3705 0.051
53763.664249 0.48441325263 11.7264 0.052
53763.67097 0.484429564497 11.7184 0.052
53763.677728 0.484445966163 11.7066 0.052
53763.684305 0.484461928542 11.7036 0.052
54178.601632 0.491466282099 12.1915 0.055
54178.611554 0.491490362793 12.2004 0.055
54178.62151 0.491514526005 12.2061 0.055
54591.447364 0.493442874587 12.005 0.052
54591.458353 0.49346954489 12.0449 0.052
54591.469223 0.49349592638 12.0215 0.052
54591.480202 0.493522572413 11.9966 0.052
54189.572712 0.518093093284 12.0378 0.054
54189.582179 0.518116069693 12.042 0.054
54189.59168 0.51813912862 12.047 0.054
54189.601132 0.518162068624 12.0182 0.054
54197.539504 0.537428497486 12.0173 0.054
54197.551148 0.537456757474 12.0183 0.054
54197.562722 0.537484847572 11.9911 0.054
54197.57426 0.537512850298 11.9922 0.054
54615.468322 0.551741739707 11.8525 0.051
54615.47816 0.551765616533 11.8516 0.051
54615.487999 0.551789495786 11.8356 0.051
54615.497807 0.551813299802 11.8394 0.051
54622.40316 0.568572591548 13.2871 0.055
54622.409641 0.568588320935 11.9716 0.052
54622.416118 0.568604040614 11.861 0.051
54622.422595 0.568619760293 12.1232 0.074
54212.459866 0.573640216093 11.8601 0.052
54212.473163 0.573672487912 11.8703 0.052
54212.486411 0.573704640808 11.8513 0.052
54212.499584 0.573736611679 11.8569 0.052
53813.578802 0.605555872872 11.1912 0.051
53813.593999 0.605592755991 11.1985 0.051
53813.609205 0.605629660953 11.1838 0.051
53813.624421 0.605666590185 11.1921 0.051
53826.570713 0.637087240898 10.8414 0.05
53826.586256 0.637124963759 10.8152 0.05
53826.60157 0.637162130837 10.8215 0.05
53826.616891 0.637199314904 10.822 0.05
54241.540979 0.644220077409 11.2987 0.051
54241.550809 0.644243934819 11.2849 0.051
54241.560753 0.644268068907 11.2773 0.051
54241.570641 0.644292067083 11.2852 0.052
56390.546145 0.8598556201 10.4338 0.05
56390.565392 0.859902332569 10.4097 0.05
55586.715699 0.908959125859 10.379 0.051
55586.743314 0.909026147464 10.4245 0.051
56029.495925 0.983586735352 10.7041 0.05
56029.506457 0.983612296516 10.676 0.05
56029.517103 0.983638134358 10.7004 0.05
56029.52769 0.983663829007 10.6957 0.05
