56392.49993 0.000802782957378 15.072 0.064
55673.528905 0.0180610050386 15.0802 0.067
54167.649589 0.0209271659675 15.0357 0.085
54474.719717 0.0236289014598 14.9914 0.081
55330.482487 0.0267916729668 15.0487 0.072
56414.535392 0.0437500604263 15.0457 0.06
54167.65812 0.0484313491423 15.0348 0.085
56392.516014 0.0526580498991 15.1201 0.064
54474.728941 0.0533673360693 15.0072 0.081
54909.594875 0.0733305176731 14.9916 0.076
54167.666664 0.0759774446722 15.0393 0.085
54474.738273 0.0834539657073 14.9758 0.081
54506.687223 0.0877644911856 14.9676 0.08
54909.602515 0.0979620918569 14.9897 0.076
56392.531222 0.101689068263 15.0685 0.064
54167.675223 0.103571900639 14.946 0.083
55238.698235 0.111789948119 14.9619 0.067
55330.509223 0.112989286541 15.0456 0.072
54506.695916 0.115790966891 14.9766 0.081
54296.400945 0.118908602016 14.9659 0.072
54909.61019 0.122706507037 14.9679 0.076
54923.573793 0.141754064687 14.896 0.068
54506.704532 0.143569192472 14.9321 0.091
54296.409153 0.145371424135 14.9605 0.072
54909.617831 0.147341305273 14.9642 0.076
56392.546314 0.15034609939 14.9812 0.063
54506.713269 0.171737525412 14.9457 0.09
54296.417352 0.171805229991 14.9169 0.071
54534.629657 0.174955105385 14.9456 0.079
55263.533526 0.181464417995 14.9851 0.071
54923.586808 0.183714789567 14.8596 0.067
54974.457018 0.190698034296 14.9373 0.07
54296.425549 0.198232587812 14.8977 0.071
54534.640087 0.208581717809 14.9366 0.079
54974.464595 0.215126494715 14.9137 0.069
54923.599782 0.2255433293 14.8712 0.067
55006.415866 0.226919989289 14.8763 0.075
54974.472176 0.239567851274 14.8937 0.069
54534.650509 0.242182538 14.8887 0.078
55006.423712 0.252215713262 14.8579 0.075
55208.656511 0.256429517897 14.8893 0.065
54974.479846 0.264296146309 14.9434 0.07
54923.612744 0.267333180706 14.846 0.067
54534.660953 0.275854286808 14.9029 0.078
55006.431341 0.276811823149 14.8684 0.075
54622.444318 0.291884154213 14.878 0.066
55006.439017 0.301559462334 14.881 0.075
54178.600786 0.327893323352 14.8749 0.08
54622.455756 0.328760586895 14.8937 0.067
53825.628353 0.334873344042 14.9035 0.068
53876.50018 0.347069842111 14.9149 0.075
56077.474499 0.34998113943 14.9895 0.066
54943.492121 0.359001969874 14.8905 0.064
54178.6107 0.359856337286 14.8882 0.081
54622.467198 0.36564991567 14.8751 0.066
53908.454258 0.36791318335 14.9073 0.078
54896.660662 0.373065180164 14.9227 0.064
54591.452788 0.374322551099 14.8898 0.067
53876.509198 0.376144126932 14.9215 0.075
54197.538652 0.384104252163 14.9246 0.081
54943.501363 0.388798436984 14.9159 0.065
54178.620655 0.39195153639 14.9061 0.082
56077.487801 0.392867160365 15.0266 0.066
55592.69253 0.399321664485 15.0081 0.066
53908.46466 0.401449522981 14.9589 0.08
54855.727185 0.402387715157 14.9453 0.068
54622.478674 0.402648861411 14.9163 0.067
53876.518277 0.405415077482 14.9649 0.076
54591.463757 0.409686914613 14.9332 0.067
55208.704818 0.412172640231 14.9109 0.065
53825.652469 0.412624004163 14.9269 0.068
54896.674433 0.417463270244 14.9534 0.065
54943.510595 0.418562663803 14.9108 0.065
54197.550298 0.421651282669 14.991 0.082
54527.572501 0.422486305932 14.9269 0.071
54178.630601 0.424017719232 14.9407 0.082
53876.527313 0.434547394803 14.966 0.076
53908.475111 0.435143839993 14.9645 0.08
56077.501179 0.43599820742 15.0326 0.067
54855.738602 0.439196443228 14.9758 0.068
54591.47467 0.444870732589 14.921 0.068
54943.519863 0.448442955647 14.9241 0.065
54527.580934 0.449674534346 14.9552 0.072
53740.679517 0.45744444191 15.0145 0.067
54197.561875 0.458975855235 14.9987 0.083
55592.711741 0.461258467084 15.0225 0.067
54896.688233 0.461954857145 14.9612 0.065
54816.664768 0.464060147458 14.9205 0.077
53908.485563 0.468841381034 15.0133 0.087
55739.425661 0.471049840236 15.0595 0.067
54855.750038 0.476066427851 14.9696 0.068
54527.589351 0.476811178341 14.963 0.072
56077.514704 0.479603186615 15.0625 0.067
54591.485623 0.48018351166 14.9357 0.068
55654.444847 0.490522969567 15.051 0.067
55739.431971 0.491393457134 15.0704 0.068
55684.532693 0.494582020871 15.0763 0.068
54197.573414 0.496177914742 15.0082 0.083
54816.674897 0.496716327419 14.9347 0.077
53740.692278 0.498586263697 15.0225 0.069
54212.463192 0.501239638772 14.9646 0.073
54527.597733 0.50383498134 14.9724 0.072
54896.70205 0.506501252517 14.9704 0.065
54084.6754 0.509815553339 15.0262 0.075
55739.438333 0.5119047235 15.062 0.068
54888.642026 0.520757904498 14.983 0.066
54816.685177 0.529859335638 15.0143 0.079
55739.444713 0.532474022367 15.0566 0.068
53740.70509 0.539892510899 15.0615 0.068
54084.685443 0.542194466913 15.0393 0.075
54212.476471 0.544051507061 14.9807 0.074
53882.455959 0.5486683152 14.9982 0.076
54816.695368 0.562715405358 14.9895 0.078
54888.656408 0.567125875718 14.9746 0.066
54084.695467 0.574512123933 15.0227 0.074
55654.47143 0.576227306848 15.0503 0.067
53946.359759 0.576311131582 15.0511 0.073
53882.46549 0.579396526423 15.0201 0.076
56056.454674 0.5814760245 15.1015 0.07
53740.718111 0.581872579953 15.0195 0.067
55978.602072 0.582504489446 15.0527 0.069
54212.489729 0.586795670761 14.9821 0.074
55684.562453 0.590529095219 15.1033 0.069
53946.365773 0.595700436187 15.0244 0.073
55978.609212 0.605524049629 15.0327 0.067
54084.705488 0.60682010889 15.0286 0.075
55945.732171 0.60902212005 15.0221 0.071
53882.47501 0.610089273326 14.9662 0.076
56056.464262 0.612388005313 15.0903 0.07
54888.670828 0.613616359997 14.9666 0.066
54953.49698 0.614947883581 14.9608 0.075
53946.371794 0.615112308996 15.0187 0.073
55945.738179 0.62839208048 15.0721 0.072
55978.616313 0.6284178727 15.0256 0.067
54212.502825 0.62901754193 14.964 0.073
56362.608584 0.630265240774 15.0383 0.074
55709.389558 0.633811671617 14.9949 0.07
53946.377807 0.634498389572 15.0092 0.073
53882.484529 0.640778796199 14.9984 0.077
54953.505381 0.64203294311 14.9706 0.075
56056.473921 0.6435288921 15.0464 0.07
55945.744128 0.647571823262 14.995 0.071
53763.691738 0.649490119954 14.9748 0.073
53814.559818 0.649606184964 14.9777 0.065
55978.623449 0.651424536766 15.01 0.069
54888.68533 0.660371214572 14.9648 0.066
55945.750077 0.666751566044 15.0333 0.071
54120.704027 0.66711910525 14.9628 0.073
54953.513757 0.669037401934 14.9919 0.075
56362.620921 0.670040074656 15.0416 0.076
53763.698532 0.671394166434 14.9873 0.073
56385.574741 0.67379929133 14.9663 0.063
56056.483431 0.674189398735 15.0136 0.069
55709.402214 0.674614970439 14.9935 0.072
56029.500126 0.679257570803 14.9883 0.064
54239.504313 0.68257187162 15.0076 0.075
53814.572792 0.691434724696 14.9421 0.065
54953.52215 0.69609666923 14.9155 0.074
54120.713966 0.699162719912 14.8772 0.071
53850.556541 0.704050346399 14.8983 0.064
56362.633016 0.709034693747 15.057 0.088
56029.510689 0.71331297896 14.9862 0.064
53763.712005 0.714831496162 14.9591 0.073
55709.415048 0.715992146259 14.9855 0.068
54189.577424 0.716881977998 14.9699 0.081
56385.588887 0.719406391934 14.9981 0.063
55740.433278 0.719635297921 14.9925 0.069
55300.613587 0.728620664067 14.9343 0.071
53814.584798 0.730142405313 14.9224 0.065
55274.560432 0.732518513959 14.9526 0.078
54189.586931 0.747532812522 14.9778 0.081
56029.521338 0.747645653505 14.9667 0.064
56362.645179 0.748248546749 15.0249 0.098
55740.443132 0.7514048702 15.0122 0.072
55709.427684 0.756730964522 14.9837 0.066
54120.733541 0.762273068714 14.9497 0.072
56385.604096 0.768440634351 15.0116 0.064
53814.596735 0.768627627966 14.9635 0.065
54661.365978 0.776407207625 14.8944 0.068
54189.59636 0.777932172892 14.9453 0.081
56029.531973 0.781933191665 14.9685 0.065
55740.453057 0.783403348454 14.9049 0.071
54239.536097 0.785044378718 14.9164 0.074
54661.375868 0.808292844907 14.8832 0.068
54189.605829 0.808460494356 14.9272 0.081
56385.619267 0.817352363685 14.978 0.064
54239.547123 0.820592511845 14.8895 0.106
56107.402552 0.838863078734 14.9468 0.066
54661.385688 0.839952800219 14.9145 0.068
53558.417887 0.840839407933 14.9928 0.078
54130.684893 0.845710914278 14.9223 0.08
54868.586293 0.860512427 14.8996 0.069
53558.426167 0.867534360055 14.9073 0.114
54661.395514 0.871632099707 14.9028 0.068
54130.695249 0.879098948617 14.9545 0.08
56107.41724 0.886217602539 14.9854 0.066
54239.568103 0.888232620047 14.8973 0.075
54868.596153 0.892301343431 14.8969 0.069
53558.434467 0.894293792759 14.991 0.083
55673.490618 0.894622643632 15.0632 0.066
56414.490124 0.897804759304 14.9936 0.06
54130.705568 0.912367693925 14.9554 0.08
54868.60664 0.926111725444 14.8987 0.069
56107.432055 0.933981577878 15.0383 0.068
54130.71586 0.94554939047 15.0247 0.082
56414.505126 0.946171627879 15.0499 0.06
54868.616545 0.958045723139 14.9401 0.069
56107.446933 0.981948667006 14.9774 0.066
54474.710798 0.994873795406 14.9798 0.081
56414.520285 0.995044668887 15.0534 0.06
