55656.465998 0.00666779560817 15.9819 0.089
56414.418107 0.00887678639429 15.9545 0.081
55330.403331 0.00911265399941 15.9866 0.115
54189.509804 0.0102814081948 16.0818 0.123
54130.648764 0.0140492418969 15.9383 0.116
54189.516712 0.020726109332 16.026 0.121
54130.659143 0.0297419971319 15.9262 0.116
53763.589666 0.0310468287931 15.8867 0.098
54189.52358 0.0311103316101 16.0426 0.122
55585.719131 0.0394004729448 15.9442 0.102
54189.530541 0.0416351672574 16.0443 0.122
54130.669452 0.0453289143496 16.0745 0.122
53763.599752 0.0462965762969 15.9137 0.098
55656.495791 0.051713971229 15.8696 0.086
53763.609791 0.0614752611244 15.9221 0.099
53763.619937 0.0768157269335 15.8664 0.097
56298.721754 0.0792545374279 15.8016 0.085
56298.730141 0.0919354448554 15.7615 0.084
53763.630397 0.0926309518811 15.8507 0.097
56298.738624 0.104761501569 15.8563 0.085
56041.459581 0.1061056445 15.7945 0.08
53877.399674 0.108568646547 15.976 0.106
56298.747164 0.117673740682 15.929 0.087
56041.470813 0.123088111671 15.7866 0.08
53877.41017 0.124438302486 15.9088 0.103
53877.420461 0.139998004203 15.8649 0.101
56041.482177 0.14027015912 15.8381 0.081
53877.430823 0.155665055919 15.8902 0.102
56041.493561 0.157482446015 15.7484 0.079
54064.648813 0.223985013338 15.8671 0.117
54064.652845 0.230081283602 15.7173 0.111
54064.656791 0.236047524302 15.745 0.11
54064.660812 0.242127162881 15.789 0.112
54922.510596 0.286802905408 15.8267 0.08
54922.519834 0.300770500827 15.7985 0.08
54594.476477 0.30846794922 15.819 0.096
56006.540211 0.309003187239 15.8299 0.088
54922.529044 0.314695761043 15.8251 0.081
56006.550243 0.32417128826 15.8461 0.09
54594.487136 0.324584056568 15.8417 0.097
54922.538259 0.328628581109 15.867 0.083
56006.560383 0.339502682236 15.8361 0.09
54594.497783 0.340682020238 15.8156 0.097
54977.446136 0.347789799634 15.8238 0.105
56006.570542 0.354862803685 15.8434 0.091
54594.508451 0.356811735326 15.8373 0.098
54977.453261 0.358562598663 15.813 0.104
54977.460391 0.369342957542 15.8706 0.107
54977.46751 0.380106684736 15.9343 0.11
54113.700401 0.388602454238 16.0722 0.138
54113.706002 0.397071008245 15.9818 0.131
54113.711673 0.405645400279 15.8404 0.123
54113.717353 0.414233400065 16.062 0.132
54178.543619 0.42971901516 16.0906 0.128
55645.50422 0.432768662275 16.0379 0.096
54508.582019 0.438470307903 16.0626 0.101
54178.551325 0.4413702698 16.0954 0.128
54508.588855 0.448806147078 16.0797 0.102
54178.559089 0.453109218801 16.0924 0.128
54508.59562 0.459034636253 16.0847 0.102
54178.566804 0.464774081181 15.9815 0.136
56077.41372 0.467749641661 16.1186 0.091
54508.602326 0.469173919095 16.0846 0.102
56077.420749 0.478377291392 16.031 0.089
55645.53997 0.486821653855 16.0815 0.099
56077.428364 0.489890956597 16.0244 0.088
56077.435424 0.500565477458 16.0516 0.089
56358.547879 0.534668001234 15.9803 0.105
55714.362497 0.544541177046 15.9525 0.087
56358.557606 0.549374950867 15.9577 0.103
55714.375159 0.563685763886 15.9096 0.085
56358.56748 0.564304160341 15.9522 0.103
56358.577209 0.57901413392 15.8707 0.101
55714.387866 0.582898389447 15.9514 0.086
55714.400535 0.602053560093 15.8662 0.085
54909.518991 0.643862604098 15.8257 0.102
54909.52825 0.657861950935 15.7143 0.099
54909.537543 0.671912704797 15.8009 0.102
54909.54683 0.685954386837 15.7468 0.1
54473.704114 0.704061761027 15.8044 0.095
54534.556241 0.710761308038 15.8004 0.108
54473.714876 0.720333601457 15.7811 0.095
54534.565109 0.724169473902 15.7428 0.106
54473.725318 0.736121610914 15.8269 0.096
54534.573946 0.737530768624 15.7957 0.108
54534.582748 0.750839144349 15.7795 0.108
54473.735782 0.751942883762 15.818 0.096
54858.672705 0.765712410868 15.6801 0.095
54858.683438 0.781940404123 15.7937 0.099
55247.585397 0.790732520101 15.8739 0.112
54858.694188 0.798194100896 15.7881 0.099
54858.705018 0.814568755409 15.7941 0.099
54167.556896 0.818103745462 15.9564 0.123
56388.513053 0.841165851217 15.8465 0.107
56388.513053 0.841165851217 15.8465 0.107
56388.523614 0.857133785312 15.6042 0.151
54167.587434 0.864276340065 15.8754 0.119
56388.534174 0.873100207446 15.9265 0.199
54167.594281 0.874628810925 15.9449 0.122
56388.544844 0.889232946468 15.8852 0.163
54167.605776 0.892008926679 16.034 0.129
54888.531436 0.911271447319 15.9054 0.105
56388.564832 0.919454238659 15.7552 0.126
56388.564832 0.919454238659 15.7552 0.126
54888.540323 0.924708340646 15.8705 0.103
56388.575484 0.935559762201 15.9346 0.106
56388.575484 0.935559762201 15.9346 0.106
54888.549309 0.938294919176 15.9163 0.104
56388.586185 0.951739372354 15.9849 0.123
56388.586185 0.951739372354 15.9849 0.123
54888.558253 0.951817994891 15.8608 0.103
54943.45481 0.953863692726 15.9851 0.084
56414.388026 0.963395162904 15.9376 0.08
54943.462783 0.965918643829 15.9799 0.084
54943.47072 0.977919163939 16.0154 0.085
56414.397924 0.978360659702 15.9228 0.08
55585.685146 0.98801611158 15.9341 0.096
54943.478671 0.989940851662 15.976 0.084
56414.408091 0.993732876919 15.9046 0.08
54130.638352 0.998306591598 16.0996 0.123
