56388.570169 0.0080217412128 13.278 0.061
56388.570169 0.0080217412128 13.278 0.061
56388.580815 0.0224229987221 13.1357 0.057
56388.580815 0.0224229987221 13.1357 0.057
55634.564371 0.0351062779224 13.1242 0.056
53740.630096 0.0366849241291 13.1612 0.055
54120.600357 0.0372084340564 13.146 0.056
54531.619726 0.039065744452 13.1058 0.055
54974.427952 0.0429440466579 13.0878 0.055
54531.62377 0.0445362202524 13.0988 0.055
54531.627812 0.0500039905742 13.1057 0.055
53740.64004 0.0501365589784 13.1752 0.055
53877.400535 0.05136755131 13.1603 0.057
56388.602367 0.0515772258258 13.1029 0.105
54974.434448 0.0517314380523 13.0916 0.055
54120.61354 0.0550415899494 13.1716 0.057
54531.631852 0.0554690554175 13.1015 0.055
54974.440868 0.0604160212909 13.0993 0.055
53740.650008 0.0636206595605 13.1715 0.055
54197.501023 0.0637248204501 13.1035 0.059
53877.411022 0.0655537233426 13.1611 0.057
54974.447482 0.0693630358712 13.0559 0.055
54594.480012 0.0726150199965 13.0831 0.056
54120.62667 0.07280305069 13.121 0.056
53740.659924 0.0770344177297 13.1106 0.055
54197.511351 0.0776959070158 13.1036 0.059
53877.421325 0.0794909914362 13.1491 0.057
54594.490672 0.0870352158459 13.0843 0.056
54120.639949 0.0907660695145 13.1336 0.056
54197.521657 0.0916372333174 13.0874 0.059
53877.431693 0.0935161875436 13.1428 0.057
53763.59296 0.0994425363299 13.1473 0.056
54594.501341 0.101467586349 13.0808 0.056
54197.531965 0.105581265107 13.109 0.059
53763.603075 0.113125489517 13.1296 0.056
54594.511993 0.115876960284 13.0584 0.056
54100.705639 0.124851029633 13.1311 0.059
53763.613177 0.126790857104 13.0727 0.056
56077.442808 0.133961725604 13.1012 0.054
54100.716441 0.139463314392 13.1032 0.059
53763.623341 0.140540094497 13.0948 0.056
56077.449787 0.143402489844 13.0816 0.054
54943.456108 0.146128258573 13.0214 0.054
56077.456878 0.152994760835 13.0833 0.054
54100.72714 0.153936267063 13.1046 0.059
53763.633666 0.154507122845 13.0986 0.056
54943.464075 0.15690552878 13.0262 0.054
56077.463957 0.162570798964 13.0726 0.054
54943.472018 0.167650333244 13.0069 0.054
54100.737542 0.168007456296 13.0701 0.059
54923.518737 0.176072485151 13.0259 0.055
54943.479962 0.178396490447 13.0527 0.054
54923.531108 0.192807217132 13.019 0.055
56006.543753 0.226057537387 13.1027 0.055
56006.553785 0.239628213253 13.1103 0.055
54909.521893 0.241998211672 13.0157 0.057
53823.581826 0.248710501716 13.0914 0.056
54189.508948 0.252534694369 13.0103 0.058
56006.563954 0.253384214342 13.0768 0.055
54909.531172 0.254550275215 13.0153 0.057
54189.515865 0.261891588803 13.0182 0.058
53823.595417 0.267095575048 13.0823 0.055
54909.540457 0.267110455183 13.0411 0.057
56006.574141 0.267164564729 13.1289 0.055
54189.522729 0.271176788076 13.0282 0.058
53849.475995 0.276758188464 13.0676 0.055
54909.549751 0.279682809795 13.0142 0.057
54189.529692 0.280595908498 13.0231 0.058
53823.609022 0.28549958673 13.0849 0.055
54212.451646 0.288012975469 13.0566 0.056
53849.488066 0.293087098788 13.0622 0.055
54212.464972 0.30603957302 13.0572 0.056
53849.500135 0.309413303644 13.0744 0.055
54589.483857 0.314122187482 13.048 0.054
54589.490498 0.323105726003 13.05 0.054
54212.478297 0.324064817832 13.0685 0.056
53849.512182 0.325709748236 13.09 0.055
54589.497148 0.332101439178 13.0518 0.054
54589.503788 0.34108362496 13.0499 0.054
54212.491498 0.341922323032 13.0683 0.056
54064.649678 0.350552796718 13.0837 0.059
54064.653697 0.355989454047 13.1027 0.059
54064.657639 0.36132195048 13.1288 0.059
54064.661654 0.366753196861 13.1049 0.059
55715.387983 0.368344017712 13.1089 0.055
55715.40209 0.387427104287 13.1219 0.056
55715.416314 0.406668461299 13.1424 0.056
54178.542774 0.418165388552 13.0995 0.059
55715.430568 0.425950400479 13.1474 0.056
54178.550467 0.428572008314 13.1107 0.059
53812.628125 0.431213907238 13.1485 0.055
54178.558236 0.439081436222 13.1239 0.059
53812.637839 0.444354412161 13.1499 0.055
54178.565954 0.449521874457 13.1208 0.06
56358.587669 0.449529990893 13.1507 0.057
54858.675244 0.459762107345 13.1326 0.057
56358.597394 0.462685375938 13.1559 0.057
56041.463768 0.463717515666 13.1535 0.054
54858.685997 0.474308107908 13.1263 0.057
56358.60735 0.476153243659 13.1458 0.057
53812.661658 0.47657529817 13.292 0.061
56041.47507 0.479006169839 13.1613 0.054
54858.69677 0.488881163247 13.1375 0.057
56358.617042 0.489263988328 13.1105 0.057
56041.486426 0.494367871912 13.131 0.054
54858.707549 0.503462335011 13.1139 0.057
53812.683346 0.505913497757 13.199 0.056
56041.497812 0.509770156145 13.1339 0.054
53850.387955 0.510401885171 13.2141 0.061
53850.399108 0.525488981259 13.1657 0.056
55301.536116 0.534856697613 13.0856 0.056
53850.410376 0.540731642316 13.1591 0.056
53850.421504 0.555784919932 13.142 0.057
54167.556047 0.555993241711 13.1727 0.06
55330.406167 0.588495497406 13.0689 0.058
54167.586574 0.597288299754 13.1404 0.06
55247.623909 0.605721273575 13.0869 0.059
54130.637487 0.61482385311 13.1018 0.059
55330.430467 0.621367050793 13.0783 0.058
54130.647919 0.628935624512 13.1158 0.059
54130.658295 0.642971642534 13.1057 0.059
54130.668602 0.656914321575 13.0849 0.059
54473.708597 0.700433282237 13.0572 0.056
54473.719228 0.714814248667 13.062 0.056
55656.514009 0.727233743794 13.0654 0.054
54473.729653 0.728916550894 13.0499 0.056
54473.74011 0.743062140758 13.062 0.056
54536.583181 0.753324017471 13.0418 0.058
54536.593487 0.767265343772 13.04 0.058
55656.55234 0.77908557561 13.0806 0.054
54536.603782 0.781191789952 13.0384 0.058
54536.614106 0.79515746556 13.049 0.058
53825.476577 0.811813738684 13.0807 0.055
56299.719387 0.816119506351 13.1113 0.055
53825.48601 0.824574123997 13.1086 0.055
56299.728379 0.828283333848 13.1301 0.055
53825.49629 0.838480279097 13.0999 0.055
56299.737378 0.84045663051 13.1222 0.055
53825.505597 0.85107021932 13.1087 0.055
56299.746276 0.852493300555 13.1579 0.055
54888.535662 0.853108796724 13.0999 0.057
54888.544533 0.865108942818 13.1136 0.057
54888.553557 0.877316057952 13.1023 0.057
54508.585334 0.879549429753 13.1299 0.056
54602.470547 0.881721928295 13.1108 0.055
54508.59219 0.888823807121 13.1264 0.056
54888.562509 0.889425775898 13.1293 0.057
54602.477204 0.890727110644 13.1287 0.055
54508.598948 0.897965616079 13.1004 0.056
54602.483849 0.899716060113 13.1162 0.055
54508.605573 0.906927510782 13.1309 0.056
54602.49048 0.908686071251 13.1324 0.055
55585.689811 0.920591525624 13.1766 0.056
56388.518306 0.937864647653 13.1814 0.058
56388.518306 0.937864647653 13.1814 0.058
56414.393696 0.940509252052 13.1571 0.053
56388.528934 0.952241555865 13.262 0.065
56414.403575 0.953872958878 13.1659 0.053
56388.539532 0.966577881908 13.2045 0.067
56388.539532 0.966577881908 13.2045 0.067
55585.723872 0.96666716267 13.1929 0.056
56414.413889 0.967825107103 13.1288 0.053
56414.423779 0.981203694051 13.1406 0.053
55634.537706 0.999035497219 13.1715 0.056
