54942.779514 0.00709490995355 16.1815 0.083
55334.728144 0.00927452189076 16.2261 0.115
54344.586833 0.00947560226456 16.149 0.096
56066.659979 0.0108310329126 16.2645 0.094
54745.398073 0.0128517665335 16.2471 0.094
55858.402674 0.0175411594214 16.2769 0.09
54382.455726 0.0180078644906 16.2792 0.118
54745.403474 0.026259607184 16.2264 0.094
56066.668908 0.0329970409043 16.2383 0.093
54344.59771 0.0364774690863 16.2993 0.101
55145.412038 0.0370136834144 16.2448 0.094
55858.411115 0.0384957202356 16.2864 0.094
54745.408862 0.0396351756649 16.2467 0.095
54382.4653 0.0417750680419 16.3003 0.119
55441.492701 0.0494831489891 16.2742 0.117
55145.418377 0.0527500844222 16.1864 0.093
54745.414265 0.0530479812645 16.2536 0.095
56066.677946 0.0554336385345 16.2976 0.095
53588.506197 0.0591548666608 16.1946 0.094
55858.419525 0.0593733243379 16.2107 0.092
54382.474851 0.0654851746779 16.2863 0.118
55145.424731 0.0685237225306 16.1971 0.093
56066.686951 0.0777883145217 16.1639 0.091
54303.526355 0.0779174031517 16.2924 0.117
55858.42801 0.0804371139973 16.212 0.091
55145.431084 0.0842948781824 16.3046 0.095
54303.535502 0.100624590402 16.249 0.115
53588.523346 0.101726808748 16.2609 0.096
55441.516363 0.108223442516 16.3142 0.13
53607.462931 0.118749131152 16.1577 0.105
54303.544891 0.123932536302 16.2441 0.114
54213.715183 0.124041765152 16.2708 0.109
54599.621896 0.127321112948 16.2902 0.085
53588.540444 0.144172144668 16.182 0.094
54303.554086 0.146758882296 16.3303 0.118
54599.629875 0.147128770888 16.1838 0.082
54213.72675 0.152756538853 16.2146 0.106
53607.477737 0.155504637277 16.1966 0.106
55823.413817 0.158622624288 16.1748 0.086
54599.637928 0.167120131874 16.2359 0.083
53636.488834 0.174790975733 16.2333 0.116
56129.568131 0.178666117226 16.2085 0.083
54213.738266 0.181344706387 16.1977 0.105
53936.596295 0.183680714179 16.1943 0.097
55823.425068 0.186552936276 16.1704 0.086
54599.645904 0.186920342389 16.233 0.083
54034.485688 0.191527813651 16.2823 0.122
53607.492965 0.193307747311 16.0862 0.102
53636.499756 0.201904553857 16.205 0.115
56219.407996 0.203771374117 16.2206 0.084
54034.492128 0.2075149445 16.1596 0.119
56129.57983 0.207708577463 16.2053 0.083
53936.606613 0.209294878182 16.1844 0.097
54213.749993 0.210456675876 16.2299 0.106
53588.568592 0.214048815385 16.221 0.095
55823.436407 0.214701705972 16.1716 0.086
54034.498575 0.223519452672 16.1606 0.118
53555.541215 0.224452862796 16.1804 0.115
56219.417819 0.228156713621 16.2594 0.085
53636.510648 0.228943657797 16.1365 0.112
53607.507724 0.229946577185 16.1574 0.105
53936.616713 0.234367862909 16.1361 0.095
56129.59141 0.236455623316 16.2005 0.083
55823.44772 0.24278593133 16.2157 0.087
53555.549045 0.24389063215 16.1274 0.112
54022.422541 0.245082219543 16.1905 0.115
55031.499437 0.25197356663 16.1322 0.107
56219.427672 0.252616527326 16.1119 0.082
53636.521557 0.256024963769 16.1879 0.115
53588.585953 0.257147041902 16.1132 0.092
54999.679129 0.258894703399 16.161 0.099
53936.62667 0.25908585388 16.0899 0.094
54022.429858 0.263246479873 16.2039 0.116
53555.556904 0.26340039323 16.1758 0.114
56129.602994 0.265212599066 16.1074 0.081
55031.507496 0.271979822463 16.1507 0.108
56219.437553 0.277145850319 16.0866 0.082
54022.437181 0.281425635033 16.2016 0.116
53555.564772 0.282932496582 16.1961 0.115
53936.636539 0.283585387178 16.175 0.097
54999.692458 0.291983595821 16.1659 0.104
55031.515745 0.292457748303 16.1611 0.108
53588.602717 0.298763231602 16.1487 0.093
54022.444512 0.299624649989 16.1523 0.114
55031.52399 0.312925744263 16.1358 0.107
55385.606792 0.314181875966 16.3283 0.141
54999.705584 0.324568546086 16.1723 0.108
53588.619551 0.340553194469 16.1708 0.094
56429.738833 0.344549977183 16.1816 0.087
54999.718735 0.357215558178 16.1812 0.112
53959.630684 0.365946418309 16.1061 0.095
56429.749062 0.369943201021 16.2307 0.088
54760.447105 0.371678450154 16.2524 0.096
55796.511724 0.374883323757 16.2273 0.091
53618.448628 0.390453399012 16.232 0.11
56429.759405 0.395619426853 16.2232 0.088
55796.523584 0.404325462256 16.2439 0.092
53959.646508 0.405229082685 16.0541 0.093
54760.460749 0.405549321797 16.2651 0.096
53991.47002 0.406261791765 16.2799 0.124
54704.471925 0.414764264303 16.2297 0.091
54974.768965 0.420066828214 16.1844 0.086
56429.7703 0.422665978199 16.2298 0.088
53991.476881 0.423294044068 16.281 0.13
53618.464462 0.429760888152 16.2849 0.112
54243.647845 0.43108901159 16.3143 0.107
55796.535487 0.433874347126 16.303 0.093
55681.73223 0.43780410305 16.1777 0.086
54760.474383 0.439395368712 16.263 0.096
53991.483767 0.440388358199 16.3461 0.176
54704.483758 0.444139376024 16.2687 0.092
53959.662353 0.444563879027 16.108 0.095
54914.758811 0.446435664223 16.2618 0.087
53991.490663 0.457507497076 16.4 0.254
55796.547444 0.463557285586 16.2921 0.093
54243.661014 0.463780708207 16.2173 0.104
54914.766615 0.465808889257 16.3388 0.089
53618.480286 0.469043552528 16.2503 0.11
54760.488026 0.473263757881 16.3402 0.099
54704.495864 0.474192203052 16.3324 0.093
54681.534996 0.474440450439 16.2505 0.091
56388.703385 0.47512809566 16.3057 0.091
53668.435471 0.481478263466 16.263 0.112
54914.774415 0.485172184392 16.369 0.096
54291.6074 0.489424661902 16.2255 0.122
54243.674238 0.49660894089 16.3453 0.108
54681.544914 0.499061624937 16.3122 0.093
56388.713318 0.499786507277 16.2983 0.091
54704.507677 0.5035176653 16.2482 0.091
54914.782205 0.504510654799 16.3242 0.088
53576.60137 0.505734514334 16.1991 0.095
53618.496018 0.508097829333 16.3639 0.116
53668.446952 0.509979544426 16.3054 0.114
54291.616542 0.512119436798 16.3381 0.127
54643.685902 0.515058685686 16.3469 0.093
55473.503594 0.515684269078 16.3364 0.102
55654.774414 0.515733918548 16.3222 0.107
54681.554895 0.523839195298 16.3389 0.093
56388.723201 0.524320795202 16.3189 0.091
54243.687422 0.529337874625 16.344 0.108
55681.769419 0.530124818785 16.2873 0.088
53945.599033 0.532741346106 16.3012 0.101
54260.60746 0.532887812059 16.3934 0.112
54291.625719 0.534901098268 16.379 0.126
53668.458416 0.538438623336 16.4419 0.133
53576.614657 0.53871914286 16.2956 0.098
54168.766555 0.540253311638 16.1612 0.154
54627.58382 0.542063034986 16.2882 0.092
54643.697283 0.543311719279 16.3196 0.093
56388.733134 0.548979206819 16.2681 0.089
54681.565045 0.549036303717 16.3308 0.093
54260.616208 0.554604492297 16.3253 0.11
53849.735952 0.555160566421 16.3046 0.094
56459.633171 0.556458900182 16.328 0.129
54291.634697 0.55718874746 16.3705 0.125
54168.773761 0.558142017363 16.3089 0.127
54627.592524 0.563670486379 16.3173 0.093
53945.612771 0.566845570287 16.2992 0.1
53668.469869 0.566870395026 16.3371 0.122
54643.708633 0.571487796178 16.3308 0.092
53576.627875 0.571532480695 16.3366 0.1
54168.780974 0.576048100427 16.2667 0.125
54260.624959 0.576328619958 16.3664 0.112
53893.65356 0.579468949229 16.3683 0.114
55360.739028 0.580610887159 16.3132 0.089
56459.643196 0.58134569937 16.1211 0.134
53849.747548 0.583947331849 16.3205 0.095
55654.802016 0.584255158598 16.3129 0.105
54627.601218 0.585253113044 16.3582 0.094
55473.532045 0.586313129321 16.2582 0.1
56182.503898 0.590317359463 16.3287 0.092
54168.78813 0.593812682477 16.4738 0.136
55738.593956 0.595545449135 16.3734 0.092
54260.633717 0.598070124924 16.3037 0.11
54643.719927 0.599524854536 16.3469 0.093
53945.626472 0.600857942945 16.3162 0.101
53893.662186 0.600882767677 16.3036 0.111
53576.641144 0.604472424698 16.3022 0.099
56459.65321 0.606205191355 16.2479 0.166
54627.609922 0.606860564437 16.2848 0.092
53849.759285 0.613084126083 16.3498 0.095
55123.490547 0.617488034493 16.2735 0.109
56182.515197 0.618366830194 16.3396 0.093
53893.670747 0.622135225314 16.2877 0.11
56459.663241 0.631106885408 16.3024 0.178
55738.609072 0.633070522126 16.3111 0.09
53945.640204 0.634947272279 16.2636 0.099
55123.498391 0.636960558473 16.3154 0.111
53849.771049 0.642287947113 16.3121 0.094
53893.679529 0.643936309669 16.2573 0.109
56182.526452 0.646307072081 16.2212 0.09
55706.792803 0.650018370311 16.268 0.087
55123.506256 0.656485214401 16.2346 0.108
53652.398657 0.670508708526 16.1954 0.132
55738.62427 0.670799157959 16.2573 0.089
56182.537724 0.674289516035 16.1789 0.089
55123.514117 0.675999940431 16.2987 0.111
55706.804235 0.678398010071 16.2393 0.087
55413.548576 0.678926776971 16.198 0.096
55360.781981 0.687240581509 16.2507 0.087
54004.47401 0.688325422526 16.2765 0.117
54589.778161 0.690507516949 16.2076 0.09
53652.408232 0.694278394552 16.1281 0.129
55706.815779 0.707055686857 16.197 0.086
55738.639566 0.708771076211 16.2222 0.088
54004.483469 0.711807141591 16.2341 0.115
54589.787115 0.712735586769 16.1236 0.088
53652.417618 0.717578893027 16.301 0.138
53912.64439 0.723705638211 16.2026 0.111
54589.796111 0.735067920503 16.155 0.088
54004.492908 0.735239211183 16.2254 0.115
55706.82739 0.735879689403 16.2982 0.088
53652.426939 0.74071803071 16.2012 0.132
54623.637695 0.745911365765 16.1241 0.096
53912.65388 0.747264313952 16.2194 0.112
55086.486803 0.756665441993 16.2025 0.093
54589.805064 0.757293507849 16.1599 0.088
54004.502356 0.758693623028 16.21 0.114
54390.40861 0.760833515391 16.1128 0.087
55413.585021 0.769400532253 16.0861 0.096
55086.49206 0.769715806413 16.1471 0.092
53912.663204 0.770410899058 16.1753 0.11
54623.651204 0.779447103467 16.0678 0.089
53973.49364 0.780370583694 16.2111 0.113
55086.497329 0.782795960527 16.1132 0.091
54390.419438 0.787713740995 16.1432 0.088
53912.672072 0.792425476155 16.141 0.109
55086.5026 0.795881079591 16.1822 0.093
53973.503569 0.805019065413 16.2221 0.113
54319.532676 0.813188886481 16.1612 0.11
54390.430261 0.814581554244 16.0936 0.087
54415.408151 0.821537445655 16.188 0.105
54732.431298 0.823173395847 16.185 0.089
53973.51346 0.829573213134 16.172 0.111
54319.543315 0.839599924553 16.1444 0.11
54390.4411 0.84148908705 16.0622 0.086
54415.419142 0.84882231447 16.143 0.097
54732.44248 0.850932417143 16.153 0.088
53973.523353 0.854132325786 16.1549 0.11
54198.703681 0.858382320826 16.3377 0.13
54357.41882 0.864546303111 16.2275 0.098
54319.553837 0.865720513189 16.1603 0.11
54198.710249 0.874687208331 16.2307 0.124
54415.430026 0.875841558614 16.2574 0.11
54732.453621 0.878589657036 16.2166 0.09
54015.42768 0.880523504076 16.1763 0.115
53879.676227 0.881106885411 16.2517 0.108
54198.716827 0.891016920546 16.3304 0.128
54319.564196 0.891436458614 16.1981 0.112
54357.429925 0.892114173937 16.1982 0.097
55766.511253 0.899502015775 16.2264 0.088
54015.43633 0.901996901878 16.0353 0.11
54415.440895 0.902823565639 16.2072 0.1
53879.686248 0.905983754701 16.2255 0.107
54732.464785 0.906303993809 16.2234 0.09
56156.447666 0.906405775241 16.1513 0.084
54198.723416 0.907373939999 16.3884 0.131
53804.762693 0.910226302311 16.2298 0.112
54623.705293 0.913721625336 16.2186 0.078
54357.441027 0.919674597358 16.2484 0.099
54015.444934 0.923356105904 16.2008 0.116
53804.768003 0.923408237848 16.1755 0.109
55766.524041 0.931247889904 16.2428 0.089
53879.696439 0.931282644541 16.2609 0.108
56156.45889 0.934269060451 16.2124 0.08
53804.773322 0.936612515655 16.2838 0.113
55334.698995 0.936912894972 16.1664 0.113
54623.716148 0.940668877736 16.2632 0.093
54015.453519 0.94466814293 16.2436 0.118
54357.45206 0.947063730087 16.2378 0.099
53804.778613 0.949747284193 16.2321 0.11
54344.565057 0.955417254198 16.1718 0.097
53879.707042 0.957604313564 16.2212 0.107
56156.470193 0.962328461081 16.2234 0.08
55766.536934 0.96325442379 16.1989 0.087
54942.766103 0.973802454688 16.14 0.082
54344.575935 0.982421603495 16.0774 0.094
56156.481584 0.990606319402 16.2114 0.08
54382.446166 0.994275415583 16.2534 0.117
55766.549877 0.995385081334 16.3114 0.09
