54728.725535 0.00573007679845 15.2557 0.072
53653.597385 0.00903290638198 15.1753 0.09
54493.509696 0.0148701219564 15.2691 0.086
54773.660539 0.015416899096 15.2193 0.062
55162.6234 0.0154612323787 15.2764 0.073
54413.662479 0.0240988336598 15.2345 0.085
55618.446429 0.0264004699441 15.1969 0.073
55207.559727 0.0300357991246 15.2351 0.069
54834.568383 0.0358065147678 15.217 0.078
54493.516785 0.0410600087913 15.222 0.085
53653.606959 0.0444034771954 15.129 0.089
55162.634636 0.0569719629016 15.1976 0.071
54728.739542 0.0574781012158 15.2208 0.072
54413.671684 0.0581061560481 15.1947 0.085
53718.573395 0.0590186827815 15.1911 0.082
54834.574667 0.0590223772267 15.212 0.078
54490.54587 0.0651920924259 15.2591 0.088
54493.524079 0.0680072558893 15.1979 0.086
54773.674829 0.0682104501049 15.1599 0.062
55113.648249 0.0796927703419 15.1589 0.072
53653.616621 0.0800991587791 15.0837 0.088
54834.580952 0.0822419341001 15.1717 0.077
53756.47629 0.0889990653011 15.1711 0.075
55238.432884 0.0890692596765 15.1677 0.072
54490.552965 0.0914041459097 15.1759 0.146
54413.68089 0.092117172878 15.1419 0.085
55618.464235 0.0921836727881 15.1402 0.073
54061.530692 0.094256253764 15.0804 0.085
53718.58384 0.0976071110554 15.1781 0.082
55162.645908 0.0986156932374 15.1418 0.07
54834.587247 0.105498435415 15.1687 0.077
55111.761997 0.111047484645 15.1294 0.071
53756.485012 0.121221973042 15.1265 0.074
55113.659993 0.123080276495 15.1216 0.071
53981.690088 0.127916298772 15.1055 0.08
53718.594265 0.136121650526 15.1295 0.081
54061.542177 0.136686899895 15.1148 0.083
55162.657536 0.141574644313 15.1144 0.069
55111.773391 0.153141936708 15.1031 0.071
53756.493717 0.153382075305 15.112 0.074
53981.698703 0.159743901409 15.08 0.079
55113.671575 0.165869283316 15.103 0.071
54061.551091 0.16961914016 15.1035 0.087
53718.604714 0.174724856566 15.0966 0.08
53756.502472 0.185726899589 15.0988 0.074
55151.571925 0.186447315422 15.1013 0.069
53981.707348 0.191682337263 15.0508 0.079
56299.516691 0.199780550238 15.1045 0.067
54061.55995 0.202348186223 15.0924 0.082
55113.682869 0.207594291338 15.0844 0.071
54711.727765 0.208484651459 15.0937 0.068
53946.796113 0.214211033802 15.1124 0.072
55151.580448 0.217935029576 15.1289 0.069
53981.716019 0.223716828542 15.0358 0.078
54897.416954 0.226096048058 15.1185 0.069
56299.525935 0.233931955791 15.0892 0.067
54351.734827 0.236089508898 15.0822 0.08
53946.802821 0.238993338914 15.1002 0.072
55151.588962 0.249389493756 15.1066 0.069
54711.738867 0.249500326957 15.1297 0.068
54897.424397 0.253593766749 15.1287 0.07
54351.741856 0.262057729324 15.0919 0.081
53946.809666 0.264281782349 15.119 0.072
56299.535021 0.267499639804 15.1236 0.068
54897.431855 0.281146902036 15.0909 0.069
54351.74904 0.288598587993 15.1086 0.081
53946.816334 0.288916309855 15.1323 0.072
54527.419014 0.290818946563 15.1031 0.072
54711.750109 0.291033224102 15.144 0.068
56299.544016 0.300731129722 15.1714 0.068
55148.6256 0.301425684484 15.1799 0.066
55032.777637 0.308049815829 15.1244 0.078
54897.439311 0.30869264844 15.1275 0.073
54351.756569 0.316414028518 15.1801 0.082
54527.427703 0.322919937789 15.1448 0.073
55928.453206 0.327911126539 15.2118 0.072
54177.44485 0.332185593899 15.1527 0.098
54711.761392 0.332717593294 15.1959 0.069
54009.62637 0.336840588591 15.2229 0.082
55032.786146 0.339485807802 15.1296 0.078
54177.448873 0.347048326976 15.1922 0.088
55148.638508 0.349113519051 15.2057 0.067
54864.429178 0.354729068219 15.2342 0.071
54527.436395 0.355032012313 15.1634 0.074
54177.452884 0.361866726756 15.142 0.088
55032.794765 0.371328188204 15.2118 0.08
54026.688486 0.371808465436 15.2401 0.072
55928.465113 0.37190082644 15.2502 0.073
54009.636862 0.375602655561 15.2461 0.082
54177.456892 0.376674043239 15.4057 0.189
54110.600548 0.379906678447 15.2408 0.078
54864.436653 0.382345008984 15.2456 0.072
54392.647199 0.384402812204 15.2061 0.083
54527.445089 0.387151475746 15.2324 0.075
54762.663676 0.388163752355 15.1933 0.079
55148.651399 0.396738548166 15.2635 0.067
55032.803288 0.402815902358 15.2539 0.08
54026.699117 0.411084059585 15.2735 0.071
54009.647617 0.415336360319 15.3105 0.084
54864.445816 0.416197164884 15.3024 0.073
55928.477331 0.417039497267 15.2889 0.073
54392.656605 0.419152717062 15.2723 0.085
54762.673014 0.4226624353 15.2305 0.08
54110.614467 0.431329592094 15.3718 0.081
55148.664315 0.444455938264 15.2709 0.068
54026.709728 0.450285764958 15.327 0.072
53733.566795 0.451238930528 15.2858 0.085
54864.455718 0.452779512102 15.3347 0.073
55559.554321 0.453027039619 15.2432 0.069
54392.665874 0.453396483625 15.2641 0.084
54048.635423 0.453455594674 15.2413 0.075
55093.720032 0.456086036114 15.2941 0.072
54762.682203 0.456610646625 15.281 0.08
54009.658858 0.456865563023 15.3216 0.084
53604.7268 0.459577282135 15.2901 0.084
55928.489501 0.462000834929 15.3138 0.074
54110.624332 0.467775245031 15.3332 0.08
53733.575433 0.483151505292 15.2254 0.083
54392.675068 0.487363167157 15.2639 0.085
54026.720328 0.489446831474 15.2809 0.071
54762.691457 0.490798996592 15.2493 0.08
55093.730023 0.492997188517 15.2641 0.071
53604.736163 0.494168326091 15.1848 0.081
53733.584077 0.515086246705 15.227 0.084
54048.653257 0.519342241853 15.2196 0.075
55269.407654 0.523505876015 15.2491 0.07
55093.739931 0.529601702384 15.2548 0.071
53604.745815 0.529827063259 15.245 0.082
55588.539765 0.538017637262 15.2302 0.069
53733.59263 0.54668479405 15.1894 0.083
55559.579751 0.546976654822 15.2043 0.068
53604.755464 0.565474717104 15.1359 0.08
55093.749761 0.565918049923 15.1924 0.07
55487.584926 0.566398327168 15.2204 0.068
54510.441575 0.568685185653 15.2052 0.075
55179.555468 0.569974545301 15.2023 0.068
54048.671136 0.585395138845 15.1469 0.074
54510.448063 0.592654713933 15.2017 0.075
53691.651237 0.596714903734 15.1476 0.084
54077.63717 0.598676651513 15.1609 0.081
55588.558861 0.608566668012 15.1458 0.068
54510.454522 0.61651710341 15.1826 0.074
55179.568526 0.618216545929 15.1519 0.068
54077.643511 0.622103097056 15.1979 0.081
54793.585098 0.625509370959 15.1699 0.074
54446.577278 0.625856648318 15.1596 0.077
53691.659802 0.628357784377 15.0853 0.081
55806.730874 0.632030057968 15.1524 0.07
53675.691661 0.635015165666 15.1346 0.089
54510.460988 0.640405353978 15.1614 0.074
54803.605166 0.6440517665 15.164 0.067
54077.649809 0.645370681669 15.1343 0.08
54048.688983 0.651329813763 15.1429 0.074
53691.668386 0.660070859354 15.061 0.08
54446.586738 0.660806052963 15.1635 0.077
54510.467483 0.664400743322 15.1407 0.074
55179.581532 0.666266435627 15.1203 0.067
53675.700712 0.668453544253 15.1137 0.088
54077.656112 0.668656738462 15.1199 0.08
55806.743066 0.677072673343 15.135 0.07
54793.600126 0.681029418818 15.12 0.073
53691.676996 0.69187998981 15.1033 0.082
54803.618345 0.692740794387 15.1114 0.066
54446.596421 0.696579317791 15.1607 0.077
53675.709795 0.702010144941 15.0998 0.088
55179.594513 0.714223964342 15.1422 0.067
55806.755149 0.721712594704 15.1251 0.069
55487.627857 0.725004340965 15.1204 0.067
54446.606251 0.732895665303 15.1405 0.076
53675.718944 0.73581057866 15.0853 0.088
54793.615144 0.736512522316 15.1532 0.073
54803.631468 0.741222933605 15.1533 0.067
56223.608011 0.759698829219 15.1936 0.061
54468.538987 0.762078048743 15.1158 0.074
55806.767292 0.7665741825 15.1514 0.07
53983.761533 0.78074605525 15.1922 0.08
54803.644621 0.78981590604 15.1588 0.067
56255.556109 0.790037572447 15.1902 0.066
54793.63017 0.792025181292 15.1943 0.073
56384.399471 0.794138401108 15.1703 0.069
54468.548261 0.796340287514 15.2023 0.081
55866.599445 0.812887685321 15.2186 0.072
56384.404834 0.813951684113 15.1739 0.069
56223.623157 0.815654821066 15.2023 0.061
53983.772816 0.822430424442 15.2069 0.081
56255.565758 0.825685226291 15.2422 0.066
56182.753803 0.826268947858 15.1986 0.065
54468.55752 0.830547109662 15.2023 0.081
56384.410203 0.83378713374 15.2435 0.069
56384.415631 0.85384055536 15.2235 0.069
55866.61077 0.854727221002 15.2597 0.072
55551.543922 0.859086660473 15.2612 0.073
53983.783832 0.863128378107 15.2278 0.081
56255.57599 0.863486738797 15.3062 0.067
54468.566775 0.864739154044 15.2637 0.076
56223.63848 0.872264728814 15.2507 0.062
56182.767268 0.876014585661 15.2593 0.066
55866.622124 0.896673895459 15.2528 0.072
56255.585146 0.897313033606 15.3001 0.067
55207.524196 0.898768643063 15.2988 0.069
54908.426169 0.898982920596 15.2748 0.08
54728.697391 0.901753750785 15.284 0.073
53983.794722 0.903360832278 15.2704 0.082
54085.570726 0.9087251595 15.3167 0.092
54773.631902 0.909619214048 15.2478 0.063
54908.429959 0.912984849103 15.2804 0.081
56182.780897 0.926366111626 15.2815 0.066
54908.433755 0.927008944232 15.2761 0.081
56223.653946 0.929402941507 15.2942 0.062
55866.633541 0.938853319649 15.2827 0.073
54085.579312 0.940445623387 15.2462 0.085
54908.437555 0.941047817127 15.2691 0.081
55551.568859 0.951214916668 15.2878 0.073
54728.711379 0.953431580814 15.3227 0.074
54773.646229 0.962549459311 15.2721 0.063
53653.587818 0.973688196632 15.2369 0.092
56182.794389 0.976211499323 15.2439 0.066
54493.502481 0.988214735655 15.2658 0.086
54413.653351 0.990375983185 15.2825 0.086
