53734.695843 0.0135666281624 15.3704 0.09
54888.441002 0.0199771921157 15.3542 0.083
54819.618348 0.0234168269093 15.4201 0.076
54464.662137 0.0237083839188 15.4024 0.098
54114.583344 0.0245756738019 15.4389 0.093
55686.416652 0.0251255724991 15.4528 0.086
56281.713601 0.0252215279876 15.4517 0.074
53847.421166 0.0371089352965 15.4551 0.075
54888.44745 0.0437741503274 15.4286 0.084
55918.634744 0.0481142903597 15.4818 0.072
54114.590192 0.0498488701325 15.5499 0.096
54505.586174 0.0577651969313 15.4748 0.09
54464.673414 0.0653272266138 15.5472 0.103
54888.453922 0.0676596828284 15.4702 0.085
54819.630429 0.0680029081743 15.5303 0.078
54130.582803 0.0721031595054 15.6052 0.084
54114.597102 0.075350883339 15.5956 0.098
54505.593689 0.0855000202986 15.6317 0.095
53847.43428 0.0855074014897 15.6379 0.078
55918.645317 0.0871349540009 15.5823 0.074
54888.460382 0.0915009281714 15.5797 0.088
55330.396032 0.0971143235538 15.5878 0.107
54114.603953 0.100635151432 15.724 0.102
54464.684758 0.107193339221 15.6782 0.108
54505.601179 0.113142578753 15.7262 0.098
55616.535197 0.120959259505 15.7421 0.093
54130.597087 0.12481962216 15.7947 0.089
55686.443858 0.125531907032 15.7235 0.095
55918.655906 0.126214667159 15.7291 0.076
54062.587177 0.127768407767 15.743 0.087
53847.447402 0.133935392428 15.7224 0.08
54505.608704 0.140914308059 15.7425 0.098
55918.666508 0.165342358072 15.7425 0.077
54062.600321 0.176277591802 15.7233 0.086
54130.611335 0.177403223367 15.7342 0.088
53847.460469 0.182160400639 15.7186 0.08
55184.644678 0.187858679711 15.7955 0.076
55616.560978 0.216106495818 15.6986 0.093
54062.613479 0.224838444187 15.6072 0.083
54130.62558 0.229975752785 15.598 0.084
55184.66004 0.244553604056 15.5157 0.071
56400.453889 0.247565129763 15.5219 0.074
54593.432298 0.262253698894 15.4944 0.074
54062.626644 0.273425130749 15.4881 0.081
54243.357159 0.276606423843 15.535 0.097
56400.464608 0.287124620333 15.4023 0.073
54593.440673 0.293162434155 15.4412 0.074
54742.740512 0.298439985369 15.6449 0.133
55184.675291 0.300838872296 15.3857 0.07
54475.576772 0.305208537082 15.4101 0.09
54243.365313 0.306699537572 15.4201 0.093
54593.449041 0.324045335268 15.4637 0.074
54005.739841 0.327259843745 15.3903 0.088
56400.475604 0.327706405759 15.4296 0.073
54742.748872 0.329293361709 15.2807 0.192
54243.373488 0.336870153774 15.4365 0.094
54475.586266 0.340247048437 15.3723 0.089
54593.457434 0.355020501266 15.3485 0.073
55184.69026 0.356083392698 15.3606 0.07
55962.614394 0.359201945665 15.4131 0.071
54005.748693 0.359928992948 15.3686 0.087
54243.381665 0.367048151195 15.364 0.092
56400.486437 0.36768662417 15.3483 0.072
54475.595752 0.375256035046 15.3353 0.088
53881.38531 0.385017659486 15.3439 0.083
54742.765682 0.391332267968 15.1618 0.177
54005.757889 0.39386770692 15.3333 0.086
55962.625831 0.401411283613 15.3966 0.07
53881.390491 0.40413863351 15.2992 0.083
54199.497741 0.409246417348 15.3777 0.081
54475.605204 0.410139541401 15.3307 0.088
53881.395659 0.423211629806 15.311 0.083
54005.766667 0.42626375209 15.3328 0.086
53881.400807 0.442210814171 15.3136 0.083
55962.637235 0.44349883193 15.3549 0.07
54199.50921 0.45157385433 15.368 0.081
56368.546496 0.490291889184 15.3662 0.064
54199.520705 0.493997246822 15.3664 0.081
55962.658708 0.522746983867 15.3791 0.07
54085.726833 0.526873069356 15.412 0.091
54199.532149 0.536232418918 15.4348 0.083
56368.560631 0.542458453121 15.4689 0.064
55214.546809 0.544521495866 15.4466 0.077
54085.732969 0.549518561834 15.4532 0.092
56380.485406 0.551976498284 15.4885 0.069
54085.739182 0.572448230162 15.4814 0.093
55300.453335 0.590738820254 15.542 0.082
56368.574754 0.594580729926 15.5881 0.066
54085.745292 0.594997767184 15.6572 0.098
55586.588255 0.598917179357 15.6151 0.091
56380.499565 0.60423163651 15.5876 0.071
53813.438541 0.620994320182 15.6566 0.079
53714.543199 0.638314283706 15.6498 0.086
55214.572603 0.639716709906 15.6715 0.081
56368.588956 0.646994563748 15.6836 0.067
54529.591544 0.651869840092 15.6959 0.08
56380.513742 0.656553205473 15.6456 0.071
53813.449985 0.663229492278 15.6543 0.079
53714.55309 0.67481796139 15.6417 0.086
55103.760611 0.677504714724 15.6559 0.091
54226.395984 0.679774430823 15.6769 0.088
55586.61118 0.683524075594 15.7113 0.094
54529.602341 0.691717197055 15.6452 0.079
54382.742686 0.692171140271 15.6825 0.097
55103.765327 0.694909561963 15.6154 0.09
53813.461431 0.705472045595 15.571 0.077
56380.527915 0.708860012023 15.6417 0.072
54226.404151 0.70991552228 15.6288 0.087
53714.562969 0.711277351915 15.5847 0.085
55103.770035 0.71228488443 15.6139 0.09
54382.750707 0.721773404826 15.5776 0.094
55574.69992 0.723884425312 15.5568 0.09
55103.774766 0.72974509059 15.5736 0.089
54529.613107 0.73145014558 15.5252 0.077
53769.575196 0.739141346096 15.4376 0.076
54226.412326 0.740086138481 15.5224 0.084
53714.572852 0.747751504827 15.4323 0.081
53813.472962 0.74802829948 15.4547 0.075
54382.75886 0.751862827958 15.4969 0.092
54185.501008 0.752970006526 15.4999 0.083
54529.623889 0.77124214365 15.4259 0.076
54226.420866 0.771603821978 15.4292 0.082
53835.428102 0.775563830679 15.4472 0.076
53769.585136 0.775825862955 15.3786 0.075
54858.570617 0.780476012963 15.4377 0.082
54382.766882 0.781468783109 15.4586 0.091
55544.642117 0.792699264472 15.4329 0.087
54185.511909 0.793201185418 15.3707 0.081
53835.436358 0.806033385117 15.3407 0.074
54858.578673 0.810207448369 15.3997 0.082
53769.595125 0.812691218962 15.3534 0.075
54953.415352 0.814005070887 15.3455 0.082
55274.506893 0.832923062149 15.3366 0.086
54185.522773 0.833295812266 15.3629 0.081
53754.699443 0.838757893248 15.389 0.075
54858.586757 0.840042220396 15.3734 0.081
54953.424126 0.846386353644 15.3478 0.083
55574.733505 0.847833066978 15.2637 0.179
53769.605072 0.84940156997 15.3424 0.075
54908.447039 0.854162437851 15.3336 0.082
54137.569041 0.855479980371 15.3548 0.093
55236.579609 0.858668654665 15.3523 0.072
54169.546012 0.869537457688 15.3662 0.09
54858.594862 0.869954494949 15.3144 0.08
55544.66378 0.872648629503 15.316 0.129
54185.533638 0.873394129738 15.3387 0.08
53754.709411 0.875545746782 15.3104 0.074
55144.72946 0.87694448238 15.3425 0.08
56281.673429 0.876962935356 15.1613 0.076
54953.432919 0.878837757734 15.3447 0.083
54908.455492 0.885359039559 15.339 0.082
54137.579333 0.893463586743 15.3908 0.097
54048.706724 0.900634413333 15.3665 0.089
54169.55583 0.905771721908 15.3462 0.089
55144.737931 0.908207514798 15.356 0.08
54953.441715 0.911300233614 15.3138 0.082
53754.719384 0.912352053272 15.3266 0.075
54908.463962 0.916618381381 15.3199 0.082
53734.669848 0.917629604467 15.2879 0.087
56281.686855 0.926512867256 15.373 0.073
54048.714695 0.930052148116 15.3016 0.087
54137.589694 0.931701844194 15.3185 0.091
54819.594373 0.93493480563 15.3381 0.074
55144.746426 0.939559121479 15.3916 0.081
54169.56578 0.942493144705 15.3333 0.089
54908.472444 0.947922010334 15.3178 0.082
53754.729336 0.949080857235 15.3243 0.075
53734.678492 0.949531109865 15.2943 0.088
54048.72278 0.959890610739 15.3214 0.088
54137.600005 0.969755571873 15.3679 0.093
55144.754839 0.97060809938 15.333 0.079
56281.700113 0.975442779158 15.3179 0.084
54169.575633 0.978856579775 15.3796 0.091
54819.606308 0.97898206002 15.4056 0.075
55330.364281 0.979934233596 15.4147 0.09
53734.687166 0.981543333133 15.3402 0.089
54048.730815 0.989544543645 15.3612 0.089
