55247.585397 0.0461504420986 9.8114 0.05
56414.397924 0.080988163406 10.1349 0.05
54977.446136 0.11200887688 10.3245 0.051
54977.453261 0.11203351513 10.3371 0.051
54977.460391 0.11205817067 10.331 0.051
54977.46751 0.112082788172 10.3299 0.051
54113.700401 0.125176123072 9.9416 0.051
54113.706002 0.12519549133 9.9424 0.051
54113.711673 0.125215101648 9.9732 0.051
54113.717353 0.125234743088 9.9748 0.051
54130.638352 0.183747557673 10.4286 0.051
54130.648764 0.183783562369 10.418 0.051
54130.659143 0.183819452951 10.4161 0.051
54130.669452 0.183855101473 10.4188 0.051
55585.685146 0.215299374993 10.4187 0.05
55585.719131 0.215416895123 10.451 0.051
53877.399674 0.308048208511 11.0374 0.051
53877.41017 0.308084503679 11.0619 0.051
53877.420461 0.308120089957 11.0695 0.051
53877.430823 0.308155921753 11.059 0.051
54167.556896 0.311411882918 11.0973 0.052
54167.587434 0.311517483322 11.0813 0.052
54167.594281 0.311541160248 11.0929 0.052
54167.605776 0.311580909958 11.0771 0.052
55330.403331 0.332534858079 11.155 0.052
54178.551325 0.349430618428 11.296 0.053
54178.559089 0.34945746634 11.2763 0.053
54473.704114 0.370068963534 11.2275 0.051
54473.714876 0.37010617853 11.2171 0.051
54473.725318 0.370142286966 11.2386 0.051
54473.735782 0.370178471478 11.2239 0.051
54189.509804 0.387325038837 11.3935 0.053
54189.516712 0.387348926701 11.3815 0.053
54189.52358 0.387372676245 11.3546 0.053
54189.530541 0.387396747383 11.3787 0.053
55645.50422 0.422153733036 11.4158 0.051
55645.53997 0.422277356536 11.4204 0.051
55656.465998 0.460059561387 11.4451 0.051
55656.495791 0.460162585581 11.4539 0.051
54508.582019 0.490676759112 11.4612 0.052
54508.588855 0.490700398 11.463 0.052
54508.602326 0.490746980718 11.4488 0.052
54534.556241 0.580495618853 11.0638 0.052
54534.565109 0.580526284397 11.0672 0.052
54534.573946 0.580556842743 11.0781 0.052
54534.582748 0.580587280059 11.0691 0.052
55714.362497 0.660265655075 10.5141 0.05
55714.375159 0.660309440271 10.5302 0.05
55714.387866 0.660353381077 10.5344 0.05
55714.400535 0.660397190479 10.547 0.05
56006.540211 0.670616190824 10.5079 0.05
56006.550243 0.67065088148 10.4869 0.05
56006.560383 0.6706859456 10.5026 0.05
56006.570542 0.670721075422 10.4987 0.05
56298.721754 0.680979967254 10.5265 0.05
56298.730141 0.6810089695 10.5312 0.05
56298.738624 0.681038303714 10.5565 0.05
56298.747164 0.681067835034 10.5684 0.05
54858.672705 0.701290352182 10.5095 0.051
54858.683438 0.701327466896 10.5047 0.051
54858.694188 0.701364640396 10.5022 0.051
54858.705018 0.701402090536 10.5365 0.051
54594.476477 0.787699795092 9.7654 0.05
54594.487136 0.787736653914 9.79 0.05
54594.497783 0.78777347124 9.7646 0.05
54594.508451 0.787810361184 9.7522 0.05
54888.531436 0.804541844055 9.7979 0.05
54888.540323 0.804572575302 9.7924 0.05
54888.549309 0.80460364889 9.8105 0.05
54888.558253 0.804634577242 9.7895 0.05
54909.518991 0.877116809298 9.3436 0.05
54909.537543 0.877180962114 9.3445 0.05
54909.54683 0.87721307656 9.3552 0.05
56358.547879 0.887858707655 9.1562 0.05
56358.557606 0.887892343621 9.1644 0.05
56358.56748 0.887926487913 9.1816 0.05
56358.577209 0.887960130795 9.1717 0.05
53763.589666 0.91449320056 9.3666 0.05
53763.599752 0.914528077948 9.3655 0.05
53763.609791 0.91456279281 9.3752 0.05
53763.619937 0.914597877678 9.3481 0.05
53763.630397 0.914634048358 9.3613 0.05
54064.648813 0.955555731645 9.0862 0.05
54064.652845 0.955569674301 9.0808 0.05
54064.656791 0.955583319569 9.1181 0.05
54064.660812 0.955597224187 9.1068 0.05
56388.513053 0.991478279423 9.5726 0.05
56388.513053 0.991478279423 9.5726 0.05
56388.523614 0.991514799361 9.7029 0.051
56388.534174 0.991551315841 9.4604 0.051
56388.544844 0.991588212701 9.4506 0.051
56388.564832 0.991657331205 9.4971 0.05
56388.564832 0.991657331205 9.4971 0.05
56388.575484 0.991694165821 9.4507 0.05
56388.575484 0.991694165821 9.4507 0.05
56388.586185 0.991731169879 9.4989 0.05
56388.586185 0.991731169879 9.4989 0.05
