53713.721645 0.00970861834149 12.3312 0.053
53713.725594 0.0105925426713 12.3301 0.053
53713.729527 0.0114728856402 12.332 0.053
53713.733451 0.0123512140936 12.3264 0.053
56068.384921 0.0657114583596 12.3697 0.053
56068.389726 0.0667869854303 12.3756 0.053
56068.394496 0.0678546782758 12.3415 0.053
56068.399202 0.0689080456828 12.3672 0.053
54129.567533 0.09056385598 12.399 0.055
54379.755875 0.0914659109421 12.3701 0.055
54129.57611 0.0924836885874 12.4007 0.055
54379.762921 0.0930430521976 12.368 0.055
54129.584702 0.094406878719 12.4022 0.055
54379.769969 0.0946206411232 12.3708 0.055
54379.77747 0.096299627294 12.3566 0.055
54129.593312 0.0963340978798 12.3999 0.055
56251.699751 0.0979824186593 12.4043 0.052
56251.710382 0.100362008311 12.4078 0.052
56251.721243 0.102793080009 12.4018 0.052
56251.731958 0.105191471799 12.3943 0.052
53633.765385 0.11270091148 12.403 0.055
53633.771938 0.114167702091 12.405 0.055
53633.778545 0.115646579792 12.4022 0.055
53633.785234 0.117143811961 12.4027 0.055
56037.443935 0.140036534347 12.3841 0.052
56037.4552 0.142558035374 12.401 0.052
56037.466558 0.145100353056 12.4055 0.052
56037.477837 0.147624987774 12.428 0.052
55626.504835 0.157492081279 12.3993 0.052
54527.501568 0.162119869452 12.3575 0.053
54527.51139 0.164318376607 12.3715 0.053
54527.521209 0.166516212257 12.3865 0.053
55626.549739 0.167543167137 12.3999 0.052
54527.531021 0.168712481063 12.3959 0.053
55206.622026 0.173032719974 12.4155 0.052
54956.45395 0.17666690468 12.4263 0.054
54956.459418 0.177890834339 12.4165 0.054
54201.444215 0.179079398074 12.4048 0.054
54956.464879 0.179113197155 12.4402 0.054
54956.47033 0.18033332162 12.4296 0.054
54201.452924 0.181028776897 12.394 0.055
55206.658548 0.181207621045 12.4039 0.052
54201.461668 0.182985989947 12.3991 0.054
54201.470405 0.18494163615 12.3931 0.054
54590.372835 0.234908542149 12.4677 0.053
54590.382325 0.237032736091 12.4684 0.053
54590.391596 0.239107910173 12.4775 0.053
56368.491261 0.240007502951 12.4993 0.053
54590.399774 0.240938432623 12.4854 0.053
54925.468906 0.241130259201 12.5061 0.052
56368.501981 0.242407013916 12.5161 0.053
54925.480692 0.243768378252 12.5 0.052
56368.51292 0.244855544741 12.5065 0.053
54925.49244 0.246397991575 12.5203 0.052
56368.523776 0.247285497264 12.5394 0.053
54925.504189 0.249027828733 12.5176 0.053
54867.453904 0.255343556476 12.5249 0.053
54867.464826 0.257788282107 12.5328 0.053
54867.47611 0.260314036 12.5278 0.053
54867.496253 0.264822743963 12.5237 0.053
54085.685559 0.268243166263 12.4997 0.055
54085.694192 0.27017553363 12.4925 0.055
54085.702818 0.27210633415 12.5091 0.055
54085.711642 0.274081453998 12.4993 0.055
53683.67271 0.283705910386 12.508 0.055
53683.682188 0.285827418309 12.505 0.055
53683.691568 0.287926990404 12.5088 0.055
53683.700832 0.290000597641 12.5121 0.055
54742.700053 0.331068048745 12.4153 0.054
54742.70925 0.333126659038 12.4051 0.054
54912.485658 0.335025227322 12.3815 0.053
54742.71846 0.335188179186 12.4098 0.054
54912.493735 0.33683314244 12.3807 0.053
54742.727784 0.337275216523 12.4003 0.054
54912.501776 0.338632999499 12.3829 0.053
54912.509832 0.340436214084 12.3793 0.053
54501.524577 0.347560657601 12.3894 0.053
54501.531136 0.349028791223 12.3961 0.053
54501.537745 0.350508116594 12.3887 0.053
54501.544351 0.351986770458 12.4023 0.053
55180.700695 0.370932163006 12.3905 0.052
55180.70851 0.372681433359 12.3928 0.052
54005.738568 0.373310185814 12.3885 0.055
55180.716421 0.374452191871 12.3806 0.052
54005.747373 0.375281052795 12.3963 0.055
55180.724345 0.376225860239 12.3982 0.052
54005.756573 0.377340334594 12.3916 0.055
54769.719789 0.379030064845 12.3878 0.054
54005.765356 0.379306277208 12.3988 0.055
55962.56894 0.38039366753 12.4528 0.052
54769.729091 0.381112177811 12.3797 0.054
55962.57971 0.382804370245 12.4587 0.052
54769.738298 0.383173026453 12.3809 0.054
56400.409172 0.384352412954 12.4166 0.052
55962.590477 0.385214401454 12.4599 0.052
54769.747533 0.385240142477 12.3869 0.054
56400.420136 0.386806539654 12.4147 0.052
55962.601182 0.387610554895 12.4531 0.052
56400.430923 0.389221047563 12.404 0.052
56400.441698 0.391632869452 12.422 0.052
55149.692329 0.430175238167 12.4087 0.054
55149.705419 0.433105238031 12.401 0.052
54899.527739 0.434589711605 12.5934 0.12
54899.531685 0.43547296443 12.3952 0.056
55149.718472 0.436026956 12.395 0.052
54899.537012 0.436665333358 12.3957 0.056
54899.542349 0.437859940637 12.3335 0.056
55149.731485 0.43893972057 12.3963 0.052
54899.547685 0.439054324079 12.4234 0.057
54153.476188 0.442157124546 12.3724 0.055
54153.484756 0.444074942638 12.3709 0.055
54153.493303 0.445988060197 12.3767 0.055
54153.501856 0.447902520764 12.3975 0.055
53872.380868 0.523192325506 12.3946 0.054
53872.386056 0.524353581373 12.3783 0.054
53872.39124 0.525513941898 12.395 0.054
53872.396401 0.52666915422 12.3958 0.054
54055.611132 0.536534457046 12.3582 0.055
54055.618099 0.538093915338 12.3512 0.055
54475.572635 0.538608288118 12.3753 0.055
54055.625193 0.539681800673 12.3474 0.055
54475.582266 0.540764042792 12.3797 0.055
54055.632174 0.541244392655 12.3512 0.055
54819.58951 0.541617973233 12.3588 0.053
54475.591748 0.542886446055 12.3763 0.055
55574.621756 0.544244229032 12.3682 0.053
54819.601435 0.544287205347 12.3599 0.053
55918.628455 0.54497616941 12.3647 0.052
54475.601216 0.545005715628 12.3838 0.055
54819.613438 0.54697389659 12.3667 0.053
55918.638987 0.5473335994 12.3779 0.052
54819.625587 0.54969326774 12.3564 0.053
55918.649576 0.549703787984 12.3861 0.052
53711.667994 0.550029691712 12.3255 0.053
55574.648752 0.550286878101 12.3761 0.053
55918.660167 0.552074424237 12.3875 0.052
55677.416235 0.553244185831 12.2894 0.053
53711.689777 0.554905489039 12.3125 0.054
53711.700649 0.557339022921 12.3153 0.053
55677.441704 0.558945038889 12.2996 0.052
54243.352048 0.559518280269 12.3693 0.055
54243.360219 0.561347235875 12.3697 0.055
54243.368381 0.563174176966 12.3586 0.055
54243.376542 0.565000894222 12.3795 0.055
55592.590075 0.566182519072 12.3535 0.052
53823.461214 0.573262643265 12.3888 0.053
55592.626372 0.574307057272 12.3663 0.052
53823.469945 0.575216946457 12.3862 0.053
54417.658287 0.57535147128 12.3719 0.053
53823.479274 0.577305102968 12.3926 0.053
54417.673869 0.578839267909 12.3786 0.053
53823.488006 0.579259629998 12.3444 0.053
54511.495272 0.579350954669 12.3683 0.053
54511.503967 0.581297199803 12.3646 0.053
54417.689186 0.582267748269 12.3713 0.053
54511.512619 0.583233820034 12.3715 0.053
54511.521289 0.585174469294 12.3722 0.053
54417.70481 0.585764945967 12.3771 0.053
54940.419625 0.587624119295 12.369 0.053
54940.428138 0.589529626464 12.372 0.053
54940.436661 0.591437371982 12.3764 0.053
54940.445302 0.593371530028 12.3909 0.053
54444.605264 0.607027478207 12.4003 0.055
54444.61424 0.609036620971 12.399 0.055
55619.595623 0.610968764502 12.4009 0.053
54444.62318 0.611037705676 12.3955 0.055
54855.645331 0.612171877509 12.3656 0.053
53756.623395 0.612620890476 12.3467 0.053
54444.632011 0.613014392367 12.3946 0.055
54855.658186 0.615049276153 12.3582 0.053
53756.636131 0.615471652756 12.3485 0.053
55543.670845 0.616347742861 12.4025 0.054
54855.671051 0.617928913146 12.3389 0.053
53756.648884 0.618326220233 12.3903 0.053
54855.683955 0.620817279704 12.3626 0.053
53756.661649 0.621183473728 12.3752 0.053
55543.705431 0.624089299414 12.414 0.055
54109.722446 0.648539241743 12.44 0.054
54109.728964 0.64999819813 12.4196 0.054
53886.355133 0.651121625884 12.4064 0.053
54109.735484 0.651457602187 12.4299 0.054
54109.742016 0.652919692263 12.431 0.054
53886.371108 0.65469738966 12.4022 0.053
53886.379811 0.656645425475 12.4363 0.053
53886.38854 0.658599280999 12.4485 0.053
55101.734149 0.69545706767 12.4641 0.055
53734.668575 0.698364236366 12.4173 0.055
55101.747259 0.698391544233 12.4157 0.054
53734.677213 0.700297722906 12.4272 0.055
55101.760262 0.701302070453 12.4116 0.056
53734.685884 0.702238596001 12.4357 0.055
54172.510388 0.702676864889 12.4836 0.054
53734.694574 0.704183721961 12.4458 0.055
55101.773192 0.70419625672 12.4729 0.054
54172.519056 0.704617066478 12.4989 0.054
54172.527708 0.706553686709 12.5082 0.054
54172.536346 0.70848717325 12.524 0.054
55883.687869 0.724050866948 12.6891 0.056
55883.69656 0.725996216742 12.7061 0.056
55119.745653 0.727061671238 12.6527 0.054
55883.705474 0.727991481738 12.74 0.056
55298.454103 0.72826366507 12.6536 0.054
55119.751889 0.728457506162 12.6821 0.055
55119.758144 0.72985759395 12.6899 0.055
55883.714394 0.729988089743 12.751 0.056
55119.764584 0.731299091208 12.7018 0.055
56281.609144 0.7927507461 12.8412 0.054
56281.622859 0.795820642825 12.7985 0.054
56281.636258 0.798819807696 12.7593 0.054
56281.649744 0.801838446211 12.7428 0.053
55526.632543 0.802579787658 12.5244 0.065
53851.393067 0.825388348092 12.5487 0.053
53851.403401 0.827701458757 12.5274 0.053
53851.41375 0.830017926945 12.5356 0.053
53851.424121 0.832339319502 12.5147 0.053
55647.469767 0.850177176579 12.4122 0.053
55647.49642 0.856143050251 12.4242 0.053
54378.756532 0.867777992412 12.3993 0.055
55330.357409 0.869339465219 12.4003 0.054
54378.764403 0.869539797525 12.4049 0.055
54119.64962 0.870588016727 12.3875 0.055
54378.772715 0.871400313863 12.3967 0.055
54119.658364 0.872545229776 12.3947 0.055
54378.781293 0.873320370305 12.3946 0.055
53887.349974 0.873801839342 12.4052 0.054
54119.667123 0.874505800349 12.3871 0.055
53887.355156 0.874961752199 12.3869 0.054
53887.360372 0.876129275446 12.4231 0.054
54119.675837 0.876456298349 12.3909 0.055
53887.36557 0.877292769662 12.4224 0.054
54137.580607 0.884170099365 12.1148 0.071
54137.590972 0.886490148912 12.4497 0.056
54137.601283 0.888798111372 12.4478 0.056
55263.493793 0.9029234415 12.3753 0.054
55093.762015 0.911014628289 12.4016 0.053
55093.767694 0.91228578713 12.4018 0.053
55093.773335 0.913548440241 12.4048 0.053
55093.779006 0.914817808401 12.4066 0.053
55299.423228 0.945187738232 12.3652 0.053
55214.543619 0.946162315726 12.3796 0.053
55214.569433 0.951940391851 12.3683 0.053
53610.78558 0.969016762332 12.3516 0.056
53610.794688 0.971055451312 12.4183 0.057
53610.803806 0.973096378643 12.3726 0.056
53610.812928 0.975138201313 12.3492 0.056
