55740.4367836 0.00338648222466 12.535607 0.0531252554009
55740.4466749 0.00354122075086 12.597024 0.0537540758007
55740.4565713 0.00369604076647 12.448127 0.0561131735588
55740.4665074 0.00385148020019 12.682495 0.05399124221
54909.6003249 0.00578102005797 12.511617 0.05455136409
54909.608015 0.00590132422083 12.507459 0.0545250888187
54909.6156431 0.0060206577064 12.55321 0.0549066190113
54909.6233417 0.00614109405318 12.572362 0.0549870772539
54590.5396515 0.014395883075 12.527311 0.0529533164622
54590.5478297 0.0145238229303 12.526366 0.0529596365474
54590.5559894 0.0146514732605 12.522595 0.0529544325232
54590.5641811 0.0147796231521 12.531282 0.0529854259989
54527.6013305 0.0297887964761 12.492338 0.053669780866
54527.614806 0.0299996075172 12.495644 0.0536852235692
54527.6283487 0.0302114687431 12.493905 0.0536701020012
54527.6419339 0.0304239962814 12.499831 0.0536827974444
56385.5810901 0.0960239368811 12.463187 0.0518938079171
56385.5962703 0.0962614162395 12.475659 0.0519452375632
56385.6115033 0.0964997214321 12.462951 0.0520566885668
56385.6256216 0.0967205873694 12.482168 0.052099158096
54212.5112904 0.100520246169 12.470286 0.0539065377144
54212.5235273 0.100711680569 12.471123 0.053896568183
54212.5355894 0.10090037889 12.470281 0.0539069067906
54212.5476264 0.101088686295 12.491774 0.0539955026982
54084.7190021 0.101337702165 12.466736 0.0556460621614
54084.7268067 0.101459798697 12.4577 0.0555637805357
54084.734625 0.101582107253 12.45084 0.0555382531581
54084.7425958 0.101706802246 12.461828 0.0555311703283
55363.3666523 0.104501392785 12.432788 0.0531217864854
55363.375122 0.104633891851 12.432164 0.0531278498189
55363.3836037 0.104766579587 12.437668 0.0531550775632
54150.6804978 0.13323933377 12.479827 0.0562835625942
54150.6896322 0.133382232107 12.449538 0.0560951243461
54150.6988211 0.133525983087 12.478343 0.0558549232748
54150.7079025 0.133668052149 12.509187 0.0562743710879
54534.6340095 0.139808024906 12.447444 0.0550578526475
54534.6444654 0.139971597774 12.462476 0.0551023088966
54534.654858 0.140134180214 12.458391 0.0550851303541
54534.6653072 0.140297646434 12.457184 0.0550901608302
56006.5859571 0.167024119968 12.481932 0.0531139244812
56006.5929931 0.167134191625 12.483522 0.0531103606819
56006.6001928 0.167246823898 12.481731 0.0531182772479
56006.6073503 0.167358795097 12.483887 0.0531769741657
54474.7129887 0.202403582589 12.511088 0.0555169666409
54474.7220123 0.202544747775 12.504626 0.0554895165963
54474.7312185 0.202688770529 12.5183 0.055546556114
54474.7405054 0.202834055128 12.501735 0.0554981849523
56392.5063289 0.204362372338 12.524865 0.0519899117598
56392.5223915 0.204613654806 12.520789 0.0519881439192
56392.5376372 0.204852158998 12.518131 0.0519862588257
56392.5526881 0.205087615679 12.536846 0.0520292289255
54923.5764493 0.224423507952 12.558702 0.0531647614857
54923.5894645 0.224627117688 12.562894 0.0531771212445
54923.602447 0.224830216824 12.554951 0.0531716143559
54923.615411 0.225033024443 12.567517 0.0532078140151
56139.3807121 0.244465252824 12.554779 0.0525394663248
56139.3885033 0.24458713769 12.551626 0.0525169490376
56139.3959618 0.244703818391 12.568966 0.0525796813091
56077.4807598 0.276102405378 12.578752 0.0527142293671
56077.4941396 0.276311719013 12.578502 0.0527291162055
56077.5075669 0.276521776653 12.57538 0.0527395463347
56077.5210897 0.276733326438 12.583381 0.0527598026219
55633.5623151 0.33144230875 12.633973 0.0540433568834
55633.5979188 0.331999292725 12.666674 0.0541458879
53908.4563752 0.343885187712 12.660774 0.0558452838477
53908.4667972 0.344048230422 12.648783 0.0559517030767
53908.4772271 0.344211396077 12.638698 0.0561908845099
53908.4876924 0.344375113971 12.755264 0.058663358274
53847.5365014 0.390854689579 12.677682 0.0526007544954
53847.5525076 0.391105090811 12.675023 0.0525962598901
53847.5684172 0.391353981235 12.688775 0.052648632083
53847.5844163 0.391604270929 12.673011 0.0526180556435
54296.4068985 0.412983129077 12.628037 0.0540630857295
54296.4151004 0.413111440116 12.629829 0.0540955597882
54296.423296 0.413239651564 12.631416 0.0541249037784
54296.431502 0.413368025973 12.626076 0.0541298896101
56408.5777481 0.455783651346 12.546182 0.0522153835739
56408.5889633 0.455959102606 12.553067 0.05222812348
56408.6003088 0.456136591026 12.55083 0.0522348827223
56408.6116873 0.456314597294 12.549589 0.0522380964267
54622.4524019 0.513638946295 12.502529 0.052763741013
54622.4638487 0.513818019034 12.507238 0.0527878535123
54622.4752951 0.513997086524 12.501972 0.052790796984
54622.4868361 0.514177635124 12.509761 0.0528228321806
55006.4461765 0.520837511041 12.496438 0.0546934849427
55006.4529812 0.520943963213 12.527072 0.0548694659407
55006.4599088 0.521052338291 12.525411 0.0548775148022
54239.5091668 0.522875020856 12.486689 0.0541611443458
54239.5409636 0.523372450261 12.482366 0.054163571978
54239.551989 0.523544931877 12.485108 0.0541817593616
54239.5729925 0.52387351001 12.509475 0.0542984392763
56029.5411461 0.526135093871 12.481679 0.0514460404699
56029.5570865 0.526384465929 12.47894 0.0514449245588
56029.5730577 0.526634319621 12.483614 0.0514545237389
56029.5890493 0.526884491987 12.494574 0.0514858035479
54943.4953973 0.536035528807 12.483557 0.0522843517771
54943.504626 0.536179902645 12.49409 0.0523036860816
54943.5138764 0.536324615255 12.495952 0.0523015473671
54943.5231472 0.536469648353 12.490338 0.0522884825977
55263.605401 0.543836388707 12.452988 0.0533687606044
55263.6195782 0.544058176442 12.453604 0.0533714952875
55263.6338236 0.544281030834 12.46125 0.0533863896982
55263.6479353 0.544501795556 12.46506 0.0534023259711
56414.5505887 0.54922276992 12.465276 0.0511587160489
56414.5658185 0.549461024235 12.47024 0.0511612278318
56414.5809005 0.549696966355 12.46662 0.0511624313931
56414.5960066 0.549933286904 12.485979 0.0512079294169
54817.666503 0.567568320918 12.499078 0.0549000572801
54817.6748942 0.567699592546 12.494657 0.0548366419562
54817.6833161 0.567831343994 12.492986 0.0548349005054
54817.6917567 0.567963388773 12.50474 0.0551102367291
54178.6461541 0.570734057032 12.475594 0.056035473356
54178.6548767 0.570870514538 12.421369 0.0563384629951
55329.4514749 0.573932360875 12.471091 0.0550044291546
55329.4615344 0.574089732269 12.481614 0.0550508642925
55329.471614 0.574247416909 12.474643 0.0550250868688
55329.4816775 0.574404849685 12.441278 0.0549144736119
53860.4472662 0.592830693543 12.483522 0.0522832149184
53860.4587959 0.593011062709 12.478109 0.0522710432992
53860.4703278 0.593191468082 12.504338 0.0523235093355
53860.4818368 0.593371514773 12.482669 0.0522722378977
55714.4299394 0.596535413875 12.455508 0.0526331261384
55714.4434416 0.59674664318 12.441232 0.0526185405469
55714.456913 0.596957388862 12.43781 0.0526205684521
55714.4703764 0.597168009785 12.454579 0.0526376102963
55971.6160131 0.619954321161 12.466521 0.0522946817264
55971.6266036 0.62011999818 12.463773 0.0523010478903
55971.6372327 0.620286280145 12.453938 0.0522814362067
55971.6478742 0.620452755659 12.466741 0.0523194120323
55654.480207 0.658681806784 12.441463 0.0524747879782
55654.506813 0.659098030973 12.451684 0.0524831665034
54888.647868 0.67800078626 12.461136 0.0523623058288
54888.6622643 0.678226001561 12.491934 0.0524011267646
54888.6767221 0.678452180117 12.485952 0.0523402214177
54888.6912788 0.678679905151 12.479951 0.0523383243964
55592.6974604 0.692152527557 12.4732 0.0524723717001
54953.5315315 0.693040810526 12.493593 0.0543391577697
54953.5400118 0.693173476355 12.499905 0.0543599602059
54953.5485331 0.693306783154 12.490455 0.0543463525028
54953.5572477 0.693443113911 12.512828 0.0544383973766
54506.7219219 0.7031513308 12.50113 0.0591795197985
54506.7305867 0.703286882979 12.480275 0.0566418681727
54506.7392557 0.703422500343 12.713528 0.0842024883986
54187.4721544 0.708808004522 12.521371 0.056206018462
54187.4821686 0.708964667768 12.506329 0.0561844818183
54187.4921268 0.709120452859 12.50699 0.0556682972176
54187.502107 0.709276583783 12.536385 0.0557841903309
55274.5657263 0.715299715878 12.529048 0.0552933409953
55274.5772359 0.715479771798 12.520592 0.0552721664997
55274.588845 0.715661384883 12.526149 0.0553005773757
55274.6004125 0.715842346304 12.522493 0.0552751017194
56107.4088336 0.744297188501 12.535014 0.0526926848414
56107.4235668 0.744527674774 12.538121 0.0527177018069
56107.4383934 0.74475962224 12.539403 0.0527348459238
56107.4532848 0.744992583673 12.505734 0.0526709917218
54509.6024321 0.748214031798 12.530296 0.0538425425858
54509.615966 0.74842575559 12.538285 0.0538585643375
54509.6294467 0.748636647938 12.553836 0.0539066245332
54509.6432416 0.748852454738 12.530015 0.0538264884214
56363.6450053 0.752855828441 12.5076 0.0528545209622
56363.6563284 0.753032967408 12.498986 0.0528611338188
56363.6676456 0.753210014026 12.500403 0.0528750758516
56363.6790382 0.753388239384 12.520225 0.0529258080972
54129.6556388 0.804326441794 12.596069 0.0559946775253
54129.6642747 0.804461541309 12.601173 0.0560081493053
54129.672981 0.804597743336 12.611838 0.0560182772723
54129.6816781 0.804733800687 12.603563 0.0559833454926
53876.5354706 0.844514561262 12.665702 0.0551030886082
54260.417285 0.849961620157 12.594497 0.0547683624221
54260.4237703 0.850063076564 12.584328 0.0547358294218
54260.4302716 0.850164782662 12.591768 0.0548770890817
54260.4368321 0.850267414182 12.611942 0.054878950627
54197.5922481 0.867126749233 12.624256 0.0563733570628
54197.6026515 0.867289500062 12.616873 0.0563563332763
54197.6130747 0.867452560692 12.620111 0.0563634624949
54197.6233928 0.867613977075 12.620328 0.0564353516661
53814.5640467 0.875033611971 12.627942 0.0526551668941
53814.5761199 0.875222485747 12.61322 0.0526216962545
53814.5880716 0.875409458159 12.629442 0.0526417735985
53814.600023 0.875596425146 12.603308 0.0526339309
53943.3974337 0.890503103432 12.611967 0.0558771141166
53944.3590954 0.905547338969 12.601912 0.0540141273239
53944.3656521 0.905649912368 12.601853 0.0540203590433
53944.3722018 0.905752375498 12.600927 0.0540413422899
53944.3787605 0.905854979677 12.62077 0.0541095337756
53882.4938632 0.937727653914 12.586968 0.0548391735027
53882.5029307 0.937869505519 12.596158 0.0547989187953
53882.5121068 0.938013056057 12.59367 0.0548084126534
53882.52119 0.938155154456 12.587542 0.0548144076675
56056.4901878 0.947725899257 12.512655 0.0532195311337
56056.4996885 0.947874528485 12.526165 0.0532494282445
56056.5092523 0.948024144511 12.521622 0.0532390330629
56056.5187226 0.948172297538 12.507844 0.0532154161534
