54816.616801 0.00357299407043 14.8181 0.075
54536.61665 0.0036739083126 14.8271 0.076
54943.460063 0.0125985096069 14.8429 0.064
54888.602123 0.0142793620745 14.8158 0.064
54909.532844 0.0207599471381 14.917 0.075
54816.626078 0.0328286571073 14.8472 0.076
54943.46801 0.0376599253648 14.8398 0.064
54909.542133 0.0500534529973 14.8305 0.073
54816.635342 0.0620433237285 14.7883 0.075
54888.617277 0.0620685522713 14.6979 0.063
54943.475959 0.0627276482865 14.8567 0.064
56299.720573 0.074197180062 14.8873 0.066
54909.551422 0.0793469588335 14.8766 0.074
54943.483914 0.0878142925849 14.8389 0.064
54816.644604 0.0912516832089 14.8611 0.076
56299.729594 0.10264552932 14.8922 0.066
56388.519268 0.107041605017 14.8683 0.074
56388.519268 0.107041605017 14.8683 0.074
56077.444198 0.110229863651 14.9159 0.065
56299.738587 0.131005578651 14.8766 0.066
56077.451195 0.132295388528 14.9078 0.065
54923.520875 0.132986020221 14.7876 0.066
56388.529892 0.140545125984 14.7903 0.086
56388.529892 0.140545125984 14.7903 0.086
56077.458287 0.154660502482 14.881 0.065
56299.747471 0.15902188892 14.8418 0.066
54923.533306 0.172188041015 14.8706 0.067
56388.540492 0.173972961284 14.9528 0.105
56077.465353 0.176943623627 14.8703 0.065
56388.551205 0.207757149929 14.8323 0.091
54923.545715 0.211320683304 14.7369 0.066
55247.628272 0.228144975885 14.8076 0.078
53877.441256 0.248343587673 14.8158 0.072
54923.558201 0.250696150425 14.7977 0.066
56388.57112 0.270560483873 14.6777 0.076
56388.57112 0.270560483873 14.6777 0.076
53877.449882 0.275546277045 14.7645 0.072
55330.408065 0.279964427736 14.7403 0.074
56388.581791 0.304212222582 14.5621 0.068
56388.581791 0.304212222582 14.5621 0.068
53877.463907 0.319775087413 14.6652 0.07
56388.592562 0.338179318243 14.587 0.284
53877.472558 0.347056616023 14.6102 0.069
55715.392675 0.355637478277 14.5649 0.065
55330.432372 0.35661823835 14.575 0.072
53877.481575 0.375492350999 14.5352 0.069
55634.540066 0.38132645434 14.5523 0.067
55715.406772 0.400093345648 14.6003 0.065
53877.490238 0.402811722432 14.549 0.069
55715.421077 0.44520515544 14.5167 0.065
55586.67883 0.447598714584 14.5064 0.07
55634.566729 0.465410074375 14.5312 0.069
54189.541891 0.479345697418 14.4413 0.072
54594.482647 0.488109466679 14.4589 0.066
55715.435414 0.490417879464 14.4985 0.065
54129.617248 0.502827174933 14.5118 0.072
54189.549635 0.503766938607 14.4554 0.072
55586.701946 0.520496624095 14.5118 0.071
54594.493287 0.52166344475 14.4674 0.066
56006.544949 0.524530039322 14.4917 0.064
54189.557354 0.528109340535 14.4243 0.072
54129.626435 0.5317990167 14.4873 0.072
54189.565089 0.552502199613 14.4853 0.073
54594.503968 0.555346719164 14.4598 0.066
56006.554979 0.55616034007 14.5218 0.064
54129.635675 0.560937997654 14.515 0.072
54197.502722 0.584378478761 14.459 0.073
56006.565157 0.588257369083 14.5482 0.064
54594.514615 0.588922772228 14.4677 0.066
54129.64519 0.590944210202 14.5215 0.072
54197.513048 0.61694223606 14.4965 0.073
56006.575362 0.620439544497 14.564 0.065
54064.651456 0.62869558909 14.5369 0.075
54064.655408 0.641158495227 14.5595 0.075
54858.676907 0.643034869008 14.492 0.068
54197.523351 0.649433461262 14.5162 0.074
56041.466562 0.652259059409 14.56 0.061
54064.659425 0.653826383374 14.5545 0.075
54064.663377 0.666289289512 14.5819 0.075
54858.68772 0.677134414581 14.5234 0.068
54197.533652 0.6819183793 14.5409 0.074
55656.516818 0.686538358418 14.6615 0.064
56041.477912 0.688052071732 14.5911 0.061
54858.698463 0.711013210292 14.5039 0.068
56041.489277 0.723892387589 14.6694 0.062
54212.452726 0.730253137011 14.6159 0.068
56358.592528 0.730991072236 14.6899 0.069
54858.709241 0.745002380923 14.4293 0.067
54476.606287 0.756831419638 14.6058 0.074
56041.500662 0.759795774831 14.6736 0.062
56358.602324 0.761883437755 14.7118 0.07
54212.466074 0.77234698093 14.6553 0.069
54476.615716 0.786566425197 14.6595 0.074
56358.612199 0.79302493527 14.7089 0.07
54178.546156 0.803532628383 14.6679 0.076
54212.479376 0.814295760654 14.69 0.069
54476.625175 0.816396037847 14.6851 0.075
56358.621927 0.823702858068 14.7779 0.071
54178.553877 0.827881337475 14.7021 0.077
54476.634693 0.846411711083 14.7294 0.075
54178.561647 0.852384571473 14.7466 0.078
54212.492576 0.855922876286 14.7359 0.07
54178.56936 0.876708052001 14.7499 0.095
54536.58574 0.906197079159 14.781 0.075
54888.571766 0.918546456798 14.7775 0.063
54536.59603 0.938647307946 14.8072 0.075
54888.586934 0.966379796958 14.7913 0.064
54536.606342 0.971166915259 14.819 0.075
54909.523561 0.991485362702 14.8241 0.073
