53876.356709 0.000259051454974 14.0524 0.063
53633.721181 0.00970241132843 13.9935 0.066
54882.489618 0.0124585050434 13.9636 0.059
53876.361988 0.0143573254172 14.0388 0.063
54819.586819 0.0221395512823 13.9736 0.059
55542.637199 0.0246686411589 13.9326 0.063
53876.367278 0.0284849763573 14.012 0.063
53633.729747 0.0325790574315 13.958 0.066
54882.497657 0.033927727329 13.9299 0.059
53825.447535 0.0405161800424 13.992 0.059
53876.372578 0.042639333641 14.0159 0.063
54085.687691 0.0465811886014 13.971 0.065
54819.598719 0.0539200893214 13.955 0.059
54882.505726 0.0554770686257 13.9333 0.059
53633.738385 0.0556479891497 13.9474 0.066
53825.454098 0.0580435473657 13.9766 0.059
54085.696331 0.0696554615882 13.9464 0.065
54153.471519 0.072339448202 13.9595 0.065
53825.460654 0.0755522202485 13.9794 0.059
54882.513819 0.077090505108 13.8942 0.059
53633.747093 0.0789038652142 13.9552 0.066
54819.610726 0.0859863851196 13.9425 0.059
54085.704953 0.0926816631762 13.973 0.065
53825.467222 0.0930929407242 13.9935 0.059
54153.480099 0.095253483186 13.9381 0.065
55524.691249 0.0976143231615 13.8869 0.059
54912.480877 0.108117924507 13.9171 0.059
54085.713794 0.116292733493 13.9607 0.065
54153.488642 0.118068704719 13.9514 0.065
54819.6229 0.118498676718 13.9012 0.059
54927.462934 0.119700461772 13.9092 0.059
54735.748839 0.121625988479 13.9173 0.061
54912.488907 0.129563111083 13.9117 0.059
54927.468251 0.133900219801 13.9102 0.059
54153.497196 0.140913303229 13.9672 0.065
55267.466583 0.144817769342 13.8697 0.059
54735.757675 0.145223705624 13.9149 0.061
54927.47358 0.148132025442 13.9447 0.059
54912.496988 0.151144499973 13.9168 0.059
53711.662047 0.161186081733 13.9874 0.061
54927.478905 0.162353148564 13.935 0.059
54735.766389 0.168495605475 13.9167 0.061
54912.505026 0.172611051624 13.8971 0.059
54201.438255 0.173908979485 13.9669 0.065
55524.721462 0.178302171507 13.9304 0.06
54735.77527 0.192213501127 13.9142 0.061
54201.446984 0.197220938851 13.9922 0.064
55908.539407 0.215343857412 13.8983 0.057
53711.683829 0.219357819496 13.7773 0.108
54201.455712 0.220530227583 14.0046 0.063
53756.617467 0.220634382271 14.0024 0.059
54129.569655 0.239221991074 14.0445 0.066
54201.464444 0.243850198833 14.0483 0.063
53711.694706 0.248406299507 14.0654 0.062
55908.553297 0.252438956004 13.9172 0.057
54129.578241 0.262152049864 14.0683 0.066
54129.586825 0.285076767366 14.0622 0.066
53756.642958 0.288711499483 14.0793 0.06
55908.567197 0.28956076092 13.9598 0.058
54855.639477 0.305573879072 14.0508 0.06
54129.595445 0.308097627685 14.1088 0.066
53851.38767 0.31710834493 14.1211 0.06
53756.65573 0.32282082988 14.1016 0.06
55908.581168 0.326872180816 13.9956 0.058
55204.632688 0.33851614265 14.0082 0.058
54855.652305 0.339832764954 14.0678 0.06
53851.398001 0.34469865909 14.1164 0.06
56037.401035 0.357517699642 13.975 0.057
53851.408346 0.372326362092 14.1488 0.06
54855.665161 0.374166428539 14.0426 0.062
54227.353562 0.384194657133 13.9524 0.074
56037.412316 0.387645115561 13.9856 0.057
55619.535765 0.392551069201 13.9776 0.058
53806.484906 0.398284919206 14.0768 0.063
54379.757216 0.398490557982 14.1176 0.07
53851.418714 0.400015489684 14.1199 0.06
54227.360425 0.40252321449 14.0871 0.067
56004.468788 0.407557358537 14.0012 0.057
54855.678037 0.408553504812 14.0486 0.06
54379.764311 0.417438702295 14.0663 0.072
56037.423646 0.417903392525 13.9925 0.057
54929.447723 0.420344351482 14.0511 0.069
54227.367272 0.420809041716 14.0745 0.067
53806.493586 0.421466017528 14.0624 0.063
55174.709242 0.423960389169 13.9799 0.059
54005.701276 0.432185940194 14.0779 0.065
55649.506124 0.432394249603 14.0333 0.06
54472.632651 0.434733724503 14.0606 0.062
54379.771383 0.436325422037 14.0881 0.066
54227.374127 0.439116233998 14.0735 0.067
54929.455746 0.441770843637 13.9963 0.069
53806.502258 0.444625750794 14.0622 0.063
55559.644725 0.445536436795 14.0003 0.058
56037.434881 0.447907959304 13.9868 0.057
55174.718885 0.449713307517 13.9695 0.06
55204.676778 0.45626437136 13.9606 0.057
54379.778892 0.456379208602 14.0234 0.065
54005.710473 0.45674775601 14.073 0.065
54836.600556 0.459594651261 13.9982 0.059
54929.463785 0.463240065923 14.0106 0.069
54956.423918 0.463873006051 14.0231 0.06
54472.644125 0.465376572678 14.0169 0.062
53806.510818 0.467486373111 14.0331 0.063
55299.417933 0.475161773625 13.9141 0.06
55174.728515 0.475431507618 13.9381 0.06
54956.429306 0.47826237906 14.0142 0.06
54005.719296 0.480310754927 14.0292 0.065
54929.471831 0.484727982649 13.9933 0.069
55971.546781 0.484944303944 13.9767 0.059
54956.43471 0.49269448222 14.0012 0.061
54836.613424 0.493960362478 13.9579 0.058
54472.655643 0.496136928725 13.9982 0.062
56004.502722 0.498182633944 13.946 0.057
53957.79731 0.498252070425 13.9857 0.064
55329.38214 0.498575217072 13.9467 0.06
53734.62966 0.49926156986 14.0424 0.066
55174.738154 0.501173743409 13.8807 0.061
54005.728189 0.504060698172 14.0319 0.065
54956.440059 0.506979700528 13.9625 0.06
55101.726062 0.512638772806 13.9036 0.059
54137.537183 0.517568762147 13.9892 0.066
53957.805606 0.520407645505 13.9676 0.064
53734.638282 0.522287771448 14.0112 0.065
54588.368495 0.522749791041 13.9534 0.058
54472.667142 0.526846542739 13.95 0.061
55619.586392 0.527757228742 13.9072 0.058
54836.626353 0.528488982312 13.9425 0.058
54442.714436 0.534148054594 13.9356 0.058
54588.373906 0.537200588621 13.9545 0.059
55149.664376 0.538303560235 13.8926 0.058
54137.545752 0.540453420153 13.9719 0.066
55329.397988 0.540899415936 13.9035 0.06
53957.814093 0.543073311573 13.9721 0.064
54442.717788 0.543100017909 13.9342 0.058
54242.390786 0.543108029815 14.0674 0.069
53734.646924 0.545367385703 13.9796 0.065
55101.739049 0.547322289395 13.8997 0.059
55149.668708 0.549872744321 13.8928 0.058
55971.571691 0.551469783123 13.9123 0.059
54588.379328 0.551680763179 13.919 0.058
54442.721158 0.552100052624 13.917 0.058
56368.483575 0.557622922589 13.8746 0.058
54442.724525 0.561092075435 13.9358 0.058
55149.672973 0.561262995983 13.8818 0.058
54242.397664 0.561476646648 14.0383 0.076
54836.639288 0.563033625953 13.8849 0.058
54137.554377 0.563487633644 13.9644 0.066
53957.822441 0.565367759581 13.9398 0.064
54588.384723 0.566088830629 13.9418 0.058
53734.655558 0.568425634884 14.0059 0.065
55149.677245 0.572671942067 13.8737 0.058
54242.404549 0.579863957941 14.0321 0.075
55971.58265 0.580737255072 13.8893 0.059
55101.752155 0.582323611354 13.8893 0.067
56368.494241 0.586107898945 13.8421 0.057
54137.56294 0.586356267864 13.9534 0.066
54242.41151 0.598454237367 14.0099 0.067
55678.402901 0.605093432126 13.9087 0.058
55971.593308 0.609200866374 13.878 0.059
56242.691133 0.612119868724 13.8765 0.056
56368.505049 0.614972105244 13.841 0.058
55101.765162 0.61706054061 13.8936 0.059
54417.658885 0.619955507251 13.9656 0.06
55119.741925 0.62640508704 13.8745 0.061
55119.748156 0.64304580405 13.8696 0.061
56368.515972 0.644143434396 13.8732 0.058
56242.70401 0.646509615631 13.8873 0.056
54119.615462 0.655221221937 13.9868 0.065
55678.421996 0.656089177797 13.8736 0.059
53745.548308 0.658968120654 13.9754 0.066
55119.754404 0.659731921824 13.8988 0.061
54417.674478 0.661598694608 13.9832 0.06
55119.760711 0.676575606987 13.8914 0.061
54119.62425 0.678690748672 13.9834 0.065
56242.716959 0.681091648133 13.8812 0.056
54110.639254 0.683059904994 13.9413 0.061
54119.632999 0.702056120706 14.016 0.065
54417.689794 0.702502116483 14.0135 0.061
54531.520597 0.702851969477 13.9643 0.061
56242.729781 0.715334510209 13.9137 0.056
54110.651404 0.715508101369 13.9733 0.061
56069.365776 0.723624156422 13.8848 0.059
54531.528876 0.724962143774 13.9788 0.061
54119.641722 0.725352056266 14.0102 0.066
54055.612426 0.72657253575 14.0257 0.065
54378.757881 0.729633081676 14.0065 0.065
56069.370514 0.736277617705 13.8944 0.059
54417.705413 0.744214740315 14.0405 0.061
54055.619395 0.745184180251 14.0396 0.065
54110.663532 0.747897543826 14.0011 0.062
54531.537687 0.748493095079 13.9872 0.061
56069.375345 0.749179447886 13.9016 0.059
54378.765827 0.750853935064 14.0282 0.065
54769.687331 0.758897883003 13.989 0.063
53610.786883 0.760599076508 14.0759 0.069
56069.380045 0.761731425083 13.9352 0.059
54055.626491 0.764134995198 14.0818 0.065
54531.545962 0.770592586858 14.0119 0.061
54378.774152 0.773086958502 14.0468 0.065
54110.675663 0.780294998187 14.0728 0.062
54055.633478 0.782794711098 14.061 0.065
54769.696358 0.783005691134 13.9924 0.063
53610.795957 0.784832404415 14.0726 0.073
54378.782629 0.795725918245 14.0114 0.065
56400.402691 0.801881728347 13.9543 0.058
55591.605886 0.802082025841 13.9754 0.058
55214.54204 0.802763037377 13.9839 0.059
54769.705496 0.807409939581 14.0217 0.064
53610.80508 0.809196593347 14.1241 0.069
54172.470116 0.810628052871 14.0949 0.062
54898.518389 0.819430460715 14.0501 0.069
55868.70367 0.828692217526 13.988 0.057
56006.499354 0.830454835593 13.9877 0.059
56400.413412 0.830513589535 13.9886 0.058
54769.714621 0.831779469782 14.0168 0.064
53610.814214 0.833590159256 14.077 0.068
54172.479939 0.836861685227 14.0991 0.062
54898.526428 0.840899683 14.0468 0.069
54867.448897 0.844205927221 14.0363 0.06
54503.493134 0.851771831763 14.08 0.066
56006.508808 0.855703004204 14.0075 0.059
56400.424376 0.859794414656 13.9887 0.058
54898.534487 0.862422317954 14.0513 0.069
55868.716522 0.863015198593 13.9898 0.057
54172.489789 0.863167424691 14.0941 0.062
55214.567843 0.871673392216 13.9766 0.059
54867.459877 0.873529482473 14.0283 0.06
54503.501875 0.875115838742 14.0872 0.066
56006.518247 0.880911113319 14.0134 0.059
54898.542542 0.883934270389 14.0387 0.069
53676.735335 0.884740801676 14.1126 0.07
56400.43511 0.888460994071 14.0116 0.058
54172.499615 0.88940906895 14.1039 0.062
55868.729325 0.897207318616 14.0294 0.057
54503.510516 0.898192782363 14.0793 0.066
53676.740657 0.898953912896 14.0831 0.069
54867.470973 0.903162831212 14.0238 0.06
54602.365431 0.903435235811 14.054 0.062
56006.527738 0.906258095362 14.001 0.059
56274.629167 0.906901718028 14.0094 0.057
53676.745921 0.913012127362 14.0813 0.081
54602.369647 0.914694626429 14.0439 0.062
55591.650579 0.921440646521 14.002 0.058
54503.519242 0.921496729827 14.0412 0.066
54602.373945 0.926173008986 14.068 0.063
53676.751218 0.927158472723 14.0541 0.069
56274.637951 0.930360562226 14.0135 0.057
55868.742144 0.931442168789 13.9952 0.057
54867.482263 0.933314282821 14.0549 0.062
54602.378182 0.937488482906 14.0718 0.063
55542.608323 0.947551429736 13.997 0.064
56274.646565 0.953365398758 13.9901 0.057
56274.655093 0.976140560795 13.9694 0.057
