56048.527394 0.0179589559974 11.8106 0.051
56048.536561 0.0205678199317 11.8347 0.051
56048.545782 0.0231920518864 11.8359 0.051
56048.555038 0.025826244595 11.811 0.051
56041.58935 0.043440273892 11.8497 0.051
56041.599971 0.0464629360321 11.9043 0.051
56041.610682 0.0495112115396 11.8518 0.051
56041.621411 0.0525646097226 11.8527 0.051
55658.677017 0.0692747716849 11.9339 0.052
54126.687073 0.0756769755728 11.8848 0.052
54126.701749 0.079853662284 11.894 0.052
55658.71983 0.0814590513374 11.9539 0.053
53845.616438 0.0849447462695 11.9314 0.053
53845.625142 0.0874218436487 11.9218 0.053
54126.731451 0.0883066432532 11.7704 0.062
53845.633811 0.0898889802739 11.9199 0.053
53845.642561 0.0923791689309 11.9302 0.053
54590.574714 0.0948474439278 11.861 0.052
54590.583047 0.0972189573074 11.847 0.052
54590.591396 0.0995950241763 11.8577 0.052
54590.599704 0.101959422731 11.8324 0.051
56101.53484 0.103506470221 11.9346 0.052
56101.546779 0.106904225919 11.9495 0.051
56101.558896 0.110352639173 11.9115 0.051
53817.597948 0.111078920482 11.8794 0.052
53817.606963 0.113644526279 11.8531 0.052
56101.571003 0.113798206493 11.9288 0.051
53817.616086 0.116240868122 11.8614 0.052
53817.62525 0.118848878275 11.8422 0.052
54274.440971 0.125400493484 11.8206 0.053
54274.446164 0.126878384877 11.8206 0.053
54274.451345 0.128352861155 11.8174 0.053
54274.456606 0.129850104872 11.8043 0.053
54172.584241 0.137689218762 11.7929 0.052
54172.592435 0.140021173717 11.7904 0.052
54172.600619 0.142350282741 11.7978 0.052
54172.608809 0.144681099324 11.9065 0.054
56368.738452 0.147781170757 11.8298 0.051
56368.751204 0.151410300558 11.8283 0.051
56368.764031 0.155060774832 11.8557 0.051
56368.776918 0.158728324686 11.8518 0.051
54246.492892 0.171573144667 11.7994 0.053
54246.501479 0.174016944665 11.8115 0.053
54246.510034 0.176451637689 11.7926 0.053
54246.51861 0.178892307166 11.7936 0.053
54622.531798 0.18960950996 11.7786 0.051
54622.541649 0.192413035496 11.7785 0.051
54622.551494 0.195214853476 11.7934 0.051
54615.529537 0.196815119856 11.7687 0.051
54622.561306 0.198007279889 11.7949 0.051
54615.537706 0.199139959986 11.7649 0.051
56393.52177 0.20093972605 11.818 0.051
54615.545897 0.201471061162 11.7512 0.051
56393.531619 0.203742682402 11.8091 0.051
54615.554071 0.203797324255 11.7926 0.051
56393.541598 0.206582635843 11.8302 0.051
56393.551321 0.209349733478 11.8137 0.051
54527.765129 0.219679889805 11.7669 0.051
54527.771747 0.221563326208 11.7789 0.051
54527.778347 0.223441639938 11.7714 0.051
54527.784914 0.2253105621 11.7751 0.051
54285.403849 0.245358715233 11.7652 0.052
55265.759756 0.247776901863 11.7887 0.052
54285.413671 0.248153987574 11.7657 0.052
54285.423542 0.250963204971 11.7668 0.052
54285.43338 0.253763030801 11.7585 0.052
54190.578712 0.258789512179 11.7756 0.053
54190.58501 0.260581878826 11.7707 0.053
54190.591279 0.262365992275 11.7663 0.053
54190.59761 0.26416775049 11.779 0.053
54197.680765 0.279984005872 11.77 0.053
54197.690334 0.282707276188 11.7667 0.053
54197.699832 0.2854103404 11.7768 0.053
54197.709322 0.28811112787 11.8207 0.054
53881.541846 0.309064002117 11.7804 0.052
53881.552154 0.31199758665 11.7848 0.052
54345.375726 0.312934466771 11.7777 0.052
54155.632601 0.313371317009 11.7921 0.052
54345.382204 0.314778060157 11.774 0.052
53881.562434 0.314923202581 11.7567 0.052
54345.388692 0.316624499471 11.7711 0.052
54155.644921 0.316877502639 11.7647 0.052
53881.572744 0.3178573563 11.7739 0.052
54345.395171 0.318468377448 11.8143 0.052
54995.44979 0.319455630529 11.7349 0.052
54155.657274 0.320393079835 11.7564 0.052
54995.455933 0.321203885262 11.737 0.052
53962.403017 0.321586378239 11.8048 0.052
54995.461957 0.32291827343 11.7223 0.052
54155.669623 0.323907518662 11.7721 0.052
53962.412823 0.324377097093 11.7839 0.052
54995.468091 0.324663966828 11.7275 0.052
53962.422668 0.327178915074 11.7935 0.052
53962.432495 0.32997561038 11.8148 0.052
53860.561597 0.338232222187 11.7733 0.051
56418.601722 0.338518238141 11.7429 0.051
53860.57626 0.34240520919 11.773 0.051
56418.616718 0.342785994608 11.7705 0.05
53860.590879 0.346565674101 11.7784 0.051
56418.631872 0.347098716769 11.782 0.05
53860.605514 0.3507306925 11.7597 0.051
56014.55903 0.350800702374 11.7971 0.052
56418.646965 0.351394078757 11.8035 0.05
56014.566693 0.352981538452 11.8063 0.052
56014.574493 0.355201363769 11.7595 0.052
56014.587142 0.35880118049 11.7774 0.052
54510.69399 0.361353410419 11.7783 0.052
54510.705071 0.364506985333 11.7678 0.052
54127.724057 0.370795352026 11.7977 0.052
54127.730161 0.372532507633 11.8046 0.052
54510.734795 0.372966227348 11.7715 0.052
54127.736374 0.374300683876 11.8006 0.052
54127.742579 0.376066583374 11.7968 0.052
54510.746078 0.376177290047 11.7652 0.052
54974.641064 0.39743809391 11.8144 0.051
54974.648908 0.399670441318 11.8054 0.051
54974.656782 0.401911326515 11.8108 0.051
54974.664655 0.404151927121 11.7776 0.051
55691.511003 0.413596999251 11.8153 0.052
55691.521128 0.416478503268 11.7775 0.052
54925.523298 0.418866238448 11.7944 0.051
54925.531126 0.421094032369 11.7811 0.051
55691.541531 0.42228505403 11.7878 0.052
54925.543875 0.424722308391 11.7772 0.051
54925.551869 0.426997344747 11.7914 0.051
53769.622857 0.457704359111 11.8347 0.052
55301.636245 0.457974153264 11.8101 0.052
55744.443295 0.477756211952 11.8337 0.052
55744.452764 0.480451022969 11.7807 0.052
55744.462235 0.48314640317 11.8038 0.052
55744.471797 0.485867681334 11.8434 0.052
53945.426994 0.490329245629 11.8383 0.052
53945.436837 0.493130494423 11.8339 0.052
53945.446643 0.495921213277 11.8398 0.052
53945.456447 0.498711362943 11.8592 0.052
55361.5831 0.518428819025 11.8316 0.052
54595.590025 0.522169793868 11.7727 0.052
54595.599006 0.524725723505 11.7712 0.052
54595.608137 0.527324342092 11.7733 0.052
54226.661815 0.527787659478 11.8657 0.052
55361.617492 0.528216541112 11.8954 0.052
54595.617178 0.529897347308 11.78 0.052
54226.672703 0.530886307945 11.9052 0.052
54226.683635 0.533997478506 11.939 0.053
54226.694928 0.537211387133 11.948 0.053
53889.393982 0.543726859032 12.2241 0.052
53889.402839 0.546247499139 12.2961 0.053
53889.411638 0.548751632851 12.3886 0.053
54943.560627 0.5521636182 12.1012 0.051
54943.568573 0.554424994093 12.1519 0.052
54943.576515 0.556685231615 12.2116 0.052
54943.584455 0.558944899949 12.2771 0.052
53875.565277 0.608174364432 12.3558 0.054
53875.573873 0.610620725769 12.2827 0.054
53875.582415 0.613051719082 12.1976 0.053
53875.59096 0.615483566177 12.1393 0.053
53587.467905 0.617682047019 12.0733 0.053
53587.475576 0.61986515984 12.0458 0.053
53587.483426 0.622099214807 12.0039 0.053
53587.491614 0.624429462203 11.9814 0.053
55351.496101 0.64773962018 11.8592 0.054
55351.527768 0.656751826375 11.8764 0.066
54887.734076 0.664318584775 11.8003 0.052
54887.744941 0.667410687603 11.8146 0.052
54859.637834 0.668325084879 11.8517 0.053
54887.755783 0.670496244795 11.8082 0.052
54297.440262 0.670837471788 11.804 0.052
54859.646824 0.670883575854 11.81 0.053
54859.655742 0.673421576133 11.8125 0.053
54887.76658 0.673568995301 11.8048 0.051
54297.451178 0.673944088861 11.795 0.052
54859.664686 0.675966975828 11.8387 0.053
54297.462147 0.67706578936 11.8055 0.052
54297.473074 0.680175536955 11.7883 0.052
55980.609489 0.68899934259 11.8686 0.052
55980.621582 0.692440925609 11.8875 0.052
55980.633587 0.695857464445 11.862 0.052
55980.64555 0.699262050378 11.8306 0.052
56061.583442 0.733618685237 11.8368 0.051
54350.36981 0.734215761327 11.7854 0.053
54350.374951 0.735678853886 11.7842 0.053
56061.594002 0.736623987203 11.8267 0.051
54350.380169 0.737163860104 11.7943 0.053
54350.385362 0.738641751499 11.801 0.053
56061.604633 0.739649495274 11.9017 0.051
56061.615238 0.742667603925 11.8368 0.051
54912.666993 0.760051966679 11.7528 0.051
54912.679361 0.763571812772 11.7488 0.051
54912.691755 0.767099058281 11.7425 0.051
54241.606516 0.780944791805 11.7566 0.052
54241.614732 0.783283007806 11.7713 0.052
54241.622958 0.785624069736 11.7558 0.052
54241.63119 0.787966839224 11.7568 0.052
55060.403819 0.804916913076 11.762 0.052
55060.410171 0.806724647745 11.7512 0.052
55060.416526 0.808533236192 11.7524 0.052
55060.422881 0.810341824638 11.7685 0.052
53830.659599 0.828333224238 11.7698 0.052
54097.710616 0.829180457567 11.775 0.053
53830.669055 0.831024335545 11.7839 0.052
54097.717919 0.83125884017 11.7488 0.053
54097.725273 0.833351737011 11.7653 0.053
53830.678526 0.833719715749 11.7971 0.052
54097.732647 0.835450325715 11.7739 0.053
53830.688029 0.836424202925 11.784 0.052
53904.513129 0.846530099976 11.7783 0.052
53904.524638 0.849805480692 11.7962 0.052
53904.536162 0.853085130299 11.78 0.052
53904.547698 0.856368195026 11.7767 0.052
54185.699014 0.870061671299 11.7402 0.052
54185.709998 0.873187640694 11.7485 0.052
54185.720949 0.876304218522 11.7468 0.052
54185.731875 0.879413681522 11.7768 0.052
54185.742846 0.882535951209 11.7555 0.052
54955.45567 0.937409463855 11.77 0.052
54955.468485 0.941056523012 11.776 0.052
54955.477908 0.943738242751 11.7776 0.052
54955.487505 0.946469481669 11.7647 0.052
54210.595591 0.955452943971 11.7663 0.052
55714.507054 0.958111896271 11.7756 0.051
54210.606516 0.95856212238 11.7623 0.052
56076.437934 0.961102968589 11.8034 0.051
54210.617382 0.961654509801 11.7734 0.052
55714.519795 0.961737895548 11.7863 0.051
56076.450648 0.964721283855 11.8381 0.051
54210.628296 0.964760557688 11.7666 0.052
55714.532582 0.965376986102 11.7925 0.051
56076.463313 0.968325654065 11.8454 0.051
55714.545309 0.968999001078 11.795 0.052
56076.476032 0.971945392296 11.8108 0.051
55043.452633 0.98072821654 11.8247 0.053
53915.528598 0.981455351627 11.8042 0.053
53915.536138 0.983601182769 11.8094 0.053
53915.543711 0.985756405475 11.8215 0.053
53915.551252 0.987902521208 11.838 0.053
