54858.697183 0.017210603907 15.0852 0.077
54888.54499 0.0193978962366 15.0064 0.076
54113.70253 0.0194462763929 15.0794 0.091
54113.708163 0.033789719483 15.0191 0.089
54888.553971 0.0422664320724 15.0467 0.077
54858.707973 0.0446854398607 15.0881 0.077
54113.713828 0.0482146449316 15.0453 0.089
54189.511938 0.0547612439425 15.138 0.085
54888.562924 0.0650636708306 14.9366 0.075
54189.51883 0.07231050894 15.0728 0.084
54923.519272 0.0752515131513 15.0166 0.069
54189.525728 0.0898750518866 15.0491 0.083
54923.531705 0.106909959444 15.0295 0.069
54189.532736 0.107719690475 15.061 0.083
54064.651032 0.118439714514 15.033 0.085
54064.654984 0.128502786957 14.9755 0.083
54178.545734 0.131252816873 15.0607 0.085
54923.544116 0.13851238659 15.0398 0.069
54064.658998 0.138723731486 14.9595 0.083
54130.636608 0.139095494795 15.0409 0.082
55330.406648 0.142342057883 15.039 0.08
54064.662952 0.148791896579 15.013 0.084
54178.553457 0.150918077126 15.0839 0.085
54130.647047 0.165676571019 15.0022 0.081
54923.556593 0.17028287114 15.0556 0.07
54178.561217 0.170677551363 15.0983 0.086
55585.690406 0.177501699679 15.081 0.072
54178.568937 0.190335172623 15.1645 0.106
54130.657446 0.192155794285 15.0853 0.083
55330.430944 0.20420754578 15.0114 0.08
54130.667757 0.218410941056 15.0763 0.083
56358.587179 0.223103816185 15.1136 0.076
54594.480437 0.235769231748 15.0887 0.075
56358.596919 0.247905011942 15.1461 0.076
54594.491093 0.262902860282 15.1305 0.076
55585.724438 0.264158198015 15.2134 0.075
56358.606868 0.27323838941 15.1812 0.077
54594.501769 0.290087415313 15.1821 0.077
56358.616574 0.29795301014 15.2676 0.078
54594.512416 0.317198126922 15.2595 0.078
53877.400961 0.319090045658 15.2514 0.08
56299.719984 0.328152412781 15.3348 0.071
56077.443504 0.340216895889 15.3151 0.07
53877.411445 0.345785706463 15.34 0.082
55247.623502 0.349630655713 15.2712 0.088
56299.729002 0.3511151626 15.338 0.071
56077.450486 0.35799533005 15.3247 0.07
53877.421755 0.37203830691 15.2701 0.08
56299.737981 0.373978605786 15.3539 0.071
56077.45759 0.376084415733 15.2891 0.07
56077.464655 0.394074194801 15.3039 0.07
56299.746883 0.396645982032 15.2748 0.071
53877.432119 0.398428408825 15.3527 0.082
54197.502297 0.400804129121 15.3101 0.091
54197.512626 0.427105109721 15.2481 0.089
55715.387407 0.428087990781 15.2586 0.074
54909.52148 0.432337805539 15.1961 0.08
56388.518785 0.438670513318 15.2169 0.081
56388.518785 0.438670513318 15.2169 0.081
54197.52293 0.4533424322 15.2131 0.088
54909.53075 0.455942229 15.1614 0.079
55715.401495 0.463960603275 15.2026 0.073
56388.52942 0.465750669048 15.2499 0.099
56388.52942 0.465750669048 15.2499 0.099
54212.452183 0.468057638597 15.2129 0.078
54197.533229 0.479567023073 15.2206 0.088
54909.540041 0.479600125284 15.1129 0.078
56388.540021 0.49274424977 15.1699 0.119
55715.415719 0.500179515838 15.1491 0.073
54212.465518 0.502012869118 15.1555 0.076
54909.549328 0.503247836268 15.1176 0.079
55656.514715 0.519139444339 15.1113 0.068
56388.550731 0.520015379809 15.1946 0.101
54212.478837 0.535927358479 15.1032 0.076
55715.429961 0.536444262249 15.1401 0.073
55634.538306 0.560081787936 15.0342 0.074
54212.492037 0.569538835274 15.0725 0.075
56388.570647 0.570727968573 15.1155 0.085
56388.570647 0.570727968573 15.1155 0.085
56388.581291 0.597831041227 15.0539 0.076
56388.581291 0.597831041227 15.0539 0.076
55656.55306 0.616778238096 15.0391 0.068
56388.592072 0.625282960257 15.2233 0.379
55634.564935 0.627887849715 15.0713 0.075
56388.602848 0.652722147681 15.0498 0.169
54473.709138 0.712912154368 15.1158 0.075
56041.463077 0.722392118623 15.1505 0.066
54473.719778 0.740005041722 15.1499 0.076
56041.474365 0.751135023932 15.1464 0.066
54473.730191 0.766519913537 15.1762 0.076
56041.485729 0.780071449855 15.2328 0.067
54473.740662 0.793182472119 15.2254 0.077
56006.54436 0.80802499472 15.3348 0.073
56041.497096 0.809015514754 15.3374 0.068
54536.582757 0.809517140575 15.287 0.085
56006.55438 0.833539161198 15.3643 0.075
54536.593065 0.835764648372 15.3234 0.086
54943.459415 0.849316184688 15.3345 0.069
56006.564575 0.859498934359 15.3846 0.075
54536.603351 0.861956137021 15.3657 0.087
54943.467362 0.869551821525 15.3561 0.07
56006.574751 0.885410327385 15.3489 0.075
54536.613679 0.888254571297 15.3551 0.087
54943.475311 0.889792550993 15.317 0.069
54943.483264 0.91004346576 15.3011 0.069
54858.67566 0.962406072479 15.2245 0.079
54858.686428 0.989824889305 15.1431 0.078
54888.536077 0.996702510417 15.0693 0.078
