55592.693225 0.00439027025985 17.0995 0.116
53882.457241 0.00902501831366 17.1118 0.151
55592.712424 0.00947556731622 16.9824 0.111
53882.466762 0.0115468743107 17.1384 0.154
54622.444855 0.011777048964 17.0131 0.116
53882.476307 0.0140750872603 17.1345 0.158
54622.456301 0.0148087855183 17.0518 0.118
53882.485809 0.0165919106702 17.0515 0.153
56385.575446 0.0174964520252 17.1312 0.106
54622.467737 0.0178378733435 17.0284 0.118
54622.479212 0.020877291216 17.0898 0.121
56385.589604 0.0212465242026 17.2133 0.11
53814.559146 0.0246517317118 17.0482 0.11
56385.604799 0.0252712696993 16.9846 0.104
53814.572138 0.0280929619526 16.9514 0.106
56385.61998 0.0292923069745 17.1849 0.111
53814.584144 0.0312730273967 17.0162 0.109
53814.59608 0.034434551731 17.1398 0.114
54943.492776 0.0487085586283 17.0297 0.109
54943.502018 0.0511565150535 17.0841 0.111
54943.511273 0.0536079148272 17.0493 0.11
54943.520514 0.0560556063813 17.0847 0.111
54909.59529 0.0701791654043 16.9886 0.145
54909.602934 0.0722038547492 16.9559 0.143
55740.433971 0.136927430619 17.0049 0.122
55740.443832 0.139539343441 17.051 0.133
55740.45376 0.142169002756 16.9422 0.119
53943.379485 0.145683602822 17.0888 0.167
53943.383001 0.146614896352 16.9776 0.159
53943.386528 0.147549103484 17.0468 0.165
53943.390057 0.14848384036 16.9535 0.158
53558.418431 0.179887715029 17.063 0.157
53558.426711 0.182080863612 17.3081 0.62
53558.435005 0.184277720417 16.9587 0.183
54868.586825 0.208143309014 17.0144 0.124
54868.596685 0.210754956964 17.0831 0.127
54868.607173 0.213532945168 17.0259 0.125
54868.617077 0.216156247533 17.0659 0.126
55978.60138 0.221047657541 17.1007 0.123
55978.608509 0.22293593728 17.09 0.115
55978.61561 0.224816800576 17.1013 0.117
55978.622747 0.2267071993 17.0757 0.123
55714.42433 0.247675341963 17.2208 0.126
55627.600729 0.250446178596 16.9617 0.127
55714.437805 0.25124450587 17.1931 0.124
55714.451257 0.254807577698 17.1336 0.122
55714.46472 0.25837356313 17.1057 0.12
55363.363069 0.261019909444 17.1313 0.131
55627.645387 0.262274877799 16.875 0.122
55363.388473 0.267748743573 17.1513 0.138
55329.444934 0.277021153287 17.1529 0.168
54536.627477 0.28106920761 17.1268 0.165
54536.637823 0.283809583845 17.1718 0.168
55329.47498 0.284979527963 17.1762 0.17
54536.648277 0.286578566368 16.924 0.151
54536.658646 0.289325034685 17.0497 0.16
56107.403247 0.337186794278 16.9372 0.11
56107.417934 0.341076984281 16.977 0.113
56107.43275 0.345001342905 17.1321 0.128
56107.447632 0.348943183148 16.9583 0.112
54506.686783 0.350587249964 17.0773 0.167
54506.695488 0.352892969579 17.0556 0.166
54506.704097 0.355173261386 16.9858 0.176
54189.577853 0.3569881713 17.1017 0.174
54506.712846 0.357490635414 17.1181 0.175
54189.587354 0.359504729837 17.1008 0.174
54189.596784 0.362002482389 17.0764 0.172
54189.606252 0.364510300115 17.2344 0.186
56077.475171 0.410047004364 17.941 0.164
54212.462584 0.418535919694 17.885 0.205
54178.60291 0.450021904998 17.8388 0.258
54178.612841 0.452652358932 17.8247 0.256
54816.664353 0.4552814885 17.7735 0.222
54178.622789 0.455287315707 17.7269 0.245
53740.681864 0.456553143855 17.7319 0.151
54178.632734 0.457921477863 17.693 0.24
54816.674477 0.457963062927 17.5154 0.195
53740.694671 0.459945372587 17.8398 0.164
54816.684757 0.460685957544 17.4931 0.192
53740.707479 0.463337866191 17.5677 0.139
54816.694943 0.463383954098 17.5103 0.193
54197.542473 0.466601101765 17.3262 0.196
53740.720524 0.466793134701 17.5307 0.137
54197.554129 0.469688461652 17.263 0.191
54197.565694 0.472751718097 17.0743 0.174
54129.619832 0.47572624208 17.3165 0.19
54197.57723 0.475807293225 17.3131 0.195
54129.629053 0.478168636172 17.3936 0.197
54129.638302 0.480618446709 17.1123 0.172
54129.647922 0.483166525134 17.1452 0.175
55662.533966 0.503318064286 17.2125 0.136
55662.564144 0.5113114022 17.1781 0.133
55945.731562 0.514719788185 17.079 0.132
55945.737576 0.51631273451 17.158 0.137
55945.743538 0.51789190744 17.0903 0.134
55945.749486 0.519467372146 16.9404 0.126
54888.642672 0.520396016945 17.1235 0.116
54888.657056 0.524205950423 16.9959 0.11
54888.671485 0.528027803189 16.7365 0.1
54888.685986 0.531868726811 17.0199 0.111
54084.675943 0.571302756745 16.9014 0.133
54084.685985 0.573962611582 16.9731 0.137
54084.696009 0.576617698708 16.8984 0.133
54239.504852 0.581303037509 17.0744 0.145
54239.536636 0.589721761488 17.044 0.144
54239.547666 0.592643310869 17.1367 0.185
54239.568649 0.59820114139 17.058 0.145
54296.401484 0.651685625393 16.9914 0.132
54296.409695 0.653860497738 16.955 0.13
54296.417891 0.656031396986 17.1357 0.141
54296.426095 0.658204415221 17.0268 0.135
56414.491057 0.676461582551 17.1001 0.091
56414.506079 0.680440505016 16.9904 0.088
56414.521236 0.684455185338 17.0217 0.089
56414.536367 0.688462978962 17.0072 0.089
54530.626533 0.691581064121 17.0755 0.122
54530.630546 0.692643999539 17.107 0.123
54530.634558 0.693706670083 17.0345 0.12
54530.638629 0.694784968137 16.9913 0.118
54953.496562 0.69844154014 17.0454 0.146
54953.504964 0.700667003231 16.9528 0.14
54953.513337 0.702884785003 17.1502 0.153
56029.500832 0.702939083972 17.0683 0.107
54953.521733 0.705108658857 16.9425 0.14
56029.511436 0.705747797447 17.0852 0.107
56029.522052 0.708559689398 17.0126 0.106
56029.532685 0.71137608419 17.0485 0.11
55006.415413 0.715217272687 16.9773 0.148
55006.423294 0.717304736935 17.0111 0.15
55006.430924 0.719325718056 17.0663 0.154
55006.438597 0.721358088717 17.0703 0.154
55274.559956 0.73947143 17.1034 0.166
54923.573258 0.772565724264 17.0044 0.12
54923.586268 0.776011722219 17.0408 0.121
54923.59925 0.779450303728 17.047 0.122
54923.612201 0.782880674176 17.0061 0.12
53851.457284 0.797972873822 17.1001 0.124
53851.471188 0.801655668256 17.0433 0.122
54855.734225 0.803836367806 17.0011 0.119
54591.457198 0.803982842583 17.0824 0.121
53851.48474 0.805245227384 17.1207 0.125
54855.74563 0.806857244566 17.0443 0.121
54591.468076 0.806864131265 16.9854 0.117
53851.498062 0.808773865719 17.1224 0.125
54591.479032 0.809766080043 17.0029 0.118
54855.756994 0.809867261536 16.9505 0.118
54591.489927 0.812651871565 17.0898 0.122
54855.768377 0.81288231109 16.7178 0.107
55263.532951 0.818715344675 17.0998 0.136
56056.454095 0.84213117889 16.9985 0.121
56056.46366 0.8446646893 17.2291 0.132
56056.473326 0.847224951884 17.1491 0.13
56056.482791 0.849731974993 17.0453 0.124
56392.500644 0.851794541178 17.2391 0.11
56392.516731 0.856055553407 17.124 0.105
56392.531944 0.860085066617 17.1248 0.105
56392.547021 0.864078557097 17.1567 0.107
55739.424957 0.869666848016 17.1903 0.122
55739.43126 0.871336342642 17.0453 0.116
55739.437622 0.873021464778 17.0839 0.118
55739.444002 0.874711354627 17.0697 0.117
54474.713938 0.88184332549 17.1515 0.175
54474.722911 0.884220031073 17.1507 0.174
54474.732199 0.886680171657 17.0929 0.17
54474.741477 0.889137663512 17.1418 0.173
53908.453836 0.894821573588 17.1072 0.166
53908.464234 0.897575723221 17.1683 0.175
53908.474689 0.900344970617 17.0975 0.168
53908.485133 0.903111304409 17.181 0.198
55709.390262 0.914286561878 17.2416 0.132
55709.402925 0.917640648896 17.2624 0.14
55709.415755 0.921038969707 17.3343 0.148
55709.428402 0.924388818754 17.2511 0.125
56362.609161 0.934347249584 17.0864 0.144
56362.621413 0.937592473791 17.0843 0.145
56362.633501 0.940794258822 17.2832 0.185
56362.645685 0.944021471666 17.2387 0.201
53825.615759 0.953250177331 17.1786 0.128
53825.627815 0.956443486427 17.2708 0.133
53825.639924 0.959650833793 17.0779 0.123
53825.651925 0.962829574872 17.0772 0.124
