54189.5778533 0.0119743259619 15.84649 0.104985701417
53814.5841443 0.0146520179824 16.125499 0.0828920945173
54212.4625841 0.0236382627577 15.932377 0.0934829838557
56392.5167313 0.0268707811969 15.858475 0.0739591845332
56362.6456851 0.0312818305632 15.857222 0.111745211653
54189.5873542 0.0418706782969 15.870116 0.105824256491
53851.4572837 0.0438138530695 15.947202 0.0847486279788
53814.5960799 0.052210032033 16.014321 0.0804566399276
55627.6007294 0.0562674702206 15.978975 0.0898730432077
54212.4759099 0.0655708998234 16.073843 0.0974491627126
54189.5967837 0.0715427191174 15.870627 0.105825642882
54197.5424735 0.074342564618 15.865915 0.106848677365
56392.5319442 0.0747412722723 15.873797 0.0742234230661
55662.5641436 0.0760735481065 16.06713 0.0900012569402
54536.6274774 0.0773003791798 15.917463 0.102079385143
53851.4711883 0.0875675041971 15.92516 0.084272857825
54189.606252 0.101336730312 15.926647 0.108002737372
54212.4891207 0.107141518961 15.901663 0.092536729933
54536.6378227 0.109854029046 16.003191 0.105244250145
55740.4339708 0.11001786891 15.879372 0.0841091922049
54197.5541294 0.111020264817 15.841402 0.106004046828
54239.5048522 0.117876324449 15.902677 0.0942448427738
54622.4448551 0.119899507216 15.947426 0.0828526363145
56392.5470213 0.122184515963 15.855465 0.074000022345
55945.7315618 0.122475761493 15.92065 0.0882041711807
53851.4847399 0.13021070133 15.917687 0.0841027356425
55274.5599558 0.138517679479 16.057403 0.10847590524
55740.4438316 0.141046965621 16.029582 0.0929036750336
55945.7375757 0.141399739762 15.98073 0.089845029048
54536.6482774 0.142751921992 15.987101 0.104862831317
54197.5656937 0.147409915905 15.929105 0.109386071505
54212.5022865 0.148570426237 15.97519 0.094624395531
54296.4014836 0.155207178265 15.999712 0.0924338736421
54622.456301 0.155916543518 16.003204 0.0841285792299
55945.7435376 0.160160190293 15.951055 0.089114810398
53851.4980619 0.172131210022 16.014026 0.0863703269761
55740.4537603 0.172289848376 15.95188 0.085636609552
56414.4910568 0.173751365349 16.158122 0.0714710959934
54536.6586456 0.175377683817 15.998466 0.105244250145
55945.7494859 0.178877666192 15.96595 0.0895454221817
54296.4096948 0.181045401072 16.03924 0.0937513100067
54197.5772297 0.183710302323 15.997151 0.11197058272
56385.5754463 0.184643607754 16.051283 0.077532373913
54622.4677367 0.191901164589 16.111032 0.0867744420098
54530.6265332 0.194055213147 16.188564 0.0895968261528
55627.6453866 0.196791046973 16.250945 0.0980681956746
54530.6305464 0.206683690886 16.141086 0.0884715416528
54296.4178912 0.206837042154 16.084464 0.0957808279331
55592.6932254 0.212394988856 16.149891 0.0851212697065
54855.7342252 0.214433475032 16.129047 0.0890868556643
54239.5366358 0.217890241403 15.981423 0.0967712487199
54530.634558 0.219307105893 16.258365 0.0914368211406
56414.5060793 0.221022742542 16.201909 0.0720683495122
54622.4792121 0.228011110088 16.228669 0.0899824328762
56385.5896035 0.229192459515 16.155073 0.0796255088511
54530.6386294 0.232118413612 16.186013 0.0896090879946
54296.4260952 0.232652721586 16.136547 0.0971703725122
54855.7456304 0.250322312075 16.200421 0.0912150218848
54239.5476656 0.252597895464 15.927986 0.112445435123
54474.7139382 0.253204073416 16.23329 0.118460120047
55714.4243301 0.265161297 16.222191 0.0892943796091
56414.5212364 0.268718050477 16.155901 0.0714447974423
54816.6643526 0.272784207269 16.17766 0.112077744284
55592.7124242 0.272808040782 16.197965 0.0862739210889
56385.6047991 0.277008683035 16.119356 0.0804780828972
54474.7229108 0.281438132802 16.306664 0.121979680859
54855.7569938 0.28607967191 16.162805 0.0903450068368
53943.3794852 0.29653745687 16.153697 0.114101091607
54816.6744772 0.304643358221 16.177587 0.111635899066
55714.4378052 0.307563427004 16.298203 0.0914020416844
53943.3830013 0.307601610156 16.201079 0.116363301323
54474.7321992 0.310666172522 16.31814 0.122452865187
54239.5686488 0.31862600725 16.087725 0.100684413051
53943.3865275 0.318697486088 16.200416 0.116439000878
54855.768377 0.321899310221 16.242742 0.0914470634049
56385.6199799 0.324778289251 16.14932 0.081139388753
53943.3900573 0.329804616525 16.236892 0.118230272549
54816.6847568 0.336990177535 16.209712 0.11257646149
54474.7414767 0.339859578591 16.244002 0.119340027571
54129.6198322 0.341330841854 16.236803 0.12000546701
55714.4512566 0.349891260307 16.126118 0.087130300411
55006.4154131 0.364782908944 16.105638 0.105403233044
54943.4927756 0.365344598032 16.181121 0.0835158624927
54816.6949427 0.369042355687 16.138447 0.109453771012
54129.6290534 0.37034724348 16.14137 0.115697303959
55006.4232943 0.38958278967 16.051637 0.103638913191
55714.4647202 0.392257298156 16.176331 0.0878450812083
54943.5020176 0.394426592534 16.070101 0.0811616332534
53908.4538364 0.395568172575 16.198097 0.114188198696
54129.6383021 0.399450363426 16.06441 0.112625764026
55006.4309243 0.413592314141 16.117186 0.106043255046
54943.5112732 0.423551162693 16.125168 0.0823189086972
55709.3902617 0.424396149669 16.01472 0.0864633088532
53908.4642338 0.428285858662 16.095229 0.112233918185
54129.6479217 0.429720423411 15.94853 0.107943476256
55006.4385966 0.437734772103 16.017805 0.102664684877
55263.5329512 0.439706449488 16.006964 0.0912784906132
54943.520514 0.452629516148 15.977583 0.0792905981529
53908.4746888 0.461184808297 15.946307 0.105973287535
55709.4029246 0.464242561165 15.962812 0.0885288803373
53740.6818639 0.465436235318 16.071647 0.0836979411999
54178.6029103 0.476985784413 15.937521 0.110709803549
53908.485133 0.494049559132 15.997653 0.118641697153
55709.4157552 0.50461669959 15.869837 0.0878687707777
53740.6946706 0.505735348901 16.076238 0.0858748426487
54178.6128405 0.508233401719 15.881607 0.108868393994
56056.4540946 0.534433197813 15.847145 0.0833564945895
54178.6227889 0.539538199509 15.917037 0.110662337074
55709.4284019 0.544412486455 15.90723 0.0805041935417
53740.7074785 0.546038105408 15.888332 0.0796511699133
55978.6013803 0.554338412218 15.865431 0.0819922786015
56056.4636601 0.564533177344 15.865318 0.0838223203143
54178.6327344 0.570833893239 15.963948 0.112262744226
55363.3630689 0.576367175052 15.910623 0.0866107118469
55978.6085094 0.576771592409 15.903533 0.0798766075851
53740.7205239 0.587088205485 15.934952 0.08059649166
53882.4572406 0.591759987963 15.954906 0.0978574776276
56056.473326 0.594948919084 15.81601 0.0835290852522
55978.61561 0.59911521812 15.988134 0.0818905088345
54591.4571981 0.610657533226 16.035642 0.0857718707059
55978.6227472 0.621573929804 15.910809 0.0834371868481
53882.466762 0.621721133004 16.049942 0.101005442184
56056.4827907 0.62473167669 15.86261 0.0845342741458
54591.4680756 0.644885932301 15.985409 0.0845684482419
53882.4763067 0.651755591391 16.005616 0.101998374275
55363.3884732 0.656307324898 16.053558 0.0929467308479
54868.5868253 0.657868393791 16.062703 0.0901234948364
54591.4790318 0.679361953098 16.149785 0.08857547115
53882.4858095 0.681657989494 16.172167 0.10798448804
56077.4751713 0.681714019857 15.906256 0.0800322388917
54923.5732576 0.684352078699 16.145037 0.0899117183496
54868.5966848 0.688893484411 16.125034 0.0917231176503
54909.5952903 0.69971004462 16.1051 0.103480448925
54591.4899268 0.713645311396 16.212092 0.0902307084071
56029.5008316 0.72026873993 16.101628 0.0804751120712
54868.6071727 0.721895903608 16.295227 0.0966604948496
56077.4884984 0.723650661433 16.019401 0.0824182081229
54909.6029342 0.723763273147 16.184892 0.106563288287
54923.5862677 0.725291133808 16.242788 0.0926109820469
54868.6170769 0.753061576755 16.211598 0.0938744394502
56029.5114363 0.753638677478 16.217882 0.0828345245504
56077.5018766 0.765747919078 16.152774 0.085636609552
53825.6278151 0.765906994823 16.364186 0.0956188604792
54923.5992499 0.766142415788 16.222332 0.0921600768998
56029.5220525 0.787044634853 16.240797 0.0834462254945
53825.639924 0.804010148148 16.39769 0.0967557786604
54923.6122014 0.806896819295 16.223949 0.0922035171478
56077.5154037 0.808313939916 16.111562 0.0846790664157
56029.5326846 0.820500887373 16.135446 0.0824468761615
54953.4965615 0.844381040097 16.167939 0.104290642748
55329.4449339 0.845754178515 16.137107 0.110861266876
53876.5010231 0.849257213208 16.182898 0.106030643415
56107.4032466 0.856757131391 16.020838 0.0828735363981
54506.6867833 0.862549435471 16.206913 0.116724738953
54953.5049636 0.870819869906 16.085568 0.101504789716
53876.5100563 0.877682003619 16.173113 0.10729509542
54506.6954878 0.889939999422 16.128751 0.113142599336
54953.5133367 0.897167685452 16.099205 0.102105277855
56107.4179342 0.902974796719 16.101355 0.085149900944
54888.6859862 0.904145636125 16.230634 0.0859980698866
53876.519123 0.906212086519 16.1043 0.103396641522
56362.6091607 0.916349948376 16.097414 0.0996611384027
54506.7040974 0.917031882168 16.028889 0.117652657512
54953.5217326 0.923587248256 16.014445 0.0993184742765
53876.5281662 0.934668527203 16.050489 0.101635776731
53558.4184309 0.934846906456 16.04733 0.104829556604
55739.4249572 0.934942240207 16.042812 0.0838404782991
53814.5591462 0.935990328266 16.138401 0.0830207126259
55329.4749798 0.940299809288 15.955296 0.104272465049
54506.7128462 0.944561935782 16.030611 0.111655256997
54084.6859848 0.947439882045 16.083573 0.0986907859732
56107.4327498 0.949595270483 16.011848 0.0881020296832
55739.43126 0.954775304908 15.981238 0.082547495091
56362.6214127 0.954903365707 15.999863 0.0966098646565
53558.4267111 0.960902521758 15.993099 0.28267995083
55739.4376217 0.974793749672 15.917544 0.0812927303935
56392.500644 0.976248630546 15.886281 0.0743718839981
53814.5721379 0.976871402677 16.06151 0.0814556857751
54084.6960086 0.978981811048 16.179859 0.101702726015
55662.5339656 0.981112070456 15.966617 0.0875873219507
53558.435005 0.987000931094 15.915605 0.117846838235
56362.6335006 0.992940744574 15.845886 0.102897858193
55739.4440025 0.99487228627 15.989517 0.0829043496639
56107.4476322 0.996425887686 15.853359 0.0800808062145
