54393.723835 6.68149979607e-05 16.1628 0.114
54061.64479 0.00324130471999 16.1517 0.099
54003.729568 0.0124058374563 16.2391 0.112
54718.741889 0.0252607339002 16.1964 0.088
54061.659144 0.025545086137 16.1251 0.098
54894.448774 0.0451824826503 16.1153 0.091
54718.755724 0.0467580737388 16.4284 0.094
55589.503299 0.046868396193 16.1779 0.084
54061.673462 0.0477929294129 16.2738 0.103
54894.455204 0.0551736568561 16.1568 0.092
55618.473052 0.0611528230097 16.2066 0.094
54894.461637 0.0651694925756 16.1832 0.093
54718.770472 0.0696740670668 16.1727 0.087
55148.676961 0.0744365785665 16.1969 0.079
54894.468068 0.0751622206192 16.168 0.093
53653.67614 0.0863125574932 16.3252 0.136
55589.528696 0.0863312035383 16.2312 0.086
54718.784585 0.0916033736898 16.2434 0.089
55148.692165 0.098061121743 16.2397 0.079
56266.571187 0.100245817068 16.228 0.088
53653.685221 0.100422954524 16.3665 0.139
55618.499844 0.102783233467 16.2272 0.096
54023.742008 0.108482708896 16.2391 0.092
55268.403028 0.109272058272 16.2917 0.097
53947.804262 0.113576187746 16.2204 0.087
53653.694269 0.114482074928 16.364 0.138
56266.582099 0.117201290302 16.3283 0.089
55148.707369 0.121685664919 16.1913 0.078
53947.811138 0.12426037341 16.2705 0.088
54023.752646 0.125012430696 16.4107 0.094
54762.570521 0.12782643015 16.2913 0.111
53653.703221 0.128392026951 16.3263 0.136
56266.592832 0.133878626656 16.3517 0.09
53947.817789 0.134594945675 16.3315 0.09
54023.763249 0.141487768194 16.1213 0.118
54762.581238 0.144478905098 16.2884 0.111
54916.394181 0.14477568804 16.2931 0.097
53947.824449 0.14494350247 16.2444 0.088
55148.72263 0.14539877681 16.2169 0.078
55121.693905 0.147156166866 16.2169 0.081
56266.603814 0.150942868507 16.1804 0.086
54762.592056 0.161288317627 16.3596 0.113
55121.706929 0.1673933446 16.3177 0.083
53597.740895 0.172039318301 16.341 0.14
54916.415213 0.177455995323 16.3274 0.098
54762.602775 0.177943900251 16.3936 0.115
53597.749907 0.186042500552 16.4763 0.139
55121.719967 0.187652276053 16.2882 0.082
54916.422782 0.189216990278 16.3138 0.098
54446.618148 0.189226313302 16.3326 0.101
53597.758869 0.199967990943 16.3333 0.132
54446.625762 0.201057230939 16.3667 0.102
55121.732983 0.207877023095 16.2785 0.082
54446.633362 0.212866394846 16.3754 0.103
53597.76771 0.213705467018 16.3621 0.133
56384.420625 0.21910505183 16.3857 0.091
54446.641192 0.225032941352 16.2175 0.098
54067.581664 0.228177908154 16.3817 0.127
56384.435008 0.241453894535 16.289 0.088
54085.612173 0.244656353329 16.4697 0.128
56384.442232 0.252678815601 16.5287 0.095
54085.621197 0.258678181634 16.3794 0.124
56297.570564 0.268235835217 16.4608 0.11
54085.630243 0.272734194362 16.4015 0.125
54174.443279 0.273747296318 16.3807 0.107
55495.688527 0.273971048896 16.4303 0.1
53733.601791 0.277774842749 16.4567 0.125
56297.579245 0.28172469731 16.4535 0.109
54085.639311 0.286824391512 16.4225 0.127
54174.45203 0.287344927029 16.3674 0.107
53733.610157 0.290774246079 16.3764 0.122
54831.53757 0.291403550204 16.4241 0.107
56297.588131 0.295532096056 16.4362 0.109
55551.69293 0.295704572003 16.4632 0.102
54174.460766 0.300919250171 16.4361 0.109
53733.618391 0.303568542875 16.3533 0.121
55820.709827 0.304208723859 16.3392 0.088
54831.548713 0.308717959864 16.2011 0.1
56297.596935 0.309212080151 16.3449 0.106
54174.469467 0.314439189021 16.3992 0.108
53733.626666 0.316426546991 16.4017 0.123
55301.363569 0.324591962308 16.0432 0.092
54118.486261 0.325642356357 16.2801 0.123
54831.559885 0.326077430823 16.3624 0.105
54205.368984 0.327263008724 16.3551 0.128
55495.724044 0.329158690301 16.3952 0.099
54118.493096 0.33626283469 16.3816 0.129
54831.571055 0.343433794095 16.3038 0.103
54205.380977 0.345898180143 16.3842 0.13
54118.499969 0.346942358841 16.2541 0.122
54049.638651 0.347654016357 16.2595 0.116
55820.738332 0.348500857716 16.3263 0.087
54205.388207 0.357132424237 16.3116 0.127
54118.506856 0.357643636721 16.303 0.126
54049.649028 0.363778186606 16.2673 0.117
54205.395291 0.368139808067 16.3792 0.131
55820.752606 0.370680332147 16.369 0.088
54049.659391 0.379880603135 16.2667 0.117
54129.46433 0.383776073391 16.2706 0.118
54049.669904 0.396216095268 16.3302 0.12
54129.473311 0.39773108669 16.2493 0.117
54129.482328 0.411742038131 16.1903 0.114
54129.491349 0.425759204934 16.17 0.113
54530.438439 0.432325721595 16.2621 0.085
54530.44974 0.449885637561 16.2253 0.099
54530.458448 0.463416453265 16.1327 0.096
54864.472046 0.466222683539 16.1906 0.091
54864.478468 0.476201427042 16.1601 0.09
54530.46716 0.476953484321 16.2428 0.1
54864.484908 0.486208139616 16.2676 0.093
54530.475887 0.490513822934 16.1698 0.098
54013.692962 0.493899634535 16.1845 0.112
54864.491341 0.496203975335 16.1678 0.09
54013.70192 0.507818909575 16.234 0.113
54013.710908 0.521784799739 16.1549 0.11
54775.6973 0.524706013968 16.1194 0.088
54013.719674 0.535405738007 16.2863 0.116
54775.711757 0.54716984063 16.171 0.09
54808.548049 0.569427006928 16.2203 0.109
54775.726255 0.569697374635 16.1849 0.09
55559.600012 0.582023966388 16.2328 0.086
54808.557065 0.583436404542 16.4665 0.12
54775.7407 0.592142555254 16.1626 0.09
54414.699713 0.593169641746 16.2222 0.097
55980.501366 0.594271312424 16.2749 0.091
54808.566016 0.597344802716 16.2381 0.11
55980.510299 0.608151741539 16.2497 0.09
54414.711201 0.611020125295 16.2501 0.098
54808.574952 0.611229893345 16.2347 0.109
55561.55186 0.614878303454 16.4121 0.09
55559.625563 0.621726064688 16.3462 0.089
55980.519375 0.622254369392 16.2938 0.091
54414.722678 0.628853516638 16.2871 0.107
55980.528428 0.636321258974 16.3523 0.094
54414.734161 0.646696231009 16.4518 0.129
54487.45958 0.650169057504 16.2495 0.101
53819.436545 0.651022114205 16.3205 0.109
55171.573589 0.652072508262 16.2004 0.091
53819.441277 0.658374872579 16.2861 0.108
55171.579798 0.661720284409 16.3441 0.095
53819.445999 0.665712092585 16.3662 0.111
54487.47043 0.667028192823 16.2335 0.101
53986.774704 0.667304775876 16.2684 0.146
55561.587949 0.670954739823 16.3522 0.089
53692.666578 0.67111167739 16.1694 0.115
53819.450754 0.673100589208 16.2972 0.109
55104.659446 0.678377420871 16.3477 0.115
55171.591089 0.679264662008 16.2822 0.093
55151.642231 0.681983877377 16.4014 0.097
53692.674394 0.683256470177 16.3177 0.124
54487.481286 0.683896651169 16.4066 0.107
53986.789334 0.690037416401 16.1292 0.136
54917.390641 0.693112460526 16.2738 0.093
55104.669645 0.694225008079 16.23 0.11
53692.682266 0.695488277853 16.2697 0.127
55171.602397 0.696835454839 16.2807 0.093
55151.652782 0.698378415327 16.3773 0.096
54487.492138 0.700758894163 16.4072 0.107
53986.796566 0.701274768159 16.1655 0.129
54917.39708 0.703117619273 16.3599 0.095
55104.679969 0.710266824943 16.3608 0.115
53627.692644 0.712185814087 16.3424 0.107
54917.403538 0.713152300916 16.3646 0.096
55171.613622 0.71427727916 16.2855 0.093
55151.663348 0.714796260845 16.3094 0.097
54917.409984 0.723168336517 16.4194 0.097
55104.690277 0.726283780423 16.3229 0.113
55151.673948 0.731266936828 16.3283 0.095
53627.706359 0.733496693436 16.3536 0.107
54857.566517 0.736153755309 16.366 0.095
54857.572963 0.74616979091 16.4777 0.099
53676.630406 0.753508564742 16.4331 0.138
53627.720129 0.754893033834 16.4293 0.109
54857.579408 0.756184272673 16.4185 0.097
54026.734028 0.757595156994 16.255 0.091
54857.585889 0.766254692588 16.4418 0.098
53676.639729 0.767994990428 16.2444 0.128
54026.744633 0.774073602167 16.414 0.095
53627.733859 0.776227220741 16.3961 0.108
53714.616247 0.777327337586 16.3658 0.105
55652.401582 0.78057019615 16.3578 0.102
53676.648947 0.782318263181 16.3973 0.135
54467.597333 0.787467680176 16.3456 0.102
54026.755314 0.790670138974 16.3896 0.095
53676.658143 0.796607351512 16.4634 0.139
53714.630455 0.799404258752 16.4067 0.106
55866.724532 0.803576312057 16.3945 0.113
54026.76593 0.807165676353 16.4337 0.096
54467.6105 0.807927056659 16.3313 0.113
54351.768651 0.808534607059 16.3735 0.122
55866.728953 0.810445827007 16.4535 0.116
55652.422792 0.813527086485 16.3602 0.107
55866.733337 0.817257849979 16.3092 0.111
54351.775282 0.818838102578 16.4205 0.124
53714.644649 0.821459426198 16.4491 0.108
55866.737684 0.824012380972 16.3665 0.118
54467.623582 0.828254356956 16.4322 0.109
54351.781869 0.829073229241 16.3686 0.122
54351.788324 0.839103249382 16.318 0.12
53714.658899 0.843601608532 16.4058 0.107
54467.636703 0.848642256908 16.3078 0.105
54754.690565 0.883656427906 16.3007 0.094
54079.594744 0.894550381621 16.2206 0.102
53756.523657 0.894626519646 16.2533 0.092
53756.527605 0.900761069538 16.2283 0.091
54754.702053 0.901506911466 16.1859 0.091
53756.53155 0.906890957905 16.2292 0.092
53756.535506 0.913037938489 16.3148 0.094
54079.607956 0.915079680776 16.2969 0.104
55204.565674 0.916406657875 16.3898 0.089
54754.713542 0.919358948853 16.1258 0.09
56235.565672 0.922718345217 16.2715 0.083
54079.621069 0.935455150036 16.1505 0.1
54511.456089 0.936841172956 16.1776 0.097
54754.725021 0.937195447872 16.2004 0.092
56235.578437 0.942553079075 16.2205 0.081
55204.583974 0.944841881508 16.1556 0.084
54511.464374 0.949714715462 16.2171 0.099
54393.695282 0.955700096957 16.1507 0.113
54079.634116 0.95572806603 16.3096 0.105
56235.591235 0.962439089571 16.2024 0.081
54511.47269 0.96263642692 16.1511 0.097
54003.69983 0.966197822134 16.1822 0.11
54393.70485 0.970567212788 16.1263 0.112
54511.480929 0.975438492894 16.1766 0.098
54061.630464 0.980981030752 16.1632 0.099
54003.709532 0.981273152174 16.415 0.119
56235.604012 0.982292469484 16.1618 0.08
54393.714322 0.985285160228 16.1502 0.114
55237.434958 0.989928026247 16.1693 0.092
54003.719377 0.996570680952 16.2091 0.11
