56408.588248 0.00159001330275 16.437 0.088
53904.459517 0.00214695963052 16.3519 0.104
56408.610967 0.0116243222567 16.362 0.087
56408.622362 0.016657156032 16.235 0.084
55971.660273 0.0234531378915 16.1724 0.086
54590.545594 0.0260329344765 16.4128 0.099
55971.672397 0.0288079493604 16.0502 0.116
54590.553764 0.029641381331 16.3082 0.095
54590.561939 0.0332520365414 16.2557 0.094
54590.57011 0.0368609250696 16.1063 0.09
56365.667175 0.0446241650228 15.8054 0.077
56365.679962 0.0502718039413 15.8426 0.078
54246.459426 0.0533705632006 15.9321 0.112
56365.69277 0.0559287179372 15.8595 0.078
54246.467978 0.0571477281359 15.92 0.112
54246.476545 0.0609315181257 15.8224 0.108
56365.705596 0.0615935819992 15.796 0.077
54212.51842 0.0626341573722 15.8837 0.094
54246.485095 0.06470779972 15.9248 0.112
54212.530533 0.0679841104655 15.8915 0.094
54212.542605 0.0733159550775 15.9045 0.095
54212.554666 0.0786429413139 15.896 0.095
53834.483188 0.0956764004915 15.9543 0.086
53834.49838 0.10238625663 16.0217 0.088
53834.511008 0.107963669963 15.922 0.085
53834.523624 0.11353578325 15.8765 0.084
54923.582375 0.118508549854 15.8056 0.083
54923.595386 0.124255122935 15.8358 0.084
54296.441452 0.128950078882 15.8511 0.09
54923.608342 0.129977404144 15.8308 0.084
54296.449647 0.132569567499 15.8639 0.091
54923.621288 0.135695268651 15.9353 0.508
54296.457833 0.136185081082 15.8686 0.091
55736.448095 0.137205339618 15.8664 0.078
54296.466011 0.1397970613 15.8863 0.092
55736.454561 0.140061180178 15.8675 0.078
55736.461135 0.142964721137 15.893 0.078
55736.467702 0.145865170406 15.871 0.078
56422.533853 0.160950421619 15.8827 0.082
56422.543391 0.16516307353 15.8982 0.082
55274.63061 0.166109573116 15.9236 0.106
56422.553101 0.169451692744 15.8398 0.081
56422.562816 0.173742520311 15.8876 0.082
53825.623902 0.182792346029 15.8984 0.085
53825.635985 0.188129049013 15.9507 0.086
54185.641763 0.192011331494 15.9085 0.097
53825.64801 0.193440135114 15.9539 0.086
54185.653407 0.197154141188 15.836 0.095
53825.660034 0.198750779548 15.9129 0.085
55265.65057 0.199892055762 15.8836 0.079
54185.665014 0.20228060908 15.8574 0.096
54185.676622 0.207407518642 15.817 0.095
55299.656814 0.219442152666 15.9647 0.08
54527.609724 0.229124450342 15.9326 0.093
54260.45238 0.233643621486 15.8683 0.098
54527.623296 0.235118800493 15.913 0.092
54260.46221 0.237985241142 15.8523 0.098
54887.628295 0.238657021764 15.8768 0.085
54527.636797 0.24108179205 15.9642 0.094
54260.472041 0.242327302472 16.016 0.103
54260.481904 0.246683497252 15.948 0.101
54527.650326 0.247057150379 15.978 0.094
54912.610642 0.272619264247 15.9664 0.081
54174.513594 0.27702890114 15.9195 0.095
54912.621767 0.277532847023 15.9331 0.08
54509.607435 0.278046951325 15.9694 0.095
54174.521779 0.280643973055 15.8739 0.094
54912.63287 0.282436713054 15.9406 0.08
54509.620976 0.284027609697 15.937 0.094
54174.529949 0.284252419913 15.9895 0.097
54174.538127 0.287864400132 15.9392 0.096
54509.634679 0.290079818669 15.9097 0.093
54509.648208 0.296055176994 15.9174 0.093
53882.495136 0.301130852793 15.9714 0.101
53882.504212 0.305139453 15.8922 0.098
53882.513398 0.309196636946 15.9547 0.1
53882.522471 0.313203912138 15.9308 0.1
54661.410614 0.325011969267 15.8946 0.085
54661.417104 0.327878409916 15.8608 0.084
54661.423593 0.330744408894 15.8276 0.084
54661.430073 0.333606432842 15.8404 0.084
54817.672775 0.341377181188 15.6065 0.093
54817.681174 0.345086770558 15.8169 0.1
55381.453159 0.346463457076 15.939 0.091
54817.689604 0.34881005171 15.9073 0.103
54534.682158 0.352808935169 15.8488 0.104
54534.692002 0.357156738213 15.9163 0.106
55381.480457 0.358520174617 15.9211 0.091
54534.701995 0.36157035014 15.954 0.108
54953.575861 0.365742368376 15.9289 0.099
54534.711996 0.365987495428 15.9012 0.106
56008.666158 0.36785576106 15.89 0.086
54953.586455 0.370421424191 15.9021 0.098
56008.676032 0.372216814215 15.8906 0.086
54953.597071 0.375110196753 15.9121 0.099
54122.663874 0.376544300419 15.8462 0.094
56008.685993 0.376616292689 15.8565 0.085
54953.607811 0.379853736443 15.9032 0.098
56008.695929 0.381004729406 15.8403 0.084
54240.457502 0.40249861757 15.8853 0.095
54240.466327 0.406396358517 15.876 0.095
53588.398258 0.407256290711 15.9959 0.102
54867.635989 0.408647994022 15.9023 0.087
54240.475354 0.410383316874 15.9014 0.095
53588.406219 0.410772428461 15.9878 0.102
53588.41425 0.41431948314 15.8664 0.098
54240.484346 0.414354816767 15.893 0.095
54867.649174 0.414471417743 15.898 0.086
53588.42188 0.417689428002 15.9876 0.103
54867.662285 0.420262157859 15.8125 0.084
54867.675414 0.426060848041 15.9037 0.086
53769.610332 0.443258608595 15.9464 0.089
53769.624375 0.44946098549 15.9459 0.089
54197.635533 0.489304068844 16.0821 0.12
54197.645872 0.493870498717 16.0516 0.119
54197.656203 0.498433395225 16.277 0.13
54197.666613 0.503031183694 16.4134 0.138
56056.540376 0.512478954406 16.4301 0.103
56115.41362 0.51504594255 16.3529 0.087
56056.54986 0.516667756119 16.2891 0.098
56056.559312 0.52084242438 16.3089 0.099
55060.370157 0.5336177396 16.1365 0.093
55060.374913 0.535718323843 16.1999 0.095
55060.379677 0.537822441446 16.0622 0.092
55060.38444 0.539926117382 16.0986 0.093
53860.449347 0.564159245133 15.9526 0.08
53860.46079 0.569213279083 15.975 0.08
53860.472324 0.57430750504 15.7728 0.077
53860.483828 0.579388480882 15.9585 0.08
56029.547687 0.590608233088 15.857 0.071
56029.563637 0.597652875362 15.9079 0.072
56029.579613 0.604709001066 15.8702 0.071
56029.595628 0.611782351913 15.8335 0.071
54974.513701 0.613365740161 15.8562 0.08
54974.521555 0.616834619182 15.9279 0.085
54974.529434 0.620314539963 15.9138 0.082
53817.562541 0.622328115145 15.9072 0.097
54974.537321 0.623797994111 15.9035 0.081
53817.571456 0.626265606421 15.9269 0.097
54829.640184 0.627027046127 15.886 0.083
53817.580644 0.630323673708 15.8521 0.095
54829.649519 0.631150038954 15.8463 0.082
53817.589667 0.634308865384 15.9172 0.097
54829.658821 0.635258456661 15.8266 0.082
53944.385676 0.636348057444 15.9558 0.093
54829.668536 0.639549284228 15.9015 0.083
53944.393869 0.639966662721 15.8899 0.092
53944.402045 0.643577759601 15.9841 0.094
53944.410232 0.647193714855 15.9119 0.093
54897.651627 0.665665694402 15.8154 0.084
54897.655921 0.667562226936 15.8409 0.084
54897.660279 0.669487026376 15.8208 0.084
53876.53677 0.669497184792 15.86 0.097
54897.664604 0.671397250689 15.8612 0.085
53876.545352 0.67328759984 15.8708 0.097
53876.553931 0.677076689876 15.9565 0.1
55701.450996 0.6800239562 15.8363 0.08
53876.56252 0.680870196613 15.9543 0.1
55701.463699 0.685634494808 15.8818 0.081
55701.476593 0.691329392455 15.9304 0.082
53960.36745 0.695023965033 15.9449 0.093
55701.489437 0.697002206583 15.7876 0.079
53960.375637 0.698639920286 15.9315 0.093
53960.383813 0.702251017167 15.922 0.093
53960.391978 0.705857255672 15.9679 0.094
55633.619079 0.720676621326 15.9324 0.093
55006.476685 0.730468453253 15.9672 0.104
55006.484319 0.733840164797 15.9578 0.103
55006.491954 0.737212318008 16.0106 0.106
55633.658484 0.738080641941 16.038 0.095
55006.499598 0.740588446257 15.9587 0.104
54150.68517 0.752720247758 15.9074 0.114
54150.694331 0.756766389945 15.9497 0.116
54150.703465 0.760800607031 15.9595 0.117
54150.712694 0.764876782803 16.046 0.133
56075.436226 0.858215863738 15.8646 0.088
56075.444628 0.861926778119 15.8941 0.088
56075.45315 0.865690692946 15.9284 0.09
56385.64053 0.866263097733 15.6928 0.074
56075.461437 0.869350815234 15.9462 0.09
56385.654631 0.872491091507 15.6825 0.075
56385.668797 0.878747793855 15.8021 0.076
56385.683075 0.885053963285 15.7829 0.076
53847.605648 0.891478058698 15.8879 0.078
53847.626322 0.900609151761 15.8104 0.077
55681.5786 0.902975621563 15.8778 0.083
53847.647042 0.909760561662 15.9188 0.079
55681.610582 0.91710112308 15.9758 0.085
53847.667823 0.918938913457 15.9194 0.079
54943.527653 0.927746703813 15.8685 0.079
54943.535556 0.931237224686 15.8185 0.078
54943.543459 0.934727745555 15.8675 0.079
54087.703314 0.935501110358 15.9088 0.115
56392.59111 0.936128282273 15.8674 0.076
55654.485326 0.936679486885 15.8961 0.082
54943.55139 0.938230633196 15.9276 0.08
54087.712062 0.939364842685 15.9303 0.116
56392.605277 0.942385426292 15.8676 0.076
54087.72082 0.943232991717 15.9626 0.117
54087.729548 0.947087890636 15.9797 0.117
55654.512004 0.9484623688 15.9496 0.083
56392.619839 0.948817030102 15.8935 0.076
56392.634084 0.955108624407 15.9015 0.077
55328.492647 0.955374951636 15.9024 0.091
55328.521088 0.967936498402 15.9326 0.092
55362.533532 0.990224951549 16.3262 0.122
