54511.505047 0.00151211801401 15.5517 0.082
54085.688113 0.00426525352738 15.4996 0.093
54867.450567 0.00492285542676 15.531 0.078
56400.40562 0.00791686740101 15.6146 0.075
55962.575403 0.00794342792766 15.575 0.073
54511.513695 0.00943264893386 15.5901 0.083
54085.696786 0.0122086814503 15.5856 0.095
54868.550903 0.0126986772946 15.5717 0.073
54867.461539 0.0149718916495 15.5771 0.078
55962.586173 0.0178074563719 15.623 0.073
56400.416426 0.0178138675326 15.5569 0.075
54201.439874 0.0189971845935 15.5994 0.095
54868.558257 0.0194340593851 15.5429 0.072
54085.705377 0.0200770072013 15.511 0.093
54867.47267 0.0251665528007 15.5897 0.079
54868.565757 0.0263031599723 15.6363 0.074
54201.448602 0.0269909859111 15.5896 0.091
55962.596888 0.0276211114082 15.6292 0.074
56400.427377 0.0278436702672 15.602 0.075
54085.714229 0.0281843776538 15.5713 0.095
54868.573327 0.0332363721666 15.55 0.073
54201.45734 0.0349939460393 15.627 0.088
56400.438093 0.0376582411839 15.6261 0.076
54201.466068 0.0429877473635 15.6092 0.087
53610.787305 0.0520760253775 15.5417 0.101
53610.796397 0.0604032070498 15.4532 0.1
53610.805504 0.068744126928 15.5201 0.1
55119.742361 0.0739509051673 15.5357 0.083
53610.814656 0.0771262614037 15.674 0.104
55119.748582 0.0796485951376 15.5729 0.084
55329.385033 0.0814977570144 15.5416 0.081
55119.754819 0.0853609391874 15.5445 0.084
54153.474495 0.0884621091331 15.6234 0.096
55119.761141 0.0911511330436 15.5702 0.084
55329.400928 0.0960556708631 15.578 0.082
54153.483058 0.0963047902399 15.5273 0.093
53633.767105 0.0988170492957 15.5966 0.098
54153.491611 0.10413831255 15.556 0.094
53633.773681 0.104839876691 15.6613 0.1
54119.650472 0.10971327459 15.5924 0.095
53633.780264 0.110869115248 15.6764 0.1
54153.500149 0.11195809666 15.5605 0.095
53633.786992 0.117031156415 15.6678 0.1
54119.659215 0.117720814113 15.6171 0.096
54119.667974 0.125743007723 15.6171 0.096
54119.676688 0.133723986721 15.6426 0.098
54819.587361 0.167965995209 15.5934 0.078
54819.599252 0.178856725222 15.5556 0.077
53713.565735 0.184792544006 15.7232 0.087
54855.641077 0.188846229236 15.62 0.079
54819.611299 0.189890332522 15.6099 0.078
54129.570089 0.194892869514 15.8013 0.101
53713.577409 0.195484528042 15.7493 0.087
54855.653908 0.200597886521 15.6922 0.08
54819.623441 0.201010948439 15.6647 0.08
54129.578671 0.202752952348 15.8117 0.102
53713.589043 0.206139876875 15.7971 0.088
54129.587254 0.210613951056 15.9607 0.107
54855.666765 0.21237335669 15.7744 0.089
53713.600736 0.216849262631 15.9794 0.093
54129.595868 0.218503342049 16.0609 0.111
54855.679635 0.224160733296 16.0077 0.089
54415.711584 0.266187722447 16.0652 0.093
54912.505565 0.269897952647 16.0133 0.087
54415.72246 0.27614883418 15.9855 0.091
53876.358466 0.283411763201 15.7805 0.093
54415.733323 0.286098039473 15.8465 0.087
53806.484464 0.287205338489 15.8057 0.092
53876.363752 0.288253105295 15.7491 0.092
53876.369047 0.293102690312 15.8092 0.094
55591.659882 0.293807002092 15.8643 0.08
53806.493151 0.29516158873 15.773 0.092
53876.374341 0.297951359449 15.7175 0.092
53806.501835 0.303115091331 15.7268 0.09
53806.510393 0.310953193036 15.7102 0.09
54379.757643 0.336689423237 15.7253 0.106
55543.669906 0.340744024349 15.6336 0.092
54379.76476 0.343207741755 15.6655 0.102
54379.771868 0.349717817357 15.6354 0.096
54379.779339 0.356560357419 15.6066 0.094
55543.704467 0.372397755736 15.6307 0.092
54735.752879 0.385634054625 15.5526 0.084
54735.76157 0.393593968388 15.6207 0.085
54472.633193 0.399555431817 15.6208 0.085
54735.770428 0.401706834123 15.5861 0.085
55647.468591 0.407891772286 15.6271 0.081
54735.779282 0.409816036336 15.5607 0.084
54472.644672 0.410068819237 15.6026 0.084
53851.389277 0.414628986147 15.5274 0.076
54472.656186 0.420614262457 15.4921 0.082
54378.758308 0.421418405163 15.6327 0.094
53851.399619 0.424101017918 15.5283 0.076
56004.520063 0.424221914089 15.5586 0.071
54378.766265 0.428706062947 15.6162 0.094
54472.667681 0.431142303956 15.5843 0.084
55647.495243 0.432301808134 15.5231 0.079
53851.409973 0.433584040247 15.5372 0.077
56004.531282 0.434497172687 15.5683 0.072
54378.774674 0.436407698528 15.6391 0.094
53711.663667 0.442726355188 15.5818 0.084
53851.420345 0.443083548417 15.5501 0.077
54378.783084 0.444110249988 15.6651 0.095
56004.542584 0.444848449332 15.5312 0.072
53676.735757 0.452949408624 15.4907 0.109
56004.553892 0.455205221258 15.5968 0.073
53676.741078 0.457822806518 15.5062 0.116
54055.611987 0.458140616903 15.5607 0.092
53676.746345 0.462646746891 15.6996 0.404
53711.685454 0.462680634453 15.5116 0.088
54898.52317 0.463700924862 15.5787 0.104
54055.618969 0.464535291615 15.5593 0.092
54769.68946 0.467472519025 15.5764 0.09
53676.751641 0.467497247788 15.586 0.195
56003.478417 0.470199094016 15.6014 0.072
54055.626061 0.471030713131 15.5855 0.093
54898.531225 0.471078338891 15.6252 0.106
53711.696328 0.472639914424 15.4779 0.082
54769.698566 0.475812523017 15.5587 0.089
53734.629222 0.476420667392 15.5777 0.094
54055.633045 0.477427219597 15.5816 0.092
54898.539284 0.478459416442 15.5916 0.105
53745.550518 0.479018103288 15.574 0.096
56003.489709 0.480541211863 15.5789 0.072
54769.707662 0.48414336821 15.5778 0.089
53734.637859 0.484331123628 15.5144 0.093
54898.547363 0.485858811595 15.5606 0.104
56003.501219 0.491082991562 15.3207 0.148
53734.646495 0.492240663983 15.5994 0.095
54769.716753 0.492469634002 15.5787 0.09
54956.424449 0.494328870559 15.5356 0.08
54956.429838 0.4992645483 15.4927 0.079
53734.65512 0.500140129661 15.57 0.094
56003.51256 0.501469987534 15.4222 0.272
54956.435244 0.504215796007 15.571 0.081
54956.440591 0.509113006784 15.6161 0.082
54172.506051 0.519085109075 15.5617 0.084
54242.39121 0.525510007829 15.52 0.106
54172.514704 0.527010219397 15.5917 0.085
54242.398087 0.531808515127 15.4995 0.117
54137.581453 0.532341557331 15.9752 0.12
54172.523379 0.534955479074 15.5445 0.084
54242.404975 0.538117097103 15.6139 0.119
54137.591821 0.541837401985 15.5511 0.098
54172.532018 0.54286776707 15.5788 0.085
54242.411935 0.544491622447 15.6207 0.102
54137.602122 0.551271882667 15.5794 0.1
56242.69468 0.563608787326 15.5278 0.07
56242.707578 0.575421808577 15.5043 0.069
56037.441152 0.575991485984 15.5859 0.072
55101.733076 0.579605548771 15.5065 0.081
56037.452374 0.586269492224 15.6101 0.073
56242.720501 0.587257726831 15.5338 0.07
55101.746152 0.591581596678 15.4751 0.085
56037.463748 0.596686712236 15.6279 0.073
56242.733353 0.599028617598 15.5252 0.07
55101.75914 0.603477047137 15.5643 0.136
56037.47501 0.607001353679 15.6678 0.074
55101.772133 0.615377076992 15.4191 0.142
53756.622083 0.619243922685 15.5551 0.077
53756.634819 0.63090857136 15.608 0.079
55206.612285 0.636383702472 15.6668 0.077
55299.420859 0.637907726918 15.5429 0.08
53756.647548 0.642566808879 15.6008 0.078
54527.496067 0.647368768129 15.6437 0.083
53756.660329 0.654272672158 15.6033 0.079
54527.505999 0.656465289068 15.6032 0.082
54527.515811 0.665451904393 15.6599 0.084
55206.648266 0.669337983565 15.6419 0.075
54527.52563 0.674444930881 15.6487 0.084
55574.620602 0.687869901075 15.6177 0.081
55526.603253 0.709736537944 15.7244 0.095
55574.647539 0.71254096274 15.6919 0.083
54444.603536 0.727750983205 15.7694 0.099
55263.491431 0.730860396071 15.7537 0.085
55526.626825 0.731325663148 15.6553 0.121
54444.612437 0.735903231783 15.8249 0.101
54444.621444 0.744152563643 15.746 0.098
54005.700741 0.745424721075 15.8281 0.1
55298.450602 0.749268669761 15.785 0.085
54444.630296 0.752259934102 15.8174 0.101
55883.685025 0.753817846111 15.8426 0.098
54005.710029 0.753931415244 15.8407 0.1
54227.356541 0.755556186502 15.7337 0.102
55918.627068 0.756538925827 15.8042 0.077
54836.608529 0.757314676249 15.7554 0.079
55883.693635 0.76170357359 15.8199 0.097
54227.363394 0.761832712678 15.769 0.103
54005.718842 0.762003066374 15.7522 0.097
55918.637586 0.766172152486 15.8003 0.077
54227.370235 0.768098248296 15.7824 0.104
54836.621425 0.769125865739 15.7342 0.079
55883.70259 0.769905279689 15.7952 0.096
54005.727761 0.770171800793 15.7154 0.096
54227.377091 0.774377522113 15.7745 0.106
56368.487734 0.774960937723 15.7282 0.078
55918.648177 0.775872238401 15.7825 0.077
55883.711478 0.778045621822 15.7972 0.096
54836.634377 0.780988344518 15.69 0.078
54882.492331 0.78137484591 15.6834 0.08
56368.498408 0.784737041676 15.7906 0.079
55918.65876 0.785564997266 15.7331 0.076
54882.500382 0.788748596418 15.7031 0.08
54929.452498 0.791256276073 15.6397 0.107
54836.647307 0.792830673928 15.6394 0.077
56368.50928 0.794694489887 15.713 0.078
54882.508443 0.79613150573 15.6528 0.079
54929.460537 0.798619036023 15.6193 0.106
54882.516538 0.803545554968 15.6399 0.079
56368.520213 0.804707806788 15.6873 0.078
54929.468578 0.805983627734 15.6091 0.106
54929.476625 0.813353714727 15.5513 0.104
56274.63439 0.816552883837 15.6481 0.071
56274.642915 0.824360761502 15.65 0.071
55297.449331 0.832224507861 15.4841 0.197
56274.651534 0.832254731898 15.6086 0.072
53823.457959 0.832891268554 15.6713 0.082
55677.413423 0.833766849908 15.5901 0.079
54940.418561 0.834854915441 15.6182 0.078
56274.66001 0.840017731444 15.622 0.071
53823.466699 0.840896060436 15.3791 0.074
54940.427071 0.842649054908 15.5955 0.078
53823.475416 0.848879787083 15.7246 0.083
54940.435597 0.85045784846 15.5905 0.078
54501.519305 0.855769952913 15.6381 0.078
54110.639807 0.857024708618 15.5678 0.084
55677.438877 0.857079661424 15.6563 0.084
53823.484757 0.857435022892 15.5169 0.079
54940.444234 0.858368304696 15.5849 0.078
54501.525892 0.861802854985 15.6157 0.078
54501.53245 0.86780919654 15.6121 0.078
54110.651942 0.868138913366 15.5782 0.084
54501.53907 0.873872322658 15.5995 0.078
55619.592771 0.876983567289 15.8131 0.088
54110.664077 0.879253118121 15.6167 0.085
54110.67622 0.890374649912 15.5479 0.084
55214.542566 0.899570085894 15.5817 0.079
55180.695465 0.899684570904 15.5022 0.072
55180.703331 0.9068888836 15.5936 0.074
55180.711247 0.914138990302 15.559 0.073
56068.382575 0.914624406748 15.6333 0.081
56068.387307 0.918958351273 15.6258 0.08
55180.719179 0.921403751084 15.56 0.073
55214.568371 0.923204371319 15.5906 0.079
56068.392109 0.923356407412 15.6071 0.08
56068.396869 0.927715996581 15.6164 0.081
54927.463466 0.969541492122 15.5896 0.078
54927.468784 0.974412142375 15.6182 0.079
54927.474112 0.979291951438 15.4587 0.076
54927.479439 0.984170844614 15.5631 0.078
54511.487683 0.985608776335 15.4834 0.081
54511.496361 0.993556783653 15.558 0.082
55962.564647 0.998092221802 15.5927 0.073
