53860.515986 0.000924426935812 15.7632 0.076
56008.746207 0.00566383971278 15.7327 0.083
54226.675472 0.0101181058885 15.7759 0.092
53769.633613 0.01058951763 15.8433 0.112
54210.58742 0.0145240810919 15.754 0.091
53944.451038 0.0154117149172 15.7949 0.09
53860.529391 0.0317501563544 15.7669 0.077
56008.757554 0.0317570550788 15.7396 0.083
56046.591723 0.0340589241558 15.7347 0.076
54226.68645 0.0353627800819 15.7929 0.093
54210.598376 0.0397181647554 15.7711 0.091
55386.474288 0.048125390913 15.6802 0.088
56046.603076 0.0601659369269 15.792 0.077
53860.542715 0.0623896206624 15.7672 0.077
54210.609292 0.0648202656405 15.7751 0.091
53826.631924 0.0821682181042 15.7596 0.082
56046.61446 0.0863442363438 15.7657 0.078
54210.620157 0.0898050884737 15.7909 0.092
53587.46047 0.0907824055215 15.7865 0.096
53587.468513 0.109277843179 15.7984 0.097
53826.644018 0.109979211881 15.7937 0.082
56046.625822 0.112471945248 15.7805 0.078
53924.491558 0.117199860182 15.8115 0.089
53587.476186 0.126922440111 15.8355 0.098
53826.655562 0.136525442429 15.7926 0.082
53924.50029 0.13727970124 15.7631 0.088
53587.48405 0.145006254819 15.8222 0.098
54887.727618 0.145484565275 15.7316 0.082
53924.509016 0.157345744877 15.7981 0.089
53826.66716 0.163195849723 15.8167 0.083
53904.508262 0.164221457742 15.8096 0.088
53834.496644 0.16763861804 15.7652 0.082
54662.477853 0.167990452172 15.7779 0.083
53924.517748 0.177425585919 15.8263 0.09
54174.565533 0.179690661902 15.7842 0.091
54662.484425 0.183103223074 15.8122 0.084
53904.519778 0.190703300338 15.809 0.088
54174.570732 0.191646123838 15.8026 0.091
53834.509265 0.196661484963 15.8683 0.084
54662.490991 0.198202196538 15.8318 0.086
54174.575914 0.203562493095 15.8309 0.092
54662.497552 0.213289672167 15.8862 0.088
54622.490982 0.215400676992 15.8193 0.082
54174.581136 0.215570845131 15.8283 0.092
53904.531299 0.217196640785 15.8615 0.089
54527.694302 0.223844696273 15.8745 0.083
56033.628558 0.224359799829 15.8482 0.072
53834.521883 0.225677453176 15.796 0.083
55043.448061 0.235469020198 15.8677 0.104
54197.637664 0.235659884465 15.83 0.109
54622.500817 0.23801694322 15.8074 0.081
53904.542829 0.243710677349 15.885 0.09
54336.363598 0.24558942566 15.9361 0.109
55043.453093 0.247040454011 15.7862 0.101
56033.639845 0.250315041011 15.8642 0.072
53834.534564 0.254838294266 15.8846 0.085
54527.707956 0.255243018495 15.8635 0.083
54336.368736 0.257404613841 15.96 0.11
54595.548192 0.258581993447 15.8387 0.092
55043.458154 0.258678575362 15.9274 0.107
54197.647986 0.259396041061 15.9005 0.112
54622.510659 0.260649306441 15.87 0.083
54336.373902 0.26928418999 15.9887 0.111
55043.4632 0.270282203159 15.9012 0.106
56033.651225 0.276484142163 15.8967 0.072
54336.379055 0.281133871726 15.9675 0.11
54595.558518 0.282327348308 15.8867 0.094
54622.520469 0.283208083445 15.8928 0.083
54197.658372 0.283279370089 15.8734 0.111
54527.721903 0.287315114597 15.8911 0.084
54938.672824 0.297527502846 15.855 0.078
56033.662488 0.302384193675 15.9408 0.073
53889.349473 0.305532304349 15.856 0.086
54595.568879 0.306153188112 15.9102 0.094
54197.668755 0.307155800423 15.9086 0.112
55265.695937 0.309910684704 15.9097 0.08
53817.599361 0.311161650532 15.9054 0.096
54153.750522 0.314125795648 15.9265 0.095
54527.735138 0.317749917199 15.9185 0.084
54938.686693 0.329420232532 15.8519 0.078
54595.579264 0.330034217586 15.9143 0.098
53889.360339 0.330519426753 15.8892 0.086
53817.608419 0.33199115124 15.917 0.097
56061.508018 0.335116266228 16.0077 0.082
54153.759944 0.33579233966 15.976 0.097
53881.540569 0.348414676758 15.9559 0.1
54612.548395 0.351730656008 15.8293 0.119
53817.617514 0.352905736033 15.9246 0.097
53889.371215 0.355529544859 15.9453 0.088
54153.769389 0.35751177379 15.9585 0.097
56061.517892 0.357822215681 15.9568 0.081
54938.700506 0.361184186314 15.9161 0.079
54612.555427 0.36790122888 16.0037 0.087
53881.550854 0.372065749286 15.9975 0.101
53817.626663 0.373944497588 15.9662 0.098
54153.778855 0.379279498862 15.9878 0.098
56061.527761 0.380516667266 16.0265 0.083
53889.382083 0.380521266403 15.9857 0.089
54612.565977 0.39216168732 16.0472 0.088
54938.714419 0.39317809706 15.9166 0.079
53881.561163 0.395772011468 15.9818 0.101
54845.655433 0.397570274836 15.9886 0.102
56061.537674 0.403312299927 16.0623 0.084
54612.57245 0.40704680083 16.0488 0.088
55741.48352 0.416534824676 15.9419 0.089
54845.664318 0.418001950033 16.0768 0.105
53881.571447 0.419420784426 16.0237 0.103
55741.487755 0.426273501597 16.0057 0.091
55741.492087 0.436235236752 15.9558 0.094
54845.673205 0.438438224354 15.9744 0.101
55741.496325 0.445980812384 16.0242 0.119
55360.558725 0.453486607305 15.932 0.091
54845.68213 0.45896188233 16.0421 0.103
54912.656851 0.471988943661 15.9693 0.088
56418.595169 0.481844898627 15.8999 0.107
54912.669169 0.500315041018 15.9807 0.089
55360.580247 0.502977942516 16.009 0.094
55701.514045 0.503948360867 16.0789 0.086
54296.470469 0.508565896456 16.1 0.097
55299.70437 0.514666654393 15.9515 0.08
56418.610165 0.516329243153 16.0081 0.073
55360.587405 0.519438261146 16.0204 0.094
56391.651514 0.523037087443 16.1001 0.088
53875.528616 0.523510798778 16.1092 0.105
54296.478666 0.527415467823 16.0998 0.097
54912.681554 0.528795209534 15.9907 0.089
55701.525395 0.53004847491 16.0497 0.086
53875.537204 0.543259501814 16.0702 0.103
56011.589838 0.544791015113 16.1081 0.089
54296.48685 0.546235144775 16.133 0.099
56418.625302 0.551137826991 16.0621 0.074
56391.665044 0.554150263065 16.0298 0.086
55701.537096 0.556955737878 16.1153 0.088
54912.693945 0.557289175456 16.0118 0.089
53875.545767 0.562950715625 16.1394 0.106
54296.495051 0.565093914407 16.0905 0.098
56011.603264 0.575665035491 16.0513 0.083
53875.554323 0.582625832428 16.1708 0.107
55701.548555 0.583306505017 16.1297 0.088
54246.494174 0.584601162653 16.1629 0.122
56418.640379 0.585808436645 16.0178 0.074
56391.678993 0.586226958308 16.0812 0.088
56116.417782 0.603935943176 16.1699 0.095
54246.502758 0.604340667424 16.2103 0.124
56011.616794 0.606778211114 16.0133 0.083
56116.423499 0.617082582125 16.0844 0.092
56391.692701 0.617749457293 16.0645 0.087
54246.511333 0.624059476063 16.1054 0.119
55664.604623 0.62816650722 16.1541 0.098
56116.429138 0.630049854658 16.0515 0.085
56011.630342 0.637932778968 16.0942 0.085
56116.434802 0.643074616431 16.0326 0.089
54246.519891 0.643739192023 16.1676 0.122
56076.433038 0.656237352366 16.0676 0.086
55664.617661 0.658148294623 16.0924 0.096
54344.372534 0.662694543578 16.1208 0.115
54954.488755 0.667360370127 16.0997 0.106
54185.649348 0.667693807709 16.0712 0.102
54344.377646 0.674449942964 16.1031 0.115
54334.377494 0.678405202539 15.9871 0.099
56076.445718 0.685395893886 16.0017 0.084
54344.382733 0.68614785311 16.0776 0.114
54954.497785 0.6881254829 16.0964 0.106
55664.630841 0.688456620908 16.0768 0.096
54185.660987 0.694458497368 16.056 0.102
54344.387812 0.697827366711 16.0384 0.113
56368.683597 0.706715202912 15.9166 0.079
54954.506741 0.708720427522 16.0637 0.105
53556.419828 0.710668162908 16.0948 0.116
56076.458395 0.714547536696 15.9223 0.083
54334.393778 0.715851392606 15.9425 0.095
55664.64391 0.718509694974 16.153 0.098
54185.672607 0.721179495191 16.043 0.102
53556.427283 0.727811453682 16.0876 0.115
54954.51585 0.729667206299 16.034 0.104
56368.697166 0.737918061726 15.9372 0.079
56076.471096 0.743754369176 15.9057 0.082
53556.434741 0.744961643166 16.0935 0.115
54185.684241 0.747932686999 15.9744 0.098
54274.402435 0.761587530814 15.9702 0.107
53556.442234 0.762192317595 16.0978 0.114
56368.710725 0.769097924854 15.9001 0.078
55634.663123 0.7756057066 16.0609 0.088
54995.415147 0.780444000874 15.9689 0.101
54274.411394 0.782189374147 15.8886 0.104
54974.54871 0.796621472458 15.9253 0.082
54995.423108 0.798750873834 15.9924 0.102
56368.724421 0.800592829012 15.8875 0.077
54274.420331 0.802740626949 15.8716 0.104
54125.697645 0.804584881702 15.9045 0.092
54240.502765 0.806939640885 16.0254 0.099
54095.693206 0.807291475036 15.9343 0.116
54590.571457 0.814233875406 15.805 0.082
54995.431119 0.817172725259 15.8868 0.098
55328.538953 0.821794860001 15.8404 0.09
54974.559897 0.822346756677 15.8473 0.08
54274.429236 0.823218293536 15.8461 0.103
54095.700935 0.825064847854 15.8813 0.112
54240.513874 0.832485558687 15.9824 0.097
54590.579781 0.833375492101 15.8097 0.082
54509.695634 0.83465635233 15.812 0.09
54995.439121 0.835573880568 15.9112 0.099
54125.711329 0.836052191017 15.8506 0.091
54095.708664 0.842838220672 15.8767 0.111
54974.571088 0.848081239177 15.8451 0.081
54590.588133 0.85258149673 15.7451 0.081
54509.704215 0.854388958374 15.7862 0.089
54240.524997 0.858063670474 15.9205 0.096
54095.716422 0.860678281012 15.885 0.112
53849.584358 0.862885867758 15.8287 0.077
54125.725032 0.867563192167 15.8651 0.091
54590.596458 0.871725412994 15.7623 0.081
54974.582238 0.873721439345 15.7745 0.079
54509.712801 0.874133062286 15.7411 0.088
55634.707611 0.877908955431 15.8659 0.085
54923.705763 0.879730214491 15.8576 0.085
53849.592337 0.881234132967 15.83 0.077
53607.374062 0.883471614112 15.9036 0.101
54240.53616 0.883733765039 15.828 0.093
54287.501979 0.884899646779 15.7865 0.11
54509.721178 0.893396556156 15.8131 0.089
54125.738914 0.89948581625 15.8102 0.09
53849.600333 0.899621490854 15.8338 0.077
55328.574395 0.90329620295 15.7677 0.088
54923.716583 0.904611556711 15.8448 0.084
53607.38387 0.906025791959 15.8898 0.101
53849.608325 0.91799965046 15.7988 0.077
53607.393684 0.928593767244 15.8448 0.099
54923.727372 0.929421612269 15.774 0.083
53607.403495 0.951154843802 15.8369 0.099
54923.73819 0.954298355331 15.7692 0.083
56008.723948 0.95447772176 15.7458 0.083
53944.425972 0.95777070531 15.7752 0.088
54226.653661 0.959962195061 15.7869 0.092
54867.645283 0.964759097084 15.7347 0.083
53860.502545 0.97001591302 15.7607 0.076
53944.434326 0.976981309096 15.7646 0.088
53769.619554 0.978259869738 15.7948 0.086
56008.735099 0.980120221481 15.7271 0.083
54226.664585 0.985082692509 15.7169 0.091
53944.442665 0.996157419328 15.7694 0.089
55386.452507 0.998038467195 15.7423 0.105
