54974.784899 0.00703369057611 15.4314 0.071
56388.742703 0.00966786414408 15.4637 0.072
55766.526898 0.010136350938 15.3879 0.072
54022.445371 0.0138224903412 15.4864 0.09
54643.722735 0.0149575061129 15.3908 0.072
53879.688848 0.0158774438361 15.5128 0.084
54346.470209 0.0200150341554 15.335 0.079
53588.54177 0.0223979284336 15.56 0.078
55473.50592 0.0262139664399 15.389 0.077
56388.751661 0.0287437952052 15.4613 0.072
54974.798146 0.035242984934 15.4127 0.071
55766.539777 0.0375619946318 15.3702 0.071
53879.699169 0.0378558636335 15.4888 0.084
54346.481099 0.0432051311913 15.1479 0.296
56388.760608 0.047796301918 15.3914 0.071
56459.671241 0.0509607173626 15.4035 0.111
53991.470879 0.0540910610493 15.4481 0.092
53879.709817 0.060530625191 15.4656 0.083
54974.811354 0.063369229345 15.4111 0.071
55766.552768 0.0652261407044 15.3689 0.071
54243.650014 0.0659011876014 15.4971 0.082
56388.769478 0.0666848382697 15.4529 0.072
53991.477739 0.0686993315479 15.4122 0.096
54015.431108 0.0770511736493 15.446 0.089
56459.685515 0.0813569933205 15.1785 0.113
53588.569902 0.0823046143781 15.5106 0.077
53991.48462 0.0833523212415 15.4308 0.118
55473.534431 0.0869277273813 15.3523 0.076
53652.440363 0.0935248734483 15.576 0.103
54243.663194 0.0939678064293 15.4769 0.082
54015.439745 0.0954435398831 15.4639 0.09
53991.491518 0.0980415121853 15.3935 0.154
54599.623211 0.105660811277 15.3399 0.068
56459.700036 0.112279252203 15.3538 0.121
53652.449535 0.113056514405 15.5653 0.103
54015.448339 0.113744338225 15.4425 0.089
56129.574525 0.114792045091 15.345 0.068
53588.587266 0.119281000512 15.4712 0.077
54243.67641 0.12211108673 15.47 0.082
54599.631188 0.122647717073 15.3328 0.068
54015.45697 0.132123927526 15.5595 0.092
53652.458691 0.132554083597 15.556 0.102
56129.586195 0.139643140817 15.3051 0.067
54599.639241 0.13979646376 15.3298 0.067
56459.714397 0.1428607934 15.3933 0.123
54589.779796 0.144251347427 15.3249 0.071
54243.689593 0.150184094017 15.4542 0.081
53652.467822 0.15199841565 15.5224 0.101
53588.604033 0.154986083809 15.4291 0.076
55823.416636 0.156008236843 15.3248 0.07
54599.647213 0.156772722125 15.3204 0.067
53668.436552 0.157177324375 15.5116 0.086
54589.788762 0.163344314362 15.336 0.071
56129.597796 0.164347302042 15.2943 0.067
55823.427932 0.180062904988 15.2916 0.069
54260.609626 0.181148942589 15.3233 0.08
53668.44804 0.181640853749 15.4765 0.086
54589.797767 0.182520331245 15.3071 0.071
56129.609411 0.189081276057 15.3193 0.067
53588.620981 0.191076603972 15.4178 0.076
54291.610175 0.19636837543 15.3669 0.089
54260.618382 0.199794717589 15.3974 0.082
54589.806735 0.201617557168 15.3134 0.071
55823.439228 0.204117573149 15.2825 0.069
53668.459494 0.206031980608 15.4626 0.085
56066.693468 0.21049325271 15.267 0.072
54291.619278 0.215753081884 15.3556 0.089
54260.627134 0.218431974645 15.3723 0.081
55823.450532 0.228189277184 15.2969 0.069
56066.702347 0.229400954422 15.276 0.072
53668.470947 0.230420977981 15.4034 0.084
54291.628391 0.2351590832 15.3245 0.087
54260.635872 0.237039418893 15.3861 0.081
53849.73923 0.238600331762 15.4551 0.075
56066.71133 0.248530122623 15.2858 0.072
53978.416107 0.254143446386 15.4408 0.087
54291.637364 0.254266956554 15.3642 0.087
53849.750832 0.263306622472 15.4752 0.075
53959.63719 0.264712082906 15.4758 0.078
56066.720344 0.267725304881 15.2619 0.072
53978.424759 0.272567754897 15.4186 0.087
53849.76257 0.288302523215 15.4742 0.075
53978.433478 0.291134738923 15.4618 0.088
53636.569382 0.296501042376 15.4967 0.091
53959.653001 0.298381378062 15.5058 0.079
54915.755911 0.305659959487 15.3263 0.074
53978.442351 0.310029663718 15.481 0.088
53849.774342 0.313370826458 15.4958 0.075
56429.741224 0.315423650476 15.3735 0.071
53636.581184 0.32163323019 15.5591 0.093
53913.645389 0.325838964032 15.5021 0.088
54915.765678 0.326458644324 15.3682 0.075
53959.668867 0.332167794929 15.5664 0.08
56429.751473 0.337248747312 15.3728 0.071
53913.654173 0.344544364631 15.4641 0.087
56156.450478 0.346744123139 15.476 0.085
53636.593048 0.346897446103 15.438 0.09
54915.775487 0.347346767535 15.4174 0.075
55380.676614 0.347553327638 15.3746 0.071
54198.701094 0.347828031251 15.4208 0.093
55145.413085 0.357280817371 15.4265 0.074
56429.76235 0.360411161043 15.4029 0.071
54198.707619 0.361722924115 15.4795 0.094
53913.662967 0.363271060062 15.4818 0.087
53959.684689 0.365860514434 15.5479 0.08
54915.785281 0.368202948468 15.4249 0.075
56156.461722 0.370688058048 15.4477 0.067
55145.41943 0.370792402841 15.4174 0.074
53636.604828 0.371982785236 15.4704 0.091
54198.714222 0.375783916842 15.5725 0.097
53945.603367 0.379889564879 15.5495 0.08
53913.671702 0.381872115867 15.5161 0.088
56429.772811 0.382687708817 15.4497 0.072
54704.474092 0.384091039746 15.4752 0.074
55145.425783 0.384321024184 15.4047 0.073
54198.720829 0.389853427499 15.4955 0.094
55380.698487 0.394131563865 15.4626 0.072
56156.473044 0.394798092819 15.493 0.068
55145.432137 0.397851775029 15.4366 0.074
53970.502137 0.401459123458 15.6708 0.094
53945.617113 0.409161472487 15.661 0.082
54704.486071 0.409600146497 15.6014 0.076
56156.484447 0.419080615927 15.6161 0.069
56218.472134 0.420960951621 15.5927 0.074
53607.51316 0.4216977536 15.6514 0.088
54213.763534 0.423075530706 15.683 0.088
53970.512371 0.423252278001 15.722 0.095
54704.498123 0.435264705679 15.6394 0.076
53945.630817 0.438343941705 15.7483 0.084
55681.733 0.442760494627 15.6304 0.074
55334.700925 0.442990479054 15.6051 0.092
56218.482623 0.443297124978 15.5363 0.071
53970.522535 0.44489636857 15.7107 0.095
53607.526862 0.450875963846 15.6644 0.088
54213.777387 0.452575293277 15.698 0.088
56464.558556 0.458427119421 15.6827 0.072
54704.509849 0.460235052602 15.6024 0.076
56218.493254 0.46593568527 15.6533 0.072
54617.637139 0.466059195424 15.5907 0.075
55501.421917 0.472924656662 15.6005 0.08
53607.540528 0.479977512618 15.7152 0.09
54213.790725 0.480978370803 15.7075 0.088
56464.571307 0.485580188956 15.6547 0.072
56218.503824 0.488444346949 15.6145 0.072
54617.649936 0.49331022131 15.5986 0.075
55334.730102 0.505122477351 15.5929 0.094
53607.554263 0.509225995893 15.6527 0.088
54213.804161 0.509590137916 15.7273 0.089
56464.584303 0.51325498246 15.6004 0.071
55501.44305 0.517927073633 15.591 0.08
54617.662789 0.520680498378 15.5828 0.075
55681.770185 0.521945412761 15.599 0.073
53936.748743 0.524096193101 15.6656 0.083
54681.536073 0.537912295006 15.4984 0.074
56464.597098 0.540501749358 15.4857 0.069
55738.600413 0.541091616844 15.4466 0.072
55392.509855 0.546268396075 15.4266 0.068
54617.675634 0.548033739556 15.4566 0.072
53936.762007 0.552341688709 15.593 0.083
54681.545994 0.559038920596 15.4414 0.073
55738.615611 0.573455537399 15.4298 0.072
55392.524865 0.578231973361 15.3694 0.068
54681.555974 0.580291185842 15.4085 0.073
54760.449883 0.583726045942 15.3657 0.074
54390.411972 0.593361967808 15.4416 0.073
55715.615328 0.594686507782 15.3912 0.072
54980.696548 0.595804487667 15.3858 0.084
54681.566121 0.601899075161 15.374 0.072
55738.630759 0.605712983675 15.3364 0.07
53576.606637 0.60670532391 15.4688 0.077
54168.768771 0.607380370824 15.4754 0.095
54760.463528 0.612782875519 15.3503 0.074
54390.422809 0.616439202121 15.4357 0.073
54980.706753 0.617535887141 15.3932 0.084
54168.77598 0.622731831749 15.515 0.095
55715.630345 0.626664991456 15.3596 0.071
53576.619913 0.634976373353 15.4635 0.077
54168.783184 0.638072645258 15.4765 0.093
55738.646048 0.638270687414 15.3306 0.07
54390.433623 0.639467458251 15.3785 0.072
54980.717389 0.640185094864 15.391 0.084
54760.477172 0.641837575611 15.3535 0.075
55005.610443 0.649582514353 15.3803 0.07
54745.454592 0.651471367996 15.3598 0.073
54627.585971 0.651952631715 15.3617 0.072
54168.79039 0.653417717739 15.5138 0.094
55715.645513 0.658965027456 15.3143 0.07
54980.727739 0.662225269746 15.3567 0.083
54390.444466 0.662557469481 15.3878 0.072
53576.633149 0.663162243363 15.5052 0.078
55858.405462 0.664205691257 15.3898 0.071
54745.46121 0.665564303001 15.3787 0.075
55005.618534 0.666812181501 15.3602 0.07
54627.594679 0.670496191408 15.3647 0.072
54760.490787 0.670830520633 15.3564 0.075
55123.493013 0.678805443805 15.3016 0.08
55414.643165 0.678830997635 15.3082 0.07
54745.467805 0.679608259838 15.3211 0.073
55858.413937 0.682253080817 15.3798 0.072
55005.626409 0.683581879765 15.3649 0.07
54627.603379 0.689022715212 15.335 0.072
53576.646391 0.691360890289 15.4061 0.076
55715.660854 0.691633464431 15.3375 0.071
54745.474407 0.693667123079 15.3637 0.074
55123.50086 0.695515516486 15.2825 0.08
55858.42234 0.700147147431 15.3726 0.074
55005.634391 0.700579432992 15.3536 0.07
54627.612085 0.707562015932 15.3311 0.071
53618.450252 0.712076525186 15.3527 0.082
55123.508725 0.712263919903 15.3158 0.081
54303.593006 0.713633179083 15.4765 0.088
55858.430837 0.718241385688 15.3646 0.072
55123.516593 0.729018711779 15.3256 0.081
54382.49409 0.732347097608 15.334 0.085
55414.669165 0.734197620501 15.3135 0.07
54303.603818 0.736657176256 15.4396 0.087
53618.466093 0.745809704913 15.4127 0.084
54004.476142 0.748609978332 15.3886 0.086
54382.503195 0.751736063034 15.3242 0.085
53555.5451 0.756467779816 15.407 0.088
54303.61478 0.760000596253 15.4217 0.086
53893.656987 0.760826836622 15.3691 0.082
54004.4856 0.768750652145 15.3989 0.086
54382.512324 0.77117613613 15.3689 0.086
53555.55295 0.77318424094 15.472 0.089
53893.66558 0.779125505478 15.3996 0.083
53618.48201 0.77970472553 15.4067 0.084
54303.625368 0.782547588669 15.4498 0.087
54004.495038 0.788848736248 15.3822 0.086
53555.560817 0.78993690333 15.49 0.09
54382.521443 0.790594914348 15.353 0.086
53893.674233 0.79755194346 15.4311 0.083
53555.568728 0.806783263082 15.4345 0.088
54004.504482 0.808959597254 15.4177 0.087
54942.759426 0.809253466253 15.3889 0.069
53618.49796 0.813670019178 15.4622 0.085
53893.683274 0.816804621831 15.3812 0.082
54415.410334 0.827011245803 15.3884 0.083
54942.772833 0.837803478297 15.4028 0.069
54415.421299 0.850361054258 15.3866 0.077
54320.564607 0.854411335667 15.393 0.076
55441.494674 0.858729932253 15.4021 0.086
54942.786239 0.866351360839 15.4142 0.069
55796.514082 0.867409715131 15.3859 0.073
54415.432179 0.873529856448 15.403 0.09
55086.489955 0.881330161803 15.3818 0.074
54321.516728 0.881939194666 15.4258 0.077
54320.577946 0.88281654268 15.4576 0.078
55086.49522 0.892541902934 15.3811 0.074
55796.525965 0.892714391267 15.4317 0.073
54942.799601 0.894805546019 15.4048 0.069
54415.44305 0.896679493261 15.4254 0.079
54321.526834 0.903459775066 15.4558 0.077
55086.500491 0.903766420982 15.3856 0.074
55441.51836 0.909168925689 15.4185 0.088
53831.74001 0.909522420281 15.4744 0.075
54320.591372 0.911407014946 15.4031 0.077
55086.505759 0.914984550572 15.4092 0.075
55796.537857 0.918038232778 15.3898 0.073
56183.488608 0.924049770324 15.4731 0.068
54321.53671 0.924490573823 15.4434 0.077
54732.43463 0.925651143424 15.4602 0.073
53831.74904 0.928751674303 15.4713 0.075
54320.60473 0.939852682181 15.4452 0.077
54643.688748 0.942582682589 15.4116 0.072
55796.549846 0.943568634375 15.3992 0.073
54321.546625 0.945604422511 15.4228 0.077
56183.499145 0.946488158989 15.4219 0.068
53831.75806 0.947959633463 15.5036 0.076
54732.445802 0.949441755371 15.4432 0.073
53588.50754 0.949505639929 15.5689 0.078
54643.700131 0.966822615973 15.3852 0.072
54022.423384 0.967001492762 15.4933 0.09
53831.767183 0.967386929641 15.5414 0.076
56183.509756 0.969084129572 15.4238 0.067
54732.456952 0.973185518637 15.4405 0.073
54076.42995 0.973200425031 15.5308 0.105
54346.448309 0.973379301815 15.3285 0.076
55362.657511 0.976134856042 15.437 0.071
54974.771642 0.978803101372 15.4447 0.071
54076.43261 0.978864856459 15.5044 0.105
54022.430717 0.9826170099 15.4498 0.089
55766.514086 0.98285338279 15.3943 0.071
54076.435268 0.9845250289 15.5126 0.106
53588.524677 0.985998632863 15.5636 0.078
54076.437936 0.990206496203 15.469 0.104
54643.711434 0.990892190521 15.4257 0.073
56183.520365 0.991675841182 15.4012 0.067
53879.678832 0.994548517118 15.4712 0.083
54346.459182 0.996533197601 15.4297 0.079
54732.468116 0.996959094695 15.4646 0.073
54022.438041 0.998213361662 15.4596 0.089
