55740.45376 0.0114420498151 16.8125 0.113
55709.415755 0.0132755844369 16.9871 0.129
55709.428402 0.0222391377065 16.7789 0.105
55627.600729 0.026927514784 16.7034 0.115
53814.559146 0.0348492064848 16.8093 0.101
53814.572138 0.0440572782921 16.8489 0.103
54923.573258 0.0479015348662 16.822 0.112
54212.462584 0.0486598966941 16.8948 0.132
54178.60291 0.0506373074347 16.8871 0.162
53814.584144 0.0525665232169 16.6872 0.097
54923.586268 0.0571223641613 16.8946 0.115
54178.612841 0.0576758974207 16.9227 0.165
54212.47591 0.0581046907884 16.8043 0.127
53814.59608 0.0610261556897 16.8942 0.104
54178.622789 0.0647265361449 16.8674 0.162
54923.59925 0.0663233484726 16.8143 0.112
54212.489121 0.0674679787035 16.8606 0.13
54178.632734 0.0717750486203 16.8 0.157
54923.612201 0.0755023615563 16.7153 0.108
54868.586825 0.0763018308412 16.8667 0.117
54212.502286 0.0767986641519 16.7723 0.125
56107.403247 0.0866594941254 16.7558 0.103
54868.607173 0.0907234630047 16.8015 0.114
56107.417934 0.0970688961077 16.7714 0.105
56107.43275 0.107569726764 16.7354 0.111
56107.447632 0.118117334879 16.6984 0.102
54909.59529 0.141025531986 16.7564 0.132
54909.602934 0.146443212168 16.714 0.13
53882.457241 0.157581208501 16.7365 0.129
56392.516731 0.160661433265 16.7053 0.092
53882.466762 0.164329211245 16.6885 0.127
54943.492776 0.165847352396 16.8068 0.101
53882.476307 0.171094223975 16.7834 0.136
56392.531944 0.171443637418 16.6368 0.09
54943.502018 0.172397614066 16.704 0.098
53882.485809 0.177828760482 16.7563 0.135
54943.511273 0.178957089477 16.7511 0.099
56392.547021 0.182129451655 16.7084 0.092
54943.520514 0.185506642402 16.6823 0.097
53851.457284 0.186381239119 16.6013 0.103
53851.471188 0.196235690353 16.6873 0.107
53851.48474 0.205840661803 16.7409 0.109
54239.504852 0.214850283783 16.7608 0.127
53851.498062 0.215282620898 16.7585 0.109
54239.536636 0.237377173733 16.7981 0.13
56385.575446 0.241030067986 16.7228 0.093
54239.547666 0.245194679277 16.6115 0.146
56385.589604 0.251064541554 16.9348 0.1
54953.496562 0.256024369639 16.9686 0.141
54239.568649 0.260066367292 16.6609 0.124
56385.604799 0.261833988219 16.9663 0.103
54953.504964 0.261979281839 16.9929 0.143
56385.61998 0.272593512395 16.9777 0.104
54953.521733 0.273864300013 17.1807 0.155
54816.664353 0.276282552859 17.1105 0.162
55739.424957 0.282278572525 17.0606 0.116
54816.674477 0.283457931474 17.1279 0.163
55592.693225 0.286256073985 17.0159 0.113
55739.43126 0.286745819795 17.084 0.118
54888.642672 0.290870741127 17.0993 0.115
55739.437622 0.291254883282 17.056 0.117
55739.444002 0.295776704257 16.9464 0.112
54816.694943 0.297963196065 17.0608 0.157
55592.712424 0.299863353121 16.9578 0.11
54888.657056 0.30106539205 16.9795 0.109
54888.671485 0.3112919367 17.0454 0.112
54888.685986 0.321569511302 16.7412 0.101
54129.619832 0.333911672817 16.8794 0.155
53943.379485 0.336183214546 16.8854 0.153
53943.383001 0.338675177331 16.8462 0.15
53943.386528 0.341174936357 16.7897 0.147
53943.390057 0.343676112877 16.8097 0.149
54197.542473 0.474040636856 16.6926 0.147
54084.675943 0.479958694089 16.8847 0.132
54084.696009 0.49418045893 16.8291 0.129
53558.418431 0.495279020451 16.8398 0.142
54197.57723 0.498674638682 16.811 0.155
55945.737576 0.506217149467 16.7573 0.117
53558.435005 0.507025832497 16.826 0.172
55945.743538 0.510442713209 16.874 0.123
55945.749486 0.514658354455 16.9161 0.125
54296.401484 0.540302324133 16.9439 0.129
54296.409695 0.546121865204 16.9168 0.128
54530.626533 0.547158056782 16.9048 0.114
54530.630546 0.550002267999 16.906 0.114
54296.417891 0.551930775031 16.8833 0.128
54530.634558 0.552845770467 16.911 0.114
54530.638629 0.555731089151 16.8772 0.113
54296.426095 0.557745354859 16.9118 0.129
55714.437805 0.572650354093 16.7362 0.105
54506.686783 0.57987534516 16.8663 0.152
53908.453836 0.582651516441 16.7447 0.142
53908.464234 0.590021092381 16.7279 0.144
55714.46472 0.591726343367 16.7853 0.107
54506.704097 0.592146631742 16.7241 0.157
53908.474689 0.597431067039 16.7487 0.144
53908.485133 0.604833245451 16.8236 0.167
54622.444855 0.623335856483 16.6713 0.103
54622.467737 0.639553459548 16.7637 0.107
54622.479212 0.647686358559 16.687 0.104
54591.457198 0.660853504339 16.6727 0.105
54591.468076 0.668563279978 16.746 0.108
53740.681864 0.674372189808 16.8149 0.105
54591.479032 0.676328338071 16.6763 0.105
53740.694671 0.683449142979 16.753 0.106
54591.489927 0.684050162448 16.6876 0.105
53740.707479 0.6925268049 16.738 0.102
53740.720524 0.701772440421 16.699 0.101
55329.444934 0.709195881316 16.7386 0.14
55329.47498 0.730490964863 16.7183 0.139
56414.491057 0.734951124644 16.7908 0.083
56414.506079 0.745597957668 16.8553 0.085
55363.363069 0.748652667449 16.9101 0.12
56414.521236 0.756340471858 16.8952 0.086
55006.415413 0.762226635371 17.0201 0.15
55363.388473 0.766657736425 16.9573 0.128
56414.536367 0.767064558564 17.0874 0.091
55006.423294 0.767812289148 17.1405 0.158
55006.430924 0.773220046835 16.934 0.145
55006.438597 0.778658280745 17.2188 0.165
55662.533966 0.785837203108 17.0907 0.129
55978.60138 0.798417504409 17.0459 0.12
54536.627477 0.800323331464 16.9966 0.156
55978.608509 0.803470178661 16.9443 0.109
55662.564144 0.807225841572 16.8899 0.119
54536.637823 0.807656052435 17.0267 0.158
55978.61561 0.808503007934 16.8924 0.108
55274.559956 0.809502344542 16.8623 0.149
55978.622747 0.813561352182 16.8659 0.113
54536.648277 0.815065318343 16.9572 0.153
54536.658646 0.822414340555 16.9189 0.151
54189.577853 0.829121235835 16.8596 0.156
54189.596784 0.842538570142 16.686 0.145
54189.606252 0.849249009168 16.8044 0.153
53825.615759 0.871216695868 16.7857 0.111
53825.627815 0.879761378263 16.658 0.106
56029.511436 0.880887581011 16.7383 0.096
56077.488498 0.884600010206 16.6051 0.098
53825.639924 0.888343624377 16.8082 0.112
56029.522052 0.888411664315 16.6676 0.095
56077.501877 0.894082368019 16.7192 0.102
56029.532685 0.895947796356 16.6598 0.096
53825.651925 0.896849325554 16.7128 0.108
56077.515404 0.903669620733 16.7598 0.103
54474.713938 0.919141619465 16.7772 0.148
54474.722911 0.925501227553 16.7265 0.144
54474.732199 0.932084091695 16.7696 0.147
53876.501023 0.936115458106 16.7097 0.129
54474.741477 0.938659868346 16.7293 0.144
53876.510056 0.94251759116 16.7876 0.136
53876.519123 0.94894382169 16.7844 0.133
53876.528166 0.955353042234 16.7531 0.132
56362.609161 0.963690061067 16.6708 0.122
54855.734225 0.967029688095 16.7576 0.109
56362.621413 0.972373658339 16.6523 0.122
54855.74563 0.975112974649 16.804 0.111
56362.633501 0.980941020711 16.7439 0.145
54855.756994 0.983167202484 16.7369 0.109
56056.473326 0.990110111302 16.6866 0.11
55263.532951 0.994119506485 16.7521 0.118
55709.390262 0.995207436767 16.8306 0.113
56056.482791 0.996818424084 16.7769 0.112
55740.433971 0.997416608549 16.6726 0.108
