54859.6603619 0.0146883467801 18.572636 0.321694963843
53915.5608062 0.0175507362309 18.697141 0.371933975882
54859.6692952 0.0299604178328 19.020688 0.409145501171
53915.5695008 0.0324145900949 18.735513 0.380876377619
54587.6756373 0.0398196071574 18.678808 0.258549763387
53915.5781521 0.047204600611 18.536338 0.342345321303
55746.4560149 0.0472265438731 18.49095 0.250510553844
54587.6870814 0.0593839663612 18.631644 0.248926213541
55746.4684702 0.0685195199609 18.520503 0.2530541306
53611.4239626 0.0766270399845 18.650447 0.449295908836
54587.698524 0.0789459508299 18.58583 0.243348232215
53611.4304303 0.0876839714962 18.569629 0.430406291274
55746.4808155 0.0896247213135 18.704752 0.27848920995
53860.618437 0.090140062749 18.655212 0.219070646998
54587.709977 0.0985255653203 18.493061 0.23307832204
55746.493218 0.110827469942 18.490503 0.249610021533
53860.6305628 0.110869892218 18.532487 0.20600511865
53860.6426131 0.131470713497 18.67554 0.222070399256
53904.5185474 0.14011983299 18.677199 0.283374833442
54975.5598355 0.15207497732 18.296927 0.193089340283
53860.6546707 0.152083802422 18.616145 0.215926524791
53904.5300697 0.159817949905 18.605943 0.272747484387
54975.5689537 0.167663060635 18.700299 0.233102538984
53904.5415963 0.179523308695 18.866183 0.31455806959
55715.53317 0.18269235023 18.912972 0.274041367483
54975.5780591 0.183229378493 18.643188 0.232933153932
54190.5863071 0.190816413005 19.077184 0.495180937453
55691.5566597 0.193350997627 18.755646 0.241059835441
54927.6216129 0.198690333113 18.584414 0.188755427909
54975.5871795 0.198821220983 18.644144 0.265347827571
53904.5531264 0.199234820378 18.638278 0.279237537717
55715.5466221 0.205689625188 19.065356 0.295369142495
55363.4111856 0.208174387516 18.775934 0.243652825716
54927.6310944 0.21489955706 18.488554 0.180334856701
55691.5744584 0.22377901274 18.663658 0.257954321045
55715.5600962 0.228724495132 18.735217 0.247110791735
54927.6406818 0.231289808279 18.692226 0.198622477736
54927.6500044 0.247227363097 19.063981 0.239254679102
55715.5737047 0.251988909739 18.764361 0.250510553844
54954.564725 0.259622699748 18.566407 0.32144324685
54954.5726263 0.273130518262 18.455133 0.302660595345
55691.6102098 0.284898204282 18.628612 0.224941369187
54954.5804317 0.286474325973 18.693704 0.344470728948
54954.5881097 0.29960026328 18.656408 0.337334941979
56393.572667 0.333547582432 18.798765 0.250059061214
53889.4321368 0.348959030691 18.675858 0.263046047017
54350.3710741 0.352852144055 18.531097 0.354519463556
56393.5863174 0.356883822244 18.810005 0.251696066668
55980.6161303 0.358564120055 18.79417 0.271164898233
54285.4461946 0.359716927245 18.684895 0.287016597243
54350.3762178 0.361645646188 18.471164 0.346478163412
53889.4438333 0.368954777639 18.874207 0.291601770698
54285.4516731 0.369082678205 18.795344 0.3052278087
54350.3814435 0.370579237892 19.04136 0.473755315584
54926.552326 0.370677616373 18.700147 0.22868075635
54285.4570898 0.378342946443 18.765083 0.299949005691
55980.6281417 0.379098458501 18.893352 0.285623729705
54350.3866302 0.379446346079 18.765318 0.40571526918
56393.5996223 0.379629412008 18.403358 0.205171723693
54285.4625136 0.387615304865 18.973584 0.336329059333
53889.4555807 0.389037782705 18.323154 0.21893094293
55980.6401331 0.399598367374 18.56071 0.239754896911
56393.6133076 0.403025189726 18.784626 0.248630668505
53889.4674493 0.409327855284 18.306511 0.217276028344
56069.5610271 0.415418646384 18.72658 0.229669249834
53944.45665 0.416799910086 18.420872 0.256224694282
55980.6522215 0.420264306225 18.774442 0.267050135629
56069.5716637 0.433602632731 18.52525 0.208554511163
53944.4709323 0.441216299835 18.983784 0.345779533461
54155.6406992 0.449117762535 18.723852 0.323089617134
56069.5823274 0.451832919691 18.586804 0.215110502206
53944.482427 0.460867324116 18.490525 0.266940507621
54210.6358154 0.466702749494 18.727012 0.319944710786
56069.5929905 0.470062217824 18.584372 0.215299408819
54155.6530158 0.470173695488 18.745383 0.329317186864
53944.4939241 0.480522306205 18.386475 0.253867093632
54210.645743 0.483674569077 19.090613 0.391210229658
54172.6243334 0.483700924888 18.512909 0.293323021618
54155.6653631 0.491282240389 18.558241 0.296110051523
54210.6556947 0.500687545159 18.935615 0.358399645081
54653.4613589 0.50461823249 18.274229 0.259350144965
54155.677839 0.512610654692 18.442807 0.277705681177
54210.6656293 0.51767141424 18.624515 0.303084123825
54653.4699795 0.519355650201 18.364277 0.272747484387
54172.6454184 0.519746989389 18.90276 0.362490345936
54247.5205353 0.523434322039 18.799869 0.43695294466
56048.5686418 0.527625341543 18.572421 0.209658397985
54172.6509209 0.529153896698 18.971299 0.372029075558
54653.4785204 0.533956935454 18.206359 0.250420061678
54172.6564141 0.538544775842 18.686082 0.319202920358
54247.5308845 0.541126986986 18.086098 0.294049018961
56048.5771368 0.542148074789 18.161609 0.172387260299
54653.4870372 0.548516886893 18.253323 0.258849035926
56048.58569 0.55677033432 18.136049 0.17065101928
54247.5411922 0.55874861809 18.392033 0.347415936651
56048.5942371 0.571382126359 18.500687 0.202609895064
54247.5514976 0.576366292742 18.231776 0.318711142874
53845.6956618 0.578724083813 18.432522 0.283986989928
54595.5980907 0.583748397042 18.354274 0.258450239725
53845.7035532 0.592215044674 18.101214 0.239307186664
54595.6072189 0.599353694801 18.17325 0.232691815202
56102.4271609 0.602126450527 18.146447 0.1820337728
53845.7114223 0.605667776982 18.011563 0.22890946416
53817.6373735 0.611328446962 18.226689 0.252681562474
54595.6162438 0.614782297488 18.458421 0.270175331649
55301.645049 0.615107450448 18.150502 0.219030701335
56102.4365418 0.618163709244 18.21315 0.188335648141
53845.7192935 0.619123992352 18.394757 0.279949776456
53817.6470618 0.627891139515 18.139315 0.241625776688
54595.6253133 0.630287079475 18.255217 0.245960649035
56102.4457959 0.633984304348 18.288335 0.198069086214
55656.7214778 0.640432579992 18.146433 0.154132463066
53817.6568453 0.644616615595 18.282149 0.260802946131
56102.4549903 0.649702583849 18.23633 0.197592530095
53817.6665129 0.661144028426 18.301659 0.262211121302
54888.7060311 0.67007344469 18.786115 0.192465310447
56041.6348796 0.673925935955 18.660684 0.21369167393
55328.5896574 0.678597849214 18.201702 0.223672490539
56041.6441122 0.689709708615 18.284193 0.178677440859
54888.7231071 0.699265945019 18.65096 0.179625766407
56041.6533832 0.705558994448 18.475135 0.195375028343
53861.5656014 0.709376858864 18.340192 0.151563507705
53861.5692239 0.715569709301 18.292366 0.148671067928
54912.7155291 0.715809403805 18.129867 0.199402729078
53875.6085442 0.716664383673 18.456316 0.291839068474
56041.6626014 0.721318033666 18.393294 0.188631642843
54888.7403174 0.728687969473 18.834065 0.19314275749
53875.6162664 0.729865846203 18.687509 0.332527758568
54912.7241521 0.730550977113 18.442388 0.232884821591
53861.5794137 0.732989715621 18.355046 0.152269953392
55328.625084 0.739161789928 18.214302 0.226166667745
53861.5830275 0.739167705689 18.196145 0.142295519145
55656.7811847 0.742505270594 18.206781 0.167176890723
53875.6240918 0.743243825496 18.546944 0.30830410628
53960.4413386 0.743623075176 18.513657 0.267269805636
53875.6318262 0.756466419928 18.475781 0.296159641291
53960.4511821 0.760451223626 18.247038 0.233175265441
55273.6550887 0.764522732751 18.317421 0.302660595345
56419.5674498 0.773251790181 18.32945 0.17577345287
53960.4609904 0.77721902385 18.47557 0.26417174098
56419.5782162 0.791657604056 18.531505 0.193652602252
53960.4708491 0.794073093376 18.49742 0.268599210327
56419.5890352 0.810153447255 18.31595 0.181683164953
54529.6356345 0.816811025828 18.423051 0.221966248746
54529.6432031 0.829749979751 18.686359 0.253992862968
54529.6506829 0.842537170341 18.250072 0.203901799396
54185.7071709 0.849628451232 18.216505 0.251604274383
55395.3757612 0.853612147303 18.096958 0.258483404818
54529.6581603 0.85532018618 18.460862 0.22524576538
54185.7181458 0.868390641871 18.593334 0.304472514279
55044.4190522 0.871205344954 18.588305 0.231686540626
53830.6583004 0.871416013484 18.579551 0.305716220259
54297.4483831 0.878207526698 18.579118 0.27294236261
55044.4255234 0.88226827156 18.566291 0.229461269692
54185.7290752 0.88707524913 18.381329 0.272669655547
53830.6677809 0.887623456743 18.618058 0.310728109653
56368.7447981 0.88875550728 18.297434 0.175026125269
55044.431994 0.893330189686 18.577509 0.230577321928
55351.5300981 0.896713560086 18.594194 0.509946061867
54297.4593708 0.896991661276 18.469566 0.25726480965
53830.6772433 0.903800012835 18.717701 0.328712443106
54185.7400399 0.905820007187 18.340117 0.275674514577
56368.7575934 0.910629833581 18.338256 0.178000035226
54297.4702931 0.915664000216 18.480453 0.258649412137
55395.412562 0.916525430093 18.695584 0.357972079318
53830.6867165 0.919994971329 18.497907 0.291554390179
54185.7510014 0.924559423716 18.717922 0.332251037517
56419.658297 0.928560848461 18.138859 0.18951634318
53881.5827137 0.929880040872 18.594746 0.315150319129
56368.7705013 0.932696703294 18.649841 0.207384826303
54297.4811716 0.934261526995 18.483811 0.259854174958
53881.5913462 0.944637819124 18.719146 0.337407123453
56419.6689712 0.946808963417 18.474012 0.246160754335
56368.7833364 0.954639114968 18.259561 0.172782351978
53881.5999952 0.959423911324 18.588083 0.31455806959
56419.6797777 0.965283436748 18.43344 0.189503783409
53881.6086964 0.97429906386 18.545574 0.307914664774
54859.6425172 0.984181778815 18.893893 0.395432153562
54859.6514387 0.999433687624 18.558477 0.325931694506
