56255.608375 0.00253508012381 15.8356 0.075
53983.762847 0.00332797460656 15.9026 0.099
54757.725192 0.00556481001133 15.9053 0.1
54078.618625 0.00619403364679 15.8957 0.105
54762.675884 0.0118788689711 15.9015 0.097
53733.568074 0.0122280335441 15.8738 0.101
54773.675709 0.0196805144318 15.9316 0.07
54803.645271 0.0228957380004 15.9518 0.079
54493.51104 0.0241505480926 15.9419 0.106
56182.756641 0.0312538644366 15.9087 0.075
54048.657117 0.0322722610536 15.9823 0.091
54757.734547 0.039590168094 15.8596 0.098
53733.576718 0.0436673916417 15.9307 0.103
53983.774145 0.0444202777283 15.9345 0.1
54762.685087 0.0453513831793 15.8978 0.097
54493.518123 0.049912345141 15.8443 0.103
56255.622541 0.0540586741675 15.945 0.077
54078.632301 0.0559354336331 15.8736 0.106
55093.719495 0.0607728175164 15.8984 0.083
55269.410468 0.0718115093289 15.8976 0.081
53733.585358 0.075092201238 15.9285 0.104
54493.525424 0.076467036668 15.7933 0.103
54762.694346 0.0790275766986 15.8284 0.094
56182.770121 0.0802823868211 15.9725 0.076
53983.785138 0.0844032559427 15.8911 0.098
54916.389929 0.0899571545754 15.8322 0.086
55093.729492 0.0971332135309 15.7865 0.081
54048.675023 0.0973987240929 15.8254 0.088
54864.429707 0.103836445501 15.7457 0.08
56255.636704 0.105571356842 15.9525 0.077
54897.423334 0.105971441232 15.8291 0.086
53733.59392 0.106233314646 15.8385 0.1
55207.559084 0.110241432726 15.7671 0.077
53653.588241 0.115118825039 15.8828 0.115
53983.796013 0.123957052743 15.7475 0.094
55866.598852 0.124040706763 15.8357 0.083
55928.461509 0.126612158188 15.8758 0.084
56182.783758 0.129881938713 15.8727 0.074
54864.437185 0.131034909176 15.7109 0.08
54897.430791 0.133093525161 15.7892 0.086
55093.739406 0.133191727698 15.7114 0.079
53692.635343 0.134533828945 15.7764 0.099
54026.691146 0.139163896362 15.7729 0.092
53653.597809 0.149918891967 15.7962 0.111
54897.438246 0.160208334827 15.7413 0.083
54048.692898 0.162412436068 15.6538 0.083
53692.643217 0.163172596378 15.7122 0.098
54864.446562 0.165140284109 15.7008 0.08
55866.61018 0.165242123791 15.7714 0.082
54916.410953 0.166424191265 15.6902 0.083
55093.749223 0.168897440169 15.7077 0.079
55928.473663 0.170817845193 15.7896 0.083
54026.70177 0.177804773355 15.6434 0.077
55820.698556 0.178663136221 15.7249 0.076
56182.797246 0.178939558154 15.7504 0.072
54414.645526 0.179965229017 15.6431 0.083
53653.607381 0.184733507423 15.7296 0.108
54061.62179 0.186482967293 15.6082 0.084
54897.445706 0.187341330152 15.6961 0.083
53692.651129 0.191949574798 15.6942 0.099
54916.418524 0.193960908107 15.677 0.083
54468.53845 0.195575794153 15.6077 0.083
54864.45652 0.201358832029 15.654 0.079
55866.621503 0.206425355159 15.716 0.08
55928.485834 0.215085363441 15.7095 0.081
54026.712375 0.216376544867 15.6338 0.077
53653.617053 0.219911835943 15.6842 0.107
53692.658952 0.220402848579 15.5973 0.096
54414.658565 0.227389776731 15.6034 0.082
54468.547721 0.229295633256 15.549 0.083
55820.712653 0.229935768265 15.7121 0.075
54061.636125 0.238621236455 15.6237 0.085
54490.547206 0.244298797561 15.5721 0.096
55866.632947 0.248048679337 15.6544 0.079
54026.722975 0.254930130693 15.6241 0.077
55928.497863 0.258836409108 15.6626 0.08
55179.556769 0.262160746625 15.5895 0.074
54468.55698 0.262971826775 15.6128 0.092
54414.671625 0.274890704217 15.646 0.116
55820.726941 0.281903092277 15.627 0.073
54061.650454 0.290737682851 15.569 0.084
54468.566235 0.296633471767 15.5922 0.082
54085.574569 0.305871783841 15.3405 0.13
55179.569811 0.309596205735 15.622 0.074
54446.577775 0.321729673873 15.6025 0.086
54414.68464 0.32222796079 15.6233 0.083
54012.72075 0.327007150586 15.6016 0.091
55820.74118 0.333692196875 15.6517 0.074
53756.477375 0.336350939465 15.5872 0.083
54085.583171 0.337158382475 15.5632 0.093
54061.664776 0.342828669297 15.6014 0.084
55551.576649 0.347102297933 15.6529 0.08
54446.587237 0.356144204944 15.6087 0.086
55179.582817 0.356900728147 15.6198 0.074
54012.73184 0.367342930496 15.5639 0.09
53756.486088 0.368041259589 15.6245 0.084
54085.591772 0.368441343978 15.6181 0.095
54351.737921 0.376781284766 15.5823 0.093
54446.596916 0.391347993389 15.6625 0.088
53756.494794 0.399706119816 15.6721 0.085
54085.600424 0.399909799131 15.6471 0.096
53604.727228 0.401226440484 15.5757 0.091
54351.745059 0.402743123993 15.6381 0.094
55179.595797 0.404110685155 15.7098 0.076
55032.777222 0.405758305363 15.6657 0.091
55238.434984 0.4099264572 15.6821 0.082
54446.606745 0.427097351417 15.6717 0.088
54351.752388 0.429399655189 15.7169 0.097
53756.503554 0.431567385117 15.669 0.085
53604.736698 0.435670068585 15.5965 0.091
55032.785729 0.436699376592 15.753 0.093
55551.60157 0.4377432331 15.7523 0.083
54012.75394 0.447723519864 15.7277 0.095
54177.445759 0.453401080948 15.6881 0.114
54351.759961 0.456943646294 15.7124 0.096
53981.690935 0.467513148209 15.7076 0.095
54177.449778 0.468018709394 15.627 0.1
55032.794348 0.468047806443 15.7706 0.093
53604.746244 0.470390118636 15.6774 0.093
53718.574244 0.47770802569 15.6485 0.094
54177.45379 0.482610877915 15.7484 0.105
55621.450216 0.486400768138 15.7838 0.085
54834.568799 0.495810025375 15.8609 0.093
54177.457797 0.497184860803 15.5305 0.215
53981.699559 0.49887976372 15.7368 0.096
55032.802871 0.499047071731 15.8346 0.095
53604.755888 0.505466607488 15.7169 0.094
53718.584691 0.515705130509 15.7998 0.098
54834.575084 0.518669392063 15.8538 0.092
55505.70994 0.523885037559 15.8426 0.21
53981.708198 0.530300936184 15.8231 0.098
54834.58137 0.541532395909 15.8368 0.092
55113.649321 0.548155610977 15.8265 0.084
53718.595114 0.553614944241 15.8234 0.099
53946.797776 0.55653192308 15.8587 0.086
53981.716881 0.561882142402 15.7931 0.097
55621.471405 0.563467931391 15.8755 0.087
54834.587666 0.564431771048 15.8457 0.093
53946.804524 0.581075281315 15.8066 0.085
55113.661088 0.590953728411 15.7999 0.084
53718.605575 0.591662968908 15.8317 0.099
55487.584228 0.598300732503 15.7813 0.077
53946.811293 0.605695019295 15.8012 0.085
55505.737511 0.624164369196 15.739 0.079
53946.818038 0.630227466134 15.7229 0.083
55113.672646 0.632991685501 15.7124 0.082
55113.683934 0.674047617303 15.6832 0.081
55162.624451 0.677106444266 15.6799 0.08
55111.762533 0.685660975759 15.7052 0.081
55162.635708 0.718049625003 15.666 0.079
54711.731125 0.719129852822 15.611 0.076
55111.773917 0.727066072098 15.6166 0.079
53627.639636 0.736649911603 15.6239 0.085
55487.627155 0.7544318438 15.6033 0.074
54510.483656 0.755773945024 15.5481 0.082
55162.646968 0.759003717137 15.6175 0.078
54711.742228 0.759512915447 15.6073 0.075
53627.6518 0.780891969927 15.6372 0.086
54510.491826 0.785489303176 15.5926 0.083
54393.642291 0.788453564725 15.5431 0.092
55588.54256 0.796953539284 15.6242 0.075
54711.753548 0.800685235419 15.6126 0.076
55162.65864 0.801456307139 15.6386 0.077
53676.597254 0.801907311347 15.5005 0.098
56223.663358 0.814331749947 15.6254 0.065
54510.500003 0.815230121251 15.5621 0.082
54393.651959 0.823617344744 15.6046 0.094
53627.663893 0.824875791961 15.5613 0.084
55146.719914 0.830226011294 15.6473 0.073
53676.605965 0.833590357234 15.598 0.101
54711.764805 0.841628416157 15.6199 0.076
54510.508176 0.844956390799 15.5992 0.083
55146.725112 0.849131816878 15.6976 0.074
56299.558419 0.854591150122 15.6133 0.083
54393.661491 0.858286474948 15.6179 0.094
56223.67653 0.862240036055 15.6559 0.066
54773.632783 0.863553040267 15.665 0.067
53676.614697 0.865349782839 15.621 0.102
55588.561696 0.866553673113 15.645 0.076
55146.73032 0.868073993782 15.7037 0.075
53627.675999 0.86890689671 15.5606 0.084
54803.605849 0.87951276995 15.6874 0.074
54531.413817 0.8815059176 15.6212 0.083
56299.566113 0.882575234037 15.6835 0.085
55146.73552 0.88698707363 15.7029 0.078
54393.670723 0.891864465956 15.6223 0.095
53676.623367 0.896883706368 15.6064 0.101
54531.420503 0.905823773731 15.6911 0.085
54078.591217 0.90650755431 15.6325 0.097
56223.68975 0.910322904444 15.6741 0.066
56299.574088 0.911581351693 15.65 0.084
54773.647111 0.915665849505 15.7508 0.068
54803.619 0.927344676313 15.7527 0.075
54531.427217 0.930243469506 15.6751 0.085
54757.706549 0.937757781635 15.7736 0.095
56299.581964 0.940227393389 15.6899 0.086
54118.469802 0.950134937535 15.7446 0.102
56255.594213 0.951026034555 15.7597 0.073
54531.433932 0.954666802438 15.7785 0.087
54078.604923 0.956358068229 15.8024 0.102
56223.702978 0.958434869889 15.7473 0.067
54118.473711 0.964352481596 15.7783 0.104
54048.639299 0.967465865522 15.8338 0.088
54773.661418 0.967702279024 15.9028 0.07
54757.715864 0.971637654465 15.8759 0.099
54803.632121 0.97506746877 15.8724 0.077
54762.666699 0.978471823138 15.9157 0.097
54118.477595 0.978479097383 15.5866 0.107
55207.52355 0.980999628991 15.8537 0.078
54118.481496 0.992667544415 15.8873 0.107
54493.503827 0.997915924073 15.8897 0.104
