54511.494723 0.00313447039149 14.6709 0.068
54511.503421 0.00737915721179 14.5164 0.066
54511.512072 0.011600907692 14.6801 0.068
54511.520743 0.0158324183199 14.5341 0.066
54769.720263 0.0190630261338 14.5444 0.07
53683.673247 0.0202752360726 14.5372 0.07
54769.729507 0.0235741648955 14.5778 0.07
53683.682723 0.0248995925127 14.5219 0.069
54925.469555 0.0258424224691 14.5457 0.061
54769.738718 0.0280691994241 14.5627 0.07
53683.692112 0.0294814923243 14.5314 0.07
54925.481341 0.0315940755914 14.5674 0.062
54769.74797 0.0325842422448 14.5485 0.07
53683.701372 0.0340004392077 14.5598 0.07
54925.493089 0.0373271844436 14.567 0.062
54925.504959 0.0431198301722 14.5706 0.062
55101.734675 0.0444940585116 14.4979 0.068
55298.453503 0.0447029256015 14.5835 0.065
55101.747807 0.0509025693575 14.5708 0.065
55101.760813 0.057249591294 14.5763 0.067
55101.773754 0.0635648927609 14.5536 0.065
55214.544145 0.0963301856863 14.5618 0.064
55214.569957 0.108926628114 14.5736 0.064
54501.523918 0.137309616181 14.7328 0.065
55962.568213 0.137477978673 14.6592 0.062
54501.530482 0.140512895591 14.6007 0.064
55962.578993 0.142738696534 14.635 0.062
54501.537085 0.143735207282 14.5875 0.064
54956.454491 0.14671497938 14.556 0.066
54501.543694 0.146960447014 14.5918 0.064
55962.589771 0.147998438376 14.6323 0.062
54956.459951 0.149379498815 14.5595 0.067
54956.465412 0.152044506257 14.5577 0.067
55962.600458 0.153213771564 14.6397 0.062
55093.762489 0.154009711344 14.6079 0.066
54956.470863 0.154704633629 14.58 0.067
55093.768162 0.156778176317 14.6315 0.067
55093.773804 0.159531513064 14.5966 0.066
55093.77948 0.16230144206 14.6151 0.067
54005.741677 0.191995217528 14.5729 0.071
54005.750406 0.196255032574 14.5686 0.071
54005.759617 0.200750067102 14.7185 0.073
54005.768503 0.20508649928 14.5853 0.071
54085.688546 0.20664470634 14.5731 0.073
54085.697209 0.210872312909 14.5644 0.073
54085.705812 0.215070639045 14.5651 0.073
54085.714653 0.219385110901 14.5507 0.073
54378.758735 0.227013639803 14.7027 0.074
55206.618158 0.228391284189 14.6025 0.062
56368.490691 0.230579020569 14.6414 0.063
54378.766732 0.230916233558 14.7303 0.074
54378.775141 0.235019886293 14.7057 0.074
56368.501362 0.235786545642 14.6412 0.063
56251.700461 0.236103262328 14.5891 0.06
53823.460676 0.237550203744 14.5128 0.063
54378.783581 0.239138667254 14.5965 0.072
56368.512306 0.241127296682 14.6298 0.063
56251.711107 0.24129858722 14.6143 0.061
53823.469406 0.241810506793 14.5293 0.063
55206.65437 0.24606300173 14.5932 0.062
53823.47813 0.246067881806 14.5171 0.063
56368.523168 0.246428031134 14.6339 0.063
56251.721961 0.246595417613 14.61 0.06
53823.487467 0.25062440524 14.5136 0.065
56251.732676 0.251824415001 14.6053 0.06
54415.694583 0.251974233217 14.5734 0.066
54415.705523 0.257313032231 14.5874 0.066
54415.716464 0.262652319253 14.5809 0.066
54415.727331 0.267955493742 14.601 0.066
54415.738204 0.273261596272 14.5801 0.066
54153.475766 0.287297660007 14.5456 0.073
54153.484334 0.291478905888 14.5591 0.073
54153.492879 0.295648927603 14.5519 0.073
54153.501431 0.299822365369 14.5217 0.072
54940.419093 0.321324939607 14.5439 0.063
54940.427605 0.325478857085 14.5276 0.063
54940.436131 0.329639606667 14.5657 0.064
54940.444768 0.333854525047 14.5438 0.064
54227.378947 0.352583754238 14.5451 0.068
54819.590041 0.355874874949 14.5571 0.064
54227.389937 0.357946953615 14.5388 0.068
54444.60483 0.360383573675 14.6909 0.074
54819.601973 0.361697777125 14.5298 0.064
54227.400852 0.363273552448 14.5535 0.068
54444.613736 0.364729766 14.5893 0.072
55647.469168 0.366868213651 14.5709 0.065
54819.613994 0.367564111948 14.5574 0.064
54899.532217 0.368234145865 14.544 0.077
54227.411773 0.368603079325 14.5327 0.068
54444.622756 0.369131591146 14.5549 0.072
54899.537545 0.370834248346 14.5405 0.077
54444.631576 0.37343581485 14.5473 0.072
54899.542883 0.373439230901 14.5371 0.077
54819.626125 0.373484127566 14.5496 0.064
54899.548219 0.376043237438 14.4887 0.077
55647.495824 0.379876534171 14.5544 0.065
55526.610035 0.386738403727 14.6021 0.071
55526.633031 0.397960617816 14.6947 0.097
54110.682245 0.403750335506 14.5225 0.067
54110.695369 0.410154942293 14.525 0.067
54110.708514 0.416569797232 14.5264 0.067
54110.721829 0.423067613401 14.5307 0.068
54735.753314 0.44294658761 14.5372 0.067
54735.761994 0.447182490301 14.5384 0.067
54735.770863 0.451510626356 14.5444 0.067
53610.787733 0.451617987945 14.5309 0.076
54735.779706 0.455826074226 14.5547 0.067
53610.79686 0.456072029867 14.525 0.078
53610.80597 0.460517775663 14.5027 0.075
53610.815132 0.464988897837 14.4932 0.075
54475.573062 0.473104457947 14.5884 0.072
54475.582688 0.477802015471 14.5647 0.072
54475.59217 0.482429299955 14.5865 0.072
54475.601639 0.487050240343 14.5565 0.072
54590.372298 0.49596076422 14.535 0.063
54590.381786 0.500590976745 14.5476 0.063
54590.391058 0.505115779714 14.5417 0.063
54590.399236 0.509106702778 14.574 0.063
53879.36021 0.516926530512 14.5714 0.069
55299.422629 0.517643413122 14.574 0.065
53879.368372 0.520909645461 14.5668 0.069
53879.376547 0.524899104506 14.5583 0.069
54055.611557 0.528856843079 14.5459 0.071
53879.38473 0.528892467607 14.5653 0.069
54137.58189 0.530971378377 14.5989 0.075
54055.618531 0.532260205451 14.5677 0.072
54055.62563 0.535724568724 14.5577 0.072
54137.592244 0.536024205158 14.588 0.075
54055.632607 0.539129395114 14.5994 0.072
54137.602546 0.541051655565 14.6586 0.078
54172.509848 0.576067149794 14.5851 0.067
55180.700054 0.580169338506 14.5828 0.062
54172.518515 0.580296708393 14.596 0.068
55180.707867 0.583982138934 14.5897 0.062
54172.527169 0.584519922895 14.5833 0.068
55592.589376 0.585133347975 14.6961 0.063
55180.715773 0.587840324038 14.601 0.062
54172.535799 0.588731425224 14.5915 0.068
55180.723703 0.591710221313 14.5975 0.062
55592.625647 0.602833857941 14.5972 0.062
56004.522158 0.611306151331 14.5999 0.061
55330.356876 0.613779371933 14.5549 0.071
56004.53341 0.616797208597 14.6054 0.061
53756.624055 0.620796427787 14.5123 0.063
54129.570511 0.621360564135 14.5811 0.073
56004.544696 0.62230485811 14.5698 0.061
54129.579094 0.625549130127 14.6277 0.073
53756.636786 0.627009247738 14.5409 0.064
56004.555981 0.627812019616 14.6087 0.061
55330.388634 0.629277505308 14.5691 0.073
54129.58769 0.629744040212 14.6073 0.073
53756.649549 0.633237683918 14.5698 0.064
54129.596303 0.633947246418 14.6457 0.074
53756.662303 0.639461728032 14.5717 0.064
55883.69608 0.64730742015 14.7451 0.073
56037.44323 0.677027059999 14.7611 0.062
54242.394183 0.680127369883 14.7069 0.082
53711.667456 0.681651416442 14.6377 0.068
56037.454489 0.68252153332 14.7519 0.062
54242.401087 0.683496571748 14.7025 0.094
54242.407947 0.686844301295 14.6959 0.079
53711.678358 0.686971671179 14.3857 0.294
56037.465884 0.688082375618 14.8506 0.063
54912.486189 0.689866042018 14.6565 0.065
54242.414913 0.690243759608 14.655 0.076
53711.689238 0.692281189761 14.5908 0.068
56037.477124 0.693567576798 14.8301 0.063
54912.494268 0.693808652369 14.7709 0.066
55918.627761 0.694220042458 14.7105 0.063
54201.443678 0.695985164582 14.6786 0.072
53711.700108 0.697585828269 14.5644 0.067
54912.502308 0.697732230438 14.6283 0.065
55918.638285 0.699355830466 14.6951 0.063
54201.452385 0.700234243465 14.6472 0.072
54912.510368 0.701665568651 14.5957 0.064
54201.461129 0.704501378622 14.6189 0.069
55918.648876 0.704524314959 14.6649 0.062
54201.469866 0.708765097723 14.6013 0.068
55918.659464 0.70969133543 14.6466 0.062
55543.670375 0.712307542152 14.6015 0.071
54867.454436 0.714045335871 14.6136 0.065
54379.75807 0.714696337507 14.594 0.073
54379.765183 0.718167532881 14.5984 0.075
54867.465387 0.719389502963 14.5901 0.064
54379.772366 0.721672888757 14.6914 0.074
54867.476659 0.724890320376 14.591 0.065
54379.779766 0.725284142205 14.5599 0.072
55543.704944 0.729177463825 14.6295 0.071
54867.496802 0.73472024986 14.5929 0.064
55619.596328 0.76472098187 14.6012 0.063
56068.384333 0.776508796331 14.5893 0.065
56068.389094 0.778832198715 14.5588 0.065
54119.650907 0.780522167729 14.5551 0.073
56068.393881 0.781168289292 14.6078 0.065
56068.398634 0.783487787618 14.6161 0.065
54119.659652 0.78478979089 14.5538 0.073
54119.668407 0.78906229412 14.5614 0.073
54119.677129 0.793318693118 14.5588 0.073
56400.409766 0.807318156307 14.6159 0.063
56400.42075 0.812678427639 14.6279 0.063
54527.501025 0.814325452015 14.554 0.066
55574.621194 0.816530756655 14.5906 0.065
56400.431524 0.817936217455 14.6173 0.063
54527.510852 0.819121098992 14.5516 0.066
56400.442284 0.823187175168 14.6239 0.063
54527.520669 0.823911865894 14.5589 0.066
54527.53048 0.828699704756 14.6732 0.067
55574.648131 0.829676207208 14.7029 0.067
56281.609981 0.832165044043 14.5848 0.063
55119.746059 0.834179537856 14.6108 0.068
55119.752299 0.837224702925 14.5916 0.068
56281.623456 0.838740941366 14.6035 0.063
55119.758555 0.840277676109 14.5908 0.068
55119.765003 0.84342434668 14.6099 0.068
56281.636868 0.845286094235 14.5723 0.063
56281.650342 0.85186150355 14.5919 0.063
53851.392524 0.868493765709 14.535 0.063
53851.402858 0.873536832345 14.5254 0.063
53851.413211 0.878589171119 14.5544 0.064
53851.423583 0.883650782033 14.5408 0.063
53734.67158 0.907830075886 14.4825 0.071
53734.68021 0.912041578214 14.459 0.071
53734.68888 0.916272600835 14.4992 0.072
53734.697562 0.920509479541 14.4888 0.072
54855.645871 0.951380328429 14.5141 0.063
53806.484037 0.952827757851 14.5769 0.069
53806.49271 0.957060244491 14.5606 0.068
54855.658721 0.957651221238 14.5048 0.063
53806.5014 0.961301027255 14.7117 0.07
54855.671588 0.963930410168 14.4713 0.066
53806.50997 0.965483249151 14.5314 0.068
54855.684497 0.970230095406 14.5182 0.064
55677.415521 0.980904765391 14.5182 0.062
55263.493199 0.983822072565 14.5851 0.067
55677.440992 0.993334797356 14.4814 0.065
