55633.558787 0.00942557590942 13.5832 0.058
54260.416198 0.0134525429977 13.5956 0.061
54260.422684 0.0157906424099 13.5666 0.06
54260.429189 0.0181355910211 13.5795 0.06
54260.435744 0.0204985638319 13.5639 0.06
55633.594341 0.0222422250813 13.5806 0.058
54909.597793 0.0330495362731 13.5601 0.06
54909.605499 0.0358274262003 13.5687 0.06
54909.613121 0.0385750354719 13.5916 0.06
54909.620808 0.0413460762028 13.6231 0.06
56041.509011 0.0689660020304 13.5529 0.055
56041.521057 0.0733083926438 13.5854 0.055
56041.533117 0.0776558300353 13.5832 0.055
54593.481521 0.0781821367187 13.5572 0.059
54593.490499 0.0814185623314 13.5578 0.058
56041.545248 0.0820288617936 13.5934 0.055
54593.499509 0.0846665234343 13.5775 0.059
54593.508504 0.0879090772749 13.5966 0.059
53908.455532 0.137253573117 13.607 0.061
53908.465951 0.141009456216 13.5938 0.062
53908.476381 0.14476930464 13.6042 0.062
53908.486845 0.148541409521 13.5849 0.064
55714.425736 0.160669173711 13.5875 0.056
55714.439218 0.165529219393 13.6223 0.057
55714.452677 0.170380973941 13.5979 0.057
55714.466135 0.175232368006 13.6225 0.057
56363.641498 0.192582824809 13.5878 0.057
56363.652712 0.196625292714 13.5889 0.057
56363.664042 0.200709576761 13.6233 0.057
56363.675468 0.20482846728 13.6255 0.057
54474.714789 0.264672060468 13.6694 0.063
54474.723765 0.267907765115 13.6564 0.062
54474.73307 0.271262069006 13.6882 0.063
54474.742348 0.274606639827 13.6714 0.063
53825.617921 0.275617797528 13.6965 0.058
55592.69463 0.278549614137 13.6234 0.056
53825.630059 0.279993352675 13.6851 0.057
53825.642079 0.284326370703 13.7021 0.058
55592.71386 0.285481722019 13.6494 0.056
53825.65409 0.288656144379 13.6938 0.058
53814.562731 0.29039836369 13.7082 0.056
53814.574808 0.294751929309 13.7205 0.056
53814.586763 0.299061515878 13.6941 0.056
53814.598703 0.303365695187 13.7222 0.056
54197.594854 0.367361343424 13.6413 0.063
54197.605232 0.371102446677 13.6452 0.063
54197.615635 0.374852562032 13.6188 0.063
54197.625985 0.378583571733 13.5841 0.063
55329.448664 0.382583142037 13.5653 0.061
55329.478854 0.393466154875 13.5657 0.061
54239.505932 0.47563560544 13.5846 0.059
54189.579976 0.478125829113 13.6237 0.063
54888.646564 0.480466091431 13.5434 0.056
54189.589475 0.481550066906 13.6209 0.063
54189.59893 0.484958443401 13.6182 0.063
54888.660968 0.485658503384 13.5254 0.056
54239.537716 0.487093229821 13.5804 0.059
54189.608414 0.488377273934 13.5642 0.062
54888.675416 0.490866776637 13.5539 0.056
54239.548747 0.491069729146 13.5804 0.059
54888.689954 0.496107493454 13.5845 0.056
54239.569744 0.498638812306 13.6107 0.06
56070.454126 0.503217680442 13.5654 0.057
56070.463087 0.506447977827 13.5728 0.057
54927.561997 0.508858174046 13.604 0.056
56070.472035 0.50967358892 13.5812 0.057
56070.480874 0.512859907254 13.6011 0.057
54927.573854 0.513132433181 13.6193 0.056
54927.585767 0.517426879418 13.6144 0.056
54622.44593 0.51938899399 13.5809 0.056
54178.603761 0.521375621473 13.6029 0.063
54927.597847 0.52178152649 13.6004 0.056
55271.581561 0.52241669935 13.5866 0.062
54622.457379 0.523516175639 13.5615 0.056
54178.613701 0.524958832724 13.5922 0.063
54622.468819 0.527640112932 13.5933 0.057
54178.623643 0.52854276494 13.5994 0.063
54622.480295 0.531777027651 13.5933 0.057
54178.633595 0.532130301998 13.6009 0.063
56414.543133 0.54180929818 13.5467 0.053
56414.558157 0.547225210234 13.5771 0.053
56414.57338 0.55271285861 13.5592 0.053
56414.588496 0.558161935192 13.5804 0.053
54536.62791 0.58336337367 13.6344 0.061
54536.638314 0.587113849509 13.5964 0.061
54536.6487 0.590857836633 13.6015 0.061
54536.659074 0.594597497953 13.5847 0.061
53876.53889 0.631813869119 13.6121 0.06
53876.547491 0.634914392251 13.615 0.06
53876.55607 0.638006984738 13.6189 0.06
53876.564656 0.641102100613 13.6607 0.063
53865.568511 0.677167446272 13.6693 0.061
53865.577759 0.680501202574 13.6667 0.061
53865.586953 0.683815492737 13.6719 0.061
53865.596166 0.687136632099 13.665 0.061
53943.381665 0.727566718384 13.6846 0.062
53943.385187 0.728836343134 13.694 0.063
53943.388718 0.730109212242 13.7111 0.063
54212.510211 0.74410933048 13.7607 0.06
54212.52245 0.748521294511 13.7661 0.06
53588.371705 0.752145961424 13.7805 0.061
54212.534504 0.752866569 13.8048 0.06
53588.378225 0.754496317295 13.7879 0.062
53588.38501 0.756942201432 13.8182 0.062
54212.546542 0.75720607574 13.8528 0.061
53588.391534 0.759293999239 13.8222 0.062
53882.458087 0.765589852806 13.8938 0.062
53882.467611 0.7690231027 13.8914 0.062
53882.477155 0.772463562274 13.9298 0.063
53882.486654 0.775887800067 13.9212 0.063
54531.654003 0.790349337864 13.92 0.059
54531.658059 0.791811461085 13.8901 0.059
54531.66212 0.793275386727 13.9108 0.059
54531.666171 0.794735707528 13.9234 0.059
54506.719794 0.801965214732 13.9023 0.065
54506.728438 0.80508123868 13.5526 0.072
55663.577644 0.830744096712 13.7815 0.062
54509.601285 0.840696700272 13.6902 0.059
55663.609185 0.842114123476 13.7041 0.062
54953.456384 0.843371131284 13.7105 0.06
54509.614709 0.84553583788 13.6858 0.059
54953.465355 0.84660503351 13.6834 0.06
54953.474281 0.849822713955 13.6534 0.06
54509.628343 0.850450677132 13.6582 0.059
54953.483209 0.853041115365 13.6627 0.06
54509.642131 0.855421030926 13.6449 0.059
55971.613212 0.872646760256 13.628 0.056
55971.623766 0.8764513087 13.6244 0.056
54129.658614 0.87743182526 13.6534 0.063
55971.634401 0.880285056351 13.6057 0.056
54129.667308 0.880565873408 13.6334 0.062
54129.676028 0.883709294144 13.6284 0.062
55971.645005 0.884107628995 13.6057 0.056
54129.684845 0.886887681829 13.6425 0.062
56390.583657 0.904800854203 13.6073 0.056
56390.594321 0.908645055888 13.6173 0.057
56390.605105 0.91253251566 13.6108 0.057
56390.616054 0.916479455293 13.624 0.057
55006.418131 0.935235078844 13.6171 0.06
55006.425808 0.938002514736 13.6279 0.061
55006.43347 0.940764543368 13.6122 0.061
55006.441163 0.943537747004 13.6113 0.061
