56033.595173 0.00752558547127 15.3976 0.065
55361.561164 0.0148662920093 15.4063 0.078
56033.606499 0.0218676317516 15.4149 0.065
56033.617845 0.036235003912 15.3749 0.064
56011.544749 0.0852051269703 15.4139 0.07
54527.692923 0.0924837851061 15.3897 0.073
56011.556884 0.100571605125 15.4197 0.07
54129.691832 0.106074919015 15.4293 0.091
55741.482117 0.106504192697 15.3995 0.076
54527.706617 0.109824415671 15.4163 0.074
55741.48634 0.111851752427 15.4025 0.076
56011.56894 0.115838046053 15.4302 0.07
55741.490673 0.117338604492 15.3635 0.077
54129.701948 0.118884749515 15.5195 0.094
55741.494909 0.12270262604 15.3517 0.127
54527.720579 0.127504413034 15.415 0.074
56011.581015 0.131128546576 15.378 0.07
54129.712059 0.131688248533 15.4468 0.092
54527.733816 0.144266347221 15.3376 0.073
54129.722227 0.144563926318 15.4532 0.092
55271.638265 0.146035359995 15.4107 0.089
53769.617569 0.146182250104 15.4183 0.077
54197.638508 0.146545676486 15.3385 0.091
54197.648846 0.159636624256 15.3498 0.092
53769.631643 0.164004072401 15.1892 0.083
54273.468409 0.16949725594 15.3664 0.087
54197.65924 0.172798484499 15.3006 0.091
54273.478234 0.18193859487 15.3011 0.086
54197.669601 0.185918557033 15.3372 0.092
54273.488058 0.194378667506 15.3028 0.086
54273.497892 0.206831403077 15.2385 0.084
53860.497139 0.226439966263 15.3262 0.069
53590.419659 0.228937098107 15.3157 0.083
55385.422629 0.230497172364 15.281 0.075
53590.429952 0.241971062645 15.2828 0.083
53860.510635 0.243529870607 15.2942 0.069
56076.427438 0.245767412173 15.2972 0.07
53590.440149 0.25488346296 15.289 0.083
55385.444428 0.258101116113 15.2689 0.085
53860.524062 0.26053240066 15.291 0.069
53924.490463 0.260804653885 15.1995 0.075
56076.440054 0.261742977763 15.2779 0.07
53875.529465 0.261784765468 15.2474 0.08
53590.450629 0.268154224481 15.2795 0.083
53924.4992 0.271868264895 15.178 0.075
53875.53805 0.272655899793 15.2091 0.079
53860.537452 0.277488077836 15.2479 0.068
56076.452791 0.277871764938 15.2462 0.07
53924.507925 0.282916680381 15.2183 0.076
53875.546636 0.283528300403 15.2324 0.08
56076.46544 0.293889118227 15.2281 0.07
53924.516659 0.293976492517 15.1401 0.075
53875.55517 0.294334853728 15.2194 0.08
54296.46939 0.29550237683 15.2048 0.075
54509.691122 0.296910495799 15.199 0.076
54334.376403 0.296926957628 15.1043 0.078
53834.494494 0.299445616467 15.3011 0.073
54296.477585 0.305879656479 15.2211 0.076
54509.699595 0.307639805189 15.2404 0.077
53834.507091 0.315397122471 15.2961 0.073
56391.575149 0.315435111289 15.236 0.07
54296.485768 0.316241740594 15.2028 0.076
54334.3927 0.317563751568 15.2232 0.078
54509.708116 0.318429896696 15.2217 0.076
56368.678653 0.32173872302 15.2064 0.066
54296.493966 0.326622819126 15.2351 0.076
56391.584774 0.327623191417 15.247 0.07
54509.716778 0.329398535658 15.2316 0.076
53834.519713 0.331380285828 15.2237 0.072
56368.692165 0.338848888066 15.2592 0.067
56391.594338 0.339734027602 15.2311 0.07
53826.629771 0.340393766792 15.2564 0.072
53834.532386 0.347428030175 15.2127 0.071
56391.603845 0.35177268502 15.2488 0.07
53826.641852 0.355691865073 15.239 0.072
56368.705747 0.356047693697 15.2121 0.066
54995.414313 0.36529164018 15.2398 0.081
53826.653393 0.370306164572 15.2613 0.072
56368.719348 0.373270558914 15.2487 0.067
54995.422274 0.375372607015 15.2115 0.08
53826.664981 0.384979979892 15.2648 0.072
54995.430285 0.385516888565 15.2494 0.081
54995.438285 0.395647240866 15.23 0.081
53849.581728 0.404320088737 15.2586 0.068
53849.589691 0.41440358817 15.3051 0.069
54240.499424 0.421068093696 15.2702 0.079
53849.597693 0.42453647307 15.298 0.068
53849.605697 0.434671890549 15.3233 0.069
54240.510528 0.435129022697 15.2427 0.078
54240.521577 0.449120305529 15.2689 0.079
56046.581899 0.45253929943 15.3399 0.069
54240.532892 0.46344842258 15.2777 0.079
56418.543523 0.465326336635 15.3615 0.064
56046.593156 0.466793971429 15.3885 0.07
55329.547068 0.475607377934 15.4157 0.088
55386.408796 0.479274565474 15.3581 0.077
56046.604516 0.481179071703 15.3895 0.07
54210.54444 0.489250429902 15.3302 0.08
56046.615899 0.49559329674 15.4175 0.07
54954.453602 0.496987486482 15.3115 0.083
56418.569769 0.498561489972 15.4404 0.064
53944.423734 0.502186889807 15.3615 0.078
54210.555416 0.503149273276 15.3356 0.08
55386.430564 0.506839254103 15.3761 0.077
54954.46312 0.50904007314 15.3645 0.084
55329.574559 0.510419067348 15.4681 0.09
53944.432083 0.51275917873 15.4476 0.08
56418.582986 0.515298098279 15.4645 0.065
54210.566306 0.516939215353 15.394 0.081
54954.472759 0.521245881373 15.309 0.082
54225.574415 0.521618171828 15.3571 0.08
53944.440428 0.523326402484 15.4035 0.08
54589.634958 0.5293134407 15.4161 0.074
54210.577184 0.530713961905 15.4212 0.081
54954.482593 0.533698616953 15.3616 0.084
53944.448773 0.533893626229 15.4292 0.08
54225.5853 0.535401782432 15.461 0.087
54589.641532 0.537638057708 15.4511 0.075
54589.648087 0.54593861513 15.4589 0.075
54225.596178 0.549176528985 15.3494 0.084
54612.55381 0.551319098495 15.3618 0.074
54589.654634 0.554229042197 15.5138 0.076
54612.564901 0.565363565677 15.3439 0.073
54225.618535 0.577487064807 15.4557 0.083
55303.657704 0.692060083115 15.3763 0.073
53607.371889 0.695444887085 15.255 0.082
53607.3817 0.707868497893 15.2668 0.083
53607.391514 0.720295907593 15.2412 0.082
54594.530445 0.728439444547 15.2989 0.078
53607.401331 0.732727116167 15.2097 0.082
54594.539413 0.739795569487 15.3731 0.08
54594.548387 0.751159292194 15.2535 0.077
55664.602295 0.754043910007 15.255 0.075
53889.347318 0.759249644803 15.3388 0.074
54594.557292 0.762435640601 15.2477 0.077
55664.61529 0.770499401043 15.2383 0.075
53889.358158 0.772976272184 15.325 0.074
53889.369039 0.786754817611 15.2907 0.073
55664.628346 0.787032136005 15.2331 0.075
53889.379917 0.800529564163 15.2545 0.073
55664.641564 0.803770010607 15.2323 0.075
54336.362754 0.812231387377 15.211 0.086
54336.367891 0.818736339854 15.1943 0.086
54336.37305 0.825269150799 15.1785 0.085
54336.378205 0.831796896566 15.208 0.086
55634.657525 0.835160173534 15.2105 0.07
53817.564694 0.861340802779 15.2475 0.079
54174.520618 0.872499385849 15.2133 0.077
53817.573669 0.872705791771 15.1806 0.078
53881.544844 0.879023332728 15.2564 0.081
56116.413649 0.880068025316 15.2842 0.071
54887.632103 0.881321656417 15.2094 0.072
54174.528789 0.882846274439 15.212 0.077
53817.58283 0.88430631146 15.2346 0.079
56116.419197 0.887093424644 15.3618 0.074
55634.701957 0.891424150249 15.2328 0.072
53881.55515 0.892073759094 15.2852 0.081
54174.536967 0.893202027082 15.2121 0.077
56116.424924 0.894345490597 15.3514 0.076
54887.643107 0.895255956017 15.2575 0.073
53817.59186 0.89574094663 15.2187 0.079
56116.430561 0.901483590095 15.3113 0.071
53904.465496 0.9033083198 15.2706 0.075
54174.545159 0.903575507847 15.2167 0.077
53881.565424 0.905083664046 15.2681 0.081
54887.65416 0.909252304018 15.236 0.073
53904.475373 0.915815506024 15.3018 0.076
53881.575728 0.918131557823 15.2932 0.082
54887.665186 0.923214462087 15.2125 0.072
53904.485219 0.928283437128 15.3042 0.076
54287.500899 0.938755688823 15.3766 0.08
53904.49524 0.940972969681 15.3141 0.076
54974.547411 0.94165803476 15.3448 0.071
53904.505103 0.953462427792 15.3731 0.077
53589.412923 0.954113302928 15.2942 0.081
54974.558597 0.955822799879 15.3781 0.071
54185.647193 0.962014977721 15.2749 0.08
54974.569784 0.969988831284 15.4024 0.072
54974.580927 0.98409914576 15.4044 0.072
56033.583841 0.993175941424 15.3807 0.065
