56162.76031 0.00782997907644 14.221 0.058
54446.493408 0.0124784211924 14.2836 0.063
55115.73409 0.0165432140371 14.3004 0.059
54388.671566 0.0176443656409 14.2854 0.067
53664.692467 0.0179426752674 14.3242 0.064
54738.712435 0.0200762375649 14.2644 0.06
54446.500446 0.0216066956218 14.2805 0.063
54388.678705 0.0269036369109 14.2991 0.068
53664.700726 0.028654584698 14.3347 0.065
55557.533625 0.0298141012207 14.2413 0.059
55506.650576 0.034583164183 14.2562 0.06
54388.685918 0.0362588860635 14.2752 0.067
53664.708993 0.0393768701096 14.3493 0.065
53644.663297 0.0401420991387 14.2143 0.071
54388.69306 0.0455220483205 14.2912 0.068
54446.519094 0.0457931209838 14.274 0.064
53664.717256 0.0500939675354 14.3418 0.065
53644.672043 0.0514856467658 14.2027 0.071
55153.544878 0.057073115689 14.2905 0.066
55557.55482 0.0573039813925 14.2438 0.059
53644.680679 0.0626865245725 14.1827 0.071
54446.533337 0.0642662685754 14.3126 0.064
55153.55154 0.065713718741 14.2702 0.066
54351.702206 0.068445197282 14.3054 0.068
53644.689349 0.0739315003289 14.2351 0.072
55153.558168 0.0743102238529 14.2978 0.066
54351.711204 0.0801155884924 14.3057 0.068
54079.544496 0.0803425632087 14.2685 0.065
55153.564802 0.0829145109482 14.2736 0.066
55055.646598 0.0831648316291 14.3089 0.067
54351.72021 0.0917963556932 14.316 0.068
54079.555423 0.0945148642469 14.2683 0.065
55055.657102 0.0967885023654 14.3042 0.067
54351.729079 0.103299434116 14.2982 0.069
54079.566326 0.108656037333 14.2509 0.064
55055.667691 0.110522417971 14.297 0.067
55092.677987 0.112815511066 14.2785 0.061
54079.577188 0.122744033487 14.2669 0.064
55055.678398 0.124409379368 14.2758 0.066
55092.688613 0.126597415599 14.291 0.061
54032.55655 0.137053816354 14.2729 0.068
55092.699303 0.140462328036 14.2628 0.061
54032.563659 0.14627417767 14.2839 0.068
55092.709941 0.154259796554 14.2514 0.061
54032.570262 0.154838257821 14.2715 0.068
54032.576976 0.163546304782 14.2574 0.067
54321.71335 0.172948245872 14.2634 0.062
54120.486102 0.181538265994 14.2449 0.063
54321.727005 0.190658758436 14.2615 0.062
54120.49917 0.19848744052 14.2518 0.063
54416.569233 0.200872620497 14.2553 0.062
54321.740698 0.208418556935 14.225 0.062
54120.512229 0.215424942056 14.2288 0.063
54416.582483 0.218057848718 14.2312 0.062
53692.607311 0.223449470889 14.3172 0.069
54321.754468 0.226278224304 14.204 0.062
54120.525295 0.232371522584 14.2013 0.063
53692.615092 0.233541415103 14.2917 0.069
54416.595544 0.234997944262 14.1833 0.062
53692.622884 0.243647626294 14.2926 0.069
53733.488319 0.24604966725 14.1889 0.067
54416.608582 0.251908208833 14.1647 0.062
53692.630723 0.253814796419 14.2627 0.069
53733.496908 0.257189586142 14.1798 0.067
53733.505493 0.268324317029 14.1745 0.067
53733.51409 0.279474611902 14.1481 0.067
54467.517911 0.281224262692 14.0714 0.063
54467.528815 0.295366732767 14.0255 0.063
54178.399822 0.295537936552 14.1938 0.07
54178.405141 0.302436670816 14.1814 0.07
54012.640597 0.306095503174 14.1602 0.066
54178.410461 0.30933670207 14.1644 0.07
54467.539756 0.309557191789 14.1164 0.062
54178.415754 0.316201714374 14.1736 0.07
54012.651268 0.319935772643 14.1313 0.066
54467.550707 0.323760620798 14.101 0.062
54012.662017 0.33387720798 14.1445 0.066
54012.672746 0.347792703342 14.1226 0.065
56265.569314 0.35093922136 14.0445 0.057
56265.579345 0.363949411874 14.0396 0.057
56265.589275 0.376828605556 14.0368 0.057
56265.599189 0.389687047267 14.0608 0.057
54060.522919 0.409388452308 14.0399 0.067
53676.560035 0.410158869331 14.0604 0.068
55181.578734 0.416938279742 14.0966 0.061
54060.531566 0.420603597092 14.0687 0.069
53676.56914 0.421968039366 14.0636 0.069
55181.58511 0.425207941261 14.0449 0.062
54060.540177 0.431772049948 14.0623 0.071
55181.591503 0.43349965176 14.0692 0.06
53676.578257 0.433792773386 14.0551 0.068
55181.597833 0.441709651353 14.0764 0.06
54060.548822 0.442984600734 14.0914 0.069
53676.587372 0.445614913408 14.0697 0.069
55518.534691 0.448260790054 14.1026 0.061
55450.692159 0.456608271475 14.0994 0.064
55518.561438 0.482951605096 14.1225 0.061
53955.730132 0.493315918965 14.0927 0.065
53955.738986 0.504799542414 14.1059 0.065
55450.729971 0.505650373342 14.0989 0.065
53955.747882 0.516337639804 14.1067 0.065
54522.444167 0.520488034543 14.1105 0.067
54522.44819 0.525705858934 14.1189 0.067
53955.756939 0.528084553915 14.1046 0.065
54522.45221 0.530919792328 14.1064 0.067
54522.456221 0.536122052734 14.1156 0.067
53996.656455 0.574689595864 14.1297 0.066
53996.666013 0.587086306164 14.1252 0.065
54757.662584 0.598388349839 14.1656 0.066
53996.675665 0.599604934304 14.1341 0.066
54757.671962 0.610551600431 14.1773 0.066
53996.685196 0.611966625636 14.127 0.065
56219.51451 0.617934115078 14.1519 0.059
54757.681378 0.622764136959 14.1874 0.066
54757.690785 0.634965000498 14.1856 0.066
56219.528593 0.636199742938 14.1623 0.059
56219.542757 0.654570427663 14.1457 0.059
53622.777771 0.654650841558 14.1179 0.069
53622.783956 0.662672776393 14.1027 0.069
54754.630094 0.665253803123 14.2189 0.061
53622.790209 0.670782907116 14.1128 0.069
56219.556899 0.672912578423 14.1663 0.059
53622.796426 0.678846345903 14.1269 0.069
54754.644069 0.68337935516 14.2276 0.061
54754.658046 0.701507501186 14.1971 0.061
54754.672037 0.719653805194 14.2212 0.061
53718.438456 0.726402087653 14.2093 0.067
53983.666339 0.72653049049 14.2275 0.066
53718.448919 0.739972581457 14.227 0.067
53983.677277 0.740717058515 14.2379 0.066
55879.594353 0.742049075824 14.2414 0.062
54856.467423 0.748102167157 14.177 0.061
53718.459314 0.753454879372 14.2291 0.067
53983.688373 0.755108552274 14.2432 0.066
55879.605182 0.756094271028 14.2204 0.062
54856.473817 0.756395174645 14.1837 0.061
55590.476661 0.756877658037 14.1958 0.059
54856.480205 0.76468040015 14.1733 0.061
53718.469775 0.767022779179 14.2275 0.067
53983.699987 0.770171891192 14.2155 0.066
55879.616305 0.770520783754 14.2326 0.062
54856.4866 0.772974704636 14.1934 0.061
55879.627194 0.784643798857 14.2511 0.062
55590.502066 0.789827901289 14.1973 0.06
54809.46861 0.790718939164 14.24 0.066
54809.477067 0.801687654261 14.2481 0.066
53633.689845 0.807592887781 14.1966 0.068
54809.485591 0.81274326825 14.2642 0.067
53633.699005 0.81947339273 14.2044 0.068
54717.740893 0.820020726036 14.2384 0.058
55849.5861 0.821394247294 14.2566 0.062
54809.494117 0.823801476246 14.2502 0.066
54836.480178 0.82467824713 14.2463 0.061
54717.745672 0.826219081177 14.2486 0.058
53633.70802 0.83116583291 14.2302 0.069
54717.750461 0.832430406315 14.242 0.058
54690.76559 0.833097063469 14.2128 0.06
54836.488252 0.835150211868 14.2487 0.061
55849.597853 0.836637868979 14.2915 0.062
54048.516492 0.837072363432 14.2027 0.063
54717.755986 0.839596322227 14.2377 0.058
53633.71708 0.842916638027 14.1751 0.068
54836.496339 0.845639037572 14.2487 0.061
54690.776732 0.847548219154 14.2387 0.06
54085.53368 0.848304369199 14.1888 0.068
55849.609763 0.852085119408 14.2749 0.062
54048.529771 0.85429520461 14.2247 0.063
54836.50443 0.85613305128 14.2576 0.061
54085.542265 0.859439100086 14.2024 0.068
54775.597605 0.860081114281 14.2449 0.061
54690.788096 0.862287308477 14.2376 0.06
54809.527876 0.867586843767 14.2579 0.066
55849.621723 0.86759721975 14.2944 0.069
54085.550886 0.87062052292 14.2249 0.068
54048.543255 0.871783930446 14.2223 0.063
54690.799373 0.876913558952 14.2114 0.06
54775.611088 0.877568543118 14.2585 0.061
54085.55952 0.881818806739 14.1983 0.068
54048.556554 0.889032711599 14.2236 0.063
54320.726106 0.892494400212 14.2416 0.062
54775.624591 0.895081911931 14.2593 0.061
55798.757004 0.896140262589 14.2434 0.06
54320.732696 0.901041619379 14.2481 0.062
54320.739425 0.909769121322 14.2433 0.062
54775.638185 0.912713307597 14.264 0.061
55798.772476 0.916207421163 14.2456 0.06
54320.746036 0.918343577454 14.2432 0.062
55798.788005 0.936348508649 14.2396 0.06
55798.803477 0.956415667223 14.2379 0.06
54738.665583 0.959309270557 14.2752 0.06
56162.728185 0.96616390687 14.2422 0.058
55115.695301 0.966233944781 14.2852 0.059
54738.680927 0.979210413342 14.2632 0.06
56162.738898 0.98005865027 14.2279 0.058
55115.708204 0.982969114581 14.2858 0.059
56162.749596 0.993933938687 14.2247 0.058
54738.6966 0.999538268589 14.2719 0.06
55115.721158 0.999770431291 14.2926 0.059
