54012.4810366 0.00676685589801 12.46945 0.0549993328296
54012.4880305 0.00679754513343 12.45793 0.054960739097
54012.4950661 0.00682841725231 12.45869 0.0550041749885
54012.5020553 0.00685908617303 12.46832 0.055056375029
54696.5556053 0.00848606432459 12.34332 0.0536384720491
54696.5635553 0.00852094877144 12.36823 0.0537130325445
54696.5714812 0.0085557275316 12.35301 0.0537238656312
54696.5793934 0.00859044636304 12.35244 0.0537045792801
56064.6845563 0.0118359028455 12.92178 0.0541328185582
56064.6940254 0.0118774532945 12.9232 0.0541276530752
56064.7036111 0.0119195152193 12.91245 0.0540972386259
56064.7132108 0.0119616390548 12.93223 0.0541696596005
54245.6737783 0.0300166066743 12.729 0.0564569746798
54245.6837472 0.030060350208 12.73048 0.0564785195058
54245.6936587 0.0301038417897 12.72967 0.0564754943756
54245.7035063 0.0301470530769 12.72906 0.056469181605
55852.4083597 0.0803679517598 13.86815 0.0590887204981
55852.4202188 0.0804199896306 13.74546 0.0583631850663
55852.4322287 0.080472689307 13.74621 0.058409068436
55852.4442026 0.080525230477 13.73856 0.0583750009086
54727.4982759 0.144262503064 13.49094 0.058953998021
54727.5061945 0.14429724983 13.49151 0.0589443079486
54727.514121 0.144332031128 13.48093 0.0589675265029
54727.5220495 0.144366821621 13.50788 0.0592258504749
54275.5375069 0.161058648008 13.6247 0.0582271561052
54275.5487207 0.161107853893 13.61746 0.0581810229466
54275.5598674 0.161156765721 13.61269 0.0581218398076
54275.5710418 0.161205798928 13.6303 0.0582910145711
56101.609748 0.173863644179 13.85959 0.0568187854755
56101.6224946 0.173919576043 13.83793 0.0571192514156
56101.635421 0.173976297191 13.85411 0.0578049115434
56101.6483358 0.1740329675 13.84196 0.0572296722468
55421.5122928 0.189596009825 13.6375 0.0578866586905
55421.5504696 0.189763529649 13.65834 0.0581772861135
54977.7092864 0.242188417441 14.47353 0.068237754032
54977.7187744 0.242230050673 14.49077 0.0713534071836
54977.7284608 0.242272554446 15.06728 0.314381008556
54977.7779415 0.242489675733 14.48284 0.0699155563479
54977.7874326 0.242531322678 14.43119 0.0714660046879
55440.4593378 0.272735643258 14.07427 0.0753196770937
54533.7420942 0.294060377365 14.07565 0.0659792630546
54533.750393 0.294096792534 14.21481 0.0675663806488
54533.7587261 0.294133358034 14.07648 0.0659831668651
54533.7669815 0.29416958275 14.07828 0.0659710941951
54762.4180708 0.297490563112 14.7684 0.0732469710261
54762.4257383 0.297524207798 14.74551 0.0729947915152
54762.433438 0.297557994127 14.76886 0.0733991961572
54762.4411865 0.29759199478 14.70735 0.072538634272
56131.5391537 0.305193876605 14.85284 0.0638257493415
56131.5483266 0.305234126856 14.82038 0.0637917865643
56131.5582887 0.305277840935 14.7868 0.0639341179222
56131.5675164 0.305318331967 14.78728 0.0639859834477
54316.457799 0.340616889874 14.79241 0.0748964655759
54316.4639911 0.34064406043 14.7816 0.0748495259748
54316.4701533 0.340671100464 14.77399 0.0747826542245
54316.4764337 0.340698658577 14.80595 0.0756463403089
53865.6658763 0.362541932214 14.31557 0.0656254019201
53865.6747715 0.362580964541 14.29458 0.065403622681
53865.6838702 0.362620889651 14.47783 0.0674045144343
53865.6928472 0.362660280636 14.34623 0.0658946518971
55012.5245276 0.394957695733 15.01458 0.0778054068356
55012.5245276 0.394957695733 15.0257 0.0780402873934
55012.5293336 0.394978784289 14.79542 0.0770834948058
55012.5293336 0.394978784289 14.79407 0.0770208698752
55012.5380336 0.395016959838 15.07326 0.0810957029978
55012.5380336 0.395016959838 15.05078 0.0806028235403
53879.7529194 0.424355877667 14.577 0.0685594709187
53879.7625668 0.424398210287 14.57147 0.0684675720401
53879.7721565 0.424440289836 14.56757 0.0684346826422
53879.7817388 0.424482337135 14.59031 0.0687870658324
56389.6515429 0.437791040439 14.91295 0.0719326958935
56389.6595688 0.43782625805 14.94773 0.0722718107566
56389.6677981 0.437862368547 14.91622 0.0716793068875
56389.6760115 0.437898408906 14.91468 0.0716010676375
55029.509788 0.469489018312 14.75999 0.0729164291683
55029.5174033 0.469522434403 14.7953 0.0735062298354
55029.5250342 0.469555918602 14.76528 0.0730298393526
55029.5326757 0.469589449473 14.76444 0.0731579179347
55487.40114 0.478716271367 13.54233 0.0574535028778
55487.4223198 0.478809208648 13.54419 0.0574661161771
56173.4834974 0.489245656728 14.86347 0.0654059257899
56173.494277 0.489292957489 14.84935 0.0652872092846
56173.5049419 0.489339754951 14.82243 0.0650665982217
56173.5158576 0.489387653018 14.92406 0.0661505608776
53913.6118723 0.572928962803 13.9094 0.0630433635449
53913.6206303 0.572967392998 13.83384 0.0623751656733
53913.6293857 0.573005811461 13.93133 0.0632174605436
53913.6381814 0.573044407375 13.82534 0.0622639086103
54382.4371881 0.63013444901 13.77699 0.0626748399102
54382.4467409 0.63017636665 13.74908 0.0624568543423
54382.4562888 0.630218263008 13.75354 0.0625294931605
54382.4658756 0.630260329962 13.75023 0.0624949509292
56214.4664991 0.669079068143 13.56313 0.0563871075398
56214.4747736 0.66911537671 13.57353 0.0565042491859
56214.4831838 0.669152280502 13.57452 0.0565576271712
56214.4916372 0.669189374286 13.56072 0.05653844706
55762.5565566 0.68609823994 13.9812 0.0600675303358
55762.5659515 0.686139464845 13.9756 0.0600086750282
55762.5754134 0.686180983299 13.96077 0.0598806775964
55762.5849687 0.686222912163 13.98049 0.05999979041
53957.590622 0.765907716537 12.48869 0.0548531813769
53957.5985865 0.765942664926 12.49303 0.0548672932347
53957.6065453 0.76597758792 12.48927 0.0548791022772
53957.6145354 0.766012648548 12.49143 0.0549116516578
54643.6350527 0.776270679126 11.79085 0.0512842115693
54643.6463049 0.776320054132 11.78714 0.0512869757116
54643.6576123 0.776369670934 11.79648 0.0513000423585
54643.6686765 0.776418220649 11.80025 0.0513147201689
54188.7277959 0.780137636002 12.77008 0.056637388668
54188.7364685 0.780175691186 12.75646 0.0565834414918
54188.7450645 0.780213410668 12.74938 0.0566396435497
54188.7538153 0.780251809172 12.77355 0.0566467889421
54189.7509162 0.784627087934 12.73606 0.056425027271
54189.7583359 0.784659645675 12.71251 0.0564124235186
54189.7658565 0.784692645822 12.74882 0.056472070396
54189.7732569 0.7847251188 12.73359 0.0563708997389
55331.6624665 0.795334971823 12.134 0.0525053063247
55331.6930457 0.79546915331 12.13367 0.0525343687486
55796.4578126 0.834856951239 13.18818 0.0548511727275
55796.4695558 0.834908480226 13.17456 0.0548057228216
55796.4817214 0.834961862989 13.17282 0.0548191808847
55796.4935411 0.835013727725 13.1814 0.0548652340414
53978.3837998 0.857148180957 12.16408 0.0537549646203
53978.3925333 0.857186503229 12.16928 0.0537648628351
53978.4012424 0.857224718901 12.1595 0.0537216875941
53978.4100575 0.857263399781 12.15841 0.0537186555969
55124.3925015 0.88583436545 12.64603 0.0550119570842
55124.4003887 0.885868974124 12.6387 0.0549942230892
55124.4083092 0.885903729522 12.62741 0.0545743320091
55124.4163611 0.885939061352 12.62461 0.0545660674334
53993.4349658 0.923192697058 12.20536 0.0538756381029
53993.4432783 0.923229172664 12.19528 0.0538450476867
53993.4515453 0.923265448167 12.20057 0.0538533187466
53993.4597882 0.923301618035 12.19681 0.0538401878204
54911.7589635 0.952798400248 12.95256 0.056050287296
54911.7666403 0.952832086021 12.95149 0.05602506914
54911.7744059 0.952866161379 12.96958 0.0561086352759
54911.7821121 0.952899976202 12.94974 0.0560185877451
54001.5486899 0.95879571856 11.86751 0.0564542496743
54001.5546978 0.958822081145 12.21588 0.0550207739096
54001.5607061 0.958848445662 12.68026 0.0646397473553
54001.5667573 0.958874998139 12.16032 0.056511406243
