53834.525306 0.0118550941504 14.1799 0.061
53875.530762 0.0248511539003 14.1568 0.065
53875.539318 0.0340346926547 14.1599 0.064
53875.547912 0.0432590185125 14.1589 0.065
54612.500626 0.0476779793634 14.1611 0.06
53875.556442 0.0524146502985 14.1772 0.065
53847.608303 0.0544228785602 14.1513 0.058
54612.510471 0.058245059662 14.1708 0.06
55633.624481 0.0657348601996 14.1432 0.062
54612.52027 0.0687627660951 14.1072 0.061
53847.628964 0.0765992570327 14.1675 0.058
53904.461675 0.0776983621802 14.1536 0.062
54612.533115 0.0825498810165 14.1496 0.06
53904.471568 0.0883169630346 14.1729 0.062
56043.579367 0.0887108806012 14.1523 0.061
53847.649691 0.0988464762596 14.1736 0.058
53904.481424 0.0988958501229 14.1627 0.062
56043.590111 0.100242897941 14.2892 0.072
55633.663908 0.108053628604 14.1465 0.062
53904.491444 0.109650765776 14.1678 0.062
56043.600947 0.111873663012 14.1996 0.061
54897.653221 0.114754520659 14.1542 0.061
54897.657532 0.119381710414 14.1455 0.061
53904.501308 0.120238239626 14.1729 0.062
53847.670481 0.121161316221 14.1706 0.059
56043.611642 0.123353086459 14.1685 0.061
54897.661889 0.124058274041 14.1478 0.06
54897.666229 0.1287165908 14.1545 0.061
54953.577955 0.141281165909 14.1616 0.064
54953.588559 0.152662914971 14.1563 0.064
56115.377693 0.153076152746 14.2265 0.058
54953.599168 0.164050030751 14.1266 0.064
56115.391038 0.167399940108 14.1836 0.058
54912.615849 0.174814606507 14.1637 0.059
54953.609944 0.175616395131 14.12 0.064
56115.40444 0.181784908124 14.2031 0.058
54912.626958 0.186738394726 14.1701 0.059
56115.417856 0.196184902974 14.2098 0.058
54912.638062 0.19865681622 14.1559 0.059
56074.436047 0.208570229493 14.2152 0.06
54912.649171 0.210580604439 14.1531 0.059
56074.446602 0.219899384654 14.2307 0.06
54927.567832 0.223448936153 14.2123 0.059
55663.585662 0.224414946538 14.2354 0.066
56074.457198 0.231272546945 14.2198 0.06
54927.579709 0.236197053235 14.2213 0.059
56074.467777 0.242627462384 14.2285 0.06
54927.591767 0.249139445743 14.2335 0.059
55663.617322 0.258397045293 14.2337 0.067
54927.603695 0.261942303416 14.2383 0.059
54531.657283 0.27489006265 14.2327 0.061
54531.661349 0.279254282915 14.2275 0.061
54531.6654 0.283602403001 14.2368 0.061
54531.669448 0.287947303059 14.239 0.061
53865.570673 0.334240667535 14.2633 0.066
53769.611648 0.337112938418 14.2606 0.062
55380.469276 0.342892900577 14.2709 0.07
53865.57993 0.344176621044 14.2885 0.066
53769.62569 0.35218484716 14.2455 0.062
53865.58913 0.354051393898 14.2762 0.066
54943.528948 0.355230999915 14.1757 0.059
54887.630501 0.356919371404 14.1811 0.061
54943.536853 0.363715791153 14.1874 0.059
53865.59834 0.363936900197 14.2456 0.066
54686.39711 0.364090388515 14.2332 0.061
55380.491033 0.366245665025 14.2249 0.067
54887.641481 0.368704698135 14.1627 0.061
54686.402063 0.369406665686 14.2324 0.061
54943.544759 0.372201655737 14.1703 0.059
54686.407225 0.374947271934 14.2422 0.062
54686.412162 0.380246375582 14.1972 0.061
54887.652486 0.380516858489 14.1443 0.06
54943.552687 0.380711133916 14.1577 0.059
54887.663564 0.392407373022 14.1262 0.06
55736.449677 0.432632045565 14.2056 0.058
55736.456214 0.439648501017 14.2301 0.058
55736.46278 0.446696083472 14.1887 0.058
55736.469352 0.453750105991 14.2111 0.058
54589.629003 0.498538640953 14.1535 0.06
54589.635575 0.505592663472 14.158 0.06
54589.64214 0.512639172582 14.1457 0.06
54589.648701 0.519681388304 14.1474 0.06
55271.634 0.525107146649 14.1734 0.067
53826.623802 0.530816268045 14.1703 0.06
53826.635347 0.543208034632 14.1723 0.06
54661.411694 0.546122165968 14.1675 0.06
56418.536997 0.547561521447 14.1843 0.056
54661.418185 0.553089247554 14.1491 0.06
56390.593701 0.554767958934 14.1915 0.06
53826.64744 0.556187994208 14.1801 0.061
54661.424669 0.560048815723 14.1765 0.061
53882.552401 0.561491391237 14.1742 0.059
56418.55009 0.561614825893 14.1877 0.056
56390.604482 0.566339690041 14.1779 0.06
54661.431161 0.567016970655 14.1815 0.061
53826.658988 0.568582980831 14.1675 0.06
53882.561739 0.571514285679 14.163 0.059
56418.563221 0.575708917452 14.1845 0.056
56390.615435 0.578096036458 14.1989 0.06
53882.571037 0.581494246335 14.1734 0.059
56390.626252 0.589706407977 14.2146 0.06
56418.576376 0.589828769288 14.181 0.056
53882.580347 0.591487087126 14.1672 0.059
54210.537308 0.602410517919 14.165 0.064
54509.608516 0.608958995005 14.1394 0.063
54974.515042 0.613996202503 14.1488 0.059
54210.548392 0.614307472515 14.1865 0.064
54974.522852 0.622379025983 14.1574 0.059
54509.622053 0.623488864581 14.1416 0.063
54210.559279 0.625992978177 14.1681 0.064
54974.530789 0.630898164253 14.1606 0.059
54210.570169 0.637681703868 14.1654 0.064
54509.635758 0.638199056096 14.1142 0.066
54974.538629 0.639313188082 14.1605 0.059
55329.506345 0.642092077964 14.1866 0.067
54509.649294 0.652727852335 14.1466 0.063
54240.460811 0.720649116042 14.1876 0.064
54240.469742 0.730235159129 14.1888 0.064
54225.567409 0.734892402545 14.2471 0.064
54240.478684 0.739833009004 14.1681 0.064
54225.578273 0.746553221267 14.3302 0.065
54240.487681 0.749489892845 14.193 0.064
54594.525125 0.75376609883 14.3248 0.065
54225.589144 0.758221553405 14.4097 0.066
54197.639774 0.758908494131 14.4008 0.072
54594.534062 0.76335858198 14.4282 0.066
54197.650116 0.770009026826 14.4825 0.074
54594.543024 0.772977898753 14.4952 0.067
54225.606391 0.776733532474 14.5697 0.07
54197.660545 0.781202940533 14.5648 0.075
54594.551977 0.782587555426 14.581 0.067
54197.670893 0.792309913307 14.6849 0.078
56365.697742 0.832817948897 14.7328 0.062
54129.70065 0.836797911698 14.7224 0.076
53860.454709 0.843046925561 14.6903 0.062
53588.408508 0.843651218728 14.7359 0.072
54297.408295 0.84493923258 14.6577 0.067
56365.71058 0.84659755041 14.5956 0.061
54129.71074 0.847627961494 14.6011 0.074
53588.41644 0.85216499028 14.6756 0.071
53860.466195 0.855375364803 14.5616 0.061
54297.420327 0.857853718119 14.5339 0.066
54129.72094 0.858576079219 14.5076 0.072
53588.424253 0.860551033788 14.5539 0.07
53860.477714 0.867739224422 14.4483 0.06
55701.455956 0.872300940139 14.3324 0.06
53860.489102 0.879962475861 14.3212 0.06
54185.643384 0.882644764708 14.3141 0.065
55701.468667 0.885944226853 14.2609 0.06
54185.655029 0.89514386578 14.25 0.066
55971.664493 0.899249409924 14.3145 0.06
55701.481636 0.899864436537 14.212 0.06
54185.666653 0.90762042661 14.1979 0.065
55971.676666 0.912315237094 14.3486 0.22
55701.494543 0.913718098848 14.2024 0.059
54185.678247 0.920064787099 14.1991 0.065
55006.479645 0.923039025744 14.1516 0.066
53944.386768 0.931092332341 14.2143 0.063
55006.487296 0.931251187386 14.1654 0.066
54174.514684 0.937711650193 14.1851 0.064
55971.701167 0.938613259886 14.1254 0.071
55006.494871 0.93938177482 14.1619 0.066
53944.394946 0.939870146736 14.1909 0.063
54174.522862 0.94648946458 14.1695 0.064
55006.50253 0.947602523215 14.1405 0.066
53944.40314 0.948665134647 14.1845 0.063
54174.531029 0.955255472177 14.1693 0.063
53944.411319 0.957444022379 14.1902 0.063
54174.539204 0.964030066536 14.1529 0.063
53834.484819 0.968398580175 14.1422 0.06
53834.499995 0.984687662005 14.1563 0.06
53834.512626 0.998245081131 14.1672 0.06
