56297.582199 0.000355526766051 15.4914 0.082
55104.694565 0.0023933022109 15.4727 0.086
54808.548475 0.00293959946497 15.4448 0.085
56297.591059 0.0131602717504 15.501 0.082
54808.557491 0.0159698004479 15.4681 0.086
53714.617881 0.020740507352 15.4498 0.08
55551.697667 0.0250487404011 15.4857 0.077
56297.599855 0.025872521963 15.4846 0.082
54808.566455 0.0289248494348 15.4361 0.085
55653.420592 0.0381540933941 15.5167 0.078
53714.632086 0.0412700110157 15.4191 0.079
54808.575394 0.0418437676498 15.4328 0.085
53714.646288 0.0617951789959 15.4569 0.08
55653.443296 0.0709666137111 15.4708 0.077
53714.660546 0.0824012798869 15.3933 0.079
55495.693225 0.085703632294 15.3856 0.076
53597.739191 0.104056618355 15.4104 0.099
53597.748207 0.117086819338 15.3702 0.093
53676.633125 0.12400080354 15.3703 0.094
53597.757163 0.130030306485 15.3915 0.094
54530.481891 0.132545008097 15.3839 0.078
55495.728755 0.137052682985 15.3377 0.075
53676.64239 0.137390867001 15.3315 0.093
53597.765903 0.142661623766 15.4667 0.097
54530.48954 0.143599578566 15.3817 0.078
53676.651589 0.150685545228 15.3302 0.093
54530.497125 0.154561654263 15.4349 0.08
53676.660721 0.163883392989 15.3945 0.095
54530.504695 0.165502051501 15.411 0.079
54894.470948 0.180744900859 15.3326 0.074
56266.574867 0.187603966287 15.3434 0.071
54894.477369 0.190024727891 15.3594 0.075
54085.613028 0.194357529861 15.4053 0.089
54894.483815 0.199340685695 15.359 0.075
56266.585726 0.203297727651 15.3438 0.071
54085.62205 0.207396402231 15.374 0.088
54049.642042 0.207980275481 15.4547 0.089
54894.490262 0.208658088731 15.3199 0.074
54119.531439 0.214290153198 15.3451 0.087
56266.59659 0.218998715183 15.3588 0.071
54085.631109 0.22048874815 15.3538 0.088
54754.729054 0.221454162333 15.3512 0.074
54049.652431 0.222994778376 15.3859 0.087
54119.543214 0.231307745992 15.3644 0.088
54085.640169 0.233582539289 15.3527 0.088
56266.607368 0.234575412854 15.3112 0.071
54754.740515 0.238017952645 15.3263 0.074
54049.662873 0.238085878499 15.3337 0.086
54119.555071 0.24844384772 15.3538 0.087
55188.58897 0.24917224404 15.35 0.073
54467.599509 0.252989098615 15.3114 0.076
54013.695254 0.256574716254 15.3498 0.085
54049.678882 0.261222578544 15.363 0.087
55188.597977 0.262189437952 15.3618 0.073
54119.566871 0.265497571285 15.3442 0.088
54013.704235 0.269554334163 15.3455 0.085
54754.763573 0.271342084674 15.62 0.079
54467.612664 0.272001109929 15.3685 0.082
54205.371393 0.272836453339 15.3841 0.091
55188.607088 0.275356935867 15.3577 0.073
54013.713103 0.282370640998 15.33 0.085
55188.616113 0.288400143931 15.3305 0.073
54205.382474 0.288851055947 15.3088 0.089
54467.625749 0.290911955084 15.3444 0.078
54013.721856 0.295020746275 15.3785 0.086
54205.389552 0.299080399628 15.371 0.091
53692.669666 0.300503951978 15.3598 0.089
54205.396641 0.309325640842 15.363 0.091
54467.638871 0.309876273786 15.3223 0.078
53692.677498 0.31182299968 15.4096 0.092
54108.532438 0.318195022331 15.3867 0.089
53692.685365 0.323192630467 15.3667 0.091
54108.540988 0.330551745759 15.3644 0.089
53692.693231 0.334560816023 15.2214 0.106
54108.549556 0.342934483341 15.3964 0.089
53986.775591 0.351448338045 15.3898 0.103
54108.558126 0.355320111395 15.3464 0.088
53986.783026 0.362193629121 15.2927 0.099
53986.790212 0.37257905773 15.3965 0.103
56235.569874 0.378232800662 15.3683 0.068
53986.797436 0.383019405107 15.4497 0.099
56235.582719 0.39679679042 15.3759 0.068
53627.696474 0.399245011411 15.4339 0.081
56235.595487 0.41524949741 15.3852 0.068
53627.710241 0.419141503987 15.4278 0.081
56235.608305 0.433774465945 15.3871 0.068
53627.723995 0.439019208555 15.4257 0.08
55236.466257 0.442902543742 15.3774 0.076
54393.694414 0.443068745282 15.383 0.088
54393.703995 0.456915501687 15.4156 0.089
53627.737728 0.458866563276 15.4243 0.08
53733.60443 0.460686108866 15.4276 0.088
54393.713476 0.470617734993 15.3983 0.088
53733.612697 0.472633831973 15.503 0.09
54393.722982 0.484356099081 15.4098 0.089
53733.620948 0.484558431401 15.4781 0.09
56393.407763 0.490413061413 15.4657 0.073
53733.629224 0.49651916158 15.4808 0.09
54079.595286 0.497331381305 15.4589 0.081
56393.413356 0.498496237329 15.464 0.073
54721.710109 0.501457515264 15.3346 0.072
56393.419107 0.506807759727 15.4405 0.073
54836.575546 0.508526139159 15.4304 0.069
54836.579554 0.514318624253 15.4217 0.069
56393.424518 0.51462790364 15.4503 0.073
54079.608495 0.516421435078 15.4776 0.082
54836.583517 0.520046073949 15.4271 0.069
54721.723205 0.520384257962 15.4471 0.074
54836.587493 0.525792311651 15.4329 0.069
54775.700518 0.530060078233 15.4727 0.075
53819.452903 0.531544330276 15.456 0.084
55618.475402 0.534288823583 15.4716 0.078
54079.62161 0.535375637161 15.4837 0.082
53819.457733 0.538524795098 15.4513 0.083
54721.736361 0.539397714508 15.4227 0.074
53819.462566 0.545509595605 15.4787 0.084
54775.714994 0.550981239453 15.4827 0.075
53819.467411 0.552511738876 15.4746 0.084
54079.634654 0.554227227853 15.4759 0.082
54721.749488 0.558369259356 15.3754 0.073
54775.729483 0.571921188669 15.4503 0.074
55618.502201 0.573019564085 15.5126 0.079
55121.69781 0.576006856163 15.4746 0.068
54174.444368 0.576147043551 15.4475 0.081
54757.74253 0.576622524496 15.4584 0.086
54868.453022 0.578836618096 15.4748 0.075
55867.603111 0.581329641237 15.4784 0.071
54757.750341 0.587911222352 15.4735 0.087
54174.453106 0.588775470379 15.4621 0.081
54775.743924 0.592791766804 15.4842 0.075
54868.463978 0.594670566854 15.4633 0.076
55121.710836 0.594832432703 15.4427 0.068
55268.402438 0.598055297409 15.5116 0.079
54757.758262 0.599358895608 15.4331 0.086
55867.615798 0.599665284534 15.4543 0.07
54174.461844 0.601403897198 15.4849 0.081
54868.474869 0.610410575609 15.4705 0.076
54757.76627 0.610932303935 15.4352 0.086
55121.723909 0.613725935092 15.4667 0.068
54174.470551 0.613987521867 15.4904 0.082
55591.54645 0.615737696383 15.4964 0.073
55867.628546 0.618089086909 15.4873 0.071
54868.485601 0.625920792672 15.4932 0.076
55121.736867 0.632453235935 15.4949 0.069
54129.508469 0.633401307348 15.4583 0.09
55867.64128 0.636492656056 15.4946 0.071
54129.517152 0.645950246476 15.4844 0.09
55591.567729 0.646490762802 15.4862 0.073
54129.525836 0.658500630836 15.5103 0.091
54129.534536 0.671074138886 15.4821 0.091
53756.584254 0.671835775526 15.5321 0.083
53756.59203 0.683073890307 15.5992 0.084
53980.777692 0.683099904467 15.465 0.101
53980.783966 0.692167282571 15.6198 0.133
53756.599682 0.69413279647 15.5047 0.082
53756.607321 0.705172914637 15.5643 0.084
55302.381769 0.706031381733 15.4966 0.08
54509.432217 0.71090759049 15.4929 0.081
54509.443111 0.72665193494 15.5108 0.081
54509.454011 0.742404950777 15.5276 0.082
55980.502557 0.7470874986 15.5203 0.075
54509.464955 0.75822155677 15.5685 0.083
55980.511513 0.760030985737 15.5461 0.075
55980.520592 0.77315223627 15.4795 0.075
55980.529639 0.786227239413 15.5695 0.076
54414.702959 0.805265264884 15.5425 0.08
54003.701994 0.814007466058 15.5075 0.088
54414.71445 0.821872412124 15.5381 0.08
54003.711751 0.828108583077 15.5422 0.089
54414.725941 0.838479559365 15.2932 0.1
54003.721665 0.842436601325 15.5275 0.089
54351.769073 0.85127418774 15.5128 0.091
54414.737408 0.855052021076 15.53 0.106
55151.644334 0.855646010933 15.5248 0.076
54003.731863 0.857175065137 15.5313 0.089
54351.775729 0.860893644012 15.5277 0.091
54916.394712 0.865644117687 15.6187 0.08
54351.782315 0.870411934125 15.5258 0.091
55151.654888 0.870898976909 15.5147 0.076
54062.558476 0.875208655188 15.5244 0.09
55820.757417 0.878489329131 15.5373 0.072
54351.788769 0.879739453779 15.5414 0.092
54062.563807 0.882913180639 15.5454 0.09
54916.408156 0.8850738007 15.5176 0.08
55151.665457 0.886173621354 15.4833 0.077
55820.763068 0.886656328441 15.5247 0.072
54062.569151 0.890636494098 15.5487 0.09
55820.768796 0.894934610519 15.5066 0.072
54916.415745 0.896041657322 15.6234 0.08
54062.574547 0.898434959542 15.5626 0.091
55151.676062 0.901500294094 15.4909 0.076
55820.774567 0.903275037532 15.4956 0.071
54916.423315 0.906982054561 15.5954 0.079
54855.554611 0.937655633284 15.6053 0.077
54446.623575 0.937923000981 15.5013 0.08
53653.677955 0.948481857286 15.5157 0.101
54446.631177 0.948909645611 15.5019 0.079
54855.564253 0.951590548756 15.5312 0.076
55104.663576 0.957607044623 15.5257 0.088
54446.638987 0.960196898235 15.4991 0.079
53653.687039 0.961610333965 15.5512 0.102
54855.57392 0.96556159501 15.5409 0.076
54446.646908 0.971644571491 15.4908 0.079
55104.673894 0.972518936128 15.5425 0.088
53653.69606 0.974647761115 15.634 0.105
54855.583584 0.97952830556 15.5048 0.075
55104.684215 0.987435163326 15.4619 0.086
53653.705027 0.987607145796 15.5903 0.103
56297.573453 0.987715538097 15.4958 0.082
55551.672654 0.988899182138 15.4571 0.077
