54185.685329 0.00507278077872 15.8388 0.092
56046.630937 0.00571998730923 15.9177 0.078
53948.397171 0.0122759496845 15.8863 0.082
54197.702837 0.0134505096746 15.8458 0.11
54296.491189 0.0156078647669 15.9007 0.09
56011.594104 0.0239286634774 15.9254 0.078
55691.535536 0.0239586267412 15.9213 0.087
53948.402679 0.028779716073 15.8946 0.082
56368.700026 0.0298673825933 15.9146 0.076
54296.499382 0.0401567678163 15.8943 0.09
54273.471566 0.0413013645358 15.9028 0.102
56046.642931 0.0416579273959 15.8954 0.078
54197.712345 0.0419395820803 15.8687 0.111
53948.408176 0.0452505228587 15.8808 0.082
53845.617707 0.0514439297431 15.9186 0.095
56033.630439 0.0519832685227 15.8893 0.071
56011.60755 0.0642172696378 15.8651 0.077
56368.713624 0.0706114304057 15.848 0.075
54273.481349 0.0706144267256 15.8427 0.1
53845.62642 0.0775509225786 15.8144 0.092
56046.655062 0.0780063642 15.8293 0.077
56033.641736 0.085832769027 15.8155 0.07
53889.352701 0.0957655914034 15.7117 0.081
54273.491177 0.10006232361 15.7624 0.098
53817.600227 0.101926038693 15.8024 0.092
53845.635078 0.103493117444 15.7869 0.092
56011.621076 0.104745581934 15.7762 0.076
54595.554139 0.105851226404 15.77 0.09
56368.727288 0.111553235747 15.7749 0.074
56046.667184 0.114327834078 15.7741 0.076
56033.653076 0.119811111593 15.7444 0.069
53889.363573 0.128341653149 15.7329 0.081
53817.609287 0.129072756806 15.7515 0.09
54273.501009 0.129522205783 15.6926 0.096
53845.643848 0.129770900883 15.7534 0.091
54595.564498 0.136890172656 15.7331 0.088
56011.63462 0.145327828083 15.7085 0.076
56033.664367 0.153642634132 15.7447 0.069
53817.618371 0.156291386759 15.6887 0.089
53889.374449 0.160929700204 15.6575 0.08
54595.57486 0.16793810789 15.7069 0.087
55980.605892 0.173127745391 15.6592 0.078
54590.573074 0.18095415022 15.6471 0.078
53817.627512 0.183680807336 15.6549 0.088
53889.385334 0.193544714185 15.6163 0.079
54595.585241 0.199042973325 15.6517 0.087
54590.581401 0.205904561026 15.6253 0.077
53607.378372 0.208610243847 15.6413 0.091
55980.617979 0.20934434385 15.6752 0.079
54995.418062 0.228721587333 15.674 0.09
54590.589749 0.230917894666 15.6408 0.078
54129.692699 0.232871499548 15.5751 0.095
53830.660874 0.235888800342 15.6179 0.087
53607.388174 0.237980236238 15.6728 0.092
55265.753428 0.241743622338 15.613 0.078
55980.629939 0.245180408823 15.6455 0.078
54590.598073 0.255859316489 15.5958 0.077
54240.504938 0.262520150299 15.7269 0.089
54129.702809 0.263164360509 15.5759 0.095
53830.670339 0.264249030686 15.6339 0.088
53607.397993 0.267401166174 15.6461 0.091
55980.64194 0.281139323202 15.635 0.078
56101.459736 0.290703597389 15.6198 0.074
53830.679815 0.292642220655 15.6506 0.088
54129.712934 0.293502166361 15.6122 0.096
54240.516042 0.29579135981 15.6444 0.087
56076.434446 0.306763907456 15.5903 0.075
53830.689303 0.32107136651 15.6492 0.088
54129.723104 0.323974806886 15.6164 0.096
56101.472383 0.328598138691 15.6132 0.074
54240.527302 0.32952999624 15.6088 0.086
53769.620877 0.34012800308 15.6935 0.083
56076.44712 0.344739349557 15.6507 0.076
56101.485111 0.366735382435 15.5942 0.075
56076.459784 0.382684828405 15.6875 0.076
55329.550418 0.39835561602 15.7161 0.096
56101.497928 0.405139299219 15.6496 0.076
56076.47251 0.420816079494 15.7031 0.077
55329.577944 0.480832499355 15.8337 0.1
53904.509345 0.510019715832 15.881 0.088
53587.462839 0.535170880508 15.8795 0.097
55744.439771 0.542320115539 15.8676 0.086
53904.52085 0.544492452264 15.8252 0.087
54334.380732 0.545049768985 15.705 0.096
54887.728688 0.556196103594 15.8252 0.082
53587.470687 0.558686050912 15.7988 0.095
55744.449209 0.570599445084 15.7996 0.085
53904.532376 0.579028111552 15.8036 0.086
53587.478441 0.581919566617 15.811 0.096
54887.739509 0.588619352679 15.7675 0.081
54337.401059 0.594935608962 15.8149 0.104
55744.458696 0.599025594634 15.7751 0.084
54337.404458 0.60512012273 15.8875 0.106
53587.486326 0.605545601096 15.7799 0.095
54954.494825 0.609341946786 15.7119 0.092
53904.543914 0.613599726748 15.732 0.085
54337.407863 0.615322614484 15.8026 0.103
54887.750386 0.621210396062 15.7151 0.08
54337.411272 0.625537091527 15.8358 0.104
54210.58958 0.626340107037 15.6907 0.087
55744.468193 0.627481707437 15.7336 0.083
54662.47894 0.634406217988 15.6483 0.083
54954.503784 0.63618603593 15.6991 0.091
54887.76117 0.653522781073 15.663 0.079
54662.485512 0.654098075765 15.6355 0.079
53860.503885 0.655293610037 15.6482 0.073
54210.600536 0.659167860206 15.6464 0.086
54954.512857 0.663371706301 15.6853 0.091
54662.49207 0.673747984979 15.7466 0.081
54954.521921 0.690530409725 15.6528 0.09
54210.611454 0.691881752973 15.6119 0.085
54174.5677 0.693026349702 15.6885 0.087
54662.49863 0.693403886849 15.5046 0.108
53860.517307 0.695510304381 15.6349 0.073
53881.543997 0.698338836597 15.6348 0.089
54174.572885 0.708562302629 15.6534 0.086
54974.552598 0.708978792015 15.5982 0.074
54174.578072 0.72410424819 15.6196 0.085
54210.622326 0.724457814718 15.6038 0.085
53881.554297 0.72920099959 15.6482 0.089
53860.530701 0.735643101576 15.6139 0.073
54174.583303 0.739778032139 15.613 0.085
54974.563825 0.742618549659 15.582 0.074
53881.564569 0.759979265435 15.6062 0.088
54226.655839 0.766097764147 15.4492 0.082
53860.544036 0.775599115491 15.6139 0.073
54974.574986 0.776060549773 15.5561 0.074
55273.612225 0.789265360668 15.5961 0.093
53881.574867 0.790835435773 15.5771 0.088
54527.699742 0.791923102276 15.5539 0.076
53875.568255 0.793064702678 15.635 0.089
54226.666757 0.798811656914 15.5797 0.085
54974.586135 0.809466593957 15.5848 0.075
53875.576851 0.818821125303 15.5948 0.088
54622.492075 0.820702818359 15.6112 0.076
56391.659718 0.824601039142 15.6525 0.076
54226.677663 0.831489593773 15.6475 0.087
54527.713623 0.833515110493 15.5803 0.077
55714.500745 0.835223016583 15.6006 0.076
53875.58539 0.844406757324 15.6446 0.089
54509.696736 0.849039078093 15.6339 0.084
54622.501907 0.850162700532 15.6335 0.077
54226.688615 0.864305361632 15.6457 0.087
56391.673449 0.865743598362 15.6756 0.077
53875.593948 0.870049319547 15.6271 0.088
55714.5134 0.873141528505 15.6814 0.078
54527.727173 0.874115334606 15.6232 0.077
54509.705303 0.874708607263 15.6891 0.085
54622.511739 0.879622582726 15.6808 0.078
55386.453705 0.899182602138 15.6617 0.109
54185.650426 0.900491996821 15.7689 0.091
54509.71391 0.900497989469 15.6918 0.085
56391.687285 0.907200771862 15.7304 0.078
54622.521546 0.909007556754 15.7545 0.079
55714.526147 0.911335702428 15.7833 0.08
54527.740433 0.913846624044 15.7264 0.079
54509.722343 0.925766010883 15.7713 0.087
55691.505135 0.932867304691 15.8273 0.085
54185.662083 0.935420174883 15.7648 0.091
56391.701203 0.948903644132 15.8114 0.079
55714.538952 0.949703663325 15.7974 0.081
54197.683796 0.956397456719 15.7937 0.107
55691.515195 0.96301034932 15.855 0.085
54296.474801 0.966504066013 15.8075 0.087
54185.673702 0.970234492521 15.8633 0.094
54197.693321 0.984937466671 15.8531 0.111
56368.686439 0.989156294384 15.8473 0.075
54296.48299 0.991040983753 15.8766 0.089
53948.391685 0.995838102501 15.8688 0.081
