56074.4409672 0.00292004627553 16.89463 0.109840896152
53589.4263625 0.00837197021938 16.960065 0.144411159567
55701.4580624 0.0104350298296 17.024359 0.114786152593
55380.4758317 0.012022398773 16.859246 0.162463766847
54297.3846616 0.016567023192 16.867624 0.125471425366
56074.4515398 0.0323995011684 16.851092 0.109110751531
53589.4365148 0.0366797526673 16.84587 0.138037794036
53847.6596161 0.0430964184169 16.751521 0.0995731116548
55701.4707819 0.045900865214 16.826585 0.106918382524
54297.3968023 0.0504191562472 16.795843 0.12217936143
56365.6756786 0.0559853878538 16.818086 0.101587426123
56033.5763073 0.0595230253022 16.798818 0.091063368189
56074.4621292 0.0619260726544 16.771897 0.106026444476
54974.5182741 0.0759372083284 16.683791 0.100664576759
55701.4837606 0.082089662603 16.812219 0.10650461837
54297.4088353 0.0839708688388 16.76056 0.120845649348
56033.5876248 0.0910795781289 16.801787 0.0892847526423
56074.4727187 0.0914529673224 16.674533 0.103092829059
56365.6884917 0.0917124347421 16.721722 0.0984171021865
54527.6591846 0.0936443090572 16.68031 0.105221241226
54974.5261454 0.0978847047186 16.775649 0.10355576793
53847.6803713 0.100968434358 16.74784 0.0999679306731
54527.6660254 0.112718520514 16.721657 0.106732955416
54297.4208691 0.117524807877 16.747738 0.120423762349
55701.496666 0.118073756694 16.74794 0.104276359955
54974.5340393 0.119895453371 16.659098 0.100108005173
56033.5989329 0.122610022858 16.685097 0.085617998924
53817.5638307 0.126674859177 16.701199 0.127666792036
56365.7013054 0.12744086967 16.677784 0.0971239771152
54527.6727352 0.131427702712 16.695896 0.105799278126
54974.5419674 0.142001438759 16.62595 0.0991907812116
56115.378388 0.149196894932 16.755851 0.09729151132
54527.6795314 0.150377668408 16.77032 0.108626840669
53817.5728018 0.151689045269 16.787675 0.132172093356
56033.610272 0.154226957105 16.71839 0.0861543821208
56365.7141738 0.163322112692 16.647656 0.0961414941211
56046.5263762 0.168347754294 16.647611 0.107280325813
54927.5697803 0.16891664678 16.564253 0.0952517934391
53817.5819373 0.177161818532 16.744744 0.129720695656
56115.3917377 0.186420013943 16.678275 0.095020931125
56046.5358995 0.194901643706 16.659016 0.107721393514
55006.481736 0.2000222931 16.716182 0.135612555651
54927.5816959 0.202141087715 16.640859 0.0973908369137
53817.5909669 0.202339076781 16.75349 0.130177027175
55006.4893792 0.221333996476 16.770367 0.139198243889
56046.5455173 0.221718874074 16.637947 0.106663791281
56115.4051364 0.223779965428 16.709272 0.0960281167713
54927.593712 0.23564568201 16.661188 0.0980410068669
55006.4969493 0.24244173963 16.755939 0.138588231923
56046.5552489 0.248853662439 16.604124 0.105438712664
56391.5704447 0.258656997259 16.694209 0.103599821107
53924.4861271 0.259332710224 16.945977 0.130932551224
56115.4185573 0.261201588768 16.723116 0.0965701770112
55361.5581641 0.263674085707 16.702476 0.116168688016
54927.6058137 0.269389091557 16.796012 0.102499796123
53924.4948742 0.283722335491 16.756255 0.122768132887
56391.5799699 0.285216050625 16.760107 0.106020841342
54240.461351 0.296651160764 16.695264 0.124916065895
53924.5036044 0.308064809271 16.713414 0.121114592456
56391.5896366 0.31216979142 16.81901 0.108196728628
53834.4875436 0.315256652354 16.975281 0.1203632935
54273.464875 0.320753369937 16.901174 0.15263363173
54240.4703029 0.321612034074 16.697212 0.12505680612
53924.5123226 0.332374045005 17.119055 0.143477317791
53882.5517381 0.333197887017 16.981546 0.108827447387
56391.5990979 0.338551025264 16.836704 0.108888894803
54240.4792485 0.346555125474 16.692317 0.124840330518
54273.4747024 0.348155370848 17.060334 0.164274704553
53834.5027163 0.35756275931 17.010873 0.12180921137
53882.5610775 0.359238972784 17.052751 0.111837251561
54240.4882261 0.371587320434 16.763099 0.128668173559
54273.484511 0.375504768294 16.952186 0.156535011259
53882.5703823 0.385183629532 17.077473 0.113707824149
53834.5153591 0.392814727574 17.025305 0.122357115806
53826.6254359 0.393251886566 17.065643 0.12344879962
54273.4943253 0.402869978795 17.073957 0.165683879877
53882.5796837 0.411118992028 17.03597 0.111917167755
55663.5875439 0.415636572321 16.960075 0.152729536325
54174.5173922 0.424359340847 17.012103 0.140804157534
53826.6369636 0.42539488819 17.080512 0.124326293126
53904.46223 0.426472324893 17.000162 0.130723582932
53769.613621 0.426558718216 17.104859 0.131885748307
53834.5280275 0.428138244464 16.94795 0.118803813679
54129.6909868 0.434382061397 16.987051 0.166206039658
55971.6665998 0.435979822385 16.841845 0.108690920557
54174.5255539 0.447116576783 16.887744 0.133611474467
54185.6439308 0.448613583534 16.919907 0.138216196075
56418.5379288 0.452400136056 16.953413 0.0900496696586
53904.4721129 0.454028909492 16.95179 0.128630299624
53826.649062 0.459128841163 16.990228 0.119986376861
54129.7010839 0.462536034455 16.909275 0.160355366445
53769.6276746 0.465744594575 17.294977 0.14526755477
54174.5337243 0.469898338726 16.929325 0.135705557642
55971.678808 0.470020166168 16.885272 0.246764032397
54185.655568 0.481061879585 16.908378 0.138870802264
53904.4819655 0.481500973955 16.909458 0.126597579967
56418.5510176 0.488895808318 16.920395 0.089338372831
53826.6606334 0.491393638471 16.947748 0.117829134182
54174.5419119 0.492727864985 16.86554 0.132025127528
55971.6909783 0.503954626083 16.460273 0.281689781871
55663.6192283 0.503982573319 16.88005 0.149043052633
53904.4919963 0.509469802863 16.880767 0.125274790754
54185.6671995 0.513494006795 16.821751 0.135323484326
56418.5641536 0.525523182007 16.865571 0.0880858148253
55271.6344651 0.528399145932 16.794969 0.149076042837
53904.501846 0.53693405616 16.775391 0.120569397427
55971.7033358 0.53841131246 16.728552 0.150304043338
54594.5268986 0.54165333843 16.779544 0.125254912438
54185.6787919 0.545817377875 16.770069 0.131085036177
56418.5773147 0.562220264884 16.835621 0.0876546342626
54594.5358464 0.566602593396 16.746867 0.123462193912
55736.4504848 0.580205099812 16.756932 0.0980895831906
54594.5448276 0.591645083357 16.700685 0.121829516016
55736.4570306 0.59845698639 16.769027 0.0986707573745
54594.5537455 0.616511076833 16.689834 0.121136908876
55736.4635774 0.616711454103 16.721175 0.0970278227341
55736.4701702 0.635094364541 16.672489 0.0963301633176
54612.5065751 0.674590472621 16.761976 0.107881328911
54943.5322022 0.677119703868 16.711712 0.0988093562201
54953.581709 0.698274048055 16.620935 0.125212355466
54943.5401103 0.699169857784 16.718435 0.0987590308757
54612.516386 0.701946358175 16.773843 0.108580059935
54686.397659 0.705941904696 16.713035 0.110269104409
54686.4026012 0.719722326284 16.82273 0.115045098758
54943.5480179 0.721218688641 16.721922 0.098893168215
53860.4553899 0.721698477289 16.796206 0.101946869494
54953.592336 0.727905503837 16.721924 0.130669867246
54612.526192 0.729288364936 16.873055 0.126402670308
54686.4077724 0.734141092178 16.693548 0.110267435361
54943.555948 0.743330449472 16.755407 0.0999062131035
54686.4126994 0.747879205038 16.837663 0.116663112078
53860.4668609 0.753682958673 16.786296 0.101028960003
53875.5303231 0.75530637575 16.791976 0.134417749039
54953.6029813 0.757587950583 16.723178 0.13094607423
53590.4131534 0.759852227861 16.82404 0.140839845682
53944.3916256 0.76206102861 16.847248 0.125984429397
54612.5390466 0.765131171369 16.791294 0.112676992739
54509.6112869 0.770485311452 16.774732 0.124246480101
54225.5690281 0.77221748438 16.794526 0.129228759966
53875.5388948 0.779206981378 16.896924 0.140608490283
53944.3998016 0.784858281847 16.803634 0.123942882306
53860.4783748 0.78578752454 16.834558 0.10289541719
53590.4231119 0.787619484157 16.982564 0.151156809779
54953.6138319 0.787842614026 16.79365 0.134850665174
54225.5798975 0.802524751268 16.945941 0.137704069427
53875.5474835 0.803154897103 16.925571 0.142402317857
54887.6310385 0.807267688199 16.770059 0.112079535823
53944.4079937 0.807700393703 16.889366 0.128444712787
54509.6247868 0.808127353887 16.647119 0.136245067557
53590.4333242 0.816094758808 17.015916 0.154618796627
53860.489758 0.817527384289 16.950601 0.107272944422
53875.5560146 0.826942290583 16.955818 0.144342663137
53944.4161815 0.830530531451 16.924142 0.130429203259
54225.5907741 0.832852026815 16.813868 0.130868374441
54887.6420192 0.837885445014 16.838223 0.114813918521
53590.4437135 0.845063378321 17.105561 0.161715949315
54509.6386078 0.846664657036 17.041514 0.137922086839
54911.675546 0.850841960743 16.844371 0.138328666133
54210.5389384 0.863647055251 16.974388 0.139142756468
54887.6530344 0.868599017958 16.833213 0.114431657594
54911.68493 0.877007584473 16.950386 0.14496842579
55633.6285755 0.880703452207 16.941352 0.130279660746
54225.6084765 0.882211850604 17.083902 0.148286239802
54509.6520259 0.884078502949 17.072778 0.139129967051
54589.6317158 0.892359561677 17.014071 0.120862846398
54210.5500259 0.894562651394 17.041412 0.142691688935
54197.6393517 0.895582482434 16.955092 0.171327588961
54887.6640915 0.899429770803 16.888711 0.116777977064
54911.6946022 0.903976784508 17.006983 0.148551433485
54589.6382855 0.910677929397 17.090359 0.124739630783
54197.6496953 0.924423561778 16.771889 0.157709876125
54210.5609 0.924882825661 17.010936 0.14086216655
53847.6181563 0.92749360834 17.055892 0.109679134864
54589.6448528 0.928989518165 17.014821 0.12121638895
54911.7037168 0.929391080183 16.980467 0.14701170722
54589.6513952 0.947231723726 17.038293 0.122517733881
53589.4062029 0.952160644922 17.102683 0.152335310012
54197.6601061 0.953452143082 17.003247 0.175461568449
54210.5717882 0.955242696562 17.019653 0.141419979732
53589.4162806 0.980260497709 16.998918 0.145695226933
54197.6704677 0.982343566802 16.786734 0.160085182092
53847.638877 0.985269227641 16.897613 0.104258190493
55633.6680579 0.99079269853 16.895779 0.12768823468
55329.5433062 0.996281089102 16.82796 0.149043052633
