55658.681129 0.00717224368939 16.4872 0.112
54210.632026 0.0537980687655 16.3602 0.108
54188.600761 0.0542848726414 16.6171 0.14
55691.550313 0.0627927064348 16.6012 0.097
54188.608158 0.0727509661308 16.7112 0.145
54188.615605 0.0913418811132 16.6293 0.142
56418.603591 0.100483808158 16.6499 0.082
55691.568031 0.107024455041 16.7373 0.101
53611.398158 0.108330087989 16.5401 0.153
54188.623212 0.11033222492 16.3219 0.125
53889.396151 0.110888928839 16.6601 0.108
55744.446228 0.113747341309 16.6257 0.109
55658.724056 0.11433649881 16.6473 0.126
53611.404275 0.123600750934 16.6295 0.157
53889.404997 0.13297234954 16.6256 0.106
54954.527101 0.135858222746 16.7133 0.13
55744.455745 0.137505866615 16.6717 0.111
56418.618599 0.137950231178 16.6364 0.082
53611.410352 0.138771556677 16.7657 0.168
53860.567532 0.142256573108 16.5343 0.092
54510.696181 0.142988027125 16.6756 0.114
53611.416445 0.153982305315 16.8007 0.205
53889.413795 0.15493594161 16.7603 0.111
54954.535889 0.157796850507 16.6555 0.128
55744.465173 0.161042209638 16.6986 0.113
54510.707258 0.170640983405 16.4803 0.106
56418.633753 0.17578113299 16.7399 0.084
53889.422633 0.176999390881 16.6694 0.108
53860.582163 0.178781841969 16.7128 0.098
54954.54445 0.179168788641 16.8117 0.136
55744.474855 0.185212645923 16.6874 0.112
54954.553231 0.201089941385 16.7571 0.133
56418.648855 0.213482220429 16.6871 0.083
53860.596773 0.215254685799 16.7275 0.098
56048.5309 0.239876975925 16.7947 0.1
54510.736997 0.24488231829 16.7675 0.118
53860.61142 0.251819897555 16.7269 0.098
56048.540093 0.262826657893 16.7963 0.1
54510.748259 0.272997114132 16.7034 0.115
56048.549333 0.285893672061 16.7764 0.099
54995.450627 0.298580529844 16.7661 0.133
56048.558606 0.309043068415 16.7663 0.099
54995.45681 0.314015957195 16.7828 0.134
54995.462854 0.329104380735 16.7713 0.134
55361.587904 0.334701377036 16.7051 0.114
54622.532876 0.335480263223 16.7512 0.107
54995.468967 0.344365057974 16.0997 0.267
54974.642367 0.352213834224 16.7149 0.103
54622.542737 0.360097560503 16.6931 0.105
54974.650212 0.371798328397 16.616 0.099
55714.50986 0.379697033244 16.7418 0.105
54622.552581 0.384672418456 16.7031 0.106
54241.60978 0.387595738097 16.7478 0.127
54974.658084 0.391450226188 16.4891 0.096
54887.735141 0.39439851013 16.6877 0.107
54241.617988 0.408086436397 16.776 0.128
54622.562388 0.409154908483 16.6404 0.104
54974.665958 0.411107116823 16.6025 0.099
55714.522635 0.411588927842 16.6568 0.103
55361.622372 0.420748329889 16.6267 0.112
54887.746019 0.421554676814 16.704 0.107
53915.56209 0.432326772719 16.7235 0.14
56014.561384 0.437354582953 16.6184 0.124
55714.535413 0.443488311714 16.6037 0.101
54887.75685 0.448593511279 16.5629 0.102
55329.589116 0.451963691933 16.4917 0.128
53915.570793 0.454053203921 16.624 0.135
56014.569115 0.45665448409 16.4959 0.119
53952.425441 0.459105978455 16.7808 0.144
55714.548157 0.475302816971 16.5001 0.101
54887.767652 0.475559949284 16.448 0.098
53915.579444 0.475649820769 16.2892 0.119
56014.576926 0.476154099647 16.5776 0.121
53952.432897 0.477719361316 16.4686 0.127
53830.662148 0.485555655426 16.537 0.119
56393.522957 0.488434039332 16.4605 0.094
53952.44038 0.496400147794 16.5537 0.131
53915.588096 0.497248934029 16.1367 0.193
56014.589575 0.507731444036 16.4031 0.124
53830.67162 0.509201841375 16.4231 0.113
56393.532899 0.513253547428 16.4694 0.094
54594.564297 0.513877654952 16.449 0.11
53952.447851 0.515050977101 16.6319 0.136
53881.553002 0.531015647631 16.079 0.102
54594.571776 0.532548455707 16.3977 0.107
53830.681085 0.532830552307 15.9625 0.097
56393.542813 0.538003155493 16.4335 0.093
54594.579293 0.551314120819 16.435 0.109
53830.69057 0.556509191858 16.2409 0.105
53881.563295 0.556711402699 16.4249 0.115
56393.552597 0.562428227644 16.4329 0.093
56101.538309 0.569168588932 16.4484 0.095
54594.586768 0.56997493585 16.4169 0.108
53881.57359 0.58241215063 16.418 0.114
53875.566978 0.587325125083 16.4529 0.116
56101.550316 0.599143225196 16.3914 0.091
53875.57558 0.608799416832 16.4339 0.115
56368.739874 0.619199544654 16.296 0.083
56101.562424 0.629370000913 16.105 0.084
53875.584121 0.630121426365 16.4083 0.114
56368.752633 0.651051496357 16.3435 0.085
53875.592659 0.651435946606 16.367 0.112
56101.574554 0.659651698075 16.275 0.088
55301.637432 0.672538270287 16.4496 0.106
55395.371376 0.672777927576 16.3387 0.116
56368.765463 0.683080694621 16.3479 0.085
55980.611812 0.684620991994 16.3134 0.094
55980.623934 0.714882717727 16.4073 0.097
56368.778341 0.715229721498 16.269 0.083
55273.618395 0.724970791768 16.3769 0.122
56069.555445 0.7261840568 16.2901 0.087
54197.682503 0.726219006835 16.5745 0.146
54285.408163 0.727197607427 16.3279 0.101
55980.635975 0.744942232607 16.3095 0.094
54912.712848 0.749498217562 16.194 0.092
54197.692048 0.75004743217 16.3051 0.13
54285.418007 0.751772465381 16.2953 0.1
56069.565974 0.752468969373 16.2835 0.087
54527.766459 0.757743926188 16.316 0.093
54943.561922 0.762055260984 16.3317 0.087
55395.408144 0.76456666967 16.3088 0.115
54912.721486 0.771062380807 16.206 0.093
54197.701542 0.7737485396 16.4626 0.139
54527.77307 0.774247825622 16.2157 0.09
55980.647991 0.774939336749 16.2948 0.093
54285.427858 0.776364798351 16.3304 0.101
56069.576655 0.779133339323 16.2908 0.087
54943.569873 0.781904376748 16.308 0.086
54527.779656 0.790689314283 16.3991 0.095
54912.730162 0.792721408391 16.286 0.095
54197.711049 0.797482100596 16.5324 0.143
54285.437796 0.801174320723 16.2961 0.101
54943.577813 0.801726031789 16.246 0.085
56069.587292 0.805687866348 16.2619 0.086
54527.786237 0.807118320807 16.3463 0.094
54912.738818 0.814330507375 16.2984 0.096
54943.585751 0.82154269395 16.2872 0.086
53845.619004 0.824301249219 16.2576 0.106
53845.62769 0.845985241114 16.1105 0.101
53904.51585 0.856160690227 16.3286 0.101
53845.636435 0.867816522379 16.3824 0.111
53817.601531 0.880638187398 16.4356 0.113
53904.527348 0.884864643573 16.3884 0.103
53845.645157 0.889590385751 16.3946 0.112
54350.368966 0.897301858353 16.3151 0.122
53817.610631 0.903355701361 16.4367 0.113
54350.374105 0.910131012664 16.3484 0.135
53904.538875 0.913640993381 16.4363 0.105
56041.592889 0.919617447055 16.4493 0.088
54350.379254 0.922985131267 16.4185 0.128
53817.619806 0.926260447572 16.4249 0.113
54615.560488 0.929400956645 16.447 0.096
54350.384502 0.936086396461 16.4963 0.132
53904.550411 0.942439811067 16.4663 0.106
54615.566994 0.945642730902 16.4364 0.096
56041.603552 0.946236881267 16.5168 0.091
53817.628845 0.948825679282 16.4213 0.112
54615.573487 0.961852051576 16.4519 0.096
56041.61426 0.972968654835 16.5209 0.09
54615.579979 0.978058875818 16.4064 0.095
56041.624998 0.999775321295 16.5883 0.092
