55945.7458929 0.00774578538054 17.590988 0.115181539167
54189.5752912 0.0332781868493 17.578709 0.146954237336
55271.5787464 0.0458401501106 17.687875 0.148513445098
54536.6249188 0.0608095392529 17.655973 0.142249178481
54197.5433174 0.0620595661203 17.586666 0.149235837743
54536.6352594 0.0790156817661 17.686461 0.144323113852
53908.4529909 0.0796705691239 17.744829 0.150247429166
54197.5549827 0.0825980189846 17.706008 0.157528638376
54536.6457081 0.0974119481536 17.736839 0.147506130962
53908.4633878 0.0979758080698 17.743842 0.156456477991
54197.5665402 0.102946552389 17.763636 0.161892554649
54816.661855 0.103487672114 17.642767 0.141266211405
54536.6560952 0.115699804353 17.71214 0.146209460243
53908.4738367 0.116372502283 17.705428 0.150920417609
54816.671948 0.121257730835 17.682122 0.143243750231
54197.5780835 0.123270019991 17.708361 0.157656097493
53908.4842896 0.134776104707 17.775291 0.171363453998
54816.6821801 0.139272730427 17.834603 0.152442460625
54816.6924195 0.157300567671 17.843265 0.152747538378
54593.4784587 0.159110785472 17.823229 0.132337302852
54593.4874385 0.174920813826 17.834262 0.132759197724
55006.4127254 0.1854076685 17.803993 0.145503465896
54593.4964415 0.190771822014 17.886324 0.13576380675
55006.4207912 0.199608611478 17.74454 0.142124340101
54593.5054412 0.206617124687 17.774661 0.129769640095
55006.4283745 0.212959987419 17.758629 0.143215247902
55006.4360761 0.226519848009 17.832036 0.147921038409
53825.6146817 0.231689320073 17.895049 0.120887432709
53825.6267377 0.252915540662 17.893022 0.120772055776
53825.6388457 0.274233319001 17.916611 0.121905776688
53825.6508533 0.295374361858 17.948454 0.123368556758
56042.4860747 0.331842807949 17.866826 0.106210620181
54506.6842029 0.346153599037 17.825 0.160007270837
56042.4959817 0.349285376163 17.934195 0.108731640175
54506.6929141 0.361490865347 17.911219 0.171552152428
56042.5058128 0.366594450952 17.91356 0.107967769368
55662.5304473 0.368874372742 18.083049 0.135197037388
54506.7015335 0.376666515278 17.943728 0.244153781213
56042.515714 0.38402683071 17.979574 0.11107381391
54506.7102949 0.39209201632 17.91705 0.18417431325
55662.5606339 0.422022099009 17.856639 0.12354268292
54129.6206811 0.475125951154 17.808241 0.160691754519
54476.6552633 0.476167966637 17.964835 0.171895415756
56074.379052 0.483717574041 17.89435 0.125972808544
54129.629913 0.491380030014 17.913575 0.16856439259
54476.6669583 0.496758607697 17.878269 0.164243694118
54530.6252131 0.497521064714 17.996608 0.123507777066
54530.6292305 0.504594230346 18.008921 0.124208022904
56074.3911354 0.504991907318 17.994595 0.131625939641
54129.6392326 0.507788389217 17.929807 0.169783208241
54530.6332477 0.511666987689 18.020433 0.124720089923
54476.6785589 0.517182965635 17.862782 0.163345302225
54530.637309 0.518817405384 17.946208 0.121296082347
54129.6488028 0.524637926088 17.897168 0.166979514021
56074.4032177 0.526264406352 17.923003 0.136422765705
56046.5725098 0.526561345638 17.920239 0.0946651435563
56046.5743951 0.529880590362 17.97384 0.0962316134729
56046.5762859 0.533209615944 17.957086 0.0957333024679
56046.5781702 0.5365272504 17.933753 0.0950683793171
56058.5097763 0.543723892148 17.729987 0.156039959859
56074.4152755 0.54749388765 17.916433 0.128797912014
56058.512369 0.548288683464 17.780098 0.283724157636
56058.514963 0.552855919587 17.841622 0.0940196636151
53881.4848298 0.598597051101 17.917179 0.148605767651
56041.5048099 0.604194268771 17.959155 0.108784996297
53881.4943671 0.615388674021 17.890799 0.147121639423
56041.5167676 0.625247299809 17.930125 0.107736436489
53881.5038065 0.632008085403 17.993397 0.154300190606
56041.5288769 0.646567482116 17.991198 0.110159289683
53881.5132345 0.64860728154 17.852537 0.145287578647
56041.5409612 0.667843445914 17.997208 0.11068097536
54909.5642556 0.670655025255 18.005008 0.155416106188
54909.5730962 0.686220134566 18.070451 0.160007270837
54909.581919 0.701753840678 18.064539 0.160170335174
54909.5907969 0.717384566557 18.008893 0.155492801791
54178.6046123 0.717922916103 18.002935 0.183121676185
55714.4201001 0.727584976046 18.094627 0.125434286244
54178.6145524 0.73542376572 17.87482 0.172865438001
55714.4335547 0.751273558706 17.958142 0.119597786217
54178.6244915 0.752922984623 17.638548 0.155858962203
55330.4836759 0.755888615074 17.691364 0.122158821896
53814.5578368 0.7646273101 17.717435 0.103010462818
54178.6344492 0.770454807666 17.504038 0.146975125435
55714.4470284 0.774995764744 17.64394 0.106864631145
53814.5708235 0.787492185035 17.593971 0.098975295024
55714.4604693 0.798660281293 17.599497 0.105198251875
53558.4195273 0.798694739207 17.536357 0.132513938359
55330.510436 0.80300329447 17.478545 0.113329670074
53814.582833 0.808636528735 17.432629 0.0939747975404
53876.5018815 0.825446494992 17.328938 0.117188104331
53814.5947662 0.829646522117 17.185713 0.0880394965256
54888.6400664 0.830806646766 17.374376 0.0926277659966
53876.5109028 0.841329761352 17.328908 0.119170227362
55978.5971564 0.846812115053 17.33767 0.0995678836311
54888.6544489 0.856128971264 17.393005 0.0937365572704
53876.5199892 0.857327570179 17.35535 0.119414774481
55978.6042238 0.859255236188 17.298178 0.0921885498536
55627.5971794 0.864159489097 17.367545 0.106247348207
55978.6113314 0.871769067766 17.345467 0.0953124825846
53876.5290159 0.873220250983 17.414699 0.121728136336
54888.6688731 0.881524656119 17.401819 0.0932011930699
55978.6184662 0.884330787172 17.395875 0.0967212410967
55586.7190225 0.892668038516 17.271869 0.122541121388
54888.6833666 0.907042403999 17.513494 0.0973551724067
55586.7466687 0.941342897092 17.39638 0.128718741662
55627.6418003 0.942720424699 17.500742 0.111886949024
54953.4538823 0.944243865598 17.423355 0.120151428593
56048.5163183 0.948897411208 17.487551 0.0836165906377
56048.5182137 0.952234587818 17.438992 0.0825652372905
56048.5200976 0.95555140745 17.467657 0.0831630056502
56048.5219875 0.958878802332 17.493046 0.0837251614887
54953.4628519 0.96003616543 17.665867 0.132172093356
54953.4717804 0.9757559206 17.484258 0.122936217593
55945.7280522 0.976334762448 17.57985 0.114437528758
55945.7340183 0.986838862187 17.505723 0.111478039532
54953.4807039 0.991466934404 17.627997 0.130223338128
55945.7399382 0.997261654942 17.551379 0.113357845244
