54320.4840842 0.0056764085923 18.569365 0.19139215774
54188.74421 0.0108978788074 18.619951 0.267968984895
56173.5002345 0.0193654765344 18.676737 0.17493947715
53913.6109872 0.0226665065191 18.538496 0.23187698573
55421.5565381 0.0234538513556 18.604196 0.192214909068
54320.4959846 0.0291622752383 18.786543 0.212446918985
53913.6197657 0.0399912988122 18.539634 0.231996261203
56173.511004 0.0406195907901 18.668518 0.174728269743
54320.5025537 0.0421267405489 18.619454 0.195778563833
54320.5089945 0.0548378650371 18.669863 0.200674970697
53913.6285308 0.0572895952509 18.433176 0.21967254771
56065.5940395 0.0614631067028 18.642652 0.161117552889
56173.5217554 0.0618378658189 18.561092 0.166319252131
53669.401759 0.0643790034134 18.560908 0.232331247517
54697.5050936 0.074200591654 18.542325 0.208179290096
53913.6373228 0.0746411811845 18.299743 0.20579166177
53669.4095025 0.0796612213732 18.676995 0.246879460484
56065.6057359 0.084546475223 18.746998 0.172122526619
54697.5139578 0.0916945514191 18.179876 0.175695307897
55762.6021556 0.0928663995606 18.312637 0.167201618078
53669.4171658 0.0947850288488 18.651794 0.245647197499
56065.6172278 0.107226431093 18.701677 0.166905707962
54697.522849 0.109241755691 18.31391 0.186615044564
53669.4248259 0.10990257881 18.601775 0.241221121081
55762.6128576 0.113987367706 18.190609 0.158695906387
54658.5156702 0.1267574069 18.174424 0.230390150081
54697.5317292 0.12676723812 18.22058 0.179457808381
53805.7371938 0.128710290441 18.187656 0.193129394666
56065.6286252 0.129719562563 18.622901 0.160205860348
54590.6211056 0.133671493681 18.146679 0.143486884524
55762.6236726 0.135331251287 18.09739 0.153018550334
53805.7424775 0.13913804029 18.079171 0.182497381896
54658.52403 0.143255890228 18.518878 0.354353453776
54590.6278367 0.146955518018 18.028818 0.136414846424
53805.7477672 0.149577484583 18.202781 0.192902766597
56101.6168014 0.154061757188 18.086675 0.127340760424
54974.7125001 0.155930098149 18.151912 0.152050875657
55762.6344131 0.15652805572 17.958597 0.145152624548
54351.4697984 0.157426567268 18.093627 0.210007189045
53805.7530782 0.160058935799 18.141163 0.186974239134
54590.6345802 0.160264235167 18.084482 0.139446806647
54246.5846363 0.161673497816 18.183032 0.219250679375
54974.7168488 0.164512376281 18.01497 0.143286546048
54351.4741542 0.166023030288 17.850235 0.19448028195
54728.4617491 0.168602158442 17.919751 0.167012356089
54974.7212282 0.173155436707 18.1966 0.155028282328
54590.6414131 0.173749291668 18.065018 0.138182941648
54351.4785327 0.174664240702 18.02227 0.190542464244
54763.4273808 0.174905145807 17.995119 0.145508499279
54658.5405756 0.175909269731 17.972881 0.344623964962
56101.6296357 0.179390833839 18.072367 0.132927262235
54974.725538 0.181660965205 18.093575 0.148405093281
54351.4828633 0.183210907377 17.871638 0.175783232903
54246.5960204 0.184140567215 17.997282 0.199833857916
54728.4703794 0.185634482187 17.795488 0.158476426362
54763.4349968 0.189935735969 17.885486 0.138989537977
54623.5895393 0.198411109077 18.11675 0.137340880331
54938.7582157 0.198475052769 17.987252 0.118093693157
53879.7520653 0.20050702837 18.07553 0.171958905128
54728.4790237 0.202694422139 17.860211 0.163482409879
54763.4425858 0.204912898684 17.769103 0.132841337913
56101.6426317 0.205039013446 18.003848 0.133585892966
54212.6584599 0.206784034975 18.183386 0.175209535901
54246.6074948 0.206785826166 18.077371 0.207166782243
54623.5988045 0.216696359969 18.092202 0.135950847224
53879.7617149 0.219550885112 18.148134 0.177826948418
54728.4877235 0.219864025775 17.912198 0.167491048389
54763.4501745 0.219889581823 17.837755 0.136904973617
55029.4693753 0.221174077442 18.110422 0.236648225589
54246.618896 0.229286701036 18.109041 0.210129703756
56101.6554271 0.230291318349 17.860184 0.119040642152
54623.608072 0.234986180221 18.08374 0.13517791762
54212.6728044 0.235093624243 18.266715 0.180913222261
53879.771292 0.23845172821 18.222592 0.184368911387
53936.5244494 0.243451616709 17.974037 0.146662956367
54623.6173382 0.253273487946 18.24476 0.144755439741
53879.7808805 0.25737513862 18.318763 0.193075997507
53936.5315428 0.257450640993 17.9783 0.146943800558
54212.6872141 0.263531813552 18.107934 0.167499346155
53936.5385893 0.271357382619 17.998423 0.148135464605
54727.5017946 0.274087346388 18.034036 0.170952565077
54382.438045 0.274703961091 17.938779 0.17982590676
56131.5777634 0.283415990638 18.189344 0.137503664891
53936.5456508 0.285293568395 17.933212 0.144372002422
54212.7015859 0.291895309843 18.324867 0.185223987973
54382.4475995 0.293560033102 17.82508 0.170704099865
56131.5882919 0.304194306099 18.269136 0.144293811127
54382.4571496 0.312407676882 17.826099 0.171005971726
56131.5990339 0.325394285577 18.272523 0.142672952745
54382.4667245 0.331304180543 17.905917 0.177421892911
55440.4627653 0.33577395726 18.400851 0.223950169092
53834.7249497 0.33739690723 18.354867 0.158394401541
55852.4124687 0.337702884115 18.186925 0.155904145726
56131.6097076 0.346459291046 18.225041 0.138128960497
55852.4243985 0.361246769093 18.104234 0.150845745199
53834.7393896 0.365894759228 18.456739 0.16573984156
55440.4864077 0.382433235485 18.406061 0.223459627731
55852.436479 0.385088308689 18.410861 0.173161950319
53834.7538934 0.394518700316 18.473783 0.166774765905
53865.6650148 0.399056673728 18.37349 0.198798275625
55852.4483497 0.408515699942 18.45581 0.177120127232
53865.6739003 0.41659266332 18.508985 0.212938415919
53834.7683638 0.423076718645 18.546841 0.172177188546
53865.6829903 0.434532087473 18.376212 0.198989287686
53865.6919709 0.45225586082 18.512992 0.212828877729
55473.4585981 0.454586965892 18.537465 0.191873960482
54680.4736038 0.461762064859 18.660349 0.393194398246
54680.4790448 0.472500258907 18.523175 0.168700231324
54303.4949245 0.476778337351 18.524364 0.235414666639
54680.4845953 0.483454310797 18.548551 0.198607854215
53618.4401033 0.489177682714 18.392668 0.206417610453
54303.5034784 0.493659880931 18.522828 0.235065828021
54680.4900898 0.494298035122 18.466041 0.186412506953
54303.5120059 0.510489116657 18.420491 0.222972431504
55473.4869484 0.510537559725 18.590421 0.19734847147
53618.4560586 0.520666166485 18.51122 0.220157819696
54303.520602 0.527454034299 18.450302 0.226100502606
53618.47206 0.552245652843 18.450629 0.213121365094
53587.5638498 0.553453143448 18.361056 0.194946641561
54030.4249198 0.560403905826 18.504913 0.190785810993
53993.4358094 0.560671622952 18.573289 0.243597362496
55124.3974308 0.5661133901 18.675705 0.240631355704
53587.5723834 0.570294531282 18.70601 0.2314491579
53893.6218369 0.573147352263 18.61896 0.228657929934
53993.4441247 0.577082142942 18.715932 0.262592803036
54001.5520854 0.57852032337 18.61109 0.272981390162
54030.4347667 0.579837218114 18.508455 0.191626059279
55124.4053474 0.581737209418 18.535838 0.212683114336
53618.4877844 0.583278531143 18.583493 0.23001719653
53587.5807676 0.586841211773 18.564619 0.215716840018
53893.6304422 0.590130291549 18.376679 0.203032378447
53993.4523905 0.593395127102 18.691731 0.258450239725
55124.4134 0.597629444114 18.612918 0.22148911548
54030.4446305 0.599303879387 18.685715 0.208914684234
54001.5641341 0.602299024256 19.223189 0.61133739675
53587.5892372 0.60355626026 18.648555 0.225049933361
53893.6392087 0.60743141944 18.665159 0.234422194854
53993.4606356 0.609667223916 18.613952 0.248778308074
55124.4213407 0.613300774989 18.443204 0.204365044571
54001.5701561 0.61418370381 19.156118 0.723676164062
53649.4164507 0.622442242763 18.816895 0.339152659951
55331.6672639 0.622783958002 18.620221 0.199714626049
53893.6481945 0.625165198058 18.478846 0.213895211062
53649.4260715 0.641429314248 18.652826 0.31193210397
53959.5300614 0.646098473831 18.656732 0.201298056573
53649.4356343 0.660301878795 18.423761 0.290330051553
53959.5431733 0.671975529578 18.576747 0.194085365526
53649.4452114 0.679202812874 18.834658 0.359000672194
55331.6978202 0.683088186528 18.495933 0.189566586963
54704.4063361 0.694124090474 18.602361 0.174843367397
53959.5562464 0.697775813778 18.659134 0.202035491381
54614.7237106 0.701285085496 18.502029 0.14063954982
54704.4142821 0.709805950423 18.649653 0.178399276902
54614.7290405 0.711803975092 18.715439 0.154076695689
54739.3798694 0.716021201588 18.561529 0.18843414335
54614.7343842 0.722350068851 18.616475 0.147601504888
53959.5693469 0.72363025642 18.659506 0.202423026671
54704.4222046 0.725441418996 18.49521 0.16599649675
54614.7398893 0.733214602246 18.611968 0.147263421578
54739.3887067 0.733462167879 18.678716 0.213066430404
54704.430128 0.741078486549 18.661414 0.179374026164
54739.3975541 0.750922779047 18.855746 0.218612675184
54643.6388405 0.766641008705 18.454374 0.159788412716
54739.40636 0.768301616113 18.826649 0.219030701335
54295.5439352 0.785130572984 17.615719 0.248394991076
55706.7110186 0.789104002919 18.715294 0.152849723025
54643.6502602 0.789178225842 18.568246 0.168260130555
55663.6480307 0.802291473661 18.788683 0.260768880714
54643.6615102 0.811380555808 18.573914 0.168708731481
55706.7233809 0.81350156106 19.078229 0.179499745481
54295.5585731 0.814019023582 18.56031 0.395544961497
53947.4595067 0.824296600547 18.773709 0.216694430655
54600.6004307 0.828334349354 18.736732 0.161518056192
54295.5658786 0.828436739924 18.407244 0.385946952204
54643.6725045 0.833078512596 18.736496 0.182675027749
55706.7358876 0.838184164234 18.593581 0.144750501403
54600.6056858 0.838705678862 18.840073 0.168913227918
53947.4698936 0.844795559109 18.637683 0.201834913994
54600.6109749 0.849143958762 18.685441 0.157208258809
55663.675141 0.855794938419 18.640948 0.247023967621
53978.3846744 0.856555525518 18.615456 0.249490690984
54600.6163129 0.859678608319 18.761502 0.162404089832
55706.7483323 0.862744357809 18.784395 0.157208258809
53947.4802894 0.865312083418 18.717985 0.210024683269
53978.393423 0.873821294749 18.800868 0.274476708245
56214.4700491 0.875203042592 18.620466 0.174603871564
54321.4320943 0.876618372316 18.608581 0.195458301261
53947.4907291 0.885915407649 18.697893 0.207687944594
54533.7451247 0.886273692797 18.934557 0.306590134826
54321.4387555 0.889764659084 18.574461 0.191991759057
53978.4021039 0.890953438093 18.708919 0.261349780961
56214.4783245 0.891534779981 18.627772 0.175920293408
54533.7534343 0.902673248161 18.95871 0.310272953866
54321.4453799 0.902838080747 18.709126 0.204961009897
56214.486775 0.9082123453 18.780143 0.189919551454
53978.4109466 0.908404912335 18.370463 0.21967254771
54014.3868781 0.908581622117 19.182941 0.344088448468
54321.4520509 0.916003783274 18.571397 0.191573998673
55796.4619026 0.916654304677 18.568446 0.172095220504
54533.7617445 0.919073716873 18.18972 0.208640088583
54911.7627566 0.921678963351 19.021195 0.280921963043
56214.495228 0.92489472962 18.632352 0.177674688807
54013.3817967 0.925006637221 17.906372 0.180805650774
54014.3955032 0.925603643739 18.852171 0.287834566933
55360.7073219 0.934691240991 18.859683 0.182486293936
54533.770009 0.935384188518 18.640815 0.261041757355
54911.7705197 0.936999898142 18.824833 0.253116391242
55796.4740135 0.940555712804 18.793432 0.191678158331
54014.4041516 0.94267160104 18.974872 0.30785914161
55421.518285 0.947959595756 18.728082 0.205399428342
54911.7782176 0.952192003169 18.727665 0.240524590735
55360.7201699 0.960047249047 18.614908 0.163398578523
55796.4858709 0.963956835154 18.921102 0.204300953319
54911.7859556 0.967463348462 19.023961 0.280625020745
54188.7269466 0.976827771527 18.92166 0.32560512032
55796.4977286 0.987358666214 18.798299 0.192730049436
54188.7356124 0.993930197806 18.629935 0.269383843448
56173.4894636 0.998108597742 18.643856 0.172277547347
