53882.52546 0.00319711995215 16.2541 0.109
53589.371599 0.0314308147366 16.4331 0.115
53589.379275 0.0458837551288 16.3836 0.113
53589.387147 0.0607057388155 16.3211 0.111
53589.394712 0.0749496801976 16.386 0.114
53865.571973 0.0819181966569 16.1497 0.105
53556.477047 0.095135971744 16.3156 0.124
53865.581216 0.0993216005172 16.3711 0.114
53556.484114 0.1084422419 16.3263 0.125
56041.515327 0.108961915112 16.3596 0.086
53865.590421 0.116653455171 16.3613 0.114
53556.491212 0.121806881154 16.4458 0.132
56041.527433 0.131755987076 16.3189 0.085
53865.599648 0.134026733052 16.3659 0.114
53556.498691 0.135888895377 16.2447 0.122
56041.539529 0.154531230293 16.367 0.087
56041.55165 0.177353545361 16.4047 0.087
55006.450449 0.212273325521 16.4224 0.12
55006.457349 0.225265155718 16.3463 0.116
54197.60699 0.262000026362 16.2704 0.125
54197.617341 0.281489654546 16.2369 0.124
54197.627693 0.300981165618 16.2561 0.125
54129.660334 0.327011897882 16.3687 0.127
54129.669012 0.343351477961 16.4118 0.128
54129.677743 0.359790850364 16.4501 0.13
56390.58951 0.371645424708 16.4179 0.094
54129.68657 0.376410978659 16.4588 0.13
56390.600285 0.391933391454 16.4094 0.101
56390.61112 0.412334330633 16.4481 0.095
55271.586281 0.429622879186 16.4805 0.129
56390.622146 0.433094898734 16.507 0.097
55329.504002 0.481390615384 16.3592 0.12
56414.556258 0.498010743675 16.1729 0.072
54912.608693 0.520076143428 15.9683 0.08
56414.571476 0.526664319347 15.8489 0.068
55329.534224 0.538294831706 15.8729 0.101
54912.619814 0.541015584545 15.8443 0.077
56414.586605 0.555150319237 15.6333 0.066
54912.630917 0.561921133948 15.673 0.075
54178.649595 0.567614944754 15.6799 0.102
55971.658174 0.576748766242 15.8613 0.091
54912.642022 0.582830449086 15.6563 0.075
54953.536987 0.582894466799 15.6167 0.088
56414.601724 0.583617490394 15.6561 0.066
54953.545496 0.598915841183 15.6548 0.089
55971.670183 0.599360199439 16.1284 0.209
54536.632143 0.603626791796 15.7637 0.098
56070.460092 0.608305733543 15.789 0.082
54953.554217 0.615336384841 15.7207 0.091
54536.642587 0.623291527261 15.7622 0.098
56070.469065 0.625200761431 15.846 0.084
54953.562737 0.631378470845 15.7549 0.092
56070.477924 0.641881141699 15.7606 0.091
54536.652972 0.642845173167 15.8651 0.101
56363.649161 0.646364264563 15.8219 0.08
54593.485125 0.650625208293 15.8873 0.091
56070.486839 0.658666962902 15.8397 0.084
54536.66338 0.66244212516 15.8387 0.1
54593.494102 0.667527767679 15.8628 0.091
56363.660521 0.667753712555 15.8854 0.082
54593.503106 0.684481164665 15.9438 0.093
56363.671841 0.689067845604 15.8951 0.082
54593.512111 0.701436444526 15.9097 0.092
56363.683272 0.71059097765 15.9488 0.084
55701.448908 0.806762530054 16.0795 0.083
55701.4616 0.830659966152 16.1269 0.085
56117.368148 0.930262114886 16.2166 0.083
56117.377263 0.947424510882 16.2751 0.084
53882.498143 0.951762652438 16.224 0.108
56117.386416 0.964658456085 16.2573 0.084
53882.507205 0.968825256123 16.2806 0.11
56117.395583 0.981918761518 16.2533 0.084
53882.516424 0.986183471007 16.2866 0.11
55633.567044 0.993769570128 16.2841 0.1
