56033.712174 0.000658816248945 13.9988 0.055
54354.48994 0.00545958161947 13.9935 0.065
55439.527761 0.00784564220782 13.9827 0.06
53934.510262 0.00790865943125 14.0128 0.061
54197.740756 0.0102001942033 13.9926 0.067
53652.430401 0.0131419519783 13.9779 0.069
53959.64813 0.0132823084941 13.9885 0.061
54346.463566 0.014565567965 13.8558 0.062
53879.702246 0.0148147723791 13.998 0.063
53934.516967 0.0271145853396 14.0107 0.061
54354.497851 0.0281199962171 14.001 0.065
55005.593505 0.0385436150576 14.0189 0.058
54303.531756 0.039895620579 14.0071 0.064
55439.539978 0.042840242788 14.0053 0.061
56033.727202 0.0437052971723 14.0479 0.056
53879.712962 0.0455098808032 14.0086 0.063
54346.474607 0.0461916123976 14.0216 0.061
53934.52372 0.046458003319 14.0305 0.061
55474.455304 0.0549452752908 14.0254 0.065
53959.663996 0.0587291721035 14.012 0.061
54196.711681 0.0624987468168 14.0356 0.067
53934.530415 0.0656352850537 14.0222 0.061
54303.540996 0.0663628473541 14.0134 0.064
55707.665867 0.067591682882 14.0408 0.058
54196.719667 0.0853739927898 14.0962 0.069
54780.435779 0.092592327365 14.0492 0.061
54303.550293 0.0929933459545 14.0253 0.065
54672.562464 0.0982753336378 14.0459 0.062
53959.679806 0.104015628265 14.0709 0.061
55707.679944 0.107914101826 14.0905 0.059
54196.727737 0.108489849934 14.0622 0.069
54027.409175 0.109271836178 14.066 0.087
54780.442172 0.110904554718 14.0679 0.061
53970.505563 0.113514039942 14.096 0.066
54303.559625 0.119724099215 14.0935 0.065
54672.573048 0.12859233882 14.0991 0.063
54780.448571 0.129233968566 14.1153 0.061
54027.417841 0.134094886731 14.0913 0.067
53970.515771 0.142754023785 14.1176 0.066
54780.454969 0.147560517995 14.1336 0.061
55707.694211 0.148780760277 14.134 0.059
54588.794725 0.152415707322 14.1228 0.06
55679.768326 0.157359693613 14.1268 0.058
55353.699073 0.15856561381 14.1081 0.071
54027.426491 0.158872106572 14.1103 0.067
54672.583663 0.158998140983 14.1417 0.063
54588.798004 0.161808135509 14.144 0.06
53849.730491 0.163165869885 14.1356 0.06
55056.607962 0.165296997233 14.1759 0.058
54588.801267 0.171154733027 14.1507 0.06
53970.525938 0.171876566474 14.1313 0.066
54588.804524 0.180484144007 14.15 0.06
55056.614058 0.18275849228 14.1864 0.058
54027.435202 0.183824055959 13.9964 0.068
54672.59432 0.189524248723 14.1581 0.063
55707.708441 0.189541435251 14.1538 0.059
53849.742087 0.19638166657 14.1461 0.06
55056.620374 0.200850159398 14.1975 0.059
53970.53614 0.201099363801 14.1815 0.066
53607.460715 0.201142330091 14.1625 0.064
54019.415023 0.210675114793 14.1723 0.066
53834.735372 0.210869895254 14.1738 0.06
55056.626431 0.218199942128 14.1756 0.059
56217.423867 0.227827252642 14.1975 0.058
53849.753797 0.229924006969 14.1622 0.06
54764.425752 0.233175121959 14.1543 0.061
54019.425421 0.240459338145 14.1601 0.066
53607.47555 0.243635978248 14.1416 0.064
54764.432324 0.252000080205 14.1491 0.061
53834.749852 0.25234667484 14.1463 0.06
53913.64896 0.25240969204 14.153 0.065
56217.435865 0.262194545571 14.1386 0.057
53849.765399 0.263156990192 14.1562 0.06
54735.460594 0.264841268238 14.1276 0.063
54019.435785 0.270146171277 14.1537 0.066
54764.43887 0.270750563567 14.1114 0.061
53913.657663 0.277338726071 14.1252 0.065
53607.4908 0.28731836006 14.1148 0.064
54764.445431 0.28954401322 14.0902 0.061
54735.469494 0.290334592713 14.0972 0.063
53834.76432 0.293789081413 14.117 0.06
56217.447854 0.296536058725 14.0898 0.057
54019.44615 0.299835868829 14.1277 0.066
53913.66642 0.302422438711 14.0803 0.065
54402.422015 0.3029810003 14.092 0.062
55803.405482 0.305914164839 14.0535 0.055
54735.478116 0.315031608851 14.0663 0.062
55360.736221 0.315902392071 14.0579 0.058
54260.689469 0.321657008792 14.0902 0.064
53913.675143 0.327408761109 14.0707 0.065
53607.505558 0.329591447982 14.0496 0.063
56217.460001 0.331330150006 14.0643 0.057
54402.432998 0.334440908467 14.0627 0.062
53834.7788 0.335265860999 14.0656 0.059
54735.486747 0.339754404765 14.0441 0.062
55803.419568 0.346262363537 14.0142 0.055
53804.762201 0.355164976174 14.0601 0.064
54260.703071 0.360618828977 14.0592 0.063
54402.443925 0.365740409208 14.0305 0.062
56066.656381 0.366654158706 13.9867 0.059
53804.767507 0.370363580627 14.0486 0.064
53591.460952 0.371125515955 14.0361 0.068
54642.639053 0.385103878131 13.9968 0.062
53804.772826 0.385599422532 14.031 0.064
55803.433638 0.386564731565 13.9792 0.055
56066.665306 0.392219093646 13.9722 0.059
54402.454838 0.396999808076 14.009 0.062
54260.716858 0.400110566551 14.031 0.062
53804.778115 0.400749331875 14.0068 0.063
53591.471755 0.402069828788 14.0074 0.067
54642.650009 0.416486446994 13.9667 0.061
56066.674376 0.418199369261 13.9473 0.059
54705.491481 0.420760159366 13.9568 0.058
55803.447765 0.427030371419 13.9854 0.055
55414.538276 0.427503000474 13.9764 0.058
53591.482189 0.431957171219 13.9571 0.067
54004.480829 0.432893836056 13.9793 0.064
55360.779133 0.438820317881 13.986 0.058
54260.730482 0.439135403921 13.9971 0.062
53578.567987 0.440278306904 13.9611 0.062
56066.6834 0.444047881622 13.9616 0.059
54642.660938 0.447791676573 14.013 0.062
54627.650201 0.450759214107 13.9819 0.058
54705.503722 0.455823505993 13.962 0.058
54004.490282 0.459971183945 14.0003 0.064
53591.492621 0.46183878479 14.014 0.068
53578.576674 0.465161510244 13.9796 0.062
53636.531218 0.471228348565 13.9564 0.064
56131.629781 0.47766183249 13.9786 0.058
54642.67188 0.479134143585 14.0073 0.062
55414.557792 0.483404991532 13.9967 0.058
56173.525915 0.485722306079 14.0043 0.058
54004.499722 0.487011294401 13.9926 0.064
54627.663385 0.488523707357 13.9826 0.059
53578.585356 0.490030391487 13.9683 0.062
54705.515947 0.490841021907 13.9806 0.058
55766.465351 0.493920271771 14.0081 0.058
53636.541608 0.500989656582 13.9625 0.065
54243.646195 0.502588002098 13.9994 0.062
56173.53366 0.507907227215 13.9894 0.058
56131.641109 0.510109965013 13.9896 0.058
54004.50916 0.514045676019 14.0126 0.065
53578.594039 0.51490213715 13.9711 0.062
55766.473843 0.518244913506 14.038 0.058
54705.528154 0.525806978293 14.0164 0.059
54627.676556 0.526250963154 14.0261 0.059
53636.551986 0.530716591565 13.973 0.065
56173.544466 0.538860133306 14.0248 0.059
54243.659371 0.540329579993 14.0361 0.062
54321.511824 0.542334672927 14.034 0.061
55766.482379 0.542695589655 14.0572 0.058
56131.652504 0.542750013598 14.0362 0.059
54944.67712 0.548524681261 14.032 0.059
55385.605369 0.551549507167 14.0539 0.07
53636.562373 0.560469306324 14.0326 0.065
56173.552223 0.561079427454 14.0606 0.059
54627.689726 0.563975354532 13.7634 0.065
55766.490874 0.567028824649 14.0844 0.059
54321.521832 0.571001773069 14.0425 0.061
54944.685162 0.571560334681 14.0533 0.06
56131.663911 0.575424435216 14.0766 0.063
54243.672615 0.578265938347 14.0926 0.063
54687.397222 0.591230296378 14.0832 0.06
54944.693217 0.594633225534 14.0609 0.06
54321.531813 0.599591533927 14.0922 0.061
54243.685772 0.615953092273 14.1322 0.063
54687.405972 0.616293958081 14.1174 0.06
54944.701307 0.617806371046 14.0993 0.06
54321.541738 0.628020887337 14.1352 0.061
54687.414649 0.641148517227 14.1393 0.06
55738.590358 0.648275190414 14.2058 0.059
54929.702735 0.65561955939 14.1592 0.067
53944.513636 0.661758008205 14.1666 0.062
54687.4233 0.665928601509 14.1786 0.06
53554.561207 0.674814027625 14.2034 0.067
53944.520251 0.680706136447 14.1895 0.062
54687.431971 0.690765974138 14.1672 0.06
55738.605378 0.691298755982 14.2213 0.06
54929.716036 0.693719189591 14.2055 0.068
53554.568998 0.697130712014 14.2173 0.067
53944.526883 0.699702959798 14.2088 0.062
56389.70141 0.70280512502 14.2192 0.063
56476.632624 0.710181002596 14.1656 0.062
53944.533535 0.718757071538 14.2397 0.063
53669.434168 0.719046377797 14.2341 0.066
53554.576818 0.719530464525 14.2351 0.067
56389.709357 0.725568658676 14.1754 0.063
54929.729282 0.731661276784 14.1931 0.067
55738.62064 0.735015510827 14.1804 0.059
56476.642342 0.738017421389 14.1455 0.062
54974.766934 0.738343965096 14.1378 0.059
53669.441308 0.739498325749 14.2014 0.066
53554.58465 0.741964590048 14.22 0.067
54617.627752 0.742271082835 14.1545 0.059
56389.71736 0.74849259978 14.1654 0.063
55086.488381 0.755321373437 14.1326 0.06
53669.448618 0.760437224841 14.1957 0.066
54213.713566 0.763012337044 14.1852 0.065
56476.65209 0.765939772744 14.1164 0.062
54929.742437 0.769342701892 14.1361 0.067
55086.49364 0.770385350218 14.1044 0.06
56389.725096 0.77065174114 14.1245 0.062
54385.479105 0.771396489935 14.1664 0.067
54974.780266 0.776532392279 14.0906 0.059
54617.640501 0.778789554041 14.1075 0.059
55738.635936 0.778829655892 14.121 0.059
53669.4558 0.781009478368 14.1835 0.067
53978.419525 0.782413043407 14.1966 0.067
55086.49891 0.785480835612 14.0956 0.06
56101.714017 0.786394585097 14.0815 0.058
54602.633127 0.791390130933 14.1235 0.058
56476.661841 0.793870717337 14.0628 0.061
54213.72511 0.796079183981 14.1309 0.064
54385.488219 0.797502799964 14.133 0.067
55086.504179 0.800573456587 14.0792 0.06
53978.428184 0.807216043023 14.1744 0.066
54014.389012 0.814076325292 14.1268 0.066
54974.793559 0.814609107124 14.0357 0.058
54617.653286 0.815411144306 14.0723 0.059
54320.560205 0.816499623331 14.0936 0.061
54686.428629 0.816774607506 14.0541 0.06
56101.724648 0.816846217972 14.0411 0.058
56441.760735 0.822497715634 14.0969 0.057
54385.497403 0.823809619292 14.0765 0.066
54213.736646 0.829123115562 14.0951 0.063
53978.437014 0.83250885822 14.1529 0.066
54686.435133 0.835404785293 14.0451 0.06
54602.649412 0.838037185875 14.0666 0.057
54014.397634 0.83877334143 14.0928 0.066
54914.756211 0.8425200008 14.0113 0.059
56101.735353 0.847509817782 14.0003 0.058
53618.509256 0.848787348427 14.0667 0.064
54385.506551 0.85001331954 14.0799 0.067
54617.666164 0.852299125497 14.0214 0.059
54974.806784 0.85249104153 14.0113 0.058
54686.441664 0.854112302383 14.0074 0.06
56441.772022 0.854828407001 14.0555 0.057
54320.573589 0.854837000263 14.0522 0.061
53978.445889 0.85793057223 14.0795 0.065
54213.748329 0.862588116677 14.0584 0.063
54014.406286 0.863556290111 14.0911 0.066
54914.764011 0.864862464943 14.004 0.058
55120.392879 0.871992002539 14.0312 0.059
54686.44816 0.872719564835 13.9681 0.06
56101.746095 0.878279401112 13.9928 0.058
53618.519745 0.878832233866 14.0305 0.064
54602.665716 0.884738664787 14.0155 0.057
54914.771817 0.887222115602 13.8929 0.063
56441.78341 0.88744840465 14.0162 0.057
54014.414921 0.888290543702 14.0652 0.065
55120.399235 0.890198246393 14.0035 0.059
53893.623977 0.892478323519 14.0474 0.063
54320.586857 0.892842104664 14.01 0.06
54291.615611 0.907069671252 13.9814 0.066
55120.405578 0.908367252815 13.9876 0.059
53618.530344 0.909192205339 13.9995 0.063
54914.779612 0.909550257648 13.9725 0.058
56033.682048 0.914365345124 13.9902 0.055
53893.632571 0.917095135934 14.0113 0.063
55005.55193 0.919455416761 13.9806 0.058
56441.794934 0.920457963218 14.0021 0.057
55029.642871 0.925992019718 13.9684 0.063
55120.411922 0.926539123656 13.975 0.058
54320.600403 0.93164351738 13.9823 0.06
54602.682129 0.931752365294 13.9802 0.057
53652.402304 0.932660385958 14.0106 0.069
54291.624785 0.933347846385 13.9712 0.065
55439.503503 0.938360578725 13.9698 0.06
53618.541163 0.940182348883 13.9865 0.063
54197.716697 0.941285150003 14.0152 0.068
53893.641341 0.942216086006 13.9923 0.063
55029.651328 0.950216406814 13.9465 0.063
54346.441801 0.952221499753 13.976 0.061
53879.681864 0.956432194911 13.9839 0.062
56033.697139 0.95759228441 14.013 0.055
55005.565667 0.958803933425 13.9691 0.058
54291.633682 0.958832577601 13.9731 0.065
53652.411774 0.959786428957 13.9938 0.069
54354.474079 0.960027040107 13.985 0.065
54197.724682 0.964157531557 14.0114 0.067
53959.632307 0.967958614879 13.9893 0.061
53893.650441 0.968282294162 13.9885 0.063
55439.515537 0.972830990712 13.978 0.06
55029.659782 0.974432200652 13.9682 0.063
54354.482004 0.982727556556 13.985 0.065
54291.642592 0.98435454625 13.9812 0.065
53879.691886 0.985139396925 13.9742 0.062
53652.421134 0.98659738592 13.9658 0.068
54197.732684 0.987078608241 14.0041 0.067
55474.432496 0.989613618593 14.0181 0.067
55029.66822 0.998602163778 13.9567 0.064
55005.57966 0.998885741218 13.9889 0.058
