55660.492506 0.000800678311009 16.0874 0.097
54595.426906 0.0238158090315 16.0247 0.099
54595.434868 0.0307754167306 16.0699 0.101
55542.693237 0.0321119201466 16.1368 0.112
54595.442814 0.0377210387905 16.0832 0.101
54595.450742 0.044650926992 16.1251 0.103
55542.729594 0.0638916811644 16.0318 0.109
54858.609487 0.0724867354941 16.1248 0.105
54858.616612 0.0787147190229 16.1602 0.106
54858.623748 0.0849523176874 16.1654 0.106
54834.604064 0.0892756308881 16.0747 0.105
54858.630888 0.0911934127649 16.1105 0.104
54834.612171 0.09636198352 16.1088 0.106
54834.620309 0.10347543334 16.0936 0.105
54834.628352 0.110505843383 16.0342 0.103
54888.498914 0.198923105171 16.1167 0.108
54888.506676 0.205707892278 16.1104 0.107
54888.514452 0.212504916837 16.1597 0.11
54888.522222 0.21929669677 16.1625 0.109
53744.543258 0.263907415018 16.2429 0.126
53744.552599 0.272072410696 16.2664 0.127
56365.534187 0.279815214639 16.3888 0.116
53744.562081 0.28036065488 16.5202 0.141
53744.571757 0.288818475043 16.4197 0.135
56365.545354 0.289576322306 16.5456 0.124
56365.556608 0.299413476924 16.5447 0.125
56365.567729 0.309134375854 16.7025 0.133
54475.669202 0.343253236369 16.5971 0.142
54475.678923 0.351750391166 16.5328 0.139
54475.68866 0.360261531608 16.4802 0.136
54475.698466 0.368832985155 16.4241 0.133
55126.675988 0.390206550535 16.2095 0.102
55126.686122 0.399064709846 16.2333 0.098
55126.696343 0.40799891612 16.1986 0.097
55126.7066 0.416964590092 16.1173 0.096
55586.632098 0.439200020985 16.0869 0.097
55586.658666 0.462423188211 16.1045 0.097
54006.754263 0.463320891942 16.0842 0.115
54006.760828 0.469059377817 16.0927 0.115
54006.767354 0.474763773685 16.0774 0.114
55275.500079 0.477783799379 16.1291 0.117
54131.54631 0.544417541501 16.1153 0.12
54131.555516 0.552464533278 16.0707 0.118
54131.564695 0.560487924273 16.0695 0.118
54131.573852 0.568492085004 15.9876 0.114
54170.505092 0.598403888014 16.0965 0.119
54170.505092 0.598403888014 16.0965 0.119
54170.515472 0.607477076654 16.0944 0.129
54170.525785 0.616491700396 15.6589 0.158
55616.585588 0.621634048065 16.095 0.112
54170.538133 0.627285123648 16.0119 0.115
54170.548943 0.636734176558 16.0773 0.125
54908.485932 0.669634537564 16.0949 0.107
54170.592746 0.675022508158 16.0278 0.119
54170.592746 0.675022508158 16.0278 0.119
54908.494778 0.677366852273 16.1323 0.108
54170.603134 0.684102689617 15.9746 0.133
54908.503631 0.685105285705 16.1161 0.107
54908.512485 0.692844593241 16.0967 0.106
54170.613516 0.693177626464 16.0152 0.117
54170.623909 0.702262178446 16.1405 0.124
54170.623909 0.702262178446 16.1405 0.124
54954.370452 0.777428913585 16.3499 0.118
54954.378653 0.78459743189 16.4068 0.12
54954.38685 0.791762453789 16.5174 0.126
56058.402778 0.815344003225 16.7628 0.12
56019.50982 0.818894609412 16.6484 0.1
56058.412283 0.823652351777 16.5813 0.143
56058.421742 0.831920491599 16.7983 0.119
56019.526625 0.833583909517 16.6815 0.1
56058.431455 0.84041065357 16.6409 0.113
56019.534984 0.840890536091 16.7733 0.104
53881.432011 0.91877048679 16.1308 0.11
53881.438014 0.924017726812 16.1195 0.11
53881.444143 0.929375103805 16.1062 0.109
53881.450355 0.934805031342 16.119 0.11
55660.458637 0.971195685436 16.1433 0.097
