53934.773381 0.00587961195625 17.9543 0.204
56167.520136 0.00729402094974 17.9303 0.143
54212.77881 0.0102622618806 17.9436 0.21
54344.693995 0.0102934485863 18.304 0.23
54658.677047 0.0160684933409 17.7116 0.152
55823.568071 0.0229956118431 17.8837 0.172
56167.53072 0.0267104992792 17.8833 0.139
54212.788705 0.0284147612121 17.7457 0.192
53934.785916 0.0288752238059 17.8973 0.203
56145.728375 0.0300401391209 17.7028 0.128
54344.707109 0.0343512430644 17.6756 0.17
55121.483535 0.0402693797808 17.9401 0.145
56167.541438 0.0463728022484 17.911 0.141
54212.798703 0.0467562153224 17.6888 0.186
53986.581196 0.0479541518608 18.2589 0.278
55121.491275 0.0544685050871 17.9248 0.144
56145.742571 0.0560828759266 17.3652 0.113
54324.551826 0.0592364025935 17.4694 0.152
55770.714693 0.0628228741641 17.8281 0.137
53986.589792 0.0637236197048 17.4913 0.191
54063.451647 0.0677430361884 17.845 0.242
55121.49902 0.068676802958 17.6859 0.131
54324.56251 0.0788363321496 17.6491 0.165
53986.598385 0.0794875840101 17.5874 0.199
56145.7569 0.0823696028591 17.4762 0.117
55121.506771 0.0828961078931 17.6766 0.13
55770.727517 0.0863486600648 17.6713 0.129
54063.462264 0.0872200534179 17.6522 0.22
53986.606981 0.0952570518542 17.9655 0.241
54324.573494 0.0989866153858 17.7907 0.176
54063.472892 0.106717250276 17.7663 0.232
56145.771191 0.108586618327 17.7798 0.132
55770.740345 0.109881784017 17.8496 0.138
53676.450788 0.10990196366 17.8025 0.266
54324.584379 0.118955281922 17.5968 0.16
53676.459475 0.125838372127 17.8877 0.278
54063.483453 0.126091534822 17.6386 0.219
54087.472006 0.133387390297 17.854 0.261
54087.475532 0.139855880701 17.8187 0.258
53676.468109 0.141677551436 17.8477 0.272
54087.479057 0.146322536605 17.742 0.249
54087.482589 0.1528020341 17.7988 0.256
56220.474778 0.153236813526 17.7645 0.139
53676.476766 0.157558924529 17.8758 0.277
54050.424322 0.168954915017 17.9398 0.247
56220.487485 0.17654796148 17.7071 0.136
54616.791945 0.177333132749 17.6906 0.146
54050.432051 0.183133860695 17.8039 0.234
54616.800017 0.192141316149 18.0416 0.17
55055.609918 0.194307875192 17.93 0.226
54050.439792 0.197334820501 17.8243 0.281
56220.500195 0.199864612986 17.597 0.13
54616.807917 0.206633963418 17.9075 0.16
55709.741968 0.207608089463 17.8336 0.155
54716.562672 0.207960315824 17.8556 0.164
55055.619287 0.211495421054 17.5771 0.19
54050.447564 0.211592650207 17.8927 0.242
53978.494635 0.213058425547 18.207 0.275
54716.569324 0.220163491725 17.969 0.173
54616.815911 0.221299054849 17.8988 0.159
56220.512982 0.223322521935 17.7523 0.138
55055.628841 0.229022351688 17.9897 0.233
53978.505155 0.232357495076 18.1275 0.262
55709.755543 0.23251159411 18.0492 0.17
54716.576106 0.232605154241 18.0127 0.176
54691.507057 0.243126082361 18.5225 0.227
54716.58281 0.244903724788 18.0446 0.178
55055.637771 0.245404546652 17.8058 0.212
55770.817708 0.251805160114 17.8206 0.136
53978.515811 0.251906058283 17.9874 0.244
54691.513677 0.255270553875 18.1388 0.188
55738.658747 0.255795224394 18.0019 0.166
55709.769159 0.257490313775 17.9752 0.164
54014.497847 0.261394155969 18.9296 0.408
55738.664455 0.266266620672 18.0937 0.171
54691.520256 0.267339810385 17.9998 0.176
53978.526583 0.271667424924 18.1503 0.264
55738.670144 0.276703161232 18.1416 0.176
53610.584369 0.277145278687 17.9969 0.288
54014.506485 0.27724067333 18.3111 0.291
54691.526841 0.27942007396 18.0155 0.177
55709.782832 0.282573600623 18.163 0.191
55447.588878 0.284536528807 18.0118 0.164
55738.675904 0.287269952156 18.2128 0.182
53610.59271 0.292446945893 17.9831 0.287
54014.515085 0.293017479226 17.7159 0.213
54965.727485 0.303877792127 17.5491 0.186
54769.49168 0.306877219752 18.0373 0.243
53610.60104 0.30772843347 18.1635 0.318
54014.523751 0.308915362935 18.2371 0.28
54299.61407 0.310615955854 18.0317 0.206
53592.616072 0.314083184115 18.2485 0.316
54769.499951 0.322050471093 18.2512 0.362
54965.737824 0.322844814935 18.0997 0.244
53610.609358 0.322987906892 18.1042 0.307
54299.623033 0.327058689718 17.8837 0.189
54769.508292 0.337352138299 17.7725 0.213
53592.630103 0.339823226393 18.0902 0.291
54965.748172 0.341828348345 17.6371 0.193
53729.453119 0.343330813927 18.2315 0.299
54299.631995 0.343499589069 18.1247 0.213
55447.623383 0.347836376168 17.9784 0.161
53729.457381 0.35114950541 18.0348 0.27
54769.516564 0.352527224153 18.0216 0.241
53729.461616 0.358918665057 18.0567 0.274
54299.640962 0.359949660972 18.4202 0.389
54965.758627 0.361008174586 18.0233 0.232
55179.439473 0.361151266539 17.676 0.158
53693.486441 0.362017156355 18.1021 0.317
53592.644043 0.365396328035 18.2224 0.312
53729.465842 0.366671314088 18.3935 0.329
55179.447235 0.375390751116 18.2387 0.205
53693.494221 0.376289662152 18.0751 0.311
54031.463877 0.385785097887 18.0434 0.254
55179.455021 0.38967426399 18.1978 0.199
53693.502125 0.390789647472 18.3548 0.366
53592.658045 0.391083169438 18.4096 0.347
53633.544217 0.397269144969 18.2841 0.313
54031.473416 0.403284510841 18.1451 0.268
55179.462788 0.403922921119 18.3399 0.22
53693.51014 0.405493263662 18.3387 0.365
55500.531784 0.408949484861 18.1325 0.175
53633.552891 0.413181704768 18.3789 0.329
54031.482963 0.420798599898 18.1657 0.271
53871.767659 0.421106797958 17.9727 0.221
53633.561552 0.429070415913 17.9264 0.258
54364.54801 0.432728433465 18.5574 0.273
54031.492478 0.438253984555 18.3985 0.307
55500.548752 0.440077489798 18.1624 0.177
53871.778041 0.440152704795 18.0373 0.228
53633.570184 0.444905926196 17.6259 0.222
54364.556966 0.449158325738 18.4951 0.264
53913.75709 0.451234993682 18.0828 0.248
54031.501966 0.455659837389 18.207 0.277
54352.56928 0.457600751416 18.3044 0.292
53871.788541 0.459415084091 18.639 0.312
53644.48325 0.465059878471 18.4043 0.381
54364.56591 0.46556620387 18.3129 0.242
53913.765798 0.467209926908 18.2389 0.27
54352.575791 0.469545261087 17.6874 0.213
55803.64462 0.473179429973 18.0986 0.183
53871.799066 0.478723326184 18.5718 0.301
53644.491893 0.480915568397 18.1621 0.334
54352.582281 0.481451246 18.2193 0.279
54364.574835 0.481939226269 18.3242 0.243
53913.774686 0.483515072342 18.1536 0.257
55803.653463 0.489402022365 18.2499 0.199
54352.588757 0.493331547731 18.37 0.304
53644.50054 0.496778596374 18.3588 0.372
53913.783446 0.499585400214 18.2067 0.265
56076.756781 0.500801681868 17.9463 0.194
55803.662333 0.505674146579 18.4199 0.216
53644.508844 0.512012386628 18.1787 0.337
56076.765753 0.517260926349 18.1177 0.214
55803.671227 0.521990299091 18.2129 0.194
56076.774739 0.533745853997 18.1156 0.215
55415.567116 0.540219847946 18.29 0.214
56076.78364 0.550074848099 18.6823 0.295
53960.694236 0.558007279344 18.738 0.284
54030.468359 0.559495068822 18.2607 0.224
54737.47467 0.571278141419 18.551 0.23
54030.479385 0.579722401588 17.7159 0.173
55415.589006 0.58037732249 18.6672 0.259
53960.710766 0.58833176787 18.5797 0.262
54737.484647 0.589581070757 18.4954 0.223
54030.490384 0.599900202519 18.2536 0.224
55023.671166 0.602274061458 18.1197 0.25
54737.494886 0.608364642338 18.4455 0.219
55023.678379 0.615506398768 18.4407 0.297
53554.623635 0.616489697379 18.3991 0.209
53960.727343 0.618742478491 18.38 0.238
54030.501325 0.619971601739 18.6001 0.267
54737.505288 0.62744723942 18.4022 0.214
53554.629702 0.627619683574 18.3737 0.207
55023.685633 0.628813951095 18.4146 0.293
55368.740009 0.635315462733 18.1317 0.194
53554.635795 0.638797367106 18.1666 0.188
54244.738061 0.639901743508 18.277 0.243
55023.69291 0.642163697193 18.2822 0.273
53960.743965 0.649235742167 17.8894 0.187
53554.641797 0.64980811 18.4254 0.212
56271.445265 0.659222827201 18.3814 0.182
54244.751235 0.664069608735 18.547 0.279
53579.73028 0.674939094192 18.917 0.381
56271.456568 0.679958319877 18.0766 0.16
54244.764474 0.68835671725 18.4092 0.259
53579.741882 0.696223106047 18.8072 0.384
56271.467845 0.700646115229 18.571 0.201
54244.777666 0.712557603684 18.6506 0.294
54000.572036 0.714322404522 18.4934 0.356
53579.753498 0.717532801071 18.5308 0.337
56271.479609 0.722227318087 18.5939 0.205
54000.58279 0.734050749943 18.1433 0.303
54643.808033 0.738679224511 17.967 0.167
53579.765106 0.738827820004 18.5189 0.335
54000.593598 0.753878159023 18.7048 0.414
54643.81827 0.757459127066 18.4525 0.21
54006.593627 0.761005239365 18.3583 0.3
54000.604401 0.773696395538 18.3707 0.345
54643.828207 0.775688675914 18.5162 0.217
54006.60224 0.776805893915 18.2763 0.287
55152.411498 0.777998326921 18.7009 0.247
55152.417833 0.789619962422 18.3498 0.208
53886.686742 0.790348263808 18.6102 0.25
54006.610868 0.79263406616 18.5468 0.334
54643.838319 0.794239264432 17.9356 0.163
55152.424177 0.80125810854 18.6162 0.236
54006.619467 0.80840903753 18.5216 0.329
53892.693889 0.810533402798 18.5214 0.31
53886.698392 0.811720332258 18.2976 0.212
55152.43052 0.812894420144 17.9036 0.168
53993.540867 0.815556297514 18.4207 0.306
54029.519369 0.81856122868 18.1548 0.221
53892.70193 0.82528471631 18.0846 0.249
53993.549568 0.831518389149 18.2696 0.282
53886.710015 0.833042868872 18.408 0.224
54029.53036 0.838724353506 18.2574 0.226
53892.709831 0.839779198092 18.1727 0.265
53993.558276 0.847493322375 18.4221 0.306
53886.72157 0.85424065866 18.5199 0.236
53892.717796 0.854391088662 18.2652 0.283
56412.735271 0.857478572886 18.3875 0.206
54802.500386 0.861754821092 18.5587 0.325
53993.566978 0.863457248524 18.613 0.34
56412.742598 0.870920044604 18.2546 0.193
54802.507966 0.875660424422 18.4703 0.325
54599.730559 0.878010434706 18.3347 0.199
56412.749743 0.884027635088 18.5491 0.223
54802.515565 0.889600883498 18.3603 0.298
56412.757032 0.897399395341 18.2204 0.19
54599.74373 0.902172796381 18.4147 0.206
54802.523176 0.903563356716 18.1504 0.264
55087.61457 0.907236050358 18.5038 0.237
53944.537324 0.917953271291 18.2955 0.233
54385.527039 0.919015453927 18.5576 0.341
53969.616601 0.926195735123 18.2135 0.272
54599.756918 0.926366344763 18.5502 0.22
55087.627332 0.930648096497 17.9711 0.183
54385.536224 0.935865449529 18.106 0.273
54658.635289 0.939462928165 18.1503 0.186
53969.625283 0.942122971026 18.3058 0.286
53944.551007 0.943054903282 18.1951 0.22
55823.525685 0.945237972932 18.6113 0.229
54415.523338 0.947595321252 18.1477 0.215
54599.770082 0.950515864861 18.1948 0.184
54385.545382 0.952665913281 18.4292 0.32
55087.640116 0.954100501921 18.0339 0.188
53969.633998 0.958110745829 18.1956 0.27
53934.748218 0.959717778621 18.0682 0.21
54415.532848 0.965041533357 18.2148 0.223
54658.649384 0.965320379218 18.0372 0.176
53944.564682 0.968141859156 18.1991 0.22
54385.554741 0.969835114027 17.8159 0.272
55823.539804 0.971139452282 18.0011 0.176
53969.642642 0.973968270267 18.0933 0.256
55087.652948 0.977640963925 17.7368 0.164
54415.542329 0.982434544601 17.9411 0.197
53934.760845 0.982882165594 17.9877 0.206
54344.680877 0.986228316056 18.2853 0.227
56167.509593 0.987952757637 18.0851 0.152
54658.663197 0.99066049781 17.7771 0.156
54212.769007 0.992278537672 18.0663 0.224
53944.57839 0.993289353957 18.1422 0.245
55823.553911 0.99701891749 17.7269 0.157
54415.551818 0.999842231935 17.9963 0.202
