53876.712816 0.035125074266 13.9386 0.062
53876.722439 0.0409592462768 13.9415 0.063
53886.628599 0.0468037249456 13.981 0.059
53876.732192 0.0468722338759 13.9528 0.062
55029.676816 0.0468989099172 13.9023 0.064
55029.685223 0.0519958530858 13.9171 0.064
53876.742148 0.0529082950334 13.9466 0.062
53886.640704 0.0541426683283 13.9799 0.059
55029.693668 0.0571158346548 13.8793 0.064
53886.652832 0.0614955560113 13.9774 0.059
55029.702119 0.0622394538673 13.8983 0.064
55120.421312 0.062902111042 13.8801 0.058
53652.442484 0.0659165039806 13.8763 0.067
55120.427662 0.066751949169 13.8801 0.058
53886.665053 0.0689048271474 13.9749 0.059
55120.434018 0.070605424935 13.8761 0.058
53652.451657 0.0714778528175 13.8826 0.067
55120.440396 0.074472238723 13.8893 0.058
55501.457441 0.0750936692868 13.9259 0.058
53652.460812 0.0770282887282 13.8534 0.067
53652.469951 0.0825690242604 13.8738 0.067
55501.478646 0.0879497035319 13.9723 0.058
54348.543778 0.0938378339027 13.9743 0.06
54348.552516 0.0991354536745 13.961 0.06
54348.561257 0.104434892264 13.977 0.06
54348.569973 0.109719174009 13.9613 0.06
53591.499346 0.117693492254 13.908 0.066
53591.510128 0.124230335511 13.897 0.066
54239.734431 0.125590207463 13.9216 0.061
53591.520844 0.130727164697 13.906 0.066
54320.566226 0.131783293521 13.964 0.06
55359.70468 0.134119872439 13.9396 0.059
55707.734979 0.135744079735 13.8921 0.057
53591.531389 0.137120321082 13.9049 0.067
54320.579569 0.139872803772 13.944 0.06
55707.749914 0.14479877775 13.8977 0.057
54320.592999 0.148015059837 13.9685 0.06
55707.765051 0.153975943058 13.892 0.057
55359.740373 0.155759600342 13.964 0.059
54320.606352 0.156110632828 13.949 0.06
55707.780107 0.163104000191 13.8888 0.057
55803.47078 0.177844333159 13.9595 0.057
55684.713028 0.178140194732 13.9394 0.058
55803.481435 0.18430417965 13.9712 0.057
56037.699893 0.18480011155 13.9609 0.059
56441.810194 0.186255774754 13.9344 0.056
56441.815873 0.189698803213 13.9324 0.056
56037.709453 0.190596088322 13.9325 0.059
55803.492086 0.190761601044 13.9682 0.057
56441.821599 0.193170326538 13.9339 0.056
55684.738802 0.193766293604 13.9303 0.058
56037.719143 0.196470880672 13.9463 0.059
56441.827294 0.196623055376 13.9316 0.056
54602.724383 0.196858895853 13.9418 0.058
55803.502721 0.197209322061 13.9469 0.057
56037.728697 0.202263219795 13.9539 0.059
54602.739015 0.205729892929 13.9262 0.058
54602.752814 0.214095863998 13.9416 0.058
54602.767374 0.22292320937 13.9228 0.058
56395.745627 0.258519358316 14.1419 0.059
56395.757874 0.265944392574 14.0883 0.058
56395.769922 0.273248778356 13.9807 0.058
54360.386723 0.27390416025 14.0121 0.061
54360.395616 0.279295752445 14.02 0.061
56395.782075 0.280616822883 13.9311 0.057
54360.404354 0.284593372213 14.0132 0.061
54360.413094 0.289892204532 14.0069 0.061
53578.604991 0.300184913483 13.9169 0.061
53578.61814 0.308156806632 13.9047 0.061
53893.660822 0.310255726252 13.9802 0.062
53959.643694 0.313937020283 13.917 0.06
53893.669401 0.3154569485 13.9823 0.063
53578.631268 0.316115968034 13.9179 0.061
53893.678182 0.320780638042 13.9773 0.062
53959.659551 0.323550702667 13.9378 0.06
53578.646888 0.32558596355 13.9069 0.061
53893.687285 0.326299547718 13.9711 0.062
53959.675372 0.333142559199 13.9313 0.06
53959.6912 0.342738659649 13.9527 0.06
54779.457889 0.345739108289 13.8939 0.059
54779.463209 0.348964484484 13.8869 0.059
54589.783671 0.351245286218 13.9736 0.058
54779.468536 0.352194104592 13.9132 0.059
54942.762718 0.353165355091 13.9422 0.057
54980.702879 0.355287919386 13.9241 0.063
54779.473872 0.355429181166 13.883 0.059
54589.792624 0.35667325484 13.9872 0.058
54942.77614 0.361302760969 13.9326 0.057
54980.713305 0.361608929196 13.926 0.063
54589.801627 0.362131537145 13.9876 0.058
53903.646004 0.364009166858 13.9659 0.058
54622.795827 0.365647924724 14.0118 0.063
54589.810664 0.367610432754 13.9831 0.058
54980.723837 0.36799420402 13.9192 0.063
53903.654058 0.368892095401 13.9366 0.058
54942.78955 0.369432891561 13.951 0.057
54622.802415 0.369642055992 14.0139 0.063
54622.809083 0.373684689161 14.0091 0.062
53903.662276 0.373874452837 13.9613 0.058
54980.734099 0.374215784941 13.939 0.063
54942.802891 0.377521189264 13.9443 0.057
54622.815808 0.377761879931 14.0143 0.062
53903.670427 0.37881618993 13.9547 0.058
53669.466039 0.386850529274 13.937 0.064
53669.474735 0.39212268555 13.9213 0.064
55414.564577 0.394233730641 14.0442 0.058
54027.407896 0.397591880778 13.8144 0.069
53669.494835 0.404308787328 13.9569 0.064
55681.787902 0.404713171898 13.9305 0.056
56072.702266 0.405819015167 13.9428 0.057
55414.584083 0.406059705835 13.9308 0.057
54027.425197 0.408081022416 13.9783 0.065
56072.714144 0.413020334417 13.9536 0.057
54027.433903 0.413359241427 13.9608 0.065
55414.597658 0.414289871588 13.9486 0.057
56072.72616 0.420305319442 14.003 0.057
53936.727274 0.420313807274 13.9654 0.061
54642.681605 0.42187253701 14.0577 0.062
55147.408007 0.424226091593 13.9657 0.06
55414.617423 0.426272871676 13.9207 0.057
55147.412218 0.426779110229 13.7363 0.06
56072.738178 0.427591517016 13.9493 0.057
54642.691212 0.427697008642 14.0483 0.062
53936.740458 0.428306920006 13.9626 0.06
53913.650235 0.429311515561 13.9595 0.063
54642.700837 0.433532393201 14.0402 0.062
53913.658995 0.434622473351 13.9747 0.063
53936.753719 0.436346715813 13.968 0.061
55147.42981 0.437444677522 14.0153 0.066
54642.71055 0.439421129852 14.033 0.062
53913.667759 0.43993585624 13.9722 0.063
53936.76691 0.444344072459 13.9698 0.061
53913.676429 0.445192249394 13.9645 0.063
55381.678973 0.456556244012 13.9802 0.058
55739.603242 0.456634453319 13.9575 0.058
55739.617533 0.465298711058 13.9646 0.058
56478.559802 0.466577342338 13.9018 0.056
56478.571093 0.473422778913 13.9115 0.056
55739.631888 0.474001770319 13.9772 0.058
56478.582495 0.480335511876 13.9104 0.056
55739.646162 0.482655721401 13.9693 0.058
56478.593935 0.487271283235 13.9173 0.056
54385.480379 0.487528343295 14.0333 0.065
54385.489504 0.493060590992 14.0338 0.065
54385.498684 0.498626183746 14.0194 0.065
54385.507825 0.504168131826 14.0334 0.065
55086.515979 0.506989729723 13.9685 0.059
55086.523914 0.511800511691 13.9843 0.059
55086.531864 0.516620387769 13.972 0.059
55058.498989 0.521024966349 14.1245 0.06
55086.539843 0.521457845785 13.9793 0.059
55058.504264 0.524223060227 14.0707 0.059
54014.424889 0.526335924142 13.9896 0.064
55058.509557 0.527432067026 14.0147 0.059
55058.514834 0.530631373451 13.9822 0.059
54014.433552 0.531588073383 14.0007 0.064
53694.453273 0.535953850442 13.921 0.061
54014.442197 0.536829309693 13.9873 0.064
53694.459844 0.539937675058 13.9151 0.061
54014.450831 0.542063876998 13.9794 0.064
55439.549958 0.542213626608 13.9237 0.063
54672.570383 0.542653175052 13.978 0.062
54705.560334 0.543593505595 14.0069 0.058
53694.466407 0.543916649487 13.9241 0.061
53694.472943 0.547879254524 13.9419 0.061
55439.559772 0.548163596899 13.9234 0.063
54672.580979 0.549077251394 13.974 0.062
54705.572087 0.550719040631 13.9867 0.062
54019.413733 0.550940936813 13.9564 0.064
55439.569701 0.554183288669 13.9298 0.063
54672.591649 0.555546191994 13.9664 0.061
54019.424136 0.557248002327 13.9663 0.064
54705.58382 0.557832450192 13.9497 0.061
55439.57958 0.560172666752 13.9174 0.063
54672.602265 0.56198239381 13.9651 0.061
54019.434491 0.563525966701 13.9593 0.064
56173.57725 0.563670866122 14.0148 0.056
54705.595574 0.564958591502 14.0345 0.059
56173.585778 0.568841168409 14.0172 0.057
54019.444863 0.569814237728 13.9645 0.064
54687.465064 0.57290683998 13.9245 0.058
56173.594289 0.574001164044 14.0209 0.057
54291.614163 0.578908343536 13.9896 0.065
56173.602824 0.579175710248 14.0112 0.057
54687.475697 0.579353348449 13.9111 0.058
54291.623368 0.584489093134 13.9902 0.065
54215.751819 0.585562803891 14.0332 0.067
54687.48632 0.585793794182 13.9131 0.058
54291.632367 0.589944950343 13.9782 0.065
54215.760466 0.590805252753 14.0222 0.067
54687.496984 0.592259097134 13.902 0.058
54291.641289 0.595354124477 13.9974 0.065
54215.769032 0.595998593441 14.0292 0.068
53676.412665 0.598407318936 13.8696 0.066
54215.777759 0.601289544199 14.0451 0.068
53676.421738 0.603908040398 13.8878 0.067
53862.81232 0.607619648115 13.9501 0.062
53862.814167 0.608739435676 13.9561 0.062
53676.43084 0.609426343804 13.8877 0.067
53862.815932 0.609809508793 13.9459 0.062
53862.817702 0.61088261328 13.9341 0.062
53676.439945 0.614946466027 13.8746 0.067
53620.452206 0.671051642394 14.0433 0.068
54197.756229 0.675309502731 14.05 0.067
53620.462146 0.677078003174 13.9462 0.067
54197.764225 0.6801572674 14.0309 0.067
53620.471648 0.682838816066 14.0247 0.08
54197.772263 0.685030495565 14.058 0.068
53620.480827 0.688403802546 13.9255 0.067
54197.780274 0.689887354339 14.0362 0.067
54735.491555 0.690106219154 13.9926 0.062
55474.439543 0.694852129838 13.9655 0.065
54735.500652 0.69562149119 13.9921 0.062
53978.420806 0.698006572006 14.0681 0.065
54735.509554 0.701018539846 13.9883 0.062
53978.429491 0.703272059269 14.0618 0.065
54735.518456 0.706415588506 13.9861 0.062
53978.438323 0.708626668768 14.0783 0.065
55474.462491 0.708764899174 13.9629 0.063
54240.701639 0.711983000082 14.1714 0.063
53978.447191 0.714003104119 14.0253 0.064
53554.558605 0.721493009661 14.093 0.066
53554.566392 0.726214063123 14.0977 0.066
53554.574211 0.730954517343 14.1059 0.066
54631.650561 0.734040450582 14.0596 0.059
53554.582028 0.735693759014 14.0918 0.065
54631.661752 0.740825259786 14.1634 0.059
53831.743377 0.771335984768 14.0656 0.06
53635.471213 0.776680893886 13.9355 0.064
53831.752381 0.776794873346 14.1239 0.06
54321.633548 0.778872573386 14.0076 0.06
53831.761431 0.782281650517 14.2112 0.061
55766.53186 0.78274787501 14.2112 0.059
53635.48276 0.783681536537 13.9163 0.064
54321.646675 0.786831128518 14.0089 0.06
55766.544778 0.790579718931 14.1469 0.059
53635.494242 0.790642771397 13.9252 0.064
54321.660019 0.794921245043 14.0157 0.06
53635.505708 0.797594305873 13.9336 0.064
55766.557759 0.798449758096 14.0579 0.058
54321.673395 0.803030762325 14.0103 0.06
53945.606082 0.803301766679 14.1678 0.062
53945.619831 0.811637424064 14.0522 0.061
54059.44187 0.818948478859 14.0239 0.062
53945.633563 0.819962774793 13.9577 0.06
54059.453363 0.825916382727 13.9629 0.062
53945.647268 0.828271756131 13.9454 0.06
54059.464942 0.832936426135 13.9837 0.062
54260.694343 0.833034036206 13.9493 0.062
53607.524617 0.833394162796 13.9076 0.062
54059.476425 0.839898267268 13.9786 0.062
54260.708137 0.841396975905 13.9461 0.061
53607.538281 0.841678286911 13.8812 0.061
54303.597832 0.844291932919 13.9816 0.064
54260.721758 0.849655030251 13.9468 0.061
53607.551989 0.849989087071 13.8984 0.062
54303.608826 0.850957306204 13.9793 0.064
54303.619603 0.857491118087 13.9839 0.064
54260.735446 0.857953704936 13.9333 0.061
53607.565713 0.858309587613 13.8985 0.062
54303.630204 0.863918225799 13.979 0.064
54008.439975 0.897839846733 14.0194 0.064
53970.506854 0.899985449428 13.9496 0.064
54008.450663 0.904319700258 14.0057 0.064
53970.517062 0.906174291566 13.9467 0.064
54008.461328 0.910785609483 14.0041 0.064
53970.527216 0.912330394926 13.947 0.064
54008.471987 0.917247881069 14.002 0.064
53970.537414 0.918513174325 13.9516 0.064
54003.535611 0.924452837965 14.0241 0.058
54003.548906 0.932513247081 14.0205 0.058
54003.562162 0.940550011518 14.0256 0.059
54003.575445 0.948603145347 14.0216 0.059
53942.560944 0.957114622106 13.9133 0.063
53861.748997 0.962954856858 13.9543 0.059
56220.419686 0.963008815218 13.9563 0.057
53942.571796 0.96369390452 13.9184 0.063
54686.461911 0.964721538477 13.9612 0.06
53861.755848 0.967108438116 13.9555 0.059
54686.468454 0.968688387432 13.9654 0.06
53942.583101 0.97054782893 13.9255 0.063
53861.76245 0.971111057219 13.9529 0.059
56220.433176 0.971187447706 13.973 0.057
54686.474944 0.972623103878 13.9374 0.06
53861.769063 0.975120345331 13.9486 0.059
54686.481486 0.976589346554 13.9376 0.06
53942.594032 0.977175006971 13.9169 0.063
56220.444461 0.978029246642 13.9538 0.057
56220.45601 0.985031101841 13.9524 0.057
