54273.501434 0.00019291932175 14.1879 0.067
54240.515501 0.00526878355792 14.347 0.066
54594.560323 0.00652536626862 14.2667 0.064
54210.599997 0.0150086031415 14.1741 0.064
53863.462818 0.0221022993781 14.2013 0.065
54594.567805 0.0260310756406 14.1985 0.063
54240.526701 0.0344673861984 14.2494 0.065
54210.610915 0.0434720266775 14.12 0.063
54594.575302 0.0455758902782 14.1695 0.063
53863.472015 0.0460790447752 14.2033 0.065
54995.417646 0.0488190207964 14.1606 0.065
54240.537806 0.0634183221121 14.2114 0.064
54594.582811 0.0651519891435 14.1164 0.063
54995.425623 0.0696152041249 14.1358 0.065
53863.481117 0.0698081234645 14.1229 0.064
54210.621787 0.0718155273786 14.0776 0.063
54129.693121 0.0893190468536 14.1297 0.067
54995.433626 0.0904791699087 14.1506 0.065
53863.490307 0.0937666197287 14.1021 0.064
54995.441625 0.111332707636 14.1196 0.065
54129.703234 0.115683820835 14.1021 0.067
55329.549943 0.137762657056 14.1009 0.066
54129.713366 0.142098128159 14.0849 0.067
54129.723527 0.168588038994 14.0708 0.067
55329.577467 0.209518223052 14.1351 0.067
56011.594814 0.241081391083 14.2874 0.059
56011.608268 0.276156212521 14.3142 0.062
55273.612708 0.308378956139 14.2471 0.068
56011.621796 0.311423953269 14.3331 0.06
56011.635339 0.346730799301 14.2342 0.066
54510.69011 0.355362636213 14.1549 0.062
54912.684234 0.361317065529 14.081 0.061
54954.495237 0.363358360702 14.1134 0.065
54510.701201 0.38427707388 14.1761 0.062
54954.504202 0.386730277887 14.1417 0.065
54912.696623 0.393615412688 14.1345 0.061
53607.37891 0.40672089263 14.2078 0.066
54954.51328 0.41039678814 14.1553 0.065
53607.388712 0.432274883976 14.1984 0.066
54954.522337 0.434008551013 14.1686 0.065
53607.398532 0.457875801644 14.2473 0.066
54510.730927 0.461773293687 14.2623 0.063
53817.603254 0.465389227793 14.2668 0.065
53607.408348 0.483466291237 14.2807 0.067
53587.4623 0.483758277269 14.2991 0.067
53817.612356 0.489118306464 14.2772 0.065
54510.742249 0.491289952547 14.3102 0.063
53587.470144 0.504207727187 14.3198 0.067
53845.621584 0.509682465186 14.3309 0.066
53817.621547 0.513079409766 14.3284 0.066
53830.66473 0.516893477221 14.3007 0.066
53889.353238 0.518895667133 14.38 0.063
53587.477902 0.52443297355 14.3315 0.067
53845.630293 0.532386985759 14.3281 0.066
53817.630559 0.536573856804 14.3337 0.066
53830.674196 0.541571510494 14.3348 0.066
53889.364113 0.547246988891 14.3872 0.063
53845.639078 0.555289639699 14.4149 0.067
53830.683668 0.566265185863 14.3813 0.067
53889.374988 0.575598310649 14.4139 0.063
53845.647769 0.57794723395 14.3659 0.066
54337.40148 0.588768966046 14.3976 0.071
53830.693126 0.590922362985 14.3896 0.067
54337.404886 0.59764846966 14.4203 0.072
53889.385879 0.603991344692 14.4303 0.063
54337.408298 0.606543615406 14.3885 0.071
53877.497535 0.610863444386 14.4289 0.067
54337.411695 0.615399655868 14.4164 0.072
53877.506843 0.635129568795 14.4403 0.067
53877.516251 0.659656395006 14.4426 0.067
53877.525589 0.684000729946 14.4603 0.068
55714.501452 0.713311434361 14.4635 0.062
55714.514121 0.746339746586 14.4663 0.062
55691.505727 0.763040304496 14.4774 0.064
55714.526874 0.779587048329 14.4141 0.062
55691.515804 0.789311225814 14.4379 0.064
54178.684654 0.811131967236 14.4369 0.073
55714.539669 0.812943844813 14.382 0.062
54178.69341 0.833959017663 14.4064 0.073
55691.53614 0.842327545732 14.3051 0.063
53922.469889 0.85460399394 14.337 0.069
54178.702252 0.857010271647 14.3655 0.072
53922.472258 0.860780019806 14.3233 0.069
53922.474632 0.866969080748 14.3529 0.069
54226.655297 0.871466186957 14.4302 0.067
53922.476983 0.873098180291 14.3427 0.069
54178.711121 0.880131915104 14.3896 0.073
53952.401005 0.885564940808 14.2372 0.068
54226.666219 0.899940038569 14.3803 0.066
53952.406629 0.900226810555 14.2372 0.068
53952.412259 0.914904322416 14.2052 0.068
54273.471991 0.92343448562 14.2655 0.068
53952.417907 0.929628760619 14.2337 0.068
54273.48177 0.948928515548 14.1993 0.067
54273.491602 0.974560717444 14.2035 0.067
54240.504392 0.976307419568 14.3877 0.066
54210.589042 0.986448719941 14.1938 0.064
