54197.56952 0.00118774920699 14.8707 0.08
56362.606681 0.00331085092954 14.8762 0.074
56041.529592 0.00498854669921 14.9049 0.064
54197.58105 0.0256426571636 14.9714 0.082
56362.618973 0.0293819462028 14.9337 0.081
56041.541686 0.0306396877824 15.0342 0.065
54189.574867 0.0446827012849 15.0456 0.083
56362.63111 0.0551242894733 14.9742 0.093
55627.597781 0.0635891236013 14.9503 0.071
54189.584372 0.0648426232213 15.0913 0.084
56362.643241 0.0808539068396 14.8305 0.119
54189.593815 0.0848710443688 15.1292 0.085
54816.66227 0.0849876983107 15.164 0.082
54189.603278 0.10494188513 15.2074 0.087
54816.672371 0.10641172478 15.185 0.082
54816.682607 0.128122083654 15.1791 0.082
54909.564671 0.129191057943 15.1248 0.079
54536.625355 0.132084075667 15.192 0.083
54909.573513 0.147944769665 15.1881 0.08
54536.635688 0.15400016968 15.2413 0.084
55662.531043 0.156365063208 15.2702 0.074
54909.582336 0.16665818274 15.2224 0.081
54536.646139 0.176166539398 15.3134 0.086
54909.591222 0.185505217616 15.3092 0.082
54536.656518 0.198180198529 15.2973 0.086
55714.420817 0.21357639772 15.3847 0.073
54953.454298 0.218244676329 15.3525 0.082
55662.561237 0.220405955715 15.3735 0.076
54953.46327 0.237274115549 15.3271 0.082
55714.434266 0.242101467709 15.4057 0.073
56390.541398 0.252307627047 15.4853 0.074
54953.472197 0.256208110634 15.3639 0.083
55714.447737 0.27067319929 15.5239 0.075
56390.550983 0.272637227454 15.5248 0.075
54953.481121 0.275135742759 15.4075 0.084
56390.560648 0.293136506315 15.5427 0.075
55714.461198 0.29922372104 15.4403 0.074
56390.570106 0.313196742169 15.5927 0.076
53879.471955 0.322378467803 15.4723 0.085
53879.481024 0.341613642147 15.5587 0.088
53879.490027 0.360708831761 15.5336 0.087
55586.719504 0.361550861117 15.5513 0.091
53879.499025 0.379793416468 15.5706 0.088
55586.747156 0.420200220574 15.6052 0.093
55978.597874 0.528026639514 15.6754 0.079
55006.413172 0.54299652159 15.671 0.093
55978.604947 0.5430283363 15.6746 0.075
55978.612052 0.558097904462 15.7345 0.078
55006.421208 0.560040722827 15.6908 0.093
55978.619181 0.573218376178 15.673 0.078
55006.428794 0.576130482732 15.6207 0.092
55006.436494 0.592462034445 15.7118 0.094
54506.684624 0.628370238399 15.6047 0.096
54506.693343 0.646863069479 15.5666 0.099
54506.701962 0.66514380249 15.6188 0.1
56074.379642 0.679311953845 15.6976 0.082
54506.710725 0.683729956724 15.7034 0.102
56074.391745 0.704982183761 15.7369 0.083
54593.478884 0.717324170687 15.7238 0.088
56074.403819 0.73059090523 15.7509 0.083
54593.487861 0.736364214813 15.7096 0.087
54888.639419 0.747134555014 15.658 0.075
54593.496864 0.755459404427 15.7164 0.087
56074.415858 0.756125392379 15.7276 0.084
54593.505871 0.774563077967 15.8517 0.091
54888.653801 0.777638500041 15.6706 0.075
54178.605896 0.779706456265 15.8513 0.109
54178.615843 0.800803851698 15.8647 0.109
54888.668217 0.808214558406 15.6486 0.075
55945.728644 0.813022821756 15.7395 0.084
54178.625787 0.821894884186 15.8126 0.107
55945.734632 0.82572325443 15.607 0.082
55945.740542 0.838258250612 15.5147 0.08
54888.682706 0.838945448372 15.1645 0.068
54178.635734 0.842992279634 15.7273 0.105
55945.746522 0.850941715449 15.2963 0.076
54129.624603 0.891327309738 15.1599 0.085
55330.484266 0.891545770761 14.8397 0.07
54197.546366 0.952078561129 14.7569 0.078
56041.505511 0.953913209472 14.6125 0.061
55271.579225 0.955088232799 14.7982 0.076
54197.55797 0.976690421652 14.8429 0.08
56041.51749 0.979320437764 14.6082 0.061
