54272.782636 0.00275447278796 14.3344 0.081
54189.772389 0.00338314067431 14.3597 0.07
54351.473297 0.00426457195958 14.4354 0.075
53978.39167 0.0122817080222 14.3986 0.069
54351.477688 0.0184938542808 14.3138 0.069
54705.432111 0.0276970339238 14.3254 0.061
54351.482012 0.0325060193332 14.3278 0.069
53978.400377 0.0404972309374 14.3675 0.069
53645.433245 0.0417902128715 14.3832 0.075
54001.549545 0.0566773281008 14.2317 0.074
55487.405835 0.0575036699213 14.3789 0.064
54705.443667 0.0651449014682 14.2963 0.061
53978.409185 0.0690400500226 14.3379 0.068
53645.44186 0.0697076046088 14.3353 0.074
54001.555547 0.0761271464738 14.656 0.088
55029.468542 0.0859654751205 14.3446 0.076
54614.725081 0.0864677613151 14.2551 0.058
53913.612733 0.0924951958799 14.3169 0.068
54385.446195 0.095350125884 14.3458 0.069
54246.58119 0.0954959509145 14.3239 0.071
54001.561566 0.0956320542738 14.3043 0.075
53645.450519 0.0977675808204 14.3476 0.075
54705.455147 0.102346486752 14.2806 0.061
54614.730416 0.103756128696 14.2414 0.058
53913.621514 0.120950519941 14.3076 0.067
54614.735764 0.121086623298 14.2114 0.058
54385.455144 0.124349863408 14.339 0.069
53645.459181 0.125837278704 14.2729 0.074
55487.427022 0.126161334341 14.306 0.063
54246.59255 0.132308669463 14.2691 0.07
54938.759701 0.138867555235 14.2488 0.059
54614.741262 0.138903201355 14.1817 0.058
54705.466603 0.139470298683 14.2357 0.06
56431.71456 0.143005745506 14.2845 0.058
56214.46887 0.146136122793 14.3344 0.061
53913.630255 0.149276221758 14.2714 0.067
54385.464113 0.153414412054 14.3023 0.069
56020.678751 0.158362741378 14.2894 0.06
54212.657922 0.16523920165 14.2522 0.064
54246.604046 0.169562103639 14.2751 0.07
56214.477138 0.172929041546 14.3439 0.061
56431.725207 0.177507947473 14.2784 0.058
54938.771642 0.177563036917 14.2637 0.059
53913.639047 0.17776719195 14.2584 0.067
54385.472985 0.182164626736 14.3009 0.069
56214.48557 0.200253411485 14.3442 0.061
56020.692262 0.20214589631 14.3082 0.06
54246.615429 0.206449354959 14.2715 0.07
54297.532981 0.207638639084 14.2434 0.063
54212.672253 0.211679612678 14.2867 0.065
56431.735881 0.21209764444 14.2788 0.058
54938.783916 0.21733762383 14.2817 0.059
56214.494014 0.227616668135 14.3102 0.061
55029.513131 0.230458635918 14.2649 0.067
54297.540594 0.232308993509 14.2493 0.063
56020.703545 0.238709092016 14.3075 0.06
56431.746563 0.246713265866 14.2788 0.058
55029.520754 0.255161395892 14.2435 0.066
54938.795983 0.256441415615 14.2615 0.059
54297.548274 0.257196465202 14.2446 0.063
54212.686659 0.258363065432 14.2743 0.065
56020.714866 0.275395428877 14.3079 0.06
55029.52839 0.279906283112 14.2651 0.067
54297.555944 0.282051531323 14.2541 0.063
53834.673489 0.285437912564 14.2669 0.061
54600.596486 0.301961508679 14.2519 0.059
55029.536037 0.304686816438 14.2784 0.069
54212.701038 0.304959023163 14.2938 0.065
54600.601739 0.318984150432 14.2758 0.059
53834.685605 0.324700491587 14.3278 0.062
54697.502879 0.332575043178 14.2834 0.065
55338.75129 0.334094864042 14.3079 0.061
56173.48464 0.334435122451 14.3246 0.061
54600.607008 0.336058641101 14.2747 0.059
54977.706349 0.347669554001 14.2794 0.066
54977.706349 0.347669554001 14.286 0.067
54600.612289 0.353172018434 14.3053 0.059
54697.511747 0.361312295631 14.3015 0.065
53834.697719 0.363956589519 14.3476 0.062
56173.495435 0.369416926711 14.3409 0.061
55004.560471 0.369961340154 14.3428 0.074
53879.753777 0.370645097517 14.3313 0.066
54977.715791 0.378266885735 14.3141 0.067
54977.715791 0.378266885735 14.3063 0.067
53622.394645 0.383911934644 14.3491 0.073
54697.520633 0.390107878115 14.3151 0.065
55004.570145 0.401310480923 14.4056 0.076
53879.763411 0.401864616041 14.3853 0.067
53834.709842 0.403241852419 14.4004 0.062
56173.506156 0.404158929847 14.364 0.061
54977.725319 0.409142905279 14.6291 0.311
53622.402919 0.410724296717 14.3737 0.074
54697.529532 0.418945587821 14.3674 0.066
56131.544762 0.425903061993 14.4515 0.061
53879.773028 0.433029045115 14.4063 0.067
55004.58038 0.434477573728 14.4248 0.077
53622.411184 0.437507493775 14.4268 0.074
56464.516005 0.437932006641 14.4401 0.06
56101.615391 0.438094034457 14.4286 0.061
56173.517036 0.439416181384 14.4177 0.061
56131.554755 0.458285940189 14.4663 0.061
53567.489402 0.460385820619 14.4671 0.071
53879.782591 0.464018484141 14.4433 0.067
53622.419491 0.464426794216 14.4483 0.075
55004.590092 0.465949855627 14.4044 0.078
56464.52598 0.470256554829 14.4442 0.06
56101.628225 0.479683332847 14.5047 0.062
55338.796343 0.480091642934 14.5063 0.065
53567.496399 0.483059992427 14.4958 0.071
54012.482366 0.48509830226 14.4782 0.071
56131.563907 0.487943510634 14.4914 0.061
56464.535891 0.50237370742 14.4925 0.06
53567.503498 0.506064700938 14.5076 0.072
54012.489378 0.507821082404 14.4736 0.071
55706.644865 0.51390360642 14.5403 0.06
56131.573186 0.518012631691 14.5544 0.062
54303.492377 0.519396349196 14.4883 0.07
56101.641107 0.521428177941 14.5542 0.063
53567.510627 0.529166626169 14.5356 0.072
55421.513489 0.529652709581 14.5284 0.065
54012.496408 0.530602192556 14.5117 0.072
56464.545847 0.534636685043 14.5217 0.06
54727.499612 0.538674418075 14.492 0.068
54303.50091 0.547048015328 14.5303 0.071
54012.503397 0.553250439906 14.4884 0.071
55706.657134 0.553661990546 14.5673 0.06
56101.654018 0.56326699915 14.6003 0.062
54727.507536 0.564352585468 14.5663 0.069
54977.775002 0.570143459429 14.5234 0.071
54303.509441 0.574693200346 14.5414 0.071
54727.515463 0.590040474557 14.5775 0.069
55706.66961 0.594091169798 14.6069 0.06
54977.784459 0.600789399499 14.5574 0.071
54303.517981 0.602367550356 14.5757 0.071
54727.523386 0.615715401393 14.5589 0.069
54188.728639 0.621052597469 14.6075 0.075
54030.423824 0.625401423892 14.5702 0.066
55676.748833 0.634131482319 14.5901 0.063
55706.682018 0.634299991248 14.6016 0.06
54643.594413 0.639160825559 14.5917 0.063
54911.759379 0.642806451307 14.5256 0.069
54188.737316 0.649170903689 14.6256 0.074
54736.483327 0.650907841826 14.5828 0.068
55421.551697 0.653467881234 14.6268 0.066
54321.432665 0.655908020052 14.5992 0.066
54030.433677 0.65733062423 14.5884 0.067
54533.742526 0.657946329913 14.5682 0.073
54911.767068 0.667723087993 14.5779 0.069
54643.606 0.676709150357 14.6215 0.064
54188.745916 0.67703968709 14.6274 0.075
54321.439306 0.677428553836 14.5984 0.066
54736.492093 0.679314557552 14.5791 0.068
54533.750838 0.684881833116 14.6405 0.074
54030.443541 0.689295470675 14.6188 0.067
55439.461562 0.69139211053 14.6369 0.072
54911.774835 0.692892488054 14.5781 0.069
55124.394152 0.697740360157 14.6265 0.071
54321.445922 0.698868073712 14.6085 0.066
53669.397427 0.699068988211 14.6257 0.071
54188.754661 0.705378351136 14.6401 0.075
54736.500958 0.708042088333 14.5896 0.069
54533.759166 0.711869185237 14.6457 0.074
53865.664152 0.71242332033 14.6696 0.07
54643.617586 0.714254234597 14.6272 0.064
54762.424894 0.716013856628 14.5849 0.071
55762.562391 0.717789681418 14.6599 0.066
54911.782548 0.717886898115 14.5576 0.069
54321.452652 0.720677017002 14.6382 0.066
54030.453386 0.721198746555 14.6318 0.067
55439.471339 0.723075028608 14.636 0.072
55124.402048 0.723327791992 14.596 0.069
53669.405155 0.724112006585 14.6505 0.072
54736.509667 0.736264092363 14.5972 0.069
54533.767419 0.73861349563 14.6082 0.073
54762.432587 0.740943455543 14.6172 0.071
53865.673031 0.741196218913 14.6343 0.07
55087.376893 0.741231865038 14.5931 0.06
55762.571878 0.748532838183 14.6597 0.066
53669.412842 0.749022162156 14.6094 0.071
55124.410072 0.749330014999 14.6232 0.069
54643.629168 0.751786356607 14.6233 0.064
55439.481207 0.755052837258 14.6336 0.073
53993.434111 0.758157290123 14.6433 0.073
55087.383811 0.763650032889 14.5948 0.06
54762.440318 0.765996195588 14.5802 0.071
54272.710812 0.770004763608 14.6498 0.131
53865.682106 0.770604266516 14.6623 0.07
55676.791873 0.773605021571 14.6408 0.064
53669.420499 0.773835101055 14.6373 0.072
55124.41805 0.775183172439 14.6096 0.069
56064.689286 0.776975200024 14.6346 0.065
55762.581401 0.779392654964 14.6362 0.066
53993.442418 0.785076590541 14.6325 0.073
55087.390746 0.786123290192 14.6092 0.06
55439.491117 0.787166749292 14.6875 0.073
54762.448054 0.79106513842 14.5823 0.071
53865.691123 0.799824361842 14.6323 0.07
56064.698849 0.80796463905 14.636 0.065
55087.397671 0.808564141944 14.5832 0.06
55762.590975 0.810417740097 14.6734 0.066
53993.450676 0.81183710372 14.6338 0.073
54623.590091 0.814030960267 14.5591 0.063
53605.558221 0.824533602944 14.6393 0.07
55056.547283 0.836147756399 14.6174 0.062
53993.458942 0.838623541335 14.6392 0.073
56064.70843 0.839012408084 14.6199 0.065
54623.599401 0.844200538578 14.5841 0.063
56389.655318 0.847667933714 14.6344 0.068
55805.496512 0.848222068828 14.6533 0.064
53605.568896 0.859126540469 14.6354 0.07
55056.5551 0.861479184279 14.5373 0.061
56064.718089 0.870312940518 14.6184 0.065
54623.608622 0.874081707382 14.5073 0.062
56389.663476 0.874104391281 14.6509 0.068
55805.505963 0.878848565577 14.6328 0.064
55056.562858 0.886619419348 14.533 0.061
53605.579563 0.893693553558 14.4903 0.068
56389.671649 0.900589457185 14.6053 0.068
54623.617888 0.904108701218 14.4495 0.062
55805.515477 0.909679217342 14.5747 0.064
55056.570617 0.911762894974 14.4915 0.061
56389.679839 0.927129612515 14.551 0.067
53605.590334 0.92859758449 14.5077 0.068
54189.750071 0.931060407214 14.5075 0.073
54272.762748 0.938306290894 14.532 0.093
55805.524952 0.94038348742 14.5499 0.063
54189.757475 0.955053485374 14.4826 0.072
54272.7727 0.970556306288 14.4334 0.086
54189.764988 0.979399784186 14.4459 0.072
53978.382944 0.984004614542 14.4396 0.07
54351.46895 0.990177874136 14.3151 0.072
