54388.667621 0.00374457556834 15.9344 0.103
55864.613059 0.00705993100008 15.9596 0.071
54448.464476 0.0107334632089 15.8972 0.102
54030.578716 0.0108933107101 15.9852 0.104
54079.563079 0.0114054147056 15.9561 0.095
54036.661377 0.0164139694982 15.9022 0.101
55092.693405 0.0177637927826 15.8707 0.082
54738.661648 0.034633623649 15.9157 0.081
54030.587315 0.0363475439851 15.9463 0.103
53718.440184 0.0375227190834 15.9306 0.103
54448.473623 0.0378098525412 15.9347 0.103
54079.573954 0.0435969238433 15.9201 0.094
55864.627141 0.0487446051605 15.9882 0.072
55092.704098 0.0494165566754 15.8806 0.082
55466.677077 0.0613311152251 15.8964 0.089
54448.482707 0.064699753154 15.9488 0.104
53718.450622 0.0684206475709 15.9128 0.102
53676.563859 0.077789486797 15.9758 0.116
54738.677118 0.0804269704365 15.9538 0.082
54448.491834 0.0917169397124 16.0386 0.107
53718.461024 0.0992120110697 16.0336 0.106
53676.572965 0.104744510442 16.0851 0.121
54738.692674 0.126474889158 16.0498 0.084
53718.471503 0.130231305266 15.978 0.104
53676.582113 0.131823859914 16.0195 0.118
55153.541188 0.135645399086 16.0348 0.101
55180.572669 0.152580352991 16.0452 0.082
55153.547815 0.15526223871 16.0228 0.101
53633.686864 0.155934190224 16.1968 0.119
53676.591246 0.158858807332 16.0286 0.118
54757.62505 0.168935119707 16.0665 0.105
54738.708544 0.173452291468 16.0992 0.085
55153.554462 0.174938281128 16.0547 0.101
54052.59343 0.177501761306 16.0679 0.107
55180.58244 0.181503868918 16.107 0.084
53633.696005 0.182992818718 16.11 0.115
55153.561088 0.194552160633 16.0845 0.103
54052.59999 0.196920271651 16.0842 0.108
54757.635734 0.200561242342 16.0969 0.106
53633.70504 0.209737672525 16.0746 0.114
55180.592352 0.210844764423 16.0907 0.085
54052.606573 0.216406865167 16.0968 0.108
55150.530588 0.223851614189 16.0297 0.125
54757.646586 0.232684668286 16.0622 0.105
54052.613096 0.235715850383 16.1041 0.109
53633.714089 0.236523968267 16.1792 0.118
55180.602067 0.239602512587 16.0967 0.085
55150.536936 0.242642575096 15.979 0.106
54757.657274 0.264322631459 16.197 0.111
55104.605357 0.27879474992 16.1705 0.094
55150.549636 0.280236337511 16.0116 0.105
54754.625066 0.288566168005 16.1015 0.089
54775.573369 0.298450071354 16.1211 0.089
55104.616079 0.310533357824 16.1402 0.093
54775.578719 0.314286813779 16.1148 0.089
55592.432433 0.314636110168 16.1244 0.093
54754.639041 0.329934107339 16.0459 0.092
54775.584067 0.330117635946 16.1372 0.089
55104.626748 0.342115078383 16.1463 0.093
55055.642793 0.342810710985 16.1943 0.109
54775.589424 0.345975099328 16.1236 0.089
54754.653024 0.371325727769 16.0739 0.088
55104.637496 0.373930649899 16.1472 0.093
55055.65333 0.374001693224 16.095 0.105
53979.69566 0.389986442578 16.2026 0.111
55592.459011 0.393310678423 16.1855 0.095
54467.513042 0.397132217576 16.1707 0.103
55055.663892 0.405266678914 16.2383 0.11
54754.666997 0.412687746824 16.1626 0.09
53979.704875 0.417264121372 16.1797 0.112
54467.523962 0.42945693296 16.2501 0.105
55055.674533 0.436765515582 16.2424 0.11
53979.714103 0.44458028194 16.1391 0.109
56162.721884 0.450550881843 16.1176 0.077
53955.733172 0.457696656841 16.1245 0.107
54467.534896 0.46182309028 16.198 0.101
54351.66207 0.462178306936 16.1455 0.111
54066.541377 0.465360456123 16.0376 0.214
53979.723425 0.47217469556 16.2545 0.113
53692.576134 0.476345531107 16.2553 0.118
54066.546733 0.481214959387 15.8457 0.279
56162.732511 0.482008276576 16.1654 0.078
53955.742086 0.484083333843 16.1777 0.109
54402.682386 0.489393822805 16.2277 0.12
54351.671862 0.491163985797 16.1629 0.111
54467.545842 0.494224769277 16.2387 0.1
54066.552191 0.497371396799 16.193 0.255
53692.584187 0.500183528626 16.1789 0.115
53955.751066 0.510665380005 16.2311 0.111
54066.557556 0.513252541299 15.9096 0.22
56162.743227 0.51372912364 16.1585 0.078
53644.619095 0.51685503019 16.1411 0.128
54351.681664 0.520179266035 16.1335 0.11
54402.693872 0.523393976741 16.1718 0.118
53692.592204 0.523914961156 16.0865 0.112
54109.465019 0.525297345969 16.1701 0.118
53955.760056 0.537277027566 16.1169 0.107
56162.753934 0.545423329468 16.1008 0.077
53644.628761 0.545467731548 16.1409 0.127
53692.600273 0.547800320889 16.0889 0.112
54109.472749 0.548179218664 16.094 0.115
54351.691254 0.548566996835 16.1089 0.109
54402.705352 0.557376369817 16.1271 0.116
56219.513104 0.560443073587 16.0544 0.081
54109.480519 0.571179496907 16.0673 0.114
53644.638463 0.574186997916 15.9985 0.12
54721.617261 0.580882831807 15.9961 0.085
54706.755486 0.587966443894 16.025 0.107
54402.716841 0.591385404173 16.0805 0.115
53736.532624 0.593655830605 16.0451 0.115
54109.488293 0.59419161573 16.053 0.113
54721.62382 0.600298382011 15.9504 0.084
56219.527176 0.602098146393 16.0099 0.079
53644.648124 0.602784898575 16.1047 0.125
53996.660418 0.608024344201 15.9975 0.104
53736.541238 0.619154465976 15.9893 0.113
54721.630401 0.61977905527 15.8326 0.081
53594.656302 0.620054348178 16.0204 0.084
54809.465663 0.624343589257 15.8765 0.097
54706.768933 0.627771429944 15.9439 0.107
53996.670004 0.636400234463 15.9528 0.103
54721.637041 0.63943437671 15.8902 0.083
56219.54134 0.64402555195 15.9364 0.078
53736.549833 0.644596858714 15.9534 0.112
54809.474142 0.649442605888 15.9027 0.098
54418.614494 0.650644422235 15.8934 0.089
54065.593735 0.660208630608 15.9254 0.109
55800.648175 0.662126800532 15.9883 0.084
54418.61883 0.663479583942 16.0937 0.124
53996.679549 0.664654759037 15.9424 0.102
54706.782155 0.666910384782 15.9034 0.107
53594.672195 0.667099833659 15.9729 0.083
53736.558402 0.66996228786 15.8911 0.11
54809.482634 0.674580104336 15.8839 0.097
54418.623166 0.676314745649 15.9276 0.091
54065.599363 0.67686829161 15.92 0.109
56219.555471 0.685855272916 15.8745 0.076
54418.627509 0.689170628335 15.9415 0.091
53996.689115 0.692971446525 15.8649 0.1
55800.660021 0.697192604421 15.8815 0.082
54809.491196 0.699924812504 15.8372 0.098
54706.795424 0.706188466147 15.8353 0.108
54127.432375 0.711164459401 15.8807 0.091
53594.688223 0.71454493788 15.8935 0.081
55800.671977 0.732584023555 15.858 0.082
54127.44221 0.74027742423 15.9128 0.092
54012.584818 0.74645819399 15.9256 0.102
55497.651874 0.751028648253 15.922 0.073
53619.700088 0.753136267042 15.8946 0.096
56265.523445 0.757437348682 15.8624 0.074
53594.703949 0.761096080212 15.8848 0.081
55800.683922 0.767942881174 15.874 0.082
54127.452046 0.769393349177 15.7807 0.088
53774.429421 0.773433938606 15.8528 0.105
54855.460527 0.775523796586 15.8365 0.083
54321.706331 0.789033869933 15.8493 0.086
56265.534784 0.791002362222 15.8427 0.074
53774.435911 0.792645239231 15.9288 0.108
53619.713561 0.793018216705 15.8723 0.096
54855.466956 0.794554528727 15.82 0.082
54127.461865 0.798458951769 15.8249 0.089
54809.524951 0.79984429672 15.7997 0.095
54012.606208 0.809775562292 15.8044 0.098
53774.442416 0.811900941931 15.8243 0.104
54855.473391 0.81360302173 15.802 0.082
56265.546747 0.826414502335 15.8439 0.074
54321.719857 0.829072706939 15.8395 0.085
53774.448932 0.831189206169 15.8666 0.106
54855.47999 0.833136977482 15.7792 0.081
53619.727174 0.833314585808 15.8556 0.095
54012.616883 0.84137504369 15.893 0.1
56265.558015 0.859769346016 15.8594 0.075
54321.733589 0.869721332566 15.7933 0.084
53619.740409 0.872492022441 15.8473 0.095
54320.723404 0.879433547856 15.8539 0.086
55497.69688 0.884252653795 15.7757 0.072
53970.743281 0.889702269272 15.8269 0.099
54320.729976 0.898887579878 15.7924 0.084
55557.498691 0.905911989178 15.8696 0.077
54321.747195 0.90999698069 15.8099 0.085
54320.736646 0.918631705468 15.8077 0.085
53970.753154 0.918927719347 16.2864 0.234
53664.68759 0.922385161441 15.8047 0.089
55864.584998 0.923995476925 15.8787 0.07
54388.641515 0.926467192812 15.7861 0.098
54320.743289 0.938295907328 15.8392 0.085
53664.695827 0.946767824506 15.8946 0.092
54079.541246 0.946776704915 15.9065 0.095
54388.650169 0.952084233731 15.852 0.1
54036.640536 0.954721717372 15.8822 0.1
55092.672131 0.954789800565 15.8434 0.081
55466.641368 0.95562751983 15.8699 0.086
54522.429952 0.958806708876 15.9027 0.105
54030.561272 0.95925664997 15.8911 0.101
54522.433988 0.970753828952 15.8812 0.105
53664.704081 0.971200809925 15.8854 0.092
54036.647487 0.97529764198 15.8788 0.1
53970.772673 0.976706668028 15.9947 0.146
54388.658934 0.978029850058 15.8526 0.1
54079.552156 0.979071818902 15.9027 0.094
55557.52404 0.980948546879 15.9047 0.078
54522.43803 0.982718709867 15.8249 0.103
54030.570103 0.985397635457 15.8989 0.101
55092.682787 0.986333039308 15.8363 0.081
54522.442076 0.994695431341 15.9154 0.106
53664.71235 0.99567819742 15.8679 0.091
54036.654444 0.995891327406 15.8623 0.099
