54385.526612 0.00248775445389 18.5789 0.344
55803.665884 0.00371167189048 18.693 0.247
54658.676481 0.0037193160668 18.3398 0.202
56145.691262 0.00416097953787 18.4765 0.207
53592.576 0.0127861575848 18.4449 0.353
55770.706913 0.0161207168187 18.7675 0.209
54385.535801 0.0180971608611 18.3104 0.301
54352.569703 0.0183995304754 18.7383 0.369
56145.703226 0.0244842941841 18.7822 0.24
54352.576222 0.0294733927499 18.4845 0.321
53592.588543 0.0340930228139 18.7075 0.406
56220.472686 0.0357900297842 18.5539 0.199
55770.719628 0.0377197594233 18.6144 0.195
54352.582705 0.040486101612 18.5656 0.336
54385.554317 0.0495503950756 18.6707 0.364
54352.589183 0.0514903169428 18.6987 0.363
53644.40552 0.0558857178736 18.6344 0.437
56220.485373 0.0573415086386 18.8968 0.233
55770.732494 0.0595753065969 18.8279 0.213
54299.612914 0.0604017268959 18.6296 0.273
56167.50717 0.0629676218114 18.1319 0.155
53644.414126 0.0705047788853 19.0899 0.567
56075.677344 0.0711214090438 18.369 0.189
54299.621946 0.0757444365213 18.9663 0.327
54000.571615 0.0772511884541 18.3899 0.337
56220.498092 0.0789473460682 18.522 0.196
56167.518012 0.0813849887044 18.8576 0.218
53644.422708 0.085083070947 18.2768 0.355
54299.630912 0.0909750315715 18.8929 0.316
56075.689559 0.0918710988096 18.7352 0.225
54000.582365 0.0955122744219 19.0116 0.49
56167.528589 0.0993521985904 18.4738 0.181
53644.431432 0.0999025792216 19.1421 0.581
56220.510862 0.100639817492 18.56 0.201
54299.639875 0.106200530503 18.674 0.291
53579.683638 0.112457712845 19.1024 0.395
56075.701812 0.1126853394 18.7706 0.229
54000.593175 0.113875282727 18.748 0.424
56167.539206 0.117387356701 18.949 0.228
55447.586747 0.130062249067 19.0138 0.265
54000.603976 0.132223002676 18.1911 0.312
56075.713995 0.133380670591 18.9671 0.25
53579.696783 0.134787198889 18.7229 0.324
53993.541303 0.134820323647 18.8513 0.384
53579.709973 0.157193126688 18.6883 0.323
53993.558705 0.164381199746 19.0738 0.436
54631.69788 0.175016795948 18.7392 0.243
53993.567414 0.179175227427 18.952 0.409
53579.72309 0.179475048982 18.9143 0.372
54631.701317 0.180855247339 18.8108 0.252
55368.733295 0.181256141875 18.8611 0.25
54631.704709 0.186617256973 18.7835 0.248
55447.621226 0.188631921908 18.9965 0.31
55770.809773 0.190849582158 18.4667 0.18
54631.708072 0.192330004151 18.7414 0.243
54006.532483 0.203011465414 18.6458 0.346
54006.550558 0.233715570422 18.7076 0.359
54769.490368 0.243897612208 18.6471 0.332
54029.517733 0.248185994678 18.8755 0.31
54006.559612 0.24909565156 18.7716 0.372
54769.498638 0.257945908107 18.5136 0.406
53934.745515 0.258081804569 18.3689 0.241
54029.52872 0.26684967389 19.2826 0.389
55055.604581 0.267733850188 18.3055 0.273
53871.762947 0.26923635536 18.6057 0.305
54769.506938 0.27204516518 18.4576 0.312
53934.758132 0.279514374023 18.7893 0.309
55055.61385 0.283479153058 18.8719 0.372
54769.515262 0.286185191191 18.6684 0.342
53871.773348 0.286904593045 18.3951 0.272
55055.623355 0.299625350466 19.062 0.415
53934.770674 0.300819540546 19.0575 0.362
54815.441254 0.300928257706 18.6155 0.316
55739.675538 0.302948018758 18.5561 0.211
53871.783772 0.304611900962 18.4893 0.286
54815.446295 0.309491433001 18.6988 0.335
55055.63274 0.315567703186 18.8924 0.377
54815.451333 0.318049512165 18.4492 0.294
53934.783221 0.3221332006 18.7108 0.306
54815.456378 0.326619482286 18.6716 0.332
55739.689848 0.327256496911 19.0297 0.268
54716.558751 0.328659627787 18.6215 0.236
53960.692588 0.334521861061 18.931 0.313
54716.565492 0.340110602725 18.5309 0.225
54716.572137 0.351398501912 18.7289 0.249
55739.70417 0.351585359526 18.8239 0.241
53960.709127 0.362616754163 18.7273 0.284
54716.578907 0.362898739306 18.8493 0.265
55739.718499 0.375926113098 18.5399 0.209
55022.723617 0.412653828417 18.7585 0.245
53960.742315 0.418993397982 17.6454 0.166
54324.549111 0.419660989306 18.5665 0.257
53693.486018 0.429206016477 18.2613 0.344
53693.486018 0.429206016477 18.2613 0.344
53969.579354 0.430521664016 19.0209 0.419
54324.559804 0.437825249042 19.065 0.334
53693.493797 0.442420247893 18.657 0.43
53693.493797 0.442420247893 18.657 0.43
53969.588013 0.445230756422 19.3631 0.511
55709.741256 0.453413421641 18.7006 0.235
53614.616838 0.453682666491 19.2354 0.446
53693.501702 0.455848516221 18.6102 0.419
53693.501702 0.455848516221 18.6102 0.419
54324.570666 0.456276590047 18.8284 0.294
53969.596654 0.459909272127 18.9557 0.404
55022.751919 0.460730596322 19.084 0.283
53969.605302 0.474599678777 18.8836 0.388
54324.58166 0.474952160203 19.0275 0.327
55709.754823 0.476459761486 18.6967 0.229
53693.515455 0.479210815316 18.8865 0.497
53693.515455 0.479210815316 18.8865 0.497
53614.632312 0.479968438047 18.5775 0.309
55022.763758 0.480841572761 18.7269 0.234
53676.450366 0.490647351242 19.0054 0.513
55709.768439 0.499589337899 18.6216 0.224
55022.775606 0.500967837557 18.7121 0.233
53676.459049 0.505397212585 19.453 0.668
55505.499141 0.506174370435 18.7455 0.25
53614.647842 0.506349337116 19.272 0.455
53676.467687 0.520070632172 18.5637 0.4
53729.44931 0.520254092396 18.6426 0.374
55709.782116 0.522822535369 18.6147 0.237
54360.521733 0.526557989138 18.1987 0.217
53729.453551 0.52745830314 18.5369 0.353
53614.663392 0.53276421031 18.7628 0.343
53729.457804 0.534682898358 18.5449 0.355
53676.476341 0.534771231059 18.3288 0.352
53554.622976 0.541769049067 17.9679 0.17
53729.46204 0.541878615582 18.3679 0.323
54360.532876 0.545486666426 18.143 0.211
55120.524186 0.547035036654 18.3134 0.17
55505.525028 0.550148764139 18.385 0.286
54031.462599 0.551940898626 18.4081 0.307
53554.629035 0.552061506728 18.3316 0.202
55120.531984 0.560281543476 18.1122 0.156
53554.635126 0.562408322976 17.8414 0.161
54360.543777 0.564004256951 18.1621 0.212
54031.472126 0.568124467559 18.1225 0.262
53554.641136 0.572617544055 18.0391 0.175
55120.539783 0.573529749004 18.1112 0.156
53978.494214 0.574244904089 17.9064 0.233
54360.554757 0.582656045219 17.7908 0.179
54031.481679 0.58435220283 18.2401 0.28
55120.547601 0.586810229938 17.937 0.144
53978.504732 0.592111890343 17.8447 0.225
55087.588754 0.599429914367 17.8163 0.169
54031.491184 0.600498400237 18.112 0.262
53913.756668 0.604208373429 18.0447 0.242
53633.543789 0.605001668979 17.8277 0.245
55087.594724 0.609571187234 17.8163 0.169
53978.515388 0.610213297973 18.1071 0.257
54344.679226 0.614801501992 17.651 0.167
54031.500673 0.616617418358 18.0135 0.249
53886.685033 0.617468469898 17.9257 0.177
53913.765375 0.61899900371 18.142 0.254
55087.600724 0.619763421263 18.05 0.188
54955.735854 0.620160918382 18.2102 0.25
55179.438832 0.625678314404 18.1183 0.195
56412.731144 0.626322973202 17.7154 0.15
53978.526157 0.628506659347 18.2153 0.272
55087.606728 0.629962450105 17.945 0.179
54955.743692 0.633475373429 18.2685 0.257
53913.77422 0.634024055366 17.961 0.232
53633.561123 0.634447033078 18.1436 0.289
54344.692347 0.637090219098 18.1092 0.208
53886.696677 0.637248198731 18.1075 0.193
56412.738448 0.638730319423 17.6386 0.145
55179.446592 0.638860270413 17.9293 0.178
54955.751451 0.646655630732 17.7895 0.201
53913.783025 0.648981158797 18.2322 0.267
53633.569755 0.649110260428 18.0174 0.271
56412.745559 0.650809815461 17.8949 0.162
55179.454379 0.652088091479 18.3041 0.211
53886.708336 0.657053408157 18.2231 0.203
54344.705473 0.659387429747 18.0272 0.2
54955.759243 0.659891945329 17.8163 0.203
56412.752852 0.663198475913 18.0888 0.177
55179.462148 0.665285335832 17.9693 0.183
53886.719894 0.676687048302 18.1529 0.196
54344.718577 0.681647268859 17.9479 0.194
54087.470248 0.692451886277 18.1724 0.309
54087.473768 0.69843133025 17.9485 0.275
54087.477293 0.704419267741 18.177 0.313
53607.700529 0.704909344324 17.9894 0.223
54087.48082 0.710410602632 18.2053 0.319
54596.70035 0.724514106471 18.125 0.224
55823.519364 0.728930741217 18.4088 0.206
53607.715189 0.729812369465 18.1581 0.242
54014.498273 0.734544114104 19.1432 0.457
55415.565317 0.73507750769 18.4674 0.236
54596.711553 0.743544706109 18.1927 0.23
54643.808581 0.747533267019 18.2116 0.186
54014.506907 0.749210738878 18.8606 0.391
53607.728627 0.752639576265 18.3164 0.265
55823.533418 0.752804350719 18.1892 0.189
54050.422195 0.75871414775 18.2544 0.288
54261.76034 0.760019603061 18.3417 0.304
54596.722746 0.762558318684 18.2264 0.233
54643.818814 0.764916122154 18.0956 0.176
54691.503266 0.766765163279 18.0933 0.183
54050.429935 0.771862129646 18.3863 0.312
55415.587164 0.772189130482 18.4552 0.233
53607.741837 0.77507947819 18.6271 0.315
55823.547592 0.776881804909 18.3108 0.204
54691.509835 0.777923960829 18.3422 0.206
54014.524174 0.778542289695 18.6874 0.356
54596.733985 0.781650071722 18.2732 0.238
54643.828827 0.781925262038 17.9288 0.164
54261.773687 0.782692227654 18.3187 0.379
54050.437678 0.785015207662 18.2667 0.315
55172.475106 0.796357465422 18.2569 0.207
54050.445432 0.798186971434 18.4213 0.32
54643.838861 0.798970074742 17.6874 0.145
54691.523027 0.800333286054 17.9701 0.172
55823.561694 0.800836952286 18.3874 0.217
54261.787048 0.805388634123 18.2679 0.488
55172.481993 0.808056451385 18.1922 0.202
55172.489054 0.820051012123 18.2821 0.211
53892.694327 0.825490267682 18.4509 0.295
54211.761304 0.826373594635 18.3573 0.329
55172.495982 0.831819645018 18.3119 0.216
54211.767245 0.836465605033 18.1091 0.286
53892.702356 0.839129175523 18.6325 0.329
54244.735292 0.839474012768 18.5712 0.282
54211.773176 0.846540628368 18.1845 0.298
53892.710269 0.852571033502 18.6114 0.334
54737.471767 0.853718509182 18.5928 0.234
54211.779109 0.856619049116 18.2141 0.303
54030.465893 0.858830763896 18.4659 0.248
54244.748529 0.861959779736 18.3707 0.253
53892.718242 0.866114813818 18.5339 0.325
54737.481893 0.870919602799 18.3888 0.211
54030.477742 0.878958727398 18.2909 0.227
54244.76177 0.88445234153 18.381 0.253
54063.448608 0.886755786422 18.3746 0.318
54737.491998 0.888085023608 18.5954 0.233
54030.48876 0.897675066479 18.5306 0.258
54063.459242 0.904819822527 18.4538 0.334
54737.502342 0.905656435075 18.649 0.24
54244.774928 0.906803910754 18.7847 0.314
54030.499707 0.916270797466 18.5989 0.267
54063.469872 0.92287706382 18.4358 0.331
54658.634749 0.932828930987 18.568 0.228
54063.480433 0.940817094406 18.7265 0.39
54658.648846 0.956775584833 18.2854 0.197
55803.639319 0.958585555734 18.5783 0.234
56145.667402 0.963629862221 18.7313 0.236
53592.551492 0.971154278991 18.6059 0.388
55803.648122 0.973539261753 18.6651 0.248
54658.662659 0.980239806278 18.6347 0.233
56145.679313 0.983863145473 18.3228 0.193
55803.656988 0.98859998624 18.7879 0.261
53592.56342 0.991416440237 18.8261 0.436
