55331.363194 0.00312226705258 14.703 0.073
55151.736106 0.00589932030336 14.6783 0.066
55908.572087 0.00841938107566 14.7864 0.063
53859.409542 0.0173757613967 14.7008 0.071
56274.609696 0.0221397118636 14.7232 0.064
54837.587503 0.0233019316763 14.7154 0.065
55151.740888 0.0242416803522 14.6681 0.066
54779.712119 0.030175522057 14.6216 0.064
54531.518422 0.0313991131917 14.6749 0.068
55101.687665 0.0346479586305 14.6277 0.066
55151.745673 0.0425955475038 14.6573 0.065
55204.669596 0.0433588535861 14.6673 0.063
56274.616935 0.0499064086994 14.6911 0.064
55331.376096 0.0526105834917 14.7019 0.073
55120.724058 0.0527103119228 14.6279 0.063
54531.526697 0.0631396044699 14.6664 0.068
55101.7005 0.083879282569 14.6186 0.066
55120.732596 0.0854595946524 14.6142 0.063
53817.454023 0.0882174693503 14.6558 0.069
54531.5355 0.0969053500434 14.6369 0.068
54382.671715 0.0987579974444 14.6764 0.073
54889.488235 0.0994023965435 14.5892 0.068
54153.510595 0.103406876662 14.6393 0.068
55174.704417 0.105654602091 14.6316 0.065
53817.461429 0.116624729597 14.6365 0.069
55120.74117 0.118346962894 14.596 0.063
54531.543772 0.128634334191 14.6026 0.067
54889.496656 0.131702901345 14.5713 0.068
54153.517978 0.131725915601 14.6242 0.068
54382.680667 0.133095263672 14.61 0.072
55101.713386 0.133306227673 14.5493 0.064
55174.714132 0.142918514207 14.6273 0.065
53817.468813 0.144947604218 14.6374 0.069
55120.749775 0.151353238096 14.5585 0.062
54153.525371 0.160083311614 14.5998 0.067
54889.505078 0.16400724183 14.5454 0.068
54382.689624 0.167451708424 14.5778 0.072
54005.706157 0.168606256814 14.5855 0.071
53817.476195 0.173262807447 14.5705 0.068
54108.688219 0.17781962964 14.6555 0.069
54153.53275 0.188387007685 14.6025 0.068
54889.513494 0.196288568053 14.5161 0.068
54382.698658 0.202103502778 14.5594 0.071
54005.715304 0.203691486255 14.5455 0.071
54108.696456 0.209414363958 14.6343 0.069
53745.532104 0.216671525228 14.6226 0.074
55174.733403 0.216836460712 14.5874 0.066
56378.425886 0.230825291124 14.6685 0.06
53745.536387 0.233099866521 14.6061 0.074
54005.724257 0.238032588193 14.53 0.07
54108.704688 0.240989919753 14.6106 0.068
54735.708686 0.24581524157 14.5219 0.067
53687.663 0.247633367604 14.5833 0.072
53745.540649 0.249447657929 14.6546 0.075
54465.616278 0.249957807211 14.5824 0.066
55542.602151 0.254272979733 14.6079 0.07
54151.465614 0.259455022483 14.5268 0.073
56378.434332 0.263221688625 14.6336 0.06
53745.544919 0.26582613499 14.6425 0.074
54005.733111 0.271993954932 14.514 0.07
54108.713017 0.272937539327 14.6164 0.069
55590.578679 0.278269174706 14.5116 0.061
54151.47101 0.280152507795 14.4791 0.074
53687.671703 0.281015542296 14.5787 0.072
54735.718996 0.28536140051 14.511 0.067
54512.554909 0.292883225676 14.5287 0.073
53833.41093 0.294267916593 14.4969 0.063
56378.442878 0.296001657037 14.6504 0.06
54465.628657 0.297440047878 14.5868 0.066
54151.476382 0.300757936088 14.7477 0.086
54077.699475 0.314017981812 14.603 0.069
53687.680433 0.314501281136 14.5989 0.073
54004.701464 0.314896359141 14.5466 0.072
55236.548214 0.320458137085 14.4859 0.065
54735.729355 0.325095509168 14.5099 0.067
56378.451437 0.328831489653 14.6582 0.061
54227.351447 0.33542123756 14.8164 0.114
54210.405751 0.336664007239 14.563 0.068
53833.422316 0.337941298301 14.5347 0.063
54512.566899 0.338873375572 14.5176 0.073
54465.640963 0.344642281783 14.5448 0.066
53687.689143 0.347910305799 14.6199 0.073
54077.709321 0.351784371799 14.6143 0.069
55561.659463 0.352574527842 14.5466 0.062
54227.358301 0.361711186466 14.5494 0.073
55542.630951 0.364741396506 14.5501 0.069
54210.413359 0.36584608067 14.5596 0.068
54735.740032 0.366049373255 14.5232 0.067
54917.456537 0.377667735548 14.4986 0.063
53833.433703 0.381618515747 14.5898 0.064
54512.578877 0.384817496973 14.5223 0.073
54227.365157 0.388008806792 14.5766 0.074
54465.653281 0.39189054421 14.511 0.065
55590.608507 0.39268070024 14.5084 0.061
55971.50338 0.394541019082 14.579 0.063
54210.420934 0.394901575719 14.5695 0.068
54917.462976 0.402365865273 14.5311 0.064
54227.37201 0.414294919988 14.645 0.077
53734.634371 0.41613989598 14.594 0.073
54210.428523 0.424010770683 14.5914 0.068
53833.445154 0.425541218535 14.568 0.063
54917.469412 0.427052487839 14.5346 0.064
54512.590849 0.430738604113 14.5428 0.074
55971.513436 0.433112907936 14.6136 0.063
53713.521587 0.433646071482 14.6133 0.067
53734.642998 0.449230556807 14.5845 0.073
54917.475851 0.451750617564 14.5452 0.064
53713.529808 0.465179434464 14.5565 0.067
54086.603475 0.467170167408 14.5438 0.072
55971.523596 0.472083710512 14.6006 0.063
53734.651625 0.482321217606 14.5519 0.072
53713.538005 0.496620740457 14.6471 0.068
54086.613236 0.504610522111 14.5442 0.072
55971.533751 0.511035334565 14.6371 0.064
53734.660268 0.515473249768 14.6264 0.074
54864.571124 0.524617579832 14.5175 0.063
55561.70461 0.525745278249 14.6004 0.062
53713.546274 0.528338217474 14.6425 0.068
54056.638383 0.529799622561 14.6267 0.072
54086.623011 0.542104576784 14.5718 0.072
53956.791736 0.547125519739 14.6416 0.072
54056.643787 0.550527793554 14.6189 0.072
54864.580805 0.561751077829 14.5623 0.064
56046.371569 0.56712107033 14.6247 0.061
53956.797821 0.570465808495 14.5661 0.071
54056.64907 0.57079184375 14.6143 0.072
53762.570944 0.572702026789 14.6267 0.075
54086.632807 0.579679181317 14.6294 0.073
53762.575755 0.591155622378 14.6439 0.075
54056.65442 0.591312886447 14.6502 0.073
53956.803912 0.593829111512 14.6246 0.072
54864.590497 0.598926768639 14.5985 0.064
56046.380026 0.599559660616 14.6418 0.061
54185.447917 0.605677616332 14.6498 0.068
53762.58054 0.609509489558 14.6498 0.075
53956.810031 0.617299814359 14.6405 0.072
53762.585312 0.627813492504 14.6687 0.076
54416.702415 0.63061739571 14.6123 0.066
56046.388475 0.631967565248 14.6477 0.062
54864.600168 0.636021909562 14.6338 0.065
55304.415503 0.639623640232 14.6385 0.067
54185.459419 0.649795940285 14.6267 0.068
54446.690478 0.656098010026 14.6773 0.07
56046.396924 0.66437546988 14.6593 0.062
54416.71497 0.678774721151 14.6309 0.066
54446.699804 0.691869831399 14.6936 0.07
54809.605702 0.693258358016 14.6649 0.071
54185.470902 0.693841385772 14.721 0.069
56274.525162 0.697891894376 14.702 0.065
54761.636681 0.698056829881 14.6194 0.071
54416.72749 0.726797796763 14.6632 0.067
56235.687543 0.728090430677 14.7334 0.061
54446.709551 0.729256486187 14.6896 0.07
54809.615822 0.73207573224 14.7041 0.072
54761.646843 0.737035303877 14.6188 0.07
54185.48239 0.737906009782 14.7368 0.069
56274.535902 0.739087408151 14.7147 0.068
54446.718823 0.764821179265 14.6772 0.07
54184.447358 0.767824539326 14.7119 0.072
54809.625943 0.770896942173 14.6884 0.071
53643.739784 0.770962149219 14.7125 0.08
55626.424231 0.771372570072 14.7738 0.072
54416.740025 0.774878408028 14.7114 0.067
54761.657002 0.776002270743 14.6554 0.071
56235.700481 0.777716832628 14.7618 0.062
56274.54674 0.780658821359 14.7886 0.068
54779.650279 0.792975282701 14.6949 0.065
55268.478079 0.794125995372 14.6841 0.067
53643.748635 0.804912008855 14.7259 0.08
54184.458323 0.809883087592 14.7233 0.07
54809.636137 0.809998158869 14.7277 0.072
54938.426969 0.814140724493 14.677 0.064
54761.667201 0.815122665962 14.6258 0.07
54503.567397 0.819403317121 14.7531 0.079
55868.63459 0.819806066567 14.7431 0.062
56235.71336 0.82711692776 14.7816 0.062
54938.433449 0.838996118253 14.689 0.065
53643.75762 0.839375853436 14.7057 0.08
54365.658208 0.839897509864 14.7495 0.075
55679.365956 0.84041916628 14.7374 0.064
55908.530439 0.848669776159 14.8062 0.064
54503.575415 0.850158031209 14.7656 0.082
54184.469275 0.851891771653 14.7583 0.073
55626.445767 0.853978397281 14.7694 0.072
54938.439925 0.8638361692 14.6942 0.065
55868.647483 0.869259861614 14.7521 0.062
55204.62514 0.872838578016 14.7628 0.063
53643.766417 0.873118584776 14.7237 0.08
54837.548364 0.873176120422 14.772 0.065
56235.726398 0.877126900593 14.7943 0.062
54365.668841 0.880682602758 14.7936 0.076
54503.583428 0.880893566745 14.745 0.084
54938.446474 0.888956226881 14.7197 0.065
55908.544264 0.901698451898 14.8332 0.064
56410.40944 0.910428525416 14.7755 0.061
54503.591432 0.911594580918 14.761 0.087
55868.660431 0.918924620639 14.7487 0.062
54365.679512 0.921613452611 14.7786 0.075
55679.387317 0.922353744425 14.6754 0.064
54837.561447 0.923358700159 14.7569 0.065
56410.415735 0.934574313037 14.7645 0.061
54966.35503 0.93805330101 14.672 0.07
54779.688191 0.938394679113 14.6414 0.064
53859.390161 0.943035886908 14.7299 0.071
55908.558169 0.955033984398 14.7978 0.064
54966.360069 0.957381438249 14.6647 0.07
56410.422076 0.958896543273 14.7743 0.062
54365.690174 0.962509781073 14.7374 0.074
56274.595265 0.966786596516 14.783 0.067
53859.396613 0.96778388081 14.6861 0.07
55868.673364 0.968531844067 14.745 0.062
54837.574455 0.973253601741 14.7631 0.065
54966.365112 0.976724918301 14.7103 0.071
54779.700153 0.98427742915 14.6437 0.064
56410.428868 0.984948678229 14.7441 0.062
55101.674861 0.985535541681 14.6687 0.065
55151.731327 0.987568467413 14.688 0.066
53859.403084 0.992604753206 14.7153 0.071
56274.602528 0.994645350369 14.7448 0.064
54966.370161 0.996091412615 14.6752 0.07
