53978.37953 0.0354019905844 10.5051 0.051
53978.388219 0.0354568876865 10.5049 0.051
53978.396938 0.0355119743285 10.5121 0.051
53978.405704 0.0355673579165 10.5204 0.051
53993.429805 0.130489628068 10.789 0.051
53993.438153 0.130542370732 10.8018 0.051
53993.446393 0.130594431052 10.7847 0.051
53993.454669 0.13064671882 10.7967 0.051
55421.511107 0.15310729728 10.5698 0.05
55421.549265 0.153348379524 10.5401 0.05
54316.456951 0.171375137214 10.6929 0.051
54316.463146 0.171414277224 10.6906 0.051
54316.4693 0.171453158196 10.6892 0.051
54316.475582 0.171492847872 10.6819 0.051
54001.501749 0.181488170278 10.8011 0.051
54001.507794 0.181526362588 10.8146 0.051
54001.513822 0.181564447492 10.7969 0.051
54001.519842 0.181602481852 10.7861 0.051
56064.685756 0.216684731092 10.8167 0.05
56064.695242 0.21674466364 10.829 0.05
56064.704793 0.216805006858 10.7893 0.05
56064.714437 0.21686593765 10.8003 0.05
54643.593258 0.238222325568 10.7408 0.05
54643.604917 0.23829598713 10.7258 0.05
54643.616504 0.238369193796 10.7375 0.05
54643.628077 0.23844231201 10.7313 0.05
54012.48019 0.25084996054 10.7307 0.051
54012.487184 0.250894148632 10.7287 0.051
54012.494213 0.250938557854 10.7243 0.051
54012.501207 0.250982745946 10.7351 0.051
55439.458684 0.266500088806 10.5463 0.051
55439.468388 0.266561398678 10.5429 0.051
55439.478259 0.266623763656 10.549 0.051
55439.488134 0.266686153906 10.5556 0.051
56389.652434 0.269824203419 11.0863 0.051
56389.660538 0.269875404491 11.0939 0.051
56389.668748 0.269927275271 11.0732 0.051
56389.676976 0.269979259775 11.0895 0.051
55124.391681 0.275906763151 10.5082 0.051
55124.399566 0.275956580581 10.4989 0.051
55124.407486 0.276006619141 10.4953 0.05
55124.415538 0.276057491677 10.4977 0.05
55762.557711 0.30783974211 10.3763 0.05
55762.56713 0.307899251352 10.3589 0.05
55762.576625 0.307959240762 10.3643 0.05
55762.586182 0.308019621888 10.3909 0.05
53865.625112 0.32301957741 10.6507 0.051
53865.635136 0.323082909042 10.6418 0.051
53865.645267 0.3231469167 10.6484 0.051
53865.655513 0.323211650928 10.6441 0.051
54658.449721 0.332085458835 10.2344 0.05
54658.473726 0.332237122425 10.2211 0.05
54977.659356 0.348851933475 10.5997 0.051
54977.669224 0.348914279499 10.604 0.051
54977.679134 0.348976890879 10.6122 0.051
54977.689 0.349039224267 10.5958 0.051
54188.732061 0.36440928191 10.4441 0.051
54188.740718 0.364463976836 10.4818 0.051
54188.749344 0.364518475904 10.4756 0.051
54188.758074 0.364573632044 10.4879 0.051
54189.747452 0.370824522251 10.5159 0.051
54189.754876 0.370871427083 10.5178 0.051
54189.762325 0.370918489865 10.518 0.051
54189.769822 0.370965855911 10.5079 0.051
54351.468081 0.392575456632 10.4525 0.051
54351.472445 0.392603028384 10.312 0.051
54351.476816 0.392630644362 10.423 0.051
54351.481166 0.392658127662 10.3372 0.051
53882.603001 0.430285880149 10.0144 0.05
53882.612615 0.430346621401 10.0183 0.05
53882.622241 0.430407438469 10.0217 0.05
53882.631808 0.430467882775 10.0114 0.05
56101.62394 0.450060177686 10.1375 0.05
56101.636856 0.450141780974 10.1505 0.05
56101.649767 0.450223352672 10.1326 0.05
54533.741235 0.54417724401 10.1129 0.05
54533.749522 0.544229601276 10.1357 0.05
54533.757867 0.544282324986 10.1396 0.05
54533.766116 0.544334442168 10.1232 0.05
55012.523695 0.569124827354 10.0748 0.05
55012.523695 0.569124827354 10.0723 0.05
55012.528492 0.5691551348 10.0696 0.05
55012.528492 0.5691551348 10.0671 0.05
55012.537189 0.569210082446 10.0894 0.05
55012.537189 0.569210082446 10.088 0.05
54696.554764 0.572833120594 10.061 0.05
54696.562712 0.572883336058 10.0707 0.05
54696.570629 0.572933355664 10.0593 0.05
54696.578546 0.57298337527 10.0778 0.05
54385.444444 0.607238118142 9.7445 0.05
54385.453388 0.607294626334 9.7373 0.05
54385.46236 0.60735131143 9.7347 0.05
54385.471225 0.6074073205 9.7347 0.05
53913.616208 0.626227322044 9.9927 0.05
53913.624983 0.626282762494 10.0068 0.05
53913.633789 0.626338398802 10.0019 0.05
55029.466035 0.676166531512 10.0355 0.05
55029.510623 0.676448238496 10.0349 0.05
55029.518242 0.676496375338 10.0126 0.05
55029.525872 0.676544581678 10.0406 0.05
55029.533516 0.67659287647 10.0254 0.05
54245.67293 0.724161692379 9.9765 0.05
54245.682892 0.724224632295 9.9681 0.05
54245.692794 0.724287193131 9.9883 0.05
54245.70266 0.724349526519 9.9667 0.05
54727.497434 0.768328909722 10.121 0.05
54727.505346 0.768378897738 10.1176 0.05
54727.513273 0.768428980524 10.1069 0.05
54727.521198 0.768479050674 10.1184 0.05
53622.393796 0.786284122381 9.9439 0.05
53622.40206 0.786336334333 9.9391 0.05
53622.410325 0.786388552603 9.962 0.05
53622.41863 0.786441023593 9.9333 0.05
54736.452318 0.824905866854 10.1386 0.05
54736.460625 0.82495835048 10.1393 0.05
54736.468913 0.825010714064 10.1337 0.05
54736.477059 0.825062180492 10.1517 0.05
53957.589779 0.90405234372 10.0238 0.05
53957.597736 0.904102616046 10.0116 0.05
53957.605701 0.904152938916 10.0118 0.05
53957.613688 0.904203400782 10.0156 0.05
54275.535863 0.912835703139 10.3698 0.05
54275.547089 0.912906629007 10.3731 0.05
54275.558235 0.912977049435 10.3692 0.05
54275.569386 0.913047501453 10.3765 0.05
54911.730153 0.932311228774 10.3069 0.05
54911.73776 0.9323592898 10.3213 0.05
54911.745424 0.932407710952 10.2916 0.05
54911.75313 0.93245639746 10.3118 0.05
53805.71642 0.94451646122 10.3317 0.05
53805.721574 0.944549024192 10.3303 0.05
53805.726755 0.94458175775 10.3276 0.05
53805.731915 0.94461435863 10.3207 0.05
54599.567711 0.960068919524 10.5447 0.05
54599.572118 0.96009676295 10.559 0.05
54599.576531 0.960124644284 10.5287 0.05
54599.580928 0.96015242453 10.548 0.05
54762.418913 0.988962814122 10.6197 0.051
54762.426583 0.989011273182 10.6287 0.051
54762.434289 0.98905995969 10.6231 0.051
54762.442037 0.989108911554 10.6286 0.051
