55439.519202 0.00461603572771 17.6144 0.167
53830.748209 0.00519509066153 17.6685 0.193
54763.459299 0.00793452906739 17.4451 0.152
56220.439542 0.0124997129349 17.6266 0.137
53913.660275 0.0126785146059 17.6885 0.21
55803.464466 0.013976056978 17.4538 0.125
54385.502526 0.0143435026058 17.6576 0.222
54763.465817 0.0186265407251 17.5989 0.163
54197.745253 0.0206409301655 17.2433 0.194
54705.555331 0.0232917879251 17.7181 0.154
55439.53141 0.0246418225372 17.5561 0.162
54978.663584 0.0252290793891 17.6714 0.203
53913.669066 0.027099115183 17.7057 0.212
53830.76248 0.0286049861036 17.832 0.207
54385.511675 0.0293513600451 17.6828 0.228
54763.472362 0.0293628427192 17.5851 0.162
56220.450836 0.031026190351 17.5248 0.132
55414.541145 0.0310540768484 17.5581 0.137
55803.475041 0.0313230995332 17.6163 0.133
54978.671463 0.0381536513265 17.6283 0.199
54763.47888 0.0400548543888 17.4873 0.156
53913.677743 0.0413327121771 17.6951 0.21
54705.567162 0.0426991506106 17.655 0.157
55803.485704 0.0488144957297 17.425 0.124
54321.515115 0.0505286952119 17.6712 0.17
54705.578889 0.0619359135415 17.5773 0.185
56173.529486 0.0620753460394 17.5284 0.139
55414.560681 0.0631005849663 17.636 0.142
54942.720986 0.0656284140476 17.5449 0.131
55803.496365 0.0663026111606 17.738 0.14
54321.525101 0.0669095526025 17.6263 0.166
56441.764919 0.0707250817765 17.6369 0.13
56173.537287 0.0748719681638 17.5784 0.142
54735.461464 0.0807822655007 17.4393 0.167
54705.59064 0.0812120456603 17.6657 0.155
54321.535079 0.0832772869424 17.7572 0.176
54942.732834 0.0850636632413 17.5819 0.132
56441.776303 0.0893991935876 17.5693 0.127
56173.548019 0.0924765507397 17.5429 0.141
54735.470345 0.0953505004848 17.5972 0.18
54321.544993 0.0995400368169 17.6297 0.166
54942.744707 0.104539921982 17.4915 0.127
56173.555864 0.105345349685 17.5834 0.143
56441.787766 0.108202895607 17.4249 0.12
54735.47897 0.109498797596 17.6447 0.184
54735.487593 0.123643813953 17.6085 0.181
56441.799228 0.127004957243 17.5034 0.124
55005.559729 0.145188594753 17.5583 0.138
55005.573716 0.168132621626 17.5984 0.14
55005.587532 0.190796143131 17.4127 0.129
54602.635836 0.19597647036 17.2849 0.115
55005.601352 0.213466226167 17.4861 0.132
54602.652118 0.222685174552 17.3835 0.12
55353.705617 0.237532274522 17.3743 0.227
53978.422083 0.246800434371 17.5069 0.197
54687.40489 0.249630093795 17.3375 0.135
53978.430784 0.261073400541 17.328 0.18
54687.413554 0.263842365825 17.4426 0.141
56101.71826 0.264213092223 17.1654 0.115
53970.508141 0.264910254685 17.3042 0.18
56476.635538 0.271870396683 17.1134 0.138
53978.439606 0.275544852974 17.2734 0.176
54602.684825 0.276337157607 17.3604 0.118
55474.435339 0.280428271011 17.5453 0.211
53970.518341 0.281642153894 17.1054 0.164
56101.728952 0.281752059498 17.2292 0.117
55386.654926 0.286994721256 17.388 0.13
56476.645221 0.287754218243 17.177 0.142
53978.448467 0.290080280313 17.1243 0.164
54687.430882 0.292266909883 17.395 0.138
54213.761311 0.293098583699 17.3484 0.164
55353.742091 0.29736357761 17.5203 0.251
54260.704332 0.297598152277 17.5064 0.176
53970.528496 0.298300235887 17.0485 0.16
56101.73965 0.299300869081 17.3018 0.123
56476.654998 0.303792235741 17.1977 0.143
54687.439579 0.306533314522 17.2738 0.131
54014.426181 0.307284609611 16.9469 0.154
55681.724579 0.314023299994 17.0749 0.113
53970.538691 0.315023933182 16.8732 0.148
54213.775116 0.315744060993 17.1437 0.15
55474.458176 0.317889681013 17.285 0.177
56476.664745 0.319781041779 17.1186 0.138
54260.717947 0.31993195694 17.2443 0.156
54014.434842 0.321491960492 16.9124 0.152
54243.651643 0.32466938095 17.3968 0.166
55386.681182 0.330064598256 17.1101 0.116
54196.71609 0.332420187205 17.1116 0.184
54014.443484 0.335668144111 16.9666 0.155
54213.788477 0.337661208573 17.2072 0.153
54260.731648 0.342406834492 16.9327 0.136
54243.664884 0.34638968265 17.2219 0.152
54014.452115 0.349826283519 16.9345 0.153
56131.645402 0.356166361014 17.1911 0.124
54213.801894 0.359670217543 17.1369 0.149
54196.736156 0.365336097924 17.2054 0.212
56131.656797 0.374858517036 17.277 0.14
53578.5967 0.38032919192 16.8603 0.133
54243.69123 0.389607194057 17.0482 0.142
56131.668347 0.393804932301 17.2992 0.167
53578.609997 0.402141355022 16.8888 0.134
53945.601194 0.407995879366 16.8489 0.121
53636.532306 0.416870347469 17.1535 0.17
56067.676793 0.423194021134 17.235 0.132
53578.623149 0.423715662698 16.957 0.139
53959.635568 0.429734225262 17.0486 0.132
53945.614932 0.430531451046 16.9554 0.127
53669.461076 0.432640982655 17.1756 0.174
53636.542687 0.433899155863 17.153 0.17
53578.63629 0.445271926175 17.0229 0.143
56067.693393 0.450424366898 17.3261 0.138
53636.553068 0.450927964256 17.3677 0.189
53945.628633 0.453006328597 17.0436 0.131
53959.651381 0.45567359018 17.0554 0.132
53892.595306 0.458076750212 17.1538 0.159
53669.478051 0.460486471766 17.1458 0.174
56067.701814 0.464238026031 17.3671 0.14
53636.563469 0.467989580294 17.213 0.176
54306.529866 0.468991853858 17.0392 0.161
53892.604801 0.473652179908 17.1002 0.156
53945.642368 0.47553697914 17.0969 0.134
53669.48995 0.48000538046 17.1111 0.208
53959.667235 0.481680210759 17.2917 0.146
53848.718291 0.482999078102 17.0958 0.11
54008.437287 0.483209047039 17.1281 0.165
54306.539366 0.484575485468 17.1301 0.168
53892.614292 0.489221048072 17.0991 0.155
54019.415885 0.492306607137 17.2972 0.18
54588.795833 0.493080867561 17.1758 0.124
54588.799087 0.498418671488 17.2237 0.127
54306.548985 0.500354322575 17.0087 0.159
54008.447975 0.500741452794 17.1443 0.166
53591.473468 0.503151174345 17.193 0.191
54588.802351 0.503772879231 17.3552 0.133
53892.623778 0.504781714334 17.1764 0.158
54588.805609 0.509117244689 17.1708 0.124
53848.734261 0.50919598303 17.2552 0.116
54019.426279 0.509356740495 17.2424 0.175
54000.52948 0.511382612601 17.2017 0.178
54306.558705 0.516298838288 17.2773 0.179
53652.443763 0.517742374689 17.0249 0.189
54008.458649 0.51825089319 17.1066 0.163
53591.483884 0.520237396126 17.1791 0.19
55120.396058 0.520667176278 17.0867 0.119
54000.537279 0.52417595396 17.1949 0.18
54019.436644 0.526359302776 17.2997 0.18
55087.482511 0.529868080462 17.1715 0.131
55120.402394 0.531060638368 17.1321 0.121
53652.452957 0.53282404932 17.1803 0.204
53848.750298 0.535502793571 17.1958 0.113
54008.469307 0.535734087472 17.4016 0.187
54000.545098 0.537002102975 17.2842 0.191
53591.494332 0.537376110134 17.2455 0.206
55120.408738 0.541467223521 17.1948 0.124
54019.447008 0.543360224673 17.3865 0.187
53652.462087 0.547800739486 17.2731 0.213
54295.605048 0.548114052496 17.2306 0.247
55120.415081 0.55187216829 17.1507 0.122
53878.631547 0.552173998626 17.2942 0.164
55766.60935 0.55749703911 17.4262 0.132
55087.499484 0.557710288807 17.2656 0.136
53848.766306 0.561762033022 17.3715 0.121
53878.640328 0.566578195386 17.2325 0.159
55087.507953 0.571602686292 17.2895 0.137
55385.609699 0.57242287743 17.327 0.234
55766.619933 0.574857204728 17.3049 0.127
53878.649141 0.581034884374 17.3074 0.164
55766.630626 0.592397812385 17.3998 0.131
55738.596794 0.606196708078 17.4222 0.132
55766.641317 0.609935139289 17.3618 0.13
55738.611964 0.631081307195 17.3105 0.127
54027.428654 0.636310845886 17.3163 0.189
54027.437357 0.650587092822 17.5931 0.217
55738.627148 0.655988871648 17.46 0.134
54686.434051 0.65708300662 17.2794 0.136
56033.683921 0.661889326696 17.4268 0.108
54686.440576 0.667786500969 17.2312 0.134
56389.704352 0.67149376491 17.334 0.157
55738.642424 0.681047351273 17.3499 0.129
56389.71243 0.684744772923 17.5329 0.171
56033.699027 0.686668941336 17.3873 0.107
54686.453726 0.689357527879 17.3034 0.142
56389.720308 0.697667704489 17.496 0.168
55029.673063 0.700274271921 17.2428 0.176
56033.714039 0.711294360037 17.5625 0.112
55029.681453 0.714037079198 17.3911 0.194
54631.609757 0.724282906888 17.3359 0.131
55029.689903 0.727898309421 17.4259 0.198
54631.616442 0.735248862394 17.2651 0.127
56033.729097 0.735995236337 17.434 0.107
55029.698337 0.741733293531 17.4577 0.199
54631.62313 0.746219739049 17.5477 0.142
54631.629882 0.75729560017 17.2492 0.126
54631.636564 0.768256634528 17.5558 0.143
54402.423128 0.77059910042 17.3832 0.158
54402.434075 0.788556365173 17.5008 0.167
54617.631677 0.794888240753 17.3196 0.129
54402.445002 0.806480822293 17.6425 0.179
54360.384541 0.811246132799 17.5305 0.163
54617.64446 0.81585724738 17.5053 0.138
53607.514299 0.816246017977 17.6946 0.197
54642.640024 0.818137378737 17.5154 0.17
54402.455915 0.824382314054 17.5328 0.172
54360.39344 0.825843894663 17.4999 0.161
54642.650948 0.836056914709 17.4959 0.168
54617.657192 0.836742594494 17.411 0.133
53607.528002 0.838724176282 17.5318 0.183
54360.40219 0.840197239567 17.5715 0.166
54915.763446 0.844957628923 17.4738 0.15
53936.724021 0.846038640849 17.4719 0.163
53618.510348 0.85396988915 17.6116 0.197
54642.661885 0.853997775645 17.5126 0.169
54360.410924 0.854524338359 17.5281 0.163
53607.541674 0.861151482743 17.5005 0.18
53936.737202 0.867660519603 17.4961 0.161
53618.520841 0.871182420349 17.6117 0.199
54642.672729 0.871786081027 17.5328 0.17
54915.783055 0.877123884952 17.5185 0.152
55707.677136 0.886137785549 17.4784 0.134
53618.531437 0.888563910932 17.6887 0.204
53936.750362 0.889247950342 17.7165 0.18
55056.611858 0.890196091293 17.4592 0.127
54915.792876 0.893234079271 17.3659 0.142
55056.618165 0.900541982305 17.4468 0.127
54672.565533 0.907411903273 17.5302 0.177
55707.691376 0.909496829147 17.4824 0.135
55056.624234 0.910497462335 17.5448 0.132
55056.630359 0.920544803767 17.5102 0.131
54672.576112 0.924765507359 17.7465 0.194
54672.586739 0.942197849786 17.6158 0.183
53554.559906 0.950798374058 17.7585 0.227
55707.719856 0.956214916331 17.4383 0.131
54672.597398 0.959682684451 17.6661 0.187
53554.567702 0.963586794269 17.6342 0.213
56220.414806 0.971923216989 17.536 0.132
53554.575528 0.976424425952 17.7445 0.225
54346.466872 0.980948600259 17.6146 0.171
54197.72111 0.981037180904 16.961 0.173
54385.48424 0.984347472333 17.7306 0.225
53554.583363 0.989276821069 17.5586 0.205
56220.426018 0.990315183049 17.4675 0.128
54197.729105 0.99415203719 17.2056 0.193
53913.651543 0.99835469658 17.672 0.208
54385.493394 0.999363531675 17.7397 0.228
54978.647923 0.999539052577 17.5499 0.192
