54939.773899 0.00304260734338 14.3008 0.061
53913.686647 0.00694561304474 14.2552 0.066
53878.685961 0.00842213258582 14.2613 0.065
54686.664497 0.0159512965473 14.2391 0.061
55359.793606 0.0164697069037 14.2586 0.066
55087.52132 0.0176639506505 14.2604 0.061
54939.780558 0.0211164007467 14.2514 0.061
54661.615269 0.0275788879308 14.2354 0.06
53913.695592 0.0312240455296 14.2613 0.066
53878.694803 0.0324210034708 14.2794 0.065
54939.787145 0.0389947724591 14.2565 0.061
55087.5298 0.0406802846392 14.261 0.061
54661.623594 0.0501745224141 14.2249 0.06
54686.677624 0.0515804730229 14.2288 0.061
53694.484971 0.0518763197542 14.2718 0.064
53913.704326 0.0549297838782 14.2671 0.066
55087.538323 0.0638133288318 14.2619 0.061
53694.491534 0.0696895508964 14.3114 0.065
54661.631841 0.0725584500788 14.2196 0.06
53913.713196 0.0790046520984 14.225 0.066
55087.546821 0.0868785182629 14.2642 0.061
53694.498083 0.0874647833611 14.3264 0.065
54661.640108 0.094996661529 14.245 0.06
53857.717439 0.0958624882456 14.3304 0.072
53694.504632 0.105240015826 14.3493 0.065
56223.436298 0.107112807164 14.2217 0.058
53857.725859 0.118715970819 14.3585 0.073
55029.714542 0.11906610138 14.2566 0.067
56223.448257 0.139571809307 14.2213 0.058
53857.73433 0.141707877106 14.3774 0.074
55029.725162 0.147890802685 14.3156 0.068
56072.764835 0.156084943289 14.3137 0.062
55684.805973 0.161893310597 14.3178 0.063
55414.744188 0.162807992723 14.3332 0.062
53857.742864 0.164870777382 14.382 0.073
56223.459562 0.170255730987 14.2696 0.058
54616.719619 0.172239804137 14.3391 0.06
55029.735798 0.176758931032 14.3346 0.068
56072.77689 0.188804507714 14.3456 0.062
55684.816863 0.191450843283 14.3456 0.063
54711.414692 0.19269122826 14.3264 0.061
56223.470845 0.200879940498 14.2712 0.058
55414.758768 0.202380887741 14.4056 0.063
55029.746415 0.205575489764 14.3699 0.068
54616.735195 0.21451603271 14.3769 0.061
54711.423417 0.216372538887 14.3393 0.061
54980.74933 0.218161190316 14.3543 0.067
56072.789129 0.222023483151 14.3698 0.063
54711.432183 0.240165131316 14.3588 0.061
54980.759799 0.246576048882 14.3787 0.067
55804.579321 0.249556229858 14.4547 0.07
56072.801239 0.254892328054 14.4243 0.064
54616.750737 0.256699978819 14.4302 0.061
54711.440917 0.263870869665 14.3796 0.061
54029.470486 0.266321783529 14.5092 0.065
55804.588473 0.274396499773 14.4513 0.071
54980.770218 0.274855197924 14.4257 0.068
55502.472816 0.275001764211 14.435 0.061
54008.479107 0.291723890828 14.5424 0.07
54029.481453 0.296088308882 14.4841 0.065
55804.597593 0.299149915569 14.4383 0.069
54616.766774 0.300227449143 14.4185 0.061
54980.78075 0.303441050479 14.45 0.068
54008.487789 0.315288491272 14.5119 0.07
55474.488194 0.319411346379 14.478 0.069
53607.634744 0.32383004825 14.4515 0.067
55804.606763 0.324039040907 14.3727 0.071
54029.492439 0.325906403849 14.4905 0.065
54008.496438 0.338763523443 14.4803 0.07
53579.641717 0.345426860694 14.4472 0.067
53554.59165 0.35477724639 14.4199 0.07
54029.503396 0.35564578729 14.489 0.065
53607.648104 0.36009163105 14.411 0.067
54008.505122 0.362333552269 14.4455 0.069
54060.4559 0.366632829747 14.4562 0.073
53579.651047 0.370750256474 14.4141 0.066
53554.599545 0.376205779031 14.3492 0.069
55502.511182 0.379134390409 14.436 0.061
55474.511113 0.381617874557 14.4383 0.071
54060.462718 0.385138179421 14.4201 0.073
54632.641909 0.388365351711 14.3888 0.063
54348.581726 0.394963548399 14.3603 0.063
53607.661483 0.396404783483 14.3632 0.066
53579.660767 0.397132186485 14.3678 0.066
53554.607355 0.397403605515 14.3491 0.069
54632.645822 0.398985978473 14.3341 0.062
54060.469525 0.403613672991 14.3858 0.072
54632.649782 0.409734172184 14.3399 0.062
53554.615172 0.418620431318 14.3009 0.068
54632.653732 0.420455223983 14.3324 0.063
54060.476224 0.421796034005 14.3996 0.073
53579.670102 0.422469153202 14.3338 0.065
53607.674819 0.432601225712 14.332 0.066
54348.595919 0.433486051759 14.2815 0.063
55120.467389 0.439565838092 14.3624 0.061
56410.725269 0.445026789048 14.2325 0.06
54261.651236 0.449068218438 14.3144 0.065
55717.703638 0.452417529308 14.3333 0.06
55120.475839 0.462500746383 14.3403 0.061
56410.734233 0.469356791167 14.204 0.06
54348.610109 0.472000412544 14.2623 0.063
53615.429179 0.479410152139 14.2938 0.065
53647.483941 0.482135199229 14.285 0.072
55717.714946 0.483109593561 14.3162 0.06
54261.664491 0.485044811275 14.2612 0.065
55120.484323 0.485527937137 14.3153 0.061
54306.616572 0.493548369567 14.2415 0.067
56410.743234 0.493787218322 14.1941 0.06
53647.492599 0.505634659102 14.2678 0.072
55120.492827 0.508609411715 14.2916 0.06
53942.609388 0.508769548932 14.2559 0.067
54348.624276 0.510452346951 14.2183 0.062
55439.558252 0.512900546629 14.2369 0.066
53615.44164 0.513231677835 14.2772 0.065
55717.72629 0.51389936866 14.2518 0.059
54306.626388 0.52019086184 14.1888 0.066
54261.677595 0.520611561352 14.2452 0.065
56410.753258 0.520994262177 14.1698 0.059
54808.43543 0.52544010594 14.2193 0.067
53647.501273 0.529177546035 14.3195 0.073
53942.619232 0.53548803854 14.267 0.067
54014.464819 0.538085518695 14.2842 0.067
54808.440479 0.539144052914 14.2505 0.067
55439.568172 0.539825314693 14.2295 0.066
55717.737614 0.544634859953 14.2734 0.059
54306.636234 0.54691477983 14.2017 0.067
53633.507371 0.547064060304 14.2715 0.069
53615.454106 0.547066774488 14.2876 0.065
54360.429358 0.55169175482 14.179 0.062
54808.44552 0.552826286378 14.2084 0.067
53647.510185 0.553366410248 14.2777 0.072
54261.690746 0.556305878378 14.2222 0.065
54014.473487 0.561612120481 14.2328 0.067
53960.68213 0.561631119808 14.2103 0.062
53942.629867 0.564353452715 14.2728 0.067
53633.51429 0.565843543195 14.2359 0.069
54808.450578 0.566554661073 14.2117 0.067
55439.578069 0.566687656397 14.2154 0.066
54423.439492 0.573188142223 14.234 0.076
54306.646116 0.573736408686 14.208 0.067
53615.466569 0.580893728567 14.2815 0.066
54360.440399 0.581659130247 14.1996 0.062
53633.521358 0.585027440444 14.2759 0.069
54014.482116 0.585032868827 14.2915 0.067
53942.639919 0.591636493905 14.3068 0.067
55439.588061 0.593807846171 14.2083 0.067
54087.437895 0.600902739696 14.3054 0.071
54780.463144 0.603331940036 14.2023 0.061
53633.528287 0.603834065247 14.2962 0.07
53960.698688 0.606572683278 14.256 0.063
54014.490747 0.608459045576 14.2675 0.067
54325.449279 0.609099594485 14.2467 0.062
54360.451397 0.611509795489 14.2292 0.062
54423.454225 0.613176308363 14.2349 0.077
54087.442767 0.614126274977 14.2616 0.071
54423.458563 0.624950466011 14.2461 0.077
54780.471193 0.625178457992 14.204 0.062
54087.447658 0.627401379871 14.3302 0.072
54423.462903 0.636730052041 14.2813 0.077
54360.462416 0.641417458748 14.2215 0.062
54325.461373 0.641925012329 14.2649 0.062
54087.453014 0.641938583282 14.2959 0.071
54780.479249 0.647043975306 14.2315 0.062
53960.715224 0.651454534581 14.3237 0.063
53591.546259 0.656619638787 14.3644 0.072
54735.537695 0.667112698593 14.3195 0.061
54780.487299 0.668893207452 14.2613 0.062
54325.472513 0.67216109261 14.2988 0.063
54385.530067 0.679793395816 14.2836 0.068
53591.556868 0.685414483989 14.3915 0.074
54735.548342 0.696010683042 14.3567 0.061
53960.731795 0.696431382538 14.4128 0.064
55774.532974 0.698051754169 14.3511 0.061
54325.48354 0.702090469379 14.3172 0.063
54385.539265 0.704758518469 14.3225 0.069
56478.61648 0.714695169259 14.3551 0.058
53591.567672 0.714738596307 14.4022 0.073
53969.581487 0.716179831387 14.386 0.068
54735.558963 0.724838098539 14.3873 0.061
54385.54842 0.729606930938 14.3446 0.069
55774.544885 0.730380475192 14.3974 0.061
53969.59016 0.739720004109 14.4376 0.069
54590.771132 0.743107313646 14.4106 0.061
53591.579111 0.745786219495 14.4197 0.078
54735.569603 0.753717083651 14.4211 0.062
54385.557764 0.754968325376 14.0591 0.273
56478.631397 0.755182746411 14.4082 0.058
55774.556827 0.762793336105 14.4283 0.062
53969.598798 0.763165180177 14.4701 0.069
54295.666333 0.772515565869 14.5033 0.163
54027.447804 0.776377858714 14.4484 0.07
54590.784321 0.7789047699 14.4413 0.062
53969.607465 0.786689067771 14.4825 0.07
54295.671796 0.787343187644 14.4105 0.131
54198.775998 0.793705249764 14.5337 0.073
55774.568687 0.794983633414 14.4452 0.062
56478.646331 0.795716464815 14.4294 0.058
54295.677088 0.801706682855 14.4765 0.119
53978.457334 0.806917928294 14.451 0.069
55741.784395 0.812175314972 14.4463 0.061
54590.797711 0.815247778417 14.4647 0.062
54198.784079 0.81563862182 14.5485 0.073
54295.682372 0.816048464575 14.4406 0.085
53978.46601 0.83046624359 14.4871 0.07
56478.661238 0.836176900054 14.402 0.058
54198.792167 0.837590993214 14.5405 0.073
55171.458077 0.837998121772 14.4661 0.063
54240.796135 0.844354755509 14.4112 0.066
54590.811063 0.851487647707 14.4687 0.062
53978.474851 0.854462400303 14.4575 0.069
55171.464421 0.855216945209 14.4917 0.063
55741.800831 0.856785747229 14.3999 0.061
54198.800251 0.859532507843 14.5188 0.073
55171.470778 0.872471053151 14.4653 0.063
53978.483709 0.878504698248 14.4249 0.069
55057.629072 0.884413490605 14.4912 0.063
54215.759099 0.889073755399 14.4304 0.073
55171.477176 0.889836442876 14.4609 0.063
56176.565182 0.889983009148 14.3425 0.058
54240.817008 0.901008050268 14.5345 0.136
56145.620949 0.901445034906 14.2931 0.06
55741.817303 0.901493890351 14.3288 0.061
55057.637074 0.906132441611 14.4691 0.063
54215.767653 0.912290939481 14.4252 0.073
56176.578161 0.925210485437 14.3144 0.058
56145.629873 0.925666469414 14.2926 0.06
55057.645159 0.928076670432 14.413 0.062
54215.77638 0.935977678491 14.355 0.072
55359.764582 0.937693046781 14.3316 0.066
54686.638211 0.944606089535 14.2949 0.061
53892.663217 0.945355206076 14.3197 0.067
54240.833585 0.946001183372 14.4807 0.066
55741.833823 0.946332314593 14.2608 0.06
55057.653224 0.949966615447 14.4143 0.062
56145.638855 0.950045326955 14.252 0.06
54215.784981 0.959322429502 14.3637 0.072
56176.590948 0.959916837185 14.2665 0.058
53878.668318 0.960535672598 14.3284 0.066
53892.669847 0.963350287953 14.2963 0.067
55057.661273 0.971813133403 14.3846 0.062
56145.647828 0.974399756795 14.2297 0.059
54686.651378 0.980343833621 14.2585 0.061
53892.676421 0.981193375179 14.2797 0.066
54240.84673 0.981679215251 14.4511 0.066
53878.677099 0.984368977876 14.2972 0.065
54939.767326 0.985202234308 14.3008 0.061
56176.603713 0.994563476744 14.2401 0.058
53892.683002 0.999055461744 14.258 0.066
