54173.515288 0.0877258795949 12.1837 0.054
54173.521781 0.0960107896523 12.1844 0.054
55542.690835 0.122418382216 12.2321 0.054
54909.48192 0.163245775878 12.3707 0.055
55542.727214 0.168837101286 12.2163 0.054
54909.490093 0.173674325071 12.2984 0.054
54909.498308 0.184156465242 12.2549 0.054
54510.589217 0.185859892766 12.174 0.053
55275.498672 0.19171789709 12.2195 0.055
54510.596047 0.194574806623 12.1716 0.053
54909.506506 0.194616913819 12.2162 0.054
54510.602835 0.203236129502 12.1828 0.053
54510.609637 0.211915316046 12.1857 0.053
54975.360776 0.223063515517 12.1351 0.053
54975.365036 0.228499171894 12.1031 0.053
54975.369299 0.233938656189 12.1064 0.053
54975.373593 0.239417695735 12.1245 0.053
53607.798752 0.247187111626 12.1761 0.054
54858.608224 0.249647192728 12.1593 0.054
53607.803331 0.253029804241 12.19 0.054
54858.615351 0.258741071359 12.1543 0.054
53607.807885 0.258840597463 12.1708 0.054
53607.812438 0.264650114709 12.1892 0.054
54858.622495 0.267856641583 12.154 0.054
54858.629633 0.276964555942 12.154 0.054
55126.678112 0.300303427015 12.1455 0.053
55126.688247 0.313235440475 12.1872 0.053
55126.698471 0.326281015781 12.1766 0.053
55126.708824 0.339491191939 12.1822 0.053
54258.354785 0.340860313841 12.1765 0.054
54258.360312 0.347912631388 12.1838 0.054
54258.365849 0.354977708705 12.1685 0.056
54258.371344 0.361989195035 12.173 0.054
55627.524584 0.368218508279 12.2536 0.053
55660.459802 0.392755520504 12.2225 0.053
55627.567234 0.422638870813 12.2459 0.053
55660.49374 0.436059582956 12.2175 0.053
54595.427762 0.437779598167 12.1557 0.054
54185.547978 0.441145622001 12.1829 0.054
54954.372191 0.442139607051 12.1742 0.054
55188.705563 0.44582207285 12.157 0.053
54595.435723 0.447937640518 12.1673 0.054
54954.380396 0.452608987461 12.1845 0.054
54185.557882 0.453782885082 12.1801 0.054
55188.712123 0.45419247327 12.1762 0.053
54595.443671 0.458079095179 12.1715 0.054
53772.546792 0.461678622558 12.2544 0.055
55188.718712 0.462599876996 12.1448 0.053
54954.388582 0.463054124334 12.1818 0.054
54185.567766 0.466394628651 12.1892 0.054
54595.4516 0.468196306304 12.1733 0.054
55188.725184 0.470857991565 12.1819 0.053
54954.396819 0.473564335969 12.1726 0.054
54200.465912 0.476066524265 12.1791 0.054
53772.558974 0.477222558227 12.2476 0.055
54185.577696 0.479065067102 12.1832 0.054
54200.47468 0.487254278982 12.1783 0.054
53772.571166 0.492779253656 12.264 0.055
54200.483493 0.498499452604 12.1725 0.054
53757.688011 0.502235509378 12.1829 0.053
53772.583343 0.508316809444 12.25 0.055
54200.492275 0.509705070977 12.1743 0.054
53757.701418 0.519342515248 12.1765 0.053
56363.557832 0.52873880012 12.2805 0.053
54131.5502 0.541294400759 12.2211 0.055
56363.569723 0.543911426871 12.2525 0.053
53757.725826 0.550486529525 12.1544 0.053
54131.559411 0.553047412705 12.2065 0.055
55331.429801 0.558477965172 12.2291 0.053
56363.581541 0.558990907395 12.299 0.053
54131.568565 0.564727694031 12.2091 0.055
53757.739252 0.567617778932 12.1832 0.053
56363.593541 0.574302615496 12.2549 0.053
54131.577718 0.576406699381 12.2247 0.055
55331.451027 0.585561824851 12.2331 0.053
54464.67111 0.595472327917 12.1932 0.056
54834.601967 0.618247217736 12.1628 0.054
54464.693756 0.624368073046 12.1796 0.056
54834.610042 0.628550721307 12.1702 0.054
53714.686332 0.633139129831 12.1618 0.053
54834.618141 0.638884848296 12.1583 0.054
53714.695214 0.644472345777 12.1666 0.053
54834.626231 0.649207491509 12.1614 0.054
53714.704132 0.655851496844 12.1689 0.053
53714.713083 0.667272755113 12.1717 0.053
56426.380003 0.688300834229 12.223 0.052
56393.467373 0.692585560546 12.2336 0.052
54095.617989 0.692667222988 12.1883 0.057
56426.387789 0.698235580835 12.1917 0.052
54095.626783 0.703888153074 12.3111 0.062
56393.479328 0.707839849741 12.2008 0.052
56426.39564 0.708253265861 12.2162 0.052
54095.635547 0.715070803886 12.1564 0.055
54055.667718 0.717093225329 12.1632 0.055
56426.40354 0.718333473688 12.2549 0.052
56393.491567 0.72345651602 12.2541 0.052
54095.64434 0.726290457995 12.1471 0.055
54055.675218 0.72666304289 12.1605 0.055
54055.682695 0.736203513018 12.1575 0.055
56393.503467 0.738640626556 12.2635 0.052
54055.690245 0.745837129356 12.1664 0.055
54889.570589 0.756871766998 12.1434 0.054
54015.731242 0.759121312112 12.2204 0.055
54015.736504 0.765835496111 12.2182 0.055
54889.578747 0.767281176549 12.1428 0.054
54015.741798 0.772590511336 12.2087 0.055
54889.58693 0.777722485494 12.1408 0.054
54015.747097 0.779351906433 12.2168 0.055
54889.595104 0.788152310662 12.1416 0.054
53879.393712 0.795749469827 12.1797 0.054
53879.399971 0.803735801577 12.1869 0.054
53879.406357 0.811884182238 12.1837 0.054
54966.419192 0.813819837338 12.1475 0.054
53879.412648 0.819911345205 12.1862 0.054
54234.441892 0.828590531751 12.1828 0.055
54234.448922 0.837560640746 12.1698 0.055
55559.710689 0.839338074856 12.2291 0.053
55596.549206 0.844389662558 12.2474 0.053
54234.455933 0.846506506195 12.1848 0.055
54234.46292 0.855421748235 12.1876 0.055
53755.616111 0.858541508767 12.2346 0.054
55559.73746 0.873497219643 12.4558 0.058
54465.674724 0.876059378798 12.4267 0.054
54227.43 0.881586905426 12.4039 0.055
55596.57931 0.882801634269 12.2633 0.053
54227.438217 0.892071597548 12.4537 0.055
54063.649096 0.901137404716 12.4427 0.056
54063.656181 0.910177692369 12.5136 0.057
