54244.362466 0.0178190079889 14.0875 0.067
54244.371604 0.0200610438304 14.1215 0.068
54244.380813 0.0223204997364 14.0956 0.068
54244.389962 0.0245652344602 14.0507 0.067
56298.623292 0.0369040375289 14.0641 0.059
56298.63513 0.0398085265091 14.08 0.059
56298.646802 0.0426722868877 14.0821 0.059
56298.658385 0.0455142108478 14.1125 0.059
54415.692422 0.0541400867574 14.097 0.061
54415.703359 0.0568235126704 14.0911 0.061
54415.714303 0.0595086560551 14.1182 0.062
54415.725172 0.0621753979628 14.0818 0.061
54415.73604 0.0648418945192 14.1015 0.061
54232.374289 0.0764836496756 14.1125 0.073
54232.379163 0.077679500265 14.0742 0.07
54232.384056 0.0788800125633 14.0469 0.07
54232.388933 0.080076599212 14.1299 0.079
54884.517508 0.0817879364829 14.0864 0.06
54884.525543 0.0837593479512 14.0867 0.06
54884.533603 0.0857368932434 14.0769 0.06
54884.541661 0.0877139478294 14.0833 0.06
54130.527482 0.0880625944609 14.0842 0.062
54130.540763 0.0913211278386 14.1056 0.062
54130.554023 0.0945745088031 14.0868 0.062
54130.567307 0.0978337782401 14.1046 0.062
56380.432919 0.109142589358 14.1025 0.057
55206.615583 0.109521414411 14.0703 0.058
56380.444102 0.111886372113 14.0885 0.057
54929.478666 0.113143560957 14.1047 0.07
56380.455377 0.114652727344 14.109 0.057
54929.486777 0.115133619252 14.109 0.07
54929.494887 0.117123432195 14.0878 0.07
56380.466646 0.117417610459 14.0971 0.057
55206.651786 0.118403929575 14.081 0.058
54929.50295 0.119101713546 14.1039 0.071
54501.551915 0.120025467643 14.0909 0.062
54501.558549 0.121653139538 14.0864 0.062
54501.565121 0.123265599545 14.1067 0.063
54501.571731 0.124887382968 14.0873 0.067
54966.393274 0.1702538913 14.0782 0.064
54966.39832 0.171491942608 14.0826 0.064
54966.403435 0.172746923274 14.0765 0.064
54966.408482 0.173985219935 14.1006 0.064
54913.493086 0.191033328755 14.0854 0.058
54913.500915 0.192954197499 14.0794 0.058
54913.508749 0.194876293011 14.0964 0.058
54913.516607 0.196804276994 14.0937 0.058
53833.447661 0.19863313836 14.1305 0.06
53833.459283 0.201484631087 14.1241 0.06
53833.470892 0.204332934226 14.0811 0.06
53833.482534 0.207189334015 14.111 0.06
54110.684411 0.219505319254 14.1347 0.063
54110.697536 0.222725577561 14.1134 0.063
54110.710895 0.226003248474 14.1106 0.063
54110.723997 0.229217863663 14.1045 0.063
55879.701417 0.25315941076 14.0829 0.061
55879.713439 0.256109044694 14.0759 0.061
55879.725429 0.259050827331 14.0829 0.061
55879.737503 0.26201321962 14.0819 0.061
53817.484109 0.281927542348 14.0911 0.063
53817.491112 0.283645749506 14.0766 0.063
53817.498103 0.285361012425 14.1006 0.063
53817.50505 0.287065479813 14.0984 0.063
53764.598956 0.306395862368 14.1214 0.062
53764.608843 0.308821667616 14.1246 0.062
54889.51973 0.309098180463 14.115 0.064
54889.528287 0.311197666203 14.1733 0.064
53764.618787 0.311261457986 14.1329 0.062
54889.536757 0.313275806231 14.1606 0.064
53764.62866 0.313683828293 14.1871 0.063
54465.665773 0.315252370111 14.176 0.063
54889.5452 0.315347321727 14.1847 0.064
54465.677032 0.318014799694 14.2374 0.063
54836.675687 0.343652962884 14.1696 0.06
54836.685379 0.346030924295 14.1252 0.06
54836.695131 0.348423606886 14.0875 0.06
54836.704923 0.350826103598 14.0987 0.06
54600.384915 0.368999892046 14.0832 0.058
54600.392855 0.370947994975 14.0702 0.058
54600.400753 0.37288579308 14.0653 0.058
54600.408668 0.374827762184 14.0987 0.058
53744.501507 0.375426178186 14.0907 0.067
55101.736785 0.37719222918 14.0916 0.061
53744.510213 0.377562221525 14.0959 0.067
55301.455192 0.378705321217 14.0988 0.062
53744.518955 0.379707097572 14.1241 0.067
55101.749935 0.380418621313 14.1041 0.066
53744.527639 0.381837743145 14.1321 0.067
55101.762962 0.383614835025 14.0928 0.061
55101.775884 0.386785286672 14.0768 0.061
54869.536913 0.406253802973 14.0903 0.069
54869.547709 0.40890263411 14.096 0.069
54869.558557 0.411564223605 14.0784 0.069
54869.569373 0.414217961804 14.0906 0.069
54119.654359 0.420309095728 14.0976 0.066
54119.663099 0.422453481069 14.0917 0.067
54119.671827 0.424594922174 14.1039 0.067
55619.554505 0.42533049051 14.0742 0.059
54119.680573 0.426740779634 14.1049 0.067
54808.618324 0.459694388287 14.0947 0.065
54808.626779 0.461768848019 14.0962 0.065
54808.635255 0.463848460165 14.0782 0.064
54808.644302 0.466068168882 14.0913 0.064
54527.498865 0.486187852082 14.0676 0.061
54857.643487 0.488165888081 14.1043 0.058
54527.508698 0.488600408267 14.0452 0.061
54857.648161 0.489312668067 14.107 0.058
54857.652794 0.490449388581 14.1062 0.058
54527.518502 0.491005849216 14.0597 0.061
54857.657448 0.491591261507 14.0918 0.058
54527.528322 0.493415215813 14.0693 0.061
56019.459155 0.543141647202 14.1072 0.058
56019.472078 0.546312344201 14.0798 0.058
56019.484697 0.549408453884 14.0921 0.058
56019.49734 0.552510452039 14.1068 0.058
55542.641034 0.554378569887 14.0696 0.065
54511.492566 0.558994150785 14.0805 0.062
54511.501253 0.561125532417 14.062 0.062
55542.669868 0.56145307869 14.081 0.065
54511.509912 0.563250044164 14.0703 0.062
54511.518577 0.56537602803 14.0973 0.062
54735.755024 0.582464129389 14.0898 0.063
54735.763729 0.584599927376 14.099 0.063
54735.77258 0.586771546902 14.0984 0.063
54735.781436 0.588944393193 14.086 0.063
56056.390538 0.604367774354 14.0705 0.06
56056.395929 0.605690472452 14.099 0.06
56056.401304 0.607009244902 14.1055 0.061
56056.40661 0.608311087994 14.0942 0.061
56374.509261 0.655755245648 14.0914 0.06
56374.518792 0.658093705224 14.0927 0.061
56374.528334 0.660434863683 14.0958 0.062
54446.697077 0.661225636446 14.0771 0.063
56374.538 0.662806445915 14.147 0.067
54446.706668 0.663578817202 14.0482 0.063
54446.716134 0.665901328833 14.0582 0.063
54446.72544 0.66818458398 14.1033 0.064
54589.400929 0.67404582213 14.079 0.063
54589.40741 0.675635955013 14.0984 0.063
54589.41388 0.677223389013 14.1063 0.063
54589.420327 0.678805179893 14.1043 0.063
55188.669147 0.706309252754 14.093 0.064
55188.678197 0.70852969753 14.0808 0.064
56411.413427 0.71030359982 14.0893 0.062
55188.687131 0.710721681355 14.1001 0.064
56264.690395 0.711365487664 14.0677 0.057
56411.422143 0.71244209669 14.0861 0.062
55188.69605 0.712909984886 14.1146 0.064
56264.700947 0.713954452666 14.0896 0.057
54055.639201 0.713997144091 14.1042 0.066
56411.431022 0.714620586099 14.1099 0.062
54055.646166 0.715706027833 14.0897 0.066
56264.711954 0.716655053291 14.0919 0.058
56411.439888 0.716795885921 14.1119 0.063
54055.653247 0.717443372525 14.1056 0.066
54055.660379 0.71919323022 14.067 0.065
56264.722618 0.719271497832 14.0515 0.058
53729.642846 0.729808919074 14.1157 0.066
53729.651825 0.732011943785 14.1083 0.066
53876.380383 0.732305876697 14.1206 0.064
53876.387522 0.734057451862 14.1078 0.064
53729.660801 0.734214232438 14.1029 0.066
53876.394659 0.735808536322 14.1098 0.064
53729.66979 0.73641971068 14.1211 0.066
53876.401808 0.73756256502 14.1144 0.064
54202.483319 0.74264407129 14.0728 0.063
54202.490588 0.744427542349 14.0593 0.063
54202.497848 0.746208805229 14.0777 0.063
54202.505111 0.747990804169 14.0737 0.063
55649.507372 0.774356684398 14.0586 0.061
55270.476569 0.778006801186 14.098 0.061
55649.525079 0.778701150215 14.1049 0.061
54944.432642 0.78214664259 14.1266 0.06
54944.440695 0.78412247041 14.1179 0.06
54944.448771 0.786103941352 14.1114 0.06
54944.456837 0.788082958761 14.0958 0.06
54365.705546 0.78970940389 14.0779 0.066
54365.71618 0.792318487842 14.0891 0.066
54365.726874 0.794942292972 14.0839 0.066
54365.737559 0.797563889926 14.0708 0.066
55592.586574 0.80866734057 14.0931 0.059
54186.472143 0.814253783344 14.1285 0.067
55918.67576 0.815631931223 14.2303 0.062
54186.4809 0.816402339687 14.143 0.067
53713.693976 0.816705596013 14.1845 0.063
55592.622775 0.817549365028 14.248 0.06
55918.684709 0.817827595345 14.264 0.062
54186.489627 0.81854353544 14.2142 0.068
53713.701678 0.818595304925 14.2341 0.063
53713.709372 0.820483051014 14.2458 0.063
54186.498326 0.820677861308 14.2207 0.068
55963.589334 0.835312677881 14.2533 0.059
55963.602186 0.838465954815 14.2454 0.059
53978.776742 0.855561171414 14.085 0.066
53978.783818 0.857297289341 14.094 0.066
53978.790991 0.85905720651 14.0557 0.065
53978.798107 0.860803138557 14.0799 0.066
54928.46323 0.864003277917 14.0889 0.058
54928.469706 0.865592184036 14.1149 0.059
54928.476269 0.867202435865 14.0873 0.058
54928.48276 0.868795022278 14.1212 0.059
55678.427359 0.869962657272 14.1057 0.059
53848.417072 0.871423243763 14.0973 0.06
53848.429222 0.874404282882 14.113 0.06
55678.448498 0.875149174633 14.108 0.06
53848.441339 0.877377225352 14.1098 0.06
53848.453532 0.880368814651 14.1187 0.06
54769.721967 0.916355967967 14.0956 0.065
55144.692607 0.916532622137 14.0901 0.063
55144.700146 0.91838233851 14.0712 0.062
54769.731211 0.918624011228 14.1094 0.065
55144.707712 0.920238679413 14.0579 0.062
54769.7404 0.920878560073 14.0737 0.064
55144.715305 0.922101644847 14.0828 0.062
54769.749663 0.923151265041 14.1048 0.065
54382.707583 0.96121042456 14.0664 0.066
54382.7146 0.962932066658 14.0887 0.066
54382.721599 0.964649292402 14.0661 0.066
54382.728575 0.966360875028 14.0806 0.066
55560.652035 0.973431948888 14.077 0.061
55560.678732 0.979982138301 14.0832 0.061
