54212.3805931 0.000669897919966 14.59756 0.0740717385663
55518.6090034 0.0047692750964 14.841702 0.0676775298127
54866.4826735 0.0110100642186 14.727583 0.065877068399
55591.5635134 0.0167061657756 14.802635 0.0642772130466
55475.7292883 0.0209054285415 14.820853 0.0644111962688
54062.5391237 0.0209355679383 14.84866 0.0690582188011
53634.6896391 0.0274409879362 14.731739 0.0700787937519
53993.7791997 0.0284740775346 14.803574 0.0741195088222
54808.5711494 0.0357846817834 14.757405 0.0728407005949
54866.4891815 0.0374162246747 14.756264 0.0662392493834
54062.5470427 0.053066540754 14.855156 0.0691854937148
55821.7660736 0.0604791283007 14.863985 0.0610999596618
53993.7871308 0.0606545488738 14.824105 0.074445832406
54866.4956306 0.0635833022379 14.761894 0.0662432231581
55553.6237627 0.0766813936002 14.813724 0.0642082609334
53634.7028078 0.0808731065823 14.764079 0.070454716919
53653.6805482 0.0827980451102 14.895238 0.0836374055277
53993.7951276 0.0931016189427 14.793139 0.0738770634146
56241.4971556 0.113664763599 14.623163 0.0608414266225
54448.5156727 0.115560182288 14.595776 0.0717445622535
53653.6896061 0.119550185031 14.750241 0.080446427066
53634.7159702 0.1342792557 14.580094 0.0679408867288
55153.637084 0.13614477802 14.477063 0.0686863285454
54017.7132323 0.140487783334 14.533885 0.0704055744844
55518.6426451 0.141269975015 14.421519 0.0631990708684
54118.5156844 0.145072891937 14.54693 0.0742224596731
54448.524266 0.150427234684 14.432702 0.0694608550147
53653.6986389 0.156200465 14.569836 0.0769306523161
54017.7202574 0.16899176656 14.411674 0.068799251826
56241.5122393 0.174866639781 14.42809 0.0597770321584
55153.6469993 0.176376025547 14.362222 0.0669848944421
54118.5244406 0.18060121117 14.72484 0.198724966204
54448.5332934 0.187055910971 14.361097 0.0684123224427
53634.7291044 0.187570911503 14.351378 0.0653598152487
53653.7076576 0.192793873625 14.43993 0.0747192313858
54017.7271809 0.197083896659 14.358413 0.0681089388615
56271.5866032 0.201191162395 14.376255 0.0592827697367
55153.6569598 0.216790891766 14.301332 0.0663784434564
54448.5422689 0.223473685186 14.291966 0.067613371867
54017.7342451 0.225746609173 14.328889 0.0677638845414
55123.5929246 0.232374804235 14.309136 0.064832884071
54928.3988654 0.235120953281 14.294049 0.0625028386378
56241.5270897 0.235122146595 14.348466 0.0588121349721
56271.5950849 0.235605551052 14.319491 0.0601029496472
54119.5288719 0.256067605438 14.31144 0.0687185683583
55153.6669841 0.257464093685 14.240137 0.0667696532084
55123.6008705 0.264615198557 14.250633 0.0642607134036
56271.6035844 0.270092213291 14.312828 0.0598604614455
54465.560335 0.274046741049 14.241232 0.0623738865917
54509.4300455 0.274803405044 14.257999 0.0634170516581
56241.5419828 0.295550469875 14.334362 0.058718183919
55123.6088301 0.296911005536 14.239781 0.0641345999374
53757.4928488 0.299802696619 14.241329 0.063440257937
54119.5406513 0.303862306763 14.250899 0.0680318924711
56271.6121684 0.304921694978 14.426859 0.090993359444
54509.4409525 0.319058466355 14.262025 0.0634531387949
54465.5729542 0.325249120346 14.242725 0.062470181107
55123.6168038 0.329264152521 14.276081 0.0644088110907
55274.4512364 0.337933255595 14.267971 0.0675285938053
53757.5038302 0.34435972257 14.219379 0.0632204270353
54119.5524976 0.351928492489 14.259059 0.0682268896087
54387.6996114 0.355214277497 14.27735 0.0676972361977
54509.4518456 0.36325722111 14.286621 0.0637930510219
54465.5855962 0.37654354456 14.292977 0.0629396032648
54913.4005049 0.379475857963 14.317759 0.0616536772361
53757.5147561 0.388691424107 14.25212 0.063569683333
54387.7104536 0.399206353229 14.329975 0.0683471300941
54447.5998185 0.399493964906 14.341614 0.068396227977
54119.5643131 0.399869714534 14.310631 0.0689959655536
53735.5829047 0.400501002617 14.308471 0.0691676874349
55104.657784 0.403297850367 14.334695 0.0671544151095
54913.4069393 0.405583342009 14.358052 0.0620748141655
54754.6883916 0.407223844241 14.2824 0.0617198455249
54509.4627839 0.407639079278 14.345147 0.064436502012
54000.7737156 0.408627705331 14.308569 0.0699228929505
54465.5982203 0.427765649342 14.387013 0.0638290337015
54913.413369 0.431671994026 14.390593 0.0623972338408
53757.5256997 0.433094743956 14.329084 0.0642893598349
54447.6088126 0.435987393398 14.408413 0.0694714050474
53735.5920328 0.43753824628 14.338597 0.0696387163038
54387.721323 0.443308742272 14.437951 0.0696978507468
55104.6679598 0.444586249591 14.473415 0.0688348429496
54754.6998959 0.453902689735 14.439464 0.0627951992225
54913.4198128 0.457817468321 14.500409 0.0634594164149
55866.7226409 0.471142667723 14.662252 0.0704304356263
54447.617778 0.472364309146 14.777025 0.122398483598
53735.6011255 0.474431786371 14.460733 0.0713968955615
53974.666379 0.478462834247 14.511689 0.0700856470378
54837.5160414 0.479292119163 14.578698 0.0634775361959
55104.6782913 0.486505815214 14.69587 0.0716153922719
54387.7321954 0.487423387768 14.645838 0.0725959747889
55866.7270166 0.488897177215 14.760481 0.0717825503387
54895.4381265 0.49736855084 14.605739 0.0647018033288
54754.7113823 0.500508275254 14.696622 0.0654877772838
54837.5224833 0.505430080999 14.73413 0.0649605704447
55866.731433 0.50681656837 14.84414 0.0733433643131
54447.6267215 0.508652514852 14.767215 0.0752201339074
53735.6102771 0.511564361883 14.640855 0.074240585311
54049.5981924 0.513281946241 14.720799 0.074474413718
53713.4310407 0.519612508426 14.646087 0.06752140509
54086.5694299 0.523577631907 14.765533 0.0752173822776
53974.6776232 0.52408593554 14.756797 0.0735765335303
55866.7357784 0.524448037013 14.866462 0.073913832709
54418.5488759 0.525687739516 14.80417 0.0704117841453
55104.6885965 0.528319244668 14.81894 0.0734655336358
54837.5289376 0.531618339045 14.802382 0.0657157595449
54895.4467048 0.532175023356 14.786136 0.0667257827272
53713.4364621 0.541609862151 14.737563 0.0686033103975
54754.7228538 0.547053797825 14.768907 0.0664104607871
54049.6082174 0.553957920227 14.838886 0.0764122977639
54837.5353915 0.557805140441 14.787625 0.0656081414613
54086.5780754 0.558656527302 14.794036 0.0757263391617
53713.4418803 0.563594018051 14.770527 0.0690275838796
54418.5582383 0.563675533792 14.825866 0.0752929997444
54895.4552834 0.566982479785 14.791517 0.0668666034812
53974.6888771 0.569748484145 14.809274 0.0743103009191
54721.7057712 0.580688144045 14.727142 0.0650633154942
54186.4000483 0.584961109008 14.779671 0.0760228381266
53713.4472935 0.585558122304 14.767613 0.0689464787553
54086.5867432 0.593826012973 14.766144 0.0752479044695
54049.6182422 0.59463342357 14.699111 0.0740323169068
54531.4436811 0.594831790432 14.722907 0.0682701386984
54418.5676215 0.60174739024 14.762548 0.339152659951
54895.4638676 0.60181290243 14.687788 0.0658076081068
54355.7232504 0.611562281203 14.591603 0.0714355156298
53974.7001469 0.615475839308 14.616306 0.0713577180119
54186.4087829 0.620401562974 14.620999 0.0734771698413
54531.4502209 0.621367094221 14.586842 0.0666662638814
54086.5954386 0.629107782288 14.554385 0.0719671562786
54721.7188428 0.633725830378 14.440676 0.062303171799
54418.5769929 0.639771815095 14.480036 0.0648812817081
54355.7310134 0.643060680124 14.465243 0.0696773803795
54531.4568111 0.648106681491 14.462113 0.0653783428656
53687.585164 0.650317719879 14.43271 0.0697470838476
54186.4174683 0.655642475799 14.399995 0.0702600295727
54049.6337884 0.657711887245 14.440659 0.0700421273985
54355.7387609 0.674495681222 14.374649 0.0684771256615
54531.4633588 0.674673871007 14.367011 0.0644882413594
54418.5864684 0.678218470509 14.353911 0.0635390956943
53687.5938691 0.685638515314 14.301577 0.0681159099001
54721.7320115 0.687157575333 14.27205 0.0609336343186
54186.426194 0.691046815706 14.362145 0.0698101153227
54068.6205281 0.696151668859 14.405895 0.0651597118126
54355.7466357 0.706447728238 14.304894 0.0676733533833
53679.7135123 0.711197364283 14.346727 0.0666981200026
53687.6025854 0.721004862522 14.22983 0.0673090982249
54721.7451436 0.740440872308 14.215953 0.060506818485
54068.6315364 0.740817645616 14.310909 0.0643454908221
53679.7228145 0.748940957893 14.287525 0.0660318177169
53687.6112873 0.75631250964 14.220418 0.0671585749305
54068.6425999 0.785707627681 14.268846 0.063925875632
53679.7321366 0.786765325562 14.251665 0.0656345034619
53679.7414261 0.82445726211 14.251296 0.0656576618502
54068.6536463 0.830528154904 14.249046 0.0638039656861
55188.5598565 0.834821679162 14.286247 0.0613129532239
55188.5657807 0.858858999516 14.313778 0.0616096698737
55821.7207496 0.876577779598 14.344531 0.0578663270477
55188.571742 0.883047066855 14.332155 0.0616600972037
55475.6972024 0.890717171702 14.334786 0.0605235906721
55188.5776999 0.907221044978 14.397935 0.0621778180348
54808.54418 0.926356573133 14.311003 0.06682546446
55591.5422486 0.930424841988 14.425303 0.060882715912
54212.3649941 0.937377289851 14.305503 0.069630082843
55821.7357952 0.9376251057 14.497503 0.0586057683224
55553.5940978 0.956316198302 14.536042 0.061583748674
54062.5233184 0.956805586771 14.476303 0.0655492851839
54212.3701532 0.958310302775 14.380277 0.0706772289574
54808.5531719 0.962841079634 14.486413 0.0690665031978
53993.7632862 0.963905521842 14.455897 0.0690703720962
54212.3753523 0.979405334399 14.452307 0.071690473916
54866.4762006 0.984746198954 14.574797 0.0643119469671
54062.531226 0.988890537143 14.667159 0.0669289568056
53993.7712231 0.996109283963 14.630018 0.0714754622022
55821.750931 0.999038263725 14.832888 0.0609048906044
54808.5621785 0.999385225499 14.690997 0.0718305176692
