53890.724436 0.000380206860728 16.0035 0.087
55736.815618 0.0045233435777 15.96 0.08
55111.557957 0.00994408720854 15.9659 0.101
54063.498525 0.0143276488677 15.9935 0.094
54416.551014 0.0215655577138 16.0269 0.092
53986.595761 0.0219765166177 15.9632 0.102
54600.769456 0.0297903270871 15.9607 0.081
55416.684575 0.0337573385422 15.9577 0.087
55111.567199 0.0357813810304 16.0101 0.103
54029.524781 0.0360106234201 15.9759 0.09
55736.827011 0.0363740564675 15.953 0.08
54063.507364 0.0390383002365 15.9897 0.094
53986.604362 0.0460218059701 16.0119 0.103
54063.516212 0.0637741123834 15.9452 0.093
54029.53579 0.0667878110121 16.0141 0.095
54600.782725 0.0668856583577 15.9589 0.081
53986.612979 0.0701118255382 16.0233 0.104
54966.712627 0.0747190382948 15.9433 0.099
55445.673389 0.0760106234287 15.969 0.082
53889.682115 0.0864271736107 16.015 0.087
55806.5967 0.0872239306656 16.0412 0.079
54063.525022 0.0884036902402 15.993 0.094
53961.582287 0.0933379927166 15.9848 0.09
55087.622519 0.0951048364385 15.9659 0.086
54361.491742 0.095728263896 16.0202 0.091
54966.720346 0.0962985742218 15.933 0.099
55020.735299 0.102597148441 16.016 0.088
53914.729219 0.109083030467 15.9255 0.099
54966.728073 0.117900475246 15.9125 0.098
54361.500041 0.118929270329 15.9497 0.089
53889.695365 0.123469387746 15.9739 0.086
55445.690849 0.124822476925 16.0176 0.082
54299.620198 0.125239027101 15.99 0.091
55806.610901 0.126924797308 15.9934 0.079
55087.635297 0.13082750908 15.9641 0.086
53961.596595 0.133337992731 15.9179 0.088
53914.738038 0.133737769081 16.0232 0.102
54014.537426 0.136779424098 16.0899 0.107
55020.748338 0.139049482792 15.9977 0.087
54966.735786 0.139463237335 15.93 0.098
54361.508426 0.142370701699 15.9735 0.09
54299.62916 0.150293542058 16.0481 0.092
55416.726597 0.151235672346 16.0027 0.087
54014.545196 0.158501537591 15.9853 0.103
53914.746902 0.158518311424 15.9642 0.1
53979.491062 0.159804305279 15.9923 0.104
53889.708491 0.160164942675 16.0382 0.088
54361.516733 0.165594073229 15.9973 0.09
55087.648104 0.166631255234 15.936 0.085
55806.625174 0.166826949952 16.0107 0.078
53961.610919 0.173382722941 16.0115 0.09
54299.638115 0.175328487556 15.9968 0.107
55020.761321 0.175345261379 16.0255 0.088
54014.553019 0.180371819951 15.9682 0.102
53914.755993 0.183933463786 15.9701 0.101
53979.500655 0.186622868328 15.992 0.105
53889.721612 0.196846519425 15.9834 0.086
54299.647135 0.200545149557 15.9986 0.093
54014.560833 0.202216941572 15.9574 0.102
55087.660913 0.202440592667 15.8628 0.083
56167.558361 0.205649986022 15.9564 0.076
55806.639496 0.206866088903 16.0076 0.078
55020.774318 0.211680178923 16.0755 0.089
53979.510147 0.213159071843 15.9358 0.101
53961.625478 0.214084428289 15.9673 0.089
54738.552076 0.220229242374 15.9434 0.076
56077.781396 0.221682974548 16.0858 0.091
54738.557445 0.235239027106 15.9125 0.075
56167.569336 0.236332121883 15.9272 0.075
54661.653058 0.238350573108 15.9202 0.082
53979.519744 0.23998881743 15.8974 0.1
54738.562821 0.250268381316 15.8634 0.075
56077.792109 0.251632653058 16.0562 0.091
54325.778426 0.254196253828 16.0217 0.092
54661.661271 0.261311154583 15.9766 0.083
54247.80287 0.262706178353 16.0452 0.112
54738.56825 0.265445904372 15.8671 0.075
56167.57995 0.26600503214 15.948 0.076
54325.786104 0.275661168566 15.9624 0.091
54815.477567 0.276116857699 15.8963 0.097
56077.80271 0.281269220019 16.0344 0.09
54661.669509 0.284341627052 15.7707 0.079
54815.48262 0.290243220575 15.9223 0.097
54247.812797 0.290458484752 15.9636 0.109
56167.590603 0.295786972307 15.9081 0.075
54325.793979 0.297676824152 15.9337 0.091
54815.487679 0.304386357269 15.8759 0.097
54661.677754 0.307391668979 15.8477 0.08
53646.525849 0.309334637951 16.0148 0.122
56077.81356 0.311601901033 16.0934 0.091
54815.492737 0.318526698344 15.8062 0.094
54247.822997 0.31897400056 15.8976 0.107
54348.694418 0.319032708964 15.9864 0.091
54325.801719 0.319315068493 15.8968 0.091
53733.451121 0.32099804304 15.9828 0.108
53646.531941 0.326365669551 16.0163 0.122
53733.453324 0.327156835335 15.9459 0.107
53733.455523 0.33330444505 15.9436 0.107
53733.457737 0.339493989361 15.9997 0.109
53646.538012 0.343337992716 16.0035 0.122
56145.788566 0.345166340509 15.9127 0.081
54247.833193 0.347478333788 15.9766 0.109
54348.707504 0.355616438343 15.9391 0.09
53646.544141 0.360472462946 15.9582 0.119
56145.797464 0.370041934582 15.807 0.078
54348.720606 0.392244897959 15.9001 0.09
56145.806462 0.395197092529 15.768 0.078
54365.534943 0.399057869712 15.8275 0.079
54462.474777 0.407819401734 15.8965 0.104
53580.746157 0.41307520268 15.8831 0.093
54462.478775 0.418996365671 15.8595 0.103
54008.557655 0.419499580638 15.7649 0.095
54365.542275 0.419555493422 15.8897 0.08
56145.815412 0.420218059829 15.6419 0.076
53634.404438 0.422247693584 15.9399 0.104
54348.733719 0.428904109591 15.9151 0.091
54462.482783 0.430201285985 15.8243 0.102
54008.564673 0.439119373771 15.8405 0.098
54365.549585 0.439991613078 15.8306 0.079
54462.486786 0.44139222812 15.8431 0.103
53580.757362 0.44440033546 15.8483 0.092
53634.41525 0.452474140329 15.9057 0.107
54008.571625 0.458554654722 15.8155 0.097
54365.556934 0.460536762643 15.9309 0.081
53944.547154 0.469259155709 15.6734 0.083
54385.593327 0.475054514956 15.7629 0.098
53580.768626 0.475890410944 15.7839 0.091
54008.578596 0.478043052828 15.7694 0.096
53634.426049 0.482664243776 15.9515 0.138
54385.603133 0.502468549047 15.7926 0.098
53580.779902 0.507414034105 15.7879 0.091
53944.560828 0.507486720712 15.6703 0.083
53634.436899 0.512996924791 15.8607 0.115
54385.610972 0.524383561642 15.7384 0.097
53615.48307 0.524937098125 15.6766 0.089
53717.433751 0.542216941555 15.6683 0.095
53944.574512 0.545742242093 15.7142 0.084
54385.618849 0.546404808487 15.7462 0.097
55733.79097 0.548700027954 15.7183 0.083
53615.496217 0.561691361468 15.7264 0.09
56267.485321 0.565336874468 15.7006 0.078
53717.442906 0.5678110148 15.6262 0.094
55733.80099 0.576712328769 15.6873 0.083
54031.508336 0.581313950227 15.7169 0.095
53944.588358 0.58445065697 15.7214 0.086
55171.500779 0.588423259712 15.7925 0.081
56267.494827 0.59191221694 15.7385 0.088
53717.45199 0.593206597704 15.7792 0.098
53615.509374 0.598473581209 15.7169 0.09
53694.561282 0.599055074084 15.7746 0.089
54031.515199 0.600500419342 15.6491 0.093
55733.811117 0.605023762915 15.6626 0.157
55171.509315 0.612286832542 15.7503 0.08
53694.567861 0.617447581774 15.7399 0.088
53717.460953 0.6182639083 15.6393 0.094
56267.504545 0.619080234835 15.7604 0.079
54031.522095 0.619779144528 15.6821 0.094
53554.710132 0.62575342465 15.8177 0.1
55733.821166 0.633117137262 15.6287 0.097
53615.522549 0.635306122445 15.7248 0.09
53694.574431 0.635814928706 15.7578 0.088
55171.517828 0.636086105657 15.8399 0.082
54031.529006 0.639099804289 15.6737 0.094
53554.717241 0.6456276209 15.8284 0.1
56267.514344 0.646474699469 15.7332 0.08
53694.580992 0.654157114901 15.7265 0.088
55171.526394 0.660033547659 15.821 0.082
53968.581513 0.660645792549 15.7275 0.095
53993.621202 0.662571987697 15.7095 0.094
53993.629816 0.686653620346 15.8039 0.097
53968.591025 0.687237908859 15.7718 0.096
56223.532148 0.688140900183 15.7576 0.067
54030.473802 0.689130556326 15.6699 0.082
53872.728119 0.689178082183 15.8428 0.094
55060.652905 0.697805423539 15.7345 0.079
55503.487039 0.702093933455 15.8214 0.085
54049.438192 0.706715124402 15.7729 0.099
53993.638503 0.710939334636 15.7832 0.096
53968.600573 0.713930668159 15.7624 0.096
55060.659283 0.715636007822 15.7601 0.079
54030.484829 0.719958065413 15.6843 0.083
53872.739433 0.720807939614 15.8654 0.094
56223.547159 0.730106234271 15.7232 0.067
55060.665661 0.733466592106 15.7988 0.08
53993.647107 0.734993010887 15.7888 0.097
53968.610127 0.740640201278 15.7779 0.096
54030.495773 0.750553536482 15.767 0.085
55060.672079 0.751409001959 15.7812 0.079
53872.750826 0.752658652503 15.8176 0.093
55060.678504 0.76937098127 15.8096 0.08
56223.562257 0.772314788915 15.7655 0.067
54049.462325 0.774182275644 15.8342 0.148
54030.506737 0.781204920326 15.7973 0.085
55488.492377 0.782435001396 15.7609 0.083
54691.537205 0.7836315348 15.8423 0.081
53872.762138 0.784282918634 15.9124 0.095
55503.518719 0.790659770749 15.8032 0.091
54691.545944 0.808062622295 15.8837 0.082
56223.577411 0.814679899345 15.779 0.067
54769.5273 0.815767402848 15.8283 0.098
54049.478653 0.819829466021 15.8573 0.102
54716.593038 0.830690522774 15.8174 0.08
54691.554819 0.832873916675 15.8357 0.08
54769.534937 0.837117696377 15.7565 0.105
54049.489058 0.848918087773 15.8859 0.103
54691.563543 0.857263069594 15.8461 0.081
54769.54257 0.858456807367 15.774 0.116
54716.602971 0.858459603012 15.8763 0.081
55488.520665 0.861518031852 15.8543 0.086
53935.747636 0.868985183107 15.9198 0.092
54078.473002 0.877556611675 15.9304 0.1
54769.550255 0.879941291583 16.0778 0.124
54716.612875 0.886147609718 15.9146 0.082
53890.684061 0.88750629018 15.8827 0.085
53935.755842 0.891926195124 15.8945 0.092
54078.483877 0.907959183662 15.958 0.1
54416.511533 0.911190942115 15.9598 0.089
54716.622811 0.913925076875 15.9192 0.082
53935.764013 0.914769359791 15.9254 0.161
53890.697507 0.925096449523 15.9617 0.086
53935.77219 0.937629298296 15.7466 0.168
54078.494752 0.93836175565 15.9682 0.103
54416.524691 0.947975957495 16.0221 0.091
54600.743059 0.955993849588 15.9063 0.081
55111.539501 0.958347777457 15.9641 0.101
53935.780391 0.960556332115 15.9364 0.118
53890.710976 0.962750908581 15.9218 0.085
54078.505636 0.968789488395 15.9083 0.103
55736.804328 0.97296058148 15.9149 0.079
55111.548723 0.984129158505 15.8938 0.099
54416.537841 0.984738607757 15.9434 0.089
54600.756282 0.992960581491 15.9469 0.082
53986.587184 0.997998322619 15.8019 0.096
