55188.730004 0.003144888016 13.7972 0.062
55331.435062 0.033906304908 13.7181 0.063
55542.732053 0.0393611208742 13.8101 0.067
55596.556804 0.0739510413287 13.8278 0.062
54131.548897 0.0829996485752 13.8916 0.069
54131.558105 0.0948096521868 13.7962 0.068
54131.567261 0.106552961604 13.8329 0.068
55596.586997 0.112676002144 13.6526 0.062
54131.576424 0.11830524909 13.7998 0.068
56393.475056 0.185966514387 13.7966 0.06
56393.487165 0.201497284776 13.8313 0.06
56393.499279 0.217034468081 13.7892 0.06
56393.511221 0.232351047486 13.8603 0.06
55275.504356 0.298259024878 13.9294 0.069
54889.577874 0.316379325829 13.899 0.066
54596.422502 0.320940183002 13.9289 0.065
54889.586041 0.326854162877 13.9148 0.067
54596.431776 0.332834836944 13.9629 0.066
54889.594208 0.337328999925 13.9361 0.067
54596.441052 0.344732056058 13.9668 0.066
54596.450357 0.356666470008 14.0 0.066
54464.71299 0.392854486084 14.0203 0.076
54464.724616 0.407765769973 14.0509 0.076
54464.736189 0.422609077086 14.054 0.076
54464.747824 0.437531904196 14.0322 0.075
54475.676958 0.45502887089 13.9501 0.07
54954.408334 0.466679834497 14.0083 0.067
54475.686703 0.467527620377 13.9379 0.07
54954.417185 0.478031956782 13.9628 0.067
54475.696507 0.480102042127 13.9088 0.07
54954.426043 0.489393057135 13.9412 0.067
54475.706257 0.492607204512 13.9515 0.07
54954.434897 0.500749027163 13.9165 0.067
55662.446393 0.582670025318 13.8395 0.067
55662.470598 0.61371489256 13.7454 0.065
54858.640536 0.636744912644 13.7393 0.064
54858.648301 0.64670415223 13.7494 0.064
54858.656067 0.656664674397 13.7502 0.064
54858.663818 0.666605957847 13.7837 0.064
54533.567765 0.704663976669 13.8122 0.067
54533.576261 0.715560782789 13.8231 0.068
54533.58486 0.726589694725 13.8261 0.068
54533.593376 0.737512152451 13.8664 0.068
54055.669045 0.76096157645 13.9943 0.069
54055.676525 0.770555280518 13.9665 0.069
54055.683973 0.780107941997 13.9897 0.069
54055.691519 0.789786296396 13.9926 0.069
55627.532168 0.802356870399 13.882 0.079
56363.565561 0.82462375494 13.951 0.061
56363.577398 0.839805663367 13.9133 0.061
54909.488336 0.853154763894 13.9522 0.068
56363.589329 0.855108134388 13.993 0.062
56299.66097 0.86182500981 14.0335 0.061
54909.49655 0.86368988224 13.9491 0.068
56363.601227 0.870368280239 13.9594 0.062
54909.504753 0.874210892192 13.9706 0.068
56299.674844 0.879619535247 13.9117 0.061
54909.512946 0.884719076342 13.9708 0.068
56299.688656 0.897334540669 14.0361 0.062
56299.702433 0.915004655768 14.0279 0.062
55188.710462 0.978080694856 13.9119 0.062
55188.717057 0.986539314952 13.8652 0.062
55542.69562 0.992632856128 13.8696 0.068
55188.723519 0.994827351805 13.9246 0.063
