54244.604839 0.00589032313871 16.1997 0.084
54244.620965 0.0121671585963 16.1795 0.083
54244.637092 0.0184443832881 16.2406 0.084
54244.653193 0.0247114878208 16.182 0.082
53959.531686 0.0448786339641 16.2987 0.101
55056.550526 0.0451732863528 16.25 0.086
55056.558334 0.0482124486534 16.2586 0.086
53959.544795 0.0499811414674 16.361 0.103
55056.566095 0.0512333168157 16.3536 0.089
55056.57383 0.0542440648159 16.3912 0.09
53959.557875 0.0550723610975 16.3444 0.103
55087.40629 0.0553775228859 16.4282 0.092
55087.416605 0.0593925022815 16.448 0.092
53959.570965 0.0601674730986 16.3699 0.104
55087.426925 0.0634094278625 16.5332 0.095
55087.437247 0.0674271319179 16.6231 0.098
55300.715091 0.0830499363767 16.972 0.131
53936.526074 0.0902438141474 16.873 0.124
54658.45567 0.0919358272778 17.1488 0.119
53936.533166 0.0930042827731 17.0784 0.135
54658.463636 0.0950364890186 17.113 0.129
55421.516496 0.103423378114 17.1206 0.136
53669.400135 0.114951409602 17.1249 0.162
55421.554739 0.118308967745 16.8369 0.121
53669.423209 0.123932663559 17.104 0.164
53805.719382 0.175442727866 16.2137 0.113
53805.724568 0.177461310815 16.1608 0.111
53805.729728 0.179469773606 16.1797 0.112
53805.734915 0.181488745795 16.2833 0.115
53908.510866 0.18568900199 16.1491 0.11
53908.52723 0.192058475847 16.38 0.643
53993.393166 0.225018673643 16.2457 0.117
53993.401433 0.228236495713 16.2422 0.117
53993.409687 0.231449257704 16.2513 0.117
53993.417969 0.23467291833 16.2494 0.117
54928.653635 0.262974338773 16.2008 0.082
54928.665209 0.267479367519 16.1211 0.081
53605.565401 0.268112656077 16.3317 0.113
54928.67677 0.271979336185 16.3064 0.084
53605.576124 0.272286444159 16.1042 0.104
53605.58676 0.276426368623 16.2515 0.109
54928.688303 0.276468406218 16.1043 0.08
53605.597737 0.280699022895 16.2187 0.109
53849.687116 0.289310501729 16.1714 0.091
53849.69865 0.293799960996 16.1896 0.092
53849.71016 0.298280078578 16.2332 0.093
53849.721701 0.302772262505 16.1158 0.09
54643.598241 0.308875109033 16.1809 0.09
56431.718106 0.311242059077 16.1822 0.081
54643.60981 0.313378191596 16.199 0.09
56431.728775 0.315394828363 16.1902 0.081
54643.621382 0.317882441868 16.134 0.088
56431.739487 0.319564334836 16.1559 0.08
56020.680845 0.320342030314 16.2053 0.087
54643.632958 0.32238824909 16.1305 0.088
56431.750129 0.323706594723 16.1589 0.08
56020.694419 0.325625533009 16.245 0.088
56020.705681 0.33000911982 16.2873 0.088
56020.717003 0.334416060849 16.2063 0.085
53947.462239 0.34700359538 16.2155 0.1
53947.472626 0.351046599839 16.1953 0.099
53947.483024 0.355093885903 16.1783 0.098
53947.493462 0.359156741446 16.2361 0.1
54705.438077 0.37922579987 16.1643 0.089
54705.449618 0.383717983797 16.1558 0.089
54705.461088 0.388182531898 16.1699 0.089
54001.528825 0.391717971342 16.3878 0.145
54705.472601 0.392663817191 16.1466 0.089
54001.533922 0.393701912204 16.0993 0.146
54001.539048 0.395697140935 16.0738 0.14
54001.544158 0.397686141876 15.8922 0.155
54014.39501 0.399712898806 16.2546 0.118
54014.403659 0.403079409402 16.2565 0.118
54014.412299 0.406442416865 16.2893 0.12
54014.420931 0.409802310431 16.0243 0.109
55360.675485 0.421852308699 16.2121 0.088
55360.701163 0.431847135739 16.21 0.087
53834.675123 0.446087759702 16.1847 0.092
53567.486095 0.446238783648 16.2771 0.121
53567.493321 0.449051410029 16.2791 0.121
55676.75099 0.450125704079 16.2051 0.089
56064.691062 0.450745758579 16.2715 0.095
53834.68725 0.450808036497 16.1993 0.092
53567.500403 0.451807986284 16.209 0.118
55124.396201 0.453218581083 16.2159 0.11
56064.70065 0.454477762695 16.2616 0.094
53567.507541 0.454586359811 16.2991 0.122
53834.699355 0.455519750076 16.2037 0.092
55124.404112 0.456297834788 16.1944 0.106
56064.710252 0.458215216127 16.276 0.095
55124.412166 0.459432749386 16.1939 0.106
53834.711471 0.460235745265 16.2261 0.093
56064.719926 0.461980694622 16.2815 0.096
55124.420106 0.462523290965 16.2013 0.107
54736.484625 0.463690223415 16.2193 0.105
55676.794052 0.46688702669 16.3364 0.093
54736.493377 0.46709682542 16.2034 0.105
54736.502242 0.470547411203 16.2103 0.105
54736.510951 0.473937276015 16.1947 0.105
54944.627093 0.480434808839 16.1391 0.084
54944.640124 0.485506955857 16.211 0.085
56131.579873 0.486344204591 16.2622 0.09
56131.590527 0.490491135321 16.2385 0.09
54944.653159 0.490580659825 16.1558 0.084
53865.622978 0.492137218487 16.2089 0.108
56131.601182 0.494638455287 16.3442 0.091
54944.6662 0.495656699214 16.2101 0.085
53865.632999 0.496037762213 16.1964 0.107
56131.611857 0.498793559996 16.279 0.089
53865.643117 0.499976061924 16.32 0.112
53865.653356 0.503961459311 16.1877 0.106
55029.470623 0.504673762974 16.2894 0.178
55029.515224 0.522034121291 16.2216 0.113
54623.596632 0.523509329425 16.1829 0.09
55029.522872 0.525011005674 16.2679 0.115
54623.605908 0.527119891603 16.1721 0.089
55029.530484 0.527973877527 16.2105 0.112
54623.615144 0.530714884305 16.2279 0.09
55029.538159 0.53096127131 16.1991 0.153
54623.624415 0.534323500297 16.2247 0.155
53914.580641 0.548269861107 16.2632 0.115
53914.590338 0.552044292053 16.3352 0.118
53914.599966 0.555791865647 16.3468 0.118
53914.609581 0.559534379158 16.2451 0.114
53611.453855 0.560116677674 16.2268 0.13
53611.462898 0.563636547637 16.3146 0.135
53611.472015 0.567185221137 16.337 0.136
53611.481127 0.570731948452 16.3777 0.139
54600.598462 0.571771211176 16.4475 0.089
54212.665036 0.573738025609 16.4415 0.113
54600.603707 0.573812759109 16.3704 0.087
54600.608976 0.57586364873 16.377 0.087
55805.534845 0.577563835836 16.4795 0.1
54600.614329 0.577947234257 16.4692 0.09
54212.679435 0.57934264881 16.4541 0.114
55805.548341 0.582816978049 16.4708 0.1
54212.69383 0.584945715062 16.477 0.114
55805.561957 0.588116828697 16.551 0.103
54212.708189 0.590534768785 16.5288 0.116
55805.575689 0.593461830836 16.6135 0.106
54297.538941 0.609800052856 16.5392 0.11
54297.546576 0.61277187716 16.5605 0.111
54297.554249 0.615758492468 16.5067 0.108
54297.561929 0.618747832436 16.4663 0.107
54030.426544 0.639778695424 16.4364 0.108
54030.436386 0.643609565731 16.3223 0.104
54030.446247 0.64744783154 16.4262 0.108
54030.456098 0.65128220498 16.2748 0.103
54929.653243 0.652058732744 16.3145 0.125
54929.661137 0.655131369424 16.3024 0.124
54929.668967 0.658179094936 16.1704 0.118
54929.676785 0.661222149607 16.2569 0.121
54680.476856 0.663395648874 16.232 0.092
54680.482371 0.665542290789 16.2338 0.094
54680.487919 0.667701777526 16.2412 0.094
54680.493361 0.669820005144 16.166 0.091
53583.513075 0.684531995084 16.2112 0.13
53583.520558 0.687444655365 16.1842 0.125
55474.400688 0.687906290419 16.282 0.116
54911.764014 0.688909354102 16.2281 0.11
54590.623282 0.689062324234 16.1721 0.091
53583.528099 0.690379891394 16.188 0.169
54978.56598 0.69070451503 16.1875 0.111
54590.63001 0.691681110601 16.1515 0.09
54911.771779 0.691931779213 16.1802 0.108
53583.536256 0.693554897397 16.2598 0.141
54590.636774 0.694313909498 16.1944 0.091
54978.575401 0.694371516571 16.1664 0.11
54911.779482 0.694930071629 16.1619 0.107
55474.423379 0.696738466615 16.2267 0.115
54590.643593 0.69696811643 16.1906 0.091
54911.787217 0.697940819629 16.2488 0.11
54978.584864 0.698054866062 16.277 0.114
54978.594216 0.701695010252 16.145 0.109
55736.632597 0.758261262863 16.2696 0.083
55736.639157 0.760814657416 16.2329 0.082
55736.645737 0.763375836711 16.2693 0.083
55736.652334 0.765943633034 16.2719 0.083
54531.738496 0.768926355973 16.1845 0.104
54354.469418 0.769246698004 16.177 0.115
54354.4773 0.772314663839 16.2016 0.116
54531.749785 0.773320452183 16.1451 0.102
54354.485205 0.775391582125 16.2365 0.118
54531.761047 0.777704038994 16.2458 0.105
54354.493141 0.778480566758 16.1357 0.114
54531.772312 0.782088793516 16.1879 0.103
53645.437089 0.78764787599 16.2892 0.139
53645.445717 0.79100621261 16.2364 0.137
53645.454369 0.794373890916 16.2737 0.139
53645.463044 0.797750521672 16.2756 0.139
56173.487704 0.798421566217 16.1956 0.088
56173.498467 0.802610923777 16.2106 0.089
56173.50923 0.80680028134 16.1771 0.088
55004.565289 0.810596898791 16.2276 0.137
56173.519986 0.81098691424 16.3158 0.092
55004.574956 0.814359652626 16.191 0.137
54174.755296 0.817865510061 16.1637 0.102
55004.585196 0.81834543925 16.1471 0.138
53622.398996 0.820370249995 16.2767 0.134
55004.594912 0.822127265698 16.1743 0.141
54174.769071 0.82322724939 16.2522 0.172
53622.40717 0.823551873025 16.2194 0.131
54616.661836 0.824230313073 16.1299 0.08
56101.618943 0.824442447225 16.2603 0.088
54385.446686 0.826744783932 16.1312 0.115
53622.41556 0.826817571246 16.1731 0.129
54174.78292 0.828617792253 16.1819 0.102
54616.674004 0.828966548584 16.1217 0.08
56101.63186 0.829470221229 16.2292 0.091
53622.424013 0.830107791395 16.1804 0.129
54385.455627 0.830224951724 16.2428 0.12
54616.686165 0.833700059434 16.1513 0.081
54385.464594 0.833715239676 16.217 0.118
54174.796709 0.833984980901 16.3571 0.108
56101.644773 0.834496438285 16.1943 0.09
54385.473478 0.837173220961 16.2229 0.119
54616.698351 0.83844330121 16.1998 0.082
56101.657588 0.839484510119 16.1967 0.087
54344.438327 0.864775182561 16.2162 0.099
55762.600432 0.865902802076 16.2051 0.097
54344.448226 0.868628239374 16.2617 0.1
55762.61108 0.870047397386 16.247 0.098
54344.459678 0.87308578121 16.2392 0.099
55762.621905 0.874260887637 16.2347 0.098
54326.485263 0.876778861629 16.2033 0.115
54344.469514 0.876914316094 16.2403 0.099
55762.632656 0.878445574355 16.2473 0.099
54326.494579 0.880404993285 16.2295 0.116
54326.503839 0.884009327672 16.2399 0.117
54326.513005 0.887577073785 16.1913 0.114
55338.753459 0.888989225529 16.2761 0.093
55338.798484 0.906514620322 16.1585 0.097
56235.435123 0.910647538523 16.1455 0.083
54321.435384 0.911179236228 16.1994 0.098
56235.4414 0.913090779014 16.2006 0.085
54321.44206 0.913777782274 16.241 0.099
56235.447719 0.915550367459 16.2131 0.085
54321.448714 0.916367765104 16.2247 0.098
56235.454063 0.918019686825 16.158 0.084
54321.455366 0.918956969462 16.2239 0.099
54303.496203 0.928586692221 16.2456 0.116
54303.504754 0.931915057592 16.2291 0.116
54303.513287 0.935236416699 16.2257 0.115
54303.521881 0.93858151926 16.1797 0.113
56389.656737 0.939402030802 16.2077 0.103
56389.6649 0.94257937223 16.2373 0.104
56389.673078 0.945762552209 16.198 0.102
56389.68134 0.948978428097 16.21 0.102
54763.429016 0.951443465858 16.1439 0.096
54763.436613 0.954400499155 16.0704 0.094
54763.444208 0.95735675398 16.1467 0.096
54763.451795 0.960309894908 16.1639 0.097
54272.757705 0.964026718783 16.199 0.192
54727.500524 0.966745928289 16.2005 0.107
54272.767654 0.967899237445 16.33 0.18
54727.508452 0.969831799025 16.1806 0.106
54272.777592 0.9717674745 16.3193 0.172
54727.516379 0.972917280524 16.1613 0.107
53892.552926 0.974268711299 16.2347 0.111
54272.787526 0.975634154609 16.2915 0.159
54727.524305 0.976002372786 16.2018 0.108
53892.561592 0.977641838924 16.2436 0.112
53892.570255 0.981013798838 16.1681 0.108
53892.57894 0.984394321965 16.2266 0.111
54244.588716 0.999614655392 16.213 0.084
