53914.578467 0.00101794735599 10.5323 0.051
53914.588141 0.00105724314404 10.5414 0.051
53914.59779 0.00109643738207 10.5198 0.051
53914.607406 0.00113549757412 10.5366 0.051
56148.501479 0.0752132309836 10.1324 0.068
53957.584483 0.175708384519 11.0349 0.051
53957.59245 0.175740746473 11.0217 0.051
53957.600442 0.175773209977 11.0284 0.051
53957.608388 0.175805486629 11.0387 0.051
56175.391469 0.184440370471 10.7244 0.05
56175.40273 0.184486112653 10.7253 0.05
56175.414006 0.184531915765 10.7118 0.05
56175.4253 0.184577791993 10.705 0.05
55439.456277 0.19507161764 10.92 0.051
55439.465948 0.195110901242 10.9174 0.051
55439.475795 0.195150899756 10.9329 0.051
55439.485683 0.195191064812 10.936 0.051
55691.688551 0.219639115631 10.9502 0.051
55691.702236 0.219694704101 10.9705 0.051
55691.729892 0.219807042773 10.963 0.051
54977.649982 0.319214445514 11.8078 0.053
54977.659814 0.319254383098 11.8055 0.053
54977.66969 0.31929449941 11.8096 0.053
54977.679592 0.319334721334 11.8026 0.053
53993.395327 0.321172032989 11.7882 0.053
53993.403593 0.321205609481 11.7871 0.053
53993.411855 0.321239169725 11.7687 0.053
53993.420124 0.321272758404 11.7882 0.053
54736.446089 0.339444231188 11.8937 0.053
54736.454275 0.33947748272 11.888 0.053
54736.462531 0.339511018592 11.8724 0.052
54736.470767 0.339544473224 11.8761 0.053
54245.671151 0.345916431081 11.453 0.052
54245.681059 0.345956677377 11.4746 0.052
54245.690993 0.345997029285 11.4483 0.052
54001.485296 0.3540334871 11.9349 0.054
54001.489601 0.35405097401 11.9239 0.054
54001.49392 0.354068517788 11.9228 0.054
54001.49825 0.354086106248 11.9468 0.054
54012.477643 0.398684400657 12.1779 0.054
54012.484612 0.398712708735 12.1925 0.054
54012.491641 0.398741260533 12.1654 0.054
54012.498653 0.398769743277 12.1724 0.054
54762.397222 0.444857733538 12.3581 0.054
54762.402461 0.444879014356 12.3682 0.054
54762.407711 0.444900339856 12.37 0.054
54762.412983 0.44492175472 12.3617 0.054
55012.474893 0.460673234134 12.5679 0.054
55012.484708 0.460713102664 12.5626 0.054
55012.494523 0.460752971194 12.5692 0.054
55012.504401 0.46079309563 12.5635 0.054
54275.534225 0.467220237787 11.9623 0.052
54275.545396 0.467265614389 11.9909 0.052
54275.556553 0.467310934124 11.982 0.052
54275.56769 0.467356172618 11.9718 0.052
55022.616243 0.501867397874 12.6402 0.054
55022.627659 0.501913769666 12.6379 0.054
55022.639125 0.501960344558 12.6258 0.054
55022.650505 0.502006570118 12.6232 0.054
55772.512763 0.547947065096 12.5598 0.053
55772.525735 0.547999757361 12.5592 0.053
55772.538855 0.548053050801 12.5399 0.053
55772.551924 0.548106137079 12.5526 0.053
54316.454384 0.633437923808 11.6033 0.052
54316.460487 0.633462714194 11.616 0.053
54316.466674 0.633487845788 11.5949 0.052
54316.472824 0.633512827088 11.5913 0.052
55055.443206 0.635210521711 12.1433 0.054
55055.451597 0.635244605953 12.1434 0.054
55055.459998 0.635278730815 12.134 0.054
55055.468395 0.635312839429 12.1272 0.054
55055.476816 0.635347045531 12.1336 0.054
55805.490728 0.681903559058 12.2886 0.053
55805.50008 0.681941546882 12.2857 0.053
55805.509582 0.681980144006 12.2942 0.053
55805.519064 0.68201865989 12.2889 0.053
56064.630253 0.734528310638 10.9509 0.051
56064.639754 0.7345669037 10.9469 0.051
56064.649435 0.734606227922 10.9376 0.051
56064.659072 0.734645373416 10.9482 0.051
54599.564456 0.783431037398 11.068 0.051
54599.568864 0.783448942694 11.0639 0.051
54599.573268 0.783466831742 11.0477 0.051
54599.577679 0.783484749224 11.0668 0.051
55338.740653 0.785964752551 11.1425 0.051
55338.785657 0.7861475588 11.1328 0.051
53865.620784 0.802151838815 11.1481 0.051
53865.63085 0.802192726907 11.135 0.051
53865.640922 0.802233639371 11.1477 0.051
53865.651099 0.802274978345 11.1568 0.051
55104.428056 0.834186982606 10.4045 0.05
55104.437646 0.834225937186 10.4049 0.05
55104.447263 0.83426500144 10.4105 0.05
55104.456867 0.834304012888 10.3972 0.05
53882.599125 0.871117860025 10.498 0.05
53882.608747 0.871156944589 10.4997 0.05
53882.618319 0.871195826053 10.4989 0.05
53882.627949 0.871234943113 10.5108 0.05
54386.426911 0.91766632876 9.6817 0.05
54386.437666 0.91771001557 9.6701 0.05
54643.584459 0.962240289759 10.3208 0.05
54643.588844 0.962258101629 10.3249 0.05
54643.600521 0.962305533603 10.3511 0.05
54643.612095 0.962352547191 10.3275 0.05
54643.623661 0.962399528283 10.3209 0.05
