54616.661181 0.00465233827096 13.4329 0.055
54705.43754 0.00897719747582 13.442 0.056
53611.480695 0.00951469026578 13.4398 0.063
54643.632418 0.0102515181421 13.4779 0.056
53959.558418 0.0112837890652 13.4686 0.057
55706.687021 0.0114866836856 13.4652 0.055
53914.609152 0.0119031516085 13.4304 0.06
54602.616776 0.0128215167949 13.4673 0.055
55805.576273 0.0132095082666 13.4864 0.057
54721.452061 0.0135441064459 13.5069 0.057
54344.438864 0.0143663636302 13.4738 0.058
54174.754753 0.0144553524948 13.4182 0.058
53986.529173 0.0151672634831 13.4033 0.06
53936.526617 0.0283233784444 13.437 0.057
54721.456485 0.029291577378 13.0535 0.055
53947.483568 0.0301921447743 13.426 0.057
55762.599847 0.036261185881 13.4351 0.057
53849.721157 0.03952173819 13.4159 0.056
53986.536112 0.0398670150225 13.375 0.06
54602.624977 0.0420134266275 13.4533 0.055
54721.460825 0.0447400456998 13.4706 0.056
54616.673344 0.0479472046788 13.4393 0.055
54344.448771 0.0496308741546 13.4414 0.057
54705.449079 0.0500509016169 13.4065 0.056
53936.53371 0.0535713014447 13.422 0.057
53959.571503 0.0578605651005 13.3767 0.057
54721.46517 0.0602063118021 13.4596 0.056
53882.597359 0.0641680964075 13.4236 0.059
53986.543058 0.0645916834547 13.4009 0.06
53947.494003 0.0673361002816 13.4089 0.057
54297.538395 0.0695715007793 13.4301 0.057
55762.610493 0.0741562074962 13.4439 0.057
53936.540761 0.0786697231139 13.4217 0.057
56389.657202 0.081350067983 13.4487 0.058
53986.550016 0.0893590665344 13.4478 0.06
54344.460218 0.0903770992364 13.4382 0.057
54705.460549 0.0908789964894 13.4157 0.056
54616.685503 0.0912278328622 13.4396 0.055
55654.73747 0.0942071803223 13.3618 0.055
54297.546036 0.096770059859 13.4114 0.057
53882.606998 0.0984786462289 13.4238 0.059
53936.547825 0.103814419039 13.4166 0.057
54326.485685 0.109039845645 13.4586 0.06
56389.665385 0.110477905831 13.4343 0.058
55762.621308 0.112652793888 13.4291 0.057
54174.782363 0.11273466364 13.3874 0.058
54929.652582 0.114731573961 13.4096 0.061
56235.435817 0.121861362435 13.4122 0.055
54297.553704 0.124064726928 13.4106 0.057
54344.470055 0.12539244091 13.4578 0.057
54321.434844 0.130293948044 13.4613 0.057
54705.472061 0.131856592641 13.4257 0.056
53882.6166 0.1326574925 13.4558 0.059
54616.697695 0.134625926372 13.4188 0.054
56389.673568 0.13960574368 13.4402 0.058
54326.495003 0.142207778341 13.48 0.06
54929.660489 0.142876974657 13.4447 0.061
56235.4421 0.144226045964 13.5235 0.055
55762.632058 0.15091800921 13.4536 0.057
54297.561385 0.151405668227 13.5068 0.058
54321.441518 0.154050417523 13.4857 0.058
54680.476319 0.158140346124 13.4804 0.056
54174.79617 0.161881438338 13.3892 0.058
56235.448429 0.166754468996 13.4433 0.055
53882.62621 0.16686481522 13.483 0.059
56389.681829 0.169011226828 13.4995 0.058
54929.66831 0.170716253631 13.4648 0.061
55654.759746 0.173499825582 13.4391 0.056
53669.399598 0.175030434196 13.4739 0.06
54326.504265 0.175176375946 13.5187 0.061
55474.401162 0.177216000906 13.4729 0.06
54321.448169 0.177725017263 13.5265 0.058
54680.481833 0.177767731904 13.5711 0.057
56235.454762 0.189297130279 13.4596 0.055
54680.48738 0.19751258301 13.5737 0.057
54929.67613 0.198551973049 13.4928 0.061
54321.454825 0.201417414757 13.5459 0.058
53669.407348 0.202616984763 13.511 0.06
54326.51343 0.207799696711 13.5532 0.061
54680.492816 0.216862323517 13.5613 0.059
54978.56556 0.223162735729 13.644 0.061
53669.415012 0.229897413607 13.5638 0.061
54978.574981 0.25669730255 13.7489 0.062
53669.42267 0.257156485141 13.6421 0.061
55474.423854 0.257989420993 13.6441 0.062
55386.493706 0.265799084474 13.6657 0.057
54030.427081 0.272181366436 13.6607 0.059
54303.496633 0.278246848011 13.7916 0.063
54978.584443 0.290377811146 13.8695 0.063
53908.510323 0.302786419582 13.871 0.06
54030.436925 0.307221625003 13.7564 0.059
54303.505174 0.30864900651 13.8481 0.063
55124.395791 0.313877992693 13.8532 0.062
54202.653103 0.32016416665 13.8407 0.061
54978.593797 0.32367388781 13.9134 0.063
55338.754165 0.334281361441 13.7855 0.058
54303.513718 0.339061843702 13.8063 0.063
55124.4037 0.342030512502 13.8712 0.062
54030.446791 0.342340193778 13.7746 0.06
56064.691662 0.348665522842 13.8481 0.059
55360.674776 0.361899948018 13.7563 0.057
54303.522312 0.369652658623 13.7281 0.062
54202.667179 0.370268461607 13.7524 0.061
55124.411755 0.370702727323 13.8323 0.061
55386.524017 0.373692753458 13.6548 0.059
54030.456637 0.377387571457 13.7302 0.059
56064.701247 0.382783856685 13.7484 0.058
55124.419695 0.398965593319 13.7352 0.061
54001.528397 0.405728747672 13.5645 0.068
53805.718961 0.411288772436 13.6446 0.061
54944.626445 0.415019185995 13.6038 0.056
56064.71085 0.416966262538 13.6288 0.057
54202.681229 0.420280208157 13.5847 0.059
54001.533497 0.423882477712 13.6604 0.066
55029.471039 0.424010621687 13.6696 0.075
54213.638877 0.424629984246 13.5395 0.064
53805.724144 0.429737945555 13.5805 0.061
54763.429559 0.434753358416 13.5698 0.058
54911.76443 0.440872233334 13.6416 0.06
54001.538627 0.442142994434 13.66 0.064
56131.580578 0.443435112865 13.5351 0.056
53805.729304 0.44810524891 13.5599 0.061
53993.393587 0.449425843776 13.5214 0.061
56064.720544 0.451472587868 13.5755 0.057
55676.751736 0.455195882289 13.6089 0.057
54001.543735 0.460325200923 13.6106 0.064
54944.639475 0.461400186522 13.5152 0.055
54763.437151 0.461777499323 13.5272 0.058
53583.514437 0.462083621045 13.4603 0.063
54213.649711 0.463194202179 13.4748 0.063
53805.734492 0.46657221981 13.5096 0.06
54911.772207 0.468554891891 13.528 0.06
54202.695241 0.4701566916 13.5009 0.059
53993.401856 0.478859803347 13.4983 0.061
56131.591241 0.481390646908 13.4915 0.056
53834.675666 0.484270326837 13.442 0.056
53583.521927 0.488744687358 13.5789 0.063
54763.444752 0.488833676236 13.4764 0.057
54911.779918 0.496002619821 13.5151 0.059
54213.660561 0.501815372983 13.4712 0.072
53892.554201 0.506093957996 13.4276 0.059
54944.65251 0.507798984803 13.4819 0.055
53993.41011 0.508240369602 13.4378 0.06
54354.411452 0.512340976874 13.4511 0.06
53583.529461 0.515562374063 13.3173 0.066
54763.452333 0.515818662027 13.497 0.058
56131.601898 0.519324823615 13.4172 0.056
54911.787633 0.523464585976 13.4706 0.059
54736.485049 0.524290402726 13.4828 0.059
53834.687792 0.527433489694 13.4073 0.056
54590.681654 0.529099361404 13.4147 0.056
54354.418062 0.535869634838 13.4373 0.06
53892.562873 0.536962418217 13.3949 0.059
53993.418392 0.537720603403 13.397 0.06
53583.537617 0.544594103948 13.3618 0.063
54944.665549 0.554212021308 13.4278 0.055
56464.518831 0.555429389101 13.429 0.055
54736.493802 0.555447186862 13.4592 0.059
54928.652869 0.556198252951 13.3845 0.054
56131.612576 0.557333750974 13.3872 0.055
54386.45067 0.557696825571 13.4133 0.06
54354.424661 0.559359137712 13.4018 0.06
54590.691952 0.565755657904 13.401 0.056
53892.571547 0.567837997524 13.388 0.059
53834.699902 0.570539699705 13.3809 0.056
54386.456119 0.577092840307 13.4029 0.06
55029.515648 0.582798806827 13.4365 0.06
54354.431346 0.583154762308 13.4065 0.06
53567.536299 0.587023998506 13.3709 0.06
54736.502771 0.587372834887 13.4479 0.059
54244.58783 0.58912769545 13.3556 0.055
56464.528843 0.591067652889 13.4261 0.055
54386.461482 0.596182733295 13.3961 0.06
53892.580233 0.598756291504 13.3979 0.059
55736.631809 0.601603935427 13.4286 0.055
54590.702198 0.602226857539 13.4272 0.056
55676.794766 0.608363530209 13.4393 0.056
55029.52329 0.610000925463 13.4669 0.06
56173.487122 0.612079705537 13.4362 0.056
53834.712011 0.613642350161 13.4081 0.056
53567.543796 0.613709981686 13.399 0.06
54386.466834 0.615233471191 13.4174 0.06
54736.511376 0.618002804925 13.4945 0.059
55736.638338 0.62484426945 13.4544 0.055
56464.538757 0.626357080306 13.4632 0.055
54213.697255 0.632429680978 13.4264 0.062
55029.530904 0.637103376579 13.4895 0.06
54928.676005 0.638552115436 13.46 0.055
54590.712488 0.63885467759 13.478 0.056
53865.622556 0.641424676254 13.4379 0.059
54244.603949 0.646504161096 13.4363 0.055
53567.553154 0.647020296574 13.4712 0.061
55736.644919 0.648269700339 13.4858 0.055
55087.406931 0.649999644024 13.5316 0.056
56173.497865 0.650320003966 13.4598 0.056
56464.548719 0.661817366339 13.4979 0.055
55029.538577 0.664415841429 13.3221 0.063
55736.651518 0.671759203213 13.5066 0.055
53567.560321 0.672531626624 13.5273 0.061
53865.632576 0.677091416491 13.483 0.059
54928.68754 0.679611581352 13.4607 0.055
55087.417247 0.686720012509 13.5377 0.056
56173.508608 0.688560302395 13.5109 0.056
54623.596089 0.689838182617 13.5639 0.056
56020.681539 0.692215965294 13.5285 0.056
54244.620074 0.703901984079 13.5109 0.055
53865.64269 0.713092754872 13.5558 0.06
54531.73904 0.719628097692 13.5399 0.059
54623.605368 0.722867292651 13.6457 0.057
55087.427567 0.723454619218 13.6142 0.056
56173.519399 0.726971459466 13.6173 0.057
56020.695121 0.740561840125 13.6212 0.056
53865.652927 0.749531918527 13.7154 0.061
54623.614599 0.755725544068 13.8109 0.058
54531.750324 0.759794115334 14.0105 0.062
55087.437889 0.76019634504 13.7314 0.057
54244.636204 0.761317604843 13.6916 0.056
55004.564752 0.768714359939 13.7875 0.067
54658.456329 0.776776751825 13.851 0.057
56020.706428 0.780809727531 13.7542 0.057
54623.62387 0.788726177678 13.8753 0.065
56101.619657 0.795891561717 13.7848 0.057
56431.717406 0.796955868638 13.8226 0.056
54531.761585 0.799878263211 13.8603 0.061
54285.664232 0.802836253353 13.8604 0.06
55004.574417 0.803117458193 13.94 0.07
54658.464297 0.805139285367 13.8799 0.059
55056.549885 0.81264994624 13.9351 0.057
55439.463513 0.814735845427 13.9811 0.065
54244.652306 0.818633558061 13.9303 0.057
56020.717715 0.820986423841 13.9602 0.058
54285.670226 0.8241722255 13.93 0.06
54658.472347 0.833793702433 13.8755 0.06
56431.728073 0.83492564088 13.9628 0.057
55004.584663 0.839588657828 13.9224 0.07
54531.77285 0.839976649312 13.8967 0.061
55056.557693 0.84044295101 13.8957 0.057
56101.632589 0.841923725848 13.883 0.058
54285.67621 0.845472602086 13.8726 0.06
54011.486386 0.85173741873 13.8859 0.064
54272.757168 0.859433176451 13.7513 0.079
54658.480311 0.86214199775 13.7271 0.06
55805.535435 0.867844404716 13.8605 0.059
55056.565453 0.868065097139 13.8107 0.057
53622.398568 0.87228316969 13.6842 0.065
56431.738779 0.873034235785 13.8151 0.056
55004.594373 0.87415193603 13.7798 0.069
55706.649794 0.878975132927 13.7131 0.056
55439.483207 0.884837719871 13.815 0.063
54011.496086 0.886265101397 13.7328 0.063
54643.597691 0.886638854675 13.6971 0.057
53645.439201 0.886681569329 13.7628 0.067
56101.645493 0.887856222459 13.682 0.057
54272.767111 0.89482583097 13.6816 0.073
55056.573188 0.89559825439 13.6999 0.056
53622.406747 0.90139676934 13.7008 0.065
53914.580214 0.908896751544 13.598 0.061
56431.749423 0.910922138288 13.6789 0.055
53611.453433 0.912474104235 13.6226 0.064
55805.548939 0.915912634273 13.4274 0.056
53849.686574 0.916421650623 13.5966 0.057
53645.447864 0.917517993544 13.6381 0.066
53959.532228 0.918059045872 13.6052 0.058
55439.493102 0.920059515747 13.6512 0.062
54011.505753 0.920675318738 13.6087 0.062
55706.662175 0.92304598231 13.5977 0.055
54643.609272 0.927862060122 13.529 0.056
55421.515903 0.929232488756 13.6216 0.058
54272.777044 0.930182889928 13.5547 0.07
53622.415131 0.931240077735 13.6141 0.064
56101.658306 0.933464799541 13.5094 0.056
55300.715689 0.934237222955 13.6397 0.059
53914.589913 0.943420874654 13.5201 0.06
53611.462475 0.944659599753 13.5188 0.063
53645.456517 0.948318822198 13.5283 0.064
54602.600389 0.95449109042 13.5276 0.055
54011.51543 0.95512113164 13.5297 0.061
53947.462776 0.956181879007 13.5121 0.058
53849.698097 0.957438401892 13.4856 0.057
53622.423584 0.961328995398 13.5573 0.064
55805.562564 0.964411569965 13.5529 0.057
53959.545333 0.96470701303 13.5283 0.058
54272.786984 0.965564865752 13.4958 0.067
55706.674587 0.967227177906 13.507 0.055
54643.620843 0.969049670007 13.5079 0.056
53611.47159 0.97710494279 13.4916 0.063
53914.599541 0.977692269358 13.4916 0.06
54261.553355 0.978845565126 13.5012 0.059
53645.465174 0.979133889077 13.4839 0.064
54602.608579 0.983643845161 13.4643 0.055
53947.473165 0.993162095011 13.4801 0.058
53849.70962 0.998455153161 13.4558 0.056
