53744.466497 0.0569662234366 16.2748 0.119
54855.605296 0.0663351772832 16.346 0.095
56393.433176 0.0664097786072 16.2738 0.088
54944.397887 0.0673195904669 16.2629 0.092
54382.667248 0.0705339346787 16.2944 0.117
53744.47564 0.0717940484279 16.3309 0.122
54855.611704 0.0767274667511 16.3636 0.095
56393.440352 0.0780475859107 16.3211 0.09
54944.405927 0.0803586053411 16.3415 0.094
54382.676177 0.0850147013261 16.32 0.117
53744.484796 0.0866429564105 16.4098 0.126
54855.618112 0.0871197562072 16.2758 0.094
54810.605528 0.0871505698054 16.3383 0.098
56393.447559 0.0897356680279 16.293 0.089
54503.53525 0.0903941058447 16.3495 0.123
54944.415527 0.0959275783202 16.3355 0.094
54855.624534 0.0975347504351 16.2556 0.093
54382.685124 0.099524659796 16.3699 0.12
56393.454809 0.10149348617 16.3359 0.091
53744.493977 0.101532408596 16.3616 0.124
54503.543018 0.10299199981 16.2349 0.118
54810.616354 0.104707830376 16.2985 0.097
55104.740766 0.106272836522 16.2891 0.112
54944.42357 0.1089714585 16.3415 0.095
54382.694091 0.114067053614 16.2732 0.116
54503.550809 0.115627194452 16.2886 0.122
54810.627152 0.122219681451 16.2709 0.096
55104.750897 0.122702968316 16.319 0.109
54503.558569 0.128212114281 16.2767 0.125
55104.761154 0.13933744289 16.3441 0.11
54810.637989 0.139794781476 16.2479 0.095
54894.497817 0.140981915667 16.2604 0.096
54894.506382 0.154872358744 16.2647 0.097
55188.630097 0.155306992576 16.244 0.106
55104.77127 0.155743248167 16.2961 0.108
55550.586443 0.164533230835 16.2671 0.095
54416.6399 0.166294470907 16.2115 0.096
54894.514969 0.16879848073 16.2912 0.098
55188.638635 0.169153647926 16.2304 0.106
54894.523561 0.182732711547 16.2288 0.097
55188.64708 0.182849478846 16.1907 0.104
54736.672238 0.184505303988 16.2116 0.102
54416.655172 0.191062112089 16.2347 0.097
55188.655442 0.196410703022 16.2178 0.105
53647.74495 0.197054544921 16.3303 0.137
54736.680238 0.197479448143 16.232 0.102
55550.611407 0.205019047657 16.2723 0.095
54736.688266 0.210499001795 16.2321 0.102
53647.754874 0.213148970739 16.3853 0.143
54416.670366 0.21570325537 16.2271 0.097
54736.696271 0.223481254793 16.2251 0.102
53647.764668 0.229032566726 16.0558 0.122
54416.685628 0.240454678878 16.2331 0.097
53647.774495 0.244969681041 16.105 0.124
53762.46725 0.250011757818 16.3092 0.125
53762.476316 0.264714706676 16.2676 0.127
55303.393214 0.274459910708 16.2078 0.096
55681.376981 0.27644495476 16.195 0.107
53762.485389 0.279429007915 16.274 0.133
54127.519141 0.279493878629 16.2041 0.099
54127.526722 0.29178850199 16.0134 0.093
55681.387637 0.293726514769 16.2654 0.1
53762.500567 0.304044202911 16.2046 0.148
54127.534322 0.30411393893 16.1834 0.098
54127.541934 0.316458837093 16.1339 0.097
55237.480586 0.379467768165 16.1669 0.092
53636.768663 0.396063320312 16.2422 0.105
53636.772554 0.402373619674 16.311 0.107
53636.776449 0.4086904061 16.3803 0.11
53636.780352 0.415020166685 16.3033 0.107
54077.663997 0.426015753857 16.1815 0.12
53817.456175 0.429291725249 16.2697 0.106
54077.671787 0.438649326719 16.2748 0.125
53817.463555 0.441260373234 16.2205 0.105
54360.702101 0.448160996156 16.2835 0.099
54077.679559 0.451253707759 16.165 0.12
53817.470956 0.453263078336 16.2645 0.106
54077.687342 0.463875928252 16.2345 0.124
53817.478345 0.465246322238 16.2477 0.106
53974.719845 0.474482291101 16.229 0.113
54360.718569 0.474868271885 16.2932 0.099
55153.681979 0.477566893875 16.206 0.108
54599.353783 0.485826558392 16.2652 0.105
53974.729508 0.490153435464 16.2315 0.112
55153.692015 0.493842957714 16.2098 0.108
54599.358901 0.494126767115 16.2469 0.104
54360.735017 0.501543112266 16.3025 0.099
54599.364012 0.502415623459 16.3225 0.107
53974.739181 0.505840797513 16.2811 0.114
55153.70208 0.510166052829 16.2573 0.11
54465.571133 0.521403283425 16.3696 0.102
53974.748859 0.521536268405 16.3408 0.117
55625.418528 0.524815483344 16.3723 0.089
55153.712372 0.52685728928 16.3269 0.113
54360.751455 0.528201734961 16.4166 0.103
54528.473704 0.534781247824 16.3548 0.101
54465.583783 0.541918648873 16.4898 0.106
54528.481911 0.548091097954 16.4672 0.106
54108.57407 0.554983612035 16.4956 0.131
54528.490083 0.561344186197 16.5466 0.109
54465.596395 0.562372387127 16.51 0.106
54108.582661 0.568916221084 16.4832 0.131
54528.49826 0.574605383294 16.5892 0.111
55625.450289 0.576324457395 16.5701 0.094
54465.609007 0.582826125381 16.5845 0.11
54528.506447 0.587882798066 16.6376 0.112
54761.588303 0.59258268178 16.6126 0.126
54184.441367 0.594139579083 16.5273 0.119
54108.599895 0.596865771122 16.5639 0.136
54761.59861 0.609298244759 16.5968 0.125
54184.452345 0.611943348393 16.5165 0.113
54761.608921 0.626020294801 16.5133 0.121
54184.463295 0.629701708208 16.3587 0.115
55591.573242 0.635613052632 16.4357 0.092
54210.366472 0.638645758833 16.1456 0.101
54761.619221 0.6427245054 16.4303 0.117
54210.376327 0.654628282655 16.3032 0.106
55591.594532 0.670140493765 16.2972 0.088
55084.740315 0.670181037965 16.2768 0.111
54210.38619 0.670623780626 16.3395 0.108
55084.749205 0.684598555651 16.2018 0.108
54210.396019 0.686564138489 16.255 0.105
55084.758039 0.698925254331 16.2043 0.108
55084.766865 0.713238978863 16.189 0.107
55273.45718 0.725157352035 16.2345 0.097
54929.413681 0.766413508673 16.2731 0.134
54929.421743 0.779488202444 16.27 0.134
54929.429785 0.792530460855 16.1642 0.129
53713.487356 0.815986091711 16.1793 0.099
53713.495567 0.829302428916 16.2275 0.1
54052.631819 0.829630026062 16.2668 0.114
54186.437941 0.832119439963 16.1521 0.114
56241.607994 0.841185123192 16.194 0.08
53713.503771 0.842607413753 16.2386 0.1
54186.446678 0.846288827151 16.242 0.118
54052.645293 0.85148172835 16.2084 0.112
53713.511982 0.855923750958 16.1724 0.098
54186.455352 0.860356042944 15.9906 0.108
56241.622892 0.865346223142 16.2164 0.081
54052.658596 0.873056108307 16.1941 0.111
54186.46401 0.874397310462 16.0164 0.109
54779.644388 0.875363884197 16.2061 0.091
55868.58024 0.876703464585 16.2263 0.093
53834.383028 0.880720583958 16.2573 0.091
53687.631348 0.883539216785 16.1838 0.113
56241.637905 0.889693826418 16.2125 0.081
55868.590928 0.894036921164 16.2549 0.094
54052.671892 0.894619135884 16.2302 0.112
53834.392856 0.896659320052 16.1746 0.089
53687.640057 0.897663194453 16.1919 0.114
53729.571356 0.90050291026 16.294 0.117
53687.648773 0.911798524514 16.2293 0.115
55868.601961 0.911929887723 16.2094 0.093
53834.402675 0.91258346023 16.2833 0.092
56241.6529 0.91401223786 16.1932 0.08
53729.579747 0.914111165713 16.2475 0.116
53687.657472 0.925906284509 16.1317 0.111
53729.588116 0.927683742258 16.1208 0.11
53834.412503 0.928522196324 16.2294 0.091
55868.612665 0.929289292599 16.2398 0.092
54086.609047 0.932811772732 16.167 0.114
54779.682297 0.93684348803 16.2232 0.091
54448.562902 0.937998186857 16.1704 0.111
54839.494455 0.938288483336 16.1927 0.089
53729.596497 0.941275780025 16.1914 0.113
55120.67183 0.942762941299 16.2308 0.088
54839.5002 0.947605540609 16.1671 0.088
54086.618816 0.948654824517 16.2841 0.119
54448.572102 0.952918452633 16.2331 0.114
54779.694258 0.956241455312 16.2449 0.092
54839.50601 0.957028012792 16.1865 0.089
55120.683072 0.96099485737 16.2344 0.088
54086.628602 0.964525446343 15.9908 0.107
54839.511796 0.966411562553 16.2325 0.09
54448.581358 0.967929537425 16.1558 0.111
54779.706227 0.975652396731 16.2414 0.092
55120.694317 0.979231638747 16.2152 0.088
54086.63839 0.980399311719 16.0056 0.108
54448.590254 0.982356785722 16.1978 0.113
55120.705606 0.997539777917 16.2201 0.088
