53993.73864 0.000727468634799 11.847 0.053
53993.745516 0.0035857968202 11.8405 0.053
54775.595472 0.0157681944064 11.8619 0.052
54525.418439 0.018085701625 11.8735 0.053
54525.422535 0.0197883939228 11.8729 0.053
54775.60896 0.0213751069368 11.8773 0.052
54525.426638 0.0214939960961 11.8768 0.053
54525.430644 0.0231592757238 11.872 0.053
54775.622452 0.0269836822562 11.8627 0.052
54775.636025 0.0326259289772 11.8845 0.052
54068.50036 0.0789024950918 12.034 0.052
54739.668374 0.0810042558995 12.2111 0.052
54068.5084 0.0822446938431 12.0937 0.052
55504.659781 0.0851491643263 12.3691 0.052
54068.516428 0.0855819042394 12.1261 0.052
54739.682596 0.0869162895601 12.307 0.052
54068.52442 0.0889041495647 12.1656 0.052
54739.696787 0.0928154366351 12.3756 0.052
53736.570014 0.0966652006428 12.2941 0.055
55504.691738 0.0984335729688 12.3799 0.052
53736.57923 0.100496258318 12.3577 0.055
54056.526377 0.101361322447 12.3631 0.054
53736.588442 0.104325653204 12.4095 0.055
54056.533886 0.104482786428 12.3947 0.055
54056.541398 0.107605497502 12.3896 0.055
54056.549041 0.110782664796 12.4056 0.055
54015.657478 0.112308686142 12.368 0.055
54015.665749 0.115746910752 12.3727 0.055
54015.673677 0.11904255151 12.3693 0.055
54015.681618 0.122343596323 12.3594 0.054
54109.500295 0.122426319897 12.382 0.055
54015.689585 0.125655449239 12.3266 0.054
54109.509008 0.126048282301 12.3549 0.055
54109.517702 0.129662346472 12.3065 0.055
54109.526414 0.133283893179 12.241 0.055
54032.620866 0.163927366205 11.9081 0.053
53979.703474 0.166360021317 11.8808 0.053
54032.62948 0.16750817467 11.8832 0.053
53717.501176 0.169818615048 11.8612 0.055
53979.712735 0.170209785326 11.8639 0.053
54032.638097 0.171090230222 11.89 0.053
53717.507846 0.172591309784 11.845 0.055
55497.656551 0.173931930552 11.8395 0.051
53979.722054 0.174083659723 11.8566 0.053
53967.694112 0.174111927076 11.8764 0.053
54032.646681 0.174658567792 11.8771 0.053
53717.514349 0.175294583226 11.821 0.055
53979.731298 0.177926356895 11.853 0.053
53967.703634 0.178070187835 11.8732 0.053
53717.521056 0.178082658726 11.8428 0.055
53967.71313 0.182017640489 11.8728 0.053
53967.722613 0.185959689091 11.8729 0.053
55497.701558 0.19264117672 11.8767 0.051
55473.67371 0.204352174633 11.833 0.051
55567.502099 0.208472141276 11.9045 0.051
53664.694657 0.218340772912 11.7877 0.052
55473.713343 0.220827468552 11.8345 0.051
55567.533878 0.221682555968 11.8753 0.051
53664.702902 0.221768189417 11.7916 0.052
53664.711166 0.225203504154 11.8038 0.052
53664.719437 0.228641728765 11.7941 0.052
56219.598704 0.282658561143 11.8465 0.051
56219.609434 0.287118983106 11.8487 0.051
56219.620157 0.291576495196 11.8433 0.051
56219.630852 0.296022367791 11.8338 0.051
56272.554108 0.296027356145 11.8059 0.051
56272.564082 0.30017351166 11.8523 0.051
56272.57398 0.304288074254 11.8509 0.052
56272.583868 0.308398479882 11.8415 0.052
54836.513298 0.339086848114 11.8279 0.051
54836.517197 0.340707648231 11.8323 0.051
54836.521094 0.342327616955 11.8337 0.051
54836.524999 0.343950911248 11.8456 0.051
54718.704426 0.366367337571 11.8377 0.051
54718.708771 0.368173538265 11.847 0.051
54718.713211 0.370019230114 11.834 0.051
54718.719315 0.372556640709 11.8417 0.051
54718.72367 0.374366998364 11.8387 0.051
55115.704307 0.397773613424 11.8653 0.051
55115.717248 0.403153140046 11.8487 0.051
55115.730179 0.408528509703 11.8764 0.051
55115.743174 0.41393048393 11.8899 0.051
55055.648236 0.432683378215 11.8265 0.053
55055.658778 0.437065649262 11.8466 0.053
55055.669358 0.441463716774 11.8453 0.053
53679.668789 0.443032970542 11.8531 0.053
55055.680075 0.445918734685 11.8603 0.053
53679.678176 0.446935112292 11.8534 0.053
53679.687538 0.450826861633 11.9004 0.053
53679.696939 0.454734823134 11.8649 0.053
55469.61201 0.515918260792 11.8451 0.052
54810.483198 0.518468973671 11.8492 0.052
55866.550632 0.521859393199 11.8698 0.052
54810.495894 0.523746654683 11.845 0.052
55866.561283 0.526286975153 11.8515 0.052
54810.508737 0.52908544306 11.847 0.052
55866.571915 0.530706658874 11.8642 0.052
54810.522831 0.534944267589 11.8521 0.052
55866.58266 0.535173316284 11.8641 0.052
54086.498967 0.560857947407 11.9092 0.053
54757.664313 0.561850630321 11.9448 0.053
54086.507607 0.564449563976 11.9232 0.053
54757.673671 0.565740716875 11.9698 0.053
55154.598293 0.565862100215 12.0653 0.052
54086.516265 0.568048663078 11.9452 0.053
54757.683084 0.569653666731 12.014 0.053
54086.5249 0.571638201164 11.9783 0.053
55154.612653 0.571831499972 12.1022 0.052
54757.692502 0.57356869507 12.0477 0.053
55801.727958 0.575309631436 12.2226 0.052
55154.627014 0.577801315429 12.1889 0.052
55801.739849 0.580252676876 12.2857 0.052
53718.489472 0.580649666903 11.9555 0.053
55154.641431 0.58379440988 12.2462 0.052
53718.500263 0.585135446346 12.0036 0.053
55801.751921 0.585270963361 12.2842 0.052
53718.511009 0.589602519453 12.0484 0.053
55801.76402 0.590300473645 12.3185 0.052
53718.521517 0.593970656825 12.1142 0.054
54856.469556 0.634830699341 12.0364 0.052
54856.475944 0.637486167703 11.9993 0.052
54856.482334 0.640142467457 11.9942 0.052
54856.488729 0.642800845691 11.9515 0.052
54014.643306 0.690721075223 11.8503 0.057
54014.647691 0.69254390377 11.9338 0.065
54358.65709 0.695999587629 11.8551 0.051
53687.503552 0.699915447361 11.8457 0.055
53687.51024 0.702695624631 11.8375 0.055
55467.657104 0.703270948394 11.8344 0.051
54358.675115 0.703492514555 11.8496 0.051
53687.516926 0.705474970505 11.8208 0.055
53687.523603 0.708250575116 11.8253 0.055
54014.685958 0.708451356459 11.7443 0.056
54014.690348 0.710276263487 11.7945 0.054
54358.692806 0.710846598897 11.8456 0.051
54358.710448 0.718180314116 11.8536 0.051
55467.702301 0.72205917687 11.843 0.051
53646.705107 0.740150282549 11.9221 0.054
53646.714505 0.744056996961 11.9119 0.054
53646.723884 0.747955813139 11.8946 0.054
54387.656735 0.75104651559 11.8646 0.053
53646.733235 0.751842989821 11.9281 0.054
54387.666755 0.755211793139 11.8641 0.053
54387.676713 0.759351297513 11.859 0.053
54387.686677 0.763493296064 11.8554 0.053
54416.578007 0.773514072567 11.8634 0.052
54416.591146 0.77897590707 11.8581 0.052
54416.604193 0.784399497506 11.8523 0.052
54416.617253 0.789828491993 11.8546 0.052
55092.675867 0.824934881164 11.8511 0.051
55092.686506 0.82935747476 11.8844 0.051
55092.697154 0.833783809625 11.8529 0.051
55092.707809 0.838213054362 11.8543 0.051
54462.525746 0.873822020434 11.8573 0.053
54462.534417 0.87742652359 11.8532 0.053
54462.543072 0.881024375603 11.8462 0.053
54462.551756 0.884634282812 11.8705 0.053
54337.599448 0.942414414355 11.8127 0.053
54337.606915 0.945518419089 11.851 0.053
54337.614375 0.94861951395 11.8362 0.053
54337.621819 0.95171395767 11.8175 0.053
53690.58283 0.979960109777 11.8446 0.053
53690.588075 0.982140437196 11.8443 0.053
53690.593414 0.984359840074 11.8423 0.053
53690.598674 0.986546402938 11.8334 0.053
53690.60393 0.988731303016 11.8461 0.053
53993.725132 0.995112242174 11.8395 0.053
53993.731908 0.997929000725 11.8493 0.053
