54590.6199027 0.00555559590003 16.93478 0.118239249181
54324.501903 0.00559195378703 16.86545 0.124975098906
55023.578278 0.00992416585437 16.7591 0.139736029605
54244.6129482 0.0144388539103 16.23787 0.0847055054321
54590.6266371 0.0170192402162 16.8842 0.115834987259
55023.5859725 0.0230221696277 16.23841 0.113948849975
54590.6333336 0.0284184784538 16.91811 0.117155677098
55805.4988895 0.0360442852841 16.9984 0.121984783122
54977.7733167 0.0383256221336 16.94665 0.155123328367
54977.7733167 0.0383256221336 16.95597 0.159612675613
54590.6401069 0.0399483412335 16.19284 0.0915855785641
54244.6290581 0.0418619216359 16.27727 0.0849652392534
55805.5083848 0.0522078201512 16.28111 0.0951686611095
54977.7827605 0.0544014835056 17.03264 0.157048925636
54977.7827605 0.0544014835056 17.05542 0.162568381252
55805.5178761 0.0683642630847 16.79008 0.113127689879
54244.6451823 0.0693094187251 16.29541 0.0853495266465
53645.44005 0.0710247332131 16.27185 0.14060405064
55805.5273205 0.0844411097367 16.97329 0.121481198873
53645.4487088 0.08576430734 16.99837 0.195513872259
54174.7493074 0.0888990557596 16.28509 0.107385385367
53645.4573696 0.100507052766 16.81862 0.17970994287
54297.5351447 0.101366926427 17.08602 0.137190948447
54174.7630602 0.112309851448 16.27596 0.108884161737
54297.5427674 0.114342738782 16.93689 0.129145342946
53645.4660328 0.115254132639 17.16878 0.213673205887
54929.6486236 0.117958511691 16.09767 0.117032795902
54297.5504416 0.127406046404 16.81363 0.123126435241
54929.6564936 0.131355394518 16.17682 0.120293307771
54174.7768936 0.135857792318 16.29262 0.109064632991
54623.5955256 0.138383997468 16.9323 0.115153389717
54297.5581161 0.140469946228 17.00496 0.132981073247
54929.6643965 0.144808033777 16.14516 0.118603016569
54623.6048173 0.154200777592 17.11454 0.123168866581
54929.6722077 0.15810463302 17.25982 0.191444056934
54174.7907436 0.15943390699 17.11565 0.147258162668
54623.6140488 0.169915107831 17.0753 0.12137599303
54011.4851063 0.172045515846 17.02745 0.167499346155
53947.4567932 0.179705418094 17.08814 0.140053719933
54001.5051536 0.183648583469 17.2087 0.189995472374
54643.5965811 0.185225719837 16.28947 0.0930458446684
54623.6233096 0.185679283934 16.2637 0.102932069477
53605.5603859 0.185776756931 16.23148 0.109505472434
54011.4948175 0.188576316055 16.9299 0.160850070894
53834.6713233 0.19038550651 16.98116 0.122598367419
54001.5112134 0.193963759051 16.26835 0.126335029761
53947.4671822 0.197390026669 17.05945 0.138041932103
53605.5710708 0.203965164767 16.97877 0.147064019129
54001.5172206 0.204189665289 17.04715 0.17824536805
56074.6533046 0.204752960816 16.96901 0.125978616665
54643.6081714 0.204955277235 16.97487 0.117626276541
54011.5044689 0.205005453503 17.04471 0.16988759617
53914.5767178 0.209523101603 16.26177 0.116409538446
53834.6834286 0.210991822033 17.2556 0.136557612693
54001.5232469 0.214447902229 16.97477 0.171714459179
53947.477596 0.215116974346 17.04752 0.137170735226
54011.5141497 0.221484634786 16.97892 0.165064707296
53605.5817437 0.222133180979 17.0675 0.15304876915
56074.6637444 0.222524237863 16.33856 0.100186469062
54643.6197497 0.224664520802 16.2706 0.0926263079138
53914.5863931 0.225992825517 17.04322 0.160706129163
54160.7321697 0.228194932911 16.94717 0.176146253246
53834.695559 0.231640830898 16.36104 0.0981499825291
53947.4880042 0.232834464482 17.14248 0.142598104633
54303.4906605 0.239157054899 17.00338 0.161139312617
54353.4245401 0.239215944481 17.18558 0.185270578777
56074.6743293 0.240542400884 16.25404 0.0973523590864
53605.5926072 0.240625590641 17.25174 0.166709429857
53914.5960528 0.242436089103 16.32821 0.119529605384
54160.7414351 0.243966989757 16.98886 0.179415897765
54643.6313284 0.244374375484 17.13733 0.125022971989
53834.7076624 0.252243856147 17.09837 0.127538422788
54303.4992034 0.253699254075 16.27869 0.119225939361
56074.6849673 0.258651015818 16.33056 0.0998616307949
53914.6056782 0.258820936853 16.3633 0.120958849475
54160.7507769 0.259869059858 17.15106 0.193009312688
54303.5077419 0.268233966566 17.04459 0.163926918043
54160.7606239 0.276631181003 16.34914 0.134272135246
56393.6870076 0.280591837354 16.22423 0.0822958033631
54303.5162799 0.28276769364 16.94746 0.156705651833
54213.638014 0.287287417966 16.81388 0.170845932829
55438.4877329 0.290477327866 17.03747 0.161357441322
54353.4554348 0.291806515373 16.76017 0.1351435271
54736.4816187 0.298989870403 16.29621 0.109750898599
56393.7012702 0.304870367366 16.24318 0.0826651694575
54213.6488509 0.305734512992 17.20855 0.204589895744
54736.4903849 0.313912140466 17.10737 0.15157518982
54213.6597006 0.324203477023 17.11454 0.198915750745
54616.6572271 0.32764971377 16.3067 0.0844608677251
55438.5098316 0.328094817664 17.14908 0.170149526271
54736.499258 0.329016457538 17.01544 0.145933699919
56393.7156112 0.329282300326 16.31235 0.0841182366672
55055.4923251 0.335682618474 17.01419 0.155685138328
54736.5079633 0.343835094997 17.02601 0.146943800558
54616.6693722 0.348323646664 16.24543 0.0830918782688
56393.7299727 0.35372928282 17.15966 0.109537840971
54616.6815401 0.3690365688 16.27514 0.0838265412404
53993.3970592 0.381626631219 17.03618 0.16554028096
54213.6964051 0.386683837799 16.34945 0.13634762936
54616.6937165 0.389763854208 17.17963 0.111289879049
53993.40532 0.395688476096 17.06549 0.167308918864
56106.4883692 0.39606337349 16.29698 0.0916041779491
54030.4216494 0.406818538712 16.29966 0.104197306105
53993.41358 0.409749139259 17.08879 0.168955937947
54386.425119 0.414525587916 16.96883 0.162613285192
54928.6482323 0.415040176892 16.30097 0.0852687015224
56106.4996075 0.415193773154 16.30516 0.0918694372235
54030.431522 0.423624181517 17.19748 0.147506130962
54386.4304893 0.423667253778 17.23055 0.183560672794
53993.4218567 0.423838172832 16.2931 0.121117070565
54386.4358766 0.432837881583 17.07063 0.170695250959
54928.6598009 0.434732870996 16.20304 0.0831718702889
53960.5310657 0.43541521813 17.35609 0.154574930423
54030.4413746 0.440395740289 17.25958 0.151862312619
54386.4412398 0.441967352332 17.07495 0.171112950546
54705.4342785 0.448585106142 16.20205 0.0907574351654
53960.5427326 0.455275182185 17.20768 0.145097775297
54030.4512228 0.457160008649 17.2968 0.154725525729
54762.4232037 0.458111283722 17.10291 0.163459527785
54678.417532 0.459267680357 17.35267 0.140826457306
56106.5297589 0.46651904292 17.17886 0.124276728865
54705.4458295 0.468247853037 17.34333 0.13583383333
54678.4236072 0.469609257522 17.24577 0.134658015446
54762.4308901 0.471195496522 17.15916 0.167865717356
54658.4523669 0.473520441836 17.26471 0.12285994032
54928.6829388 0.47411944108 16.09425 0.0808433792251
53960.5543554 0.475060081669 17.39068 0.157308131631
54678.4293501 0.479384973022 16.3524 0.0972047747519
54762.4386148 0.484344902004 17.22179 0.17323634708
54658.46036 0.487126756678 17.24438 0.134093744038
54705.4573002 0.487773868723 16.38946 0.0959555173321
54678.4347949 0.488653519657 16.34554 0.0969330507593
53960.5659912 0.494867225005 17.1263 0.140577450932
54762.4463587 0.497527033634 17.34355 0.183413948085
54658.4683252 0.500685412714 16.41699 0.0966423979287
56146.4983822 0.503198098239 17.14864 0.119986376861
54705.4687995 0.507348548064 16.34102 0.0945845489395
55338.7484806 0.509110568257 16.34706 0.0959058182081
54658.4763653 0.514371717759 16.32052 0.0958771027707
56146.5072639 0.518316994771 17.08767 0.117227067642
56106.5660783 0.52834389904 17.35721 0.133403700785
56146.5163177 0.533728682605 17.18363 0.121614493559
56146.5252448 0.548925027188 17.1022 0.118089227402
54202.6492093 0.581569894821 16.19426 0.106061481536
54202.6632661 0.605498103693 16.05996 0.100992016207
54944.622554 0.607365292948 16.04799 0.0823219410095
55087.3799235 0.616418745201 16.1044 0.0796802937158
54911.733504 0.621905872939 16.06656 0.10513616898
53936.5549471 0.622013406597 15.88118 0.0822493317981
55087.3868538 0.628215767284 16.03024 0.0781244475886
53936.5587051 0.628410485872 15.86467 0.0818530922634
54202.6773509 0.629473972227 15.93923 0.0967157925289
53936.5624687 0.634817022688 15.91324 0.0829221580209
54911.7411588 0.634936279084 15.9608 0.101275755355
55087.3937766 0.640000179588 16.40679 0.0860902867692
55004.562612 0.640463941184 15.95353 0.123790839924
53936.5662242 0.641209767689 15.91847 0.0830059641335
53936.5699938 0.647626549853 15.92451 0.0832057727308
54911.7488014 0.647945998087 15.89488 0.0989641218505
54355.4288364 0.651033804856 16.2865 0.120803925006
55087.4007028 0.651790306358 15.93283 0.0764226815031
54202.6913447 0.653294982446 15.85688 0.0938260245035
55004.5722815 0.656923813832 15.87139 0.121518863039
54911.7564741 0.661006764574 15.95069 0.100604082047
54355.4354556 0.662301394318 15.90557 0.105155045394
54355.4420705 0.673561714128 15.86316 0.103616206377
55004.5825205 0.674353261769 15.89281 0.124991985485
54355.4486767 0.684807040689 15.94832 0.10670699479
54721.4373142 0.689788623164 16.07061 0.103215098028
55004.5922284 0.690878544813 15.95591 0.130153897803
54721.4407465 0.695631269011 16.09617 0.104134004918
54721.4441611 0.701443771028 15.90623 0.0977242660872
54721.4475748 0.707254893213 15.90372 0.0977128075862
55104.4700119 0.708060161512 15.90393 0.090450405952
55104.4779513 0.721575058941 15.96106 0.0921295207176
53892.5576922 0.727587209281 16.04732 0.106141561471
55104.4859211 0.73514157615 15.96145 0.0921650577587
53892.5663316 0.74229372243 16.00671 0.104389584186
53849.6822097 0.742700616559 16.09319 0.0904059820311
55104.493902 0.748727203689 16.03647 0.0943737170904
53892.5750141 0.757073409624 16.11097 0.107607374534
53849.6937342 0.762318186692 16.03878 0.0888473155484
55706.6481497 0.767150124695 16.02951 0.0789092232679
53882.5956146 0.769618193325 16.0141 0.102064098413
54531.7357844 0.769932735674 16.13361 0.102648985055
53892.5836961 0.771852367572 15.92405 0.101352967501
55386.4894077 0.776211130687 15.98134 0.0845134521801
53849.7052271 0.78188212856 16.08339 0.0900182178163
53882.605267 0.786049084277 16.12292 0.105770169859
55706.660505 0.788182022337 16.56486 0.0916718468662
54531.7470743 0.789150985687 16.04302 0.0991446352024
53849.7167689 0.801529055398 16.14698 0.0916269343708
53882.614852 0.802365132595 16.09293 0.104559826318
55736.6301853 0.804137705224 16.03901 0.0790446720569
55273.7154854 0.806548213234 16.06235 0.113148193127
54531.7583459 0.808338107469 16.17333 0.103081748302
55706.6729289 0.809330575345 16.80335 0.0987329095397
55736.6367088 0.815242379954 16.65134 0.0936050935174
53882.6244879 0.818767909653 16.58253 0.12521519012
55736.6432818 0.826431180832 16.67077 0.0942225200229
54531.7695863 0.827472053614 16.19328 0.103387904154
55706.68537 0.83050846513 16.16799 0.0819597480355
55360.6733712 0.830805003936 16.06052 0.0843724759158
54185.7626541 0.836393218051 16.03871 0.100662374469
55736.6498815 0.837665494837 16.73401 0.0961273947366
54261.5479155 0.842024970166 16.0884 0.103894035942
53622.3963384 0.844814898281 16.87257 0.176840025766
54185.7692923 0.847693139071 16.08392 0.101267823373
54261.5577969 0.858845606405 16.12108 0.104487645692
53622.4046205 0.858913054059 16.80349 0.17124699409
54185.7759727 0.859064972238 16.09456 0.101359794724
55676.7460106 0.866166528271 16.1106 0.0873438162975
54185.7826528 0.870436214059 16.15623 0.103144617393
53865.6190508 0.87122431412 16.14496 0.106935839856
55416.5057726 0.871635908325 16.16391 0.0950508836022
53622.4128747 0.872963727895 16.16081 0.129857920652
55360.6990381 0.874496460505 16.69605 0.102435143426
54261.5677912 0.875858533986 16.15788 0.105526274184
53908.5092212 0.881113386853 16.20129 0.100347532318
54354.3896659 0.882103545966 16.73074 0.144913831663
54285.6593248 0.885725749797 16.15935 0.0982330798527
53622.4212921 0.887292396887 16.73618 0.165916144947
53865.6291023 0.8883344512 16.76148 0.134865815546
56447.5031963 0.889320003678 16.11336 0.13943391206
53908.5158308 0.89236446651 16.21946 0.26833916932
54261.5776591 0.892656099428 16.68659 0.128429033481
54354.3961686 0.893172736381 16.6755 0.141606235218
54285.6653268 0.895942612305 16.16418 0.0983460511921
54354.4026842 0.904264013365 16.06923 0.111837251561
53805.7181068 0.904707647371 16.26105 0.1164748203
56447.5126657 0.905439406452 16.86494 0.185142538507
53865.6391797 0.905488740958 16.19971 0.108730075002
54285.6713222 0.906148422772 16.17026 0.0985649316616
53805.7232797 0.913513236712 16.81254 0.144715938134
54354.4092611 0.915459494061 16.08382 0.112430921105
54285.6773042 0.916331200416 16.7246 0.120067589001
54272.7549969 0.919304637099 16.21294 0.200117963405
55416.5349542 0.921310328076 16.17868 0.0955144817689
54977.7046601 0.921454854221 16.83668 0.148275447898
54977.7046601 0.921454854221 16.82774 0.144298692416
56447.522095 0.921490463477 16.79148 0.114754450807
53805.7284463 0.922308009101 16.85472 0.147016934049
53865.649294 0.92270580094 16.68816 0.130542632396
56038.6562463 0.928679618598 16.16214 0.0921167427112
53805.733634 0.931138797392 16.78183 0.141907988215
54272.7649165 0.936190270268 15.91634 0.154782134806
54977.7140975 0.937519702033 16.76174 0.141171548986
54977.7140975 0.937519702033 16.84464 0.142870130071
56447.5315946 0.937661091281 16.6954 0.108909412693
55676.7890348 0.939404611573 16.22711 0.0912866111245
55762.5600823 0.943363218412 16.15865 0.096408648892
56490.4194552 0.943618316068 16.51533 0.102392145112
56038.6657263 0.944816950174 16.80741 0.113881678726
54272.7748668 0.95312811423 16.15178 0.161277342858
54977.7236353 0.953755346522 17.01998 0.317551833665
56490.4284745 0.95897150855 16.67315 0.107852585084
55762.5695322 0.959449344887 16.19927 0.0976651323323
54244.5807061 0.959554695571 16.23477 0.0850421305026
56038.6752929 0.961101672118 16.79612 0.113221006795
54324.4788755 0.966393359684 16.90388 0.127036012078
54272.7848015 0.970039576511 16.17196 0.154933443083
56490.4375933 0.974493921602 16.16373 0.0913055693163
55762.5790453 0.975643024252 16.85375 0.122915157664
56038.6848261 0.977329652896 16.66076 0.107831423936
54324.4865791 0.979506711303 16.77192 0.120715756863
55023.5629021 0.983750461735 16.15692 0.11054911894
54244.5968198 0.986984264033 16.23853 0.0848189704525
56490.4466377 0.989889847083 16.09869 0.0895686574572
55762.5885986 0.991905089225 16.72764 0.11715783457
54324.4942196 0.992512883838 16.75342 0.119843606321
55023.5705766 0.996814360704 16.83569 0.144259653317
