53936.6867423 0.0058221899649 16.811555 0.121536457782
53914.6267686 0.00671522410942 16.954296 0.149329806794
54202.7551575 0.00846923728664 16.843867 0.129386546751
54215.6702257 0.015056745592 16.880403 0.1499205754
56067.652468 0.0164481550161 16.889701 0.116801436186
54299.6087858 0.0229971151575 16.856876 0.123190106035
54680.5511648 0.023543416449 17.190883 0.343100111274
53892.573274 0.0316919179042 16.969218 0.147016934049
53936.6942818 0.0338473097456 16.902298 0.126440968282
53861.636604 0.0370261702257 16.898478 0.116675848584
53914.6354686 0.0390541573794 16.967191 0.150645352552
53834.7347533 0.0401829935172 16.972743 0.1184578554
54347.5003483 0.0406774535463 16.851527 0.13355302688
54600.6551853 0.0422757288119 16.876647 0.11223751859
54326.5169152 0.0431787266618 16.817329 0.144563253313
56067.660783 0.047355918915 16.909783 0.117580179864
54011.488589 0.0516937140116 17.045628 0.161914682182
53969.5213581 0.0553403773586 16.933516 0.150440226517
54215.6826768 0.0613389741521 16.816107 0.145067884027
53892.5819477 0.0639328903726 16.902998 0.143673834888
54978.6440371 0.064269123544 16.829001 0.139879306879
53914.6442568 0.0717207882298 16.98539 0.15204497166
54347.5090892 0.0731679972542 16.835914 0.155371422613
53861.6464653 0.0736814126314 16.928112 0.117968884075
54326.5262607 0.077916822837 16.885628 0.14899363034
53993.4714944 0.0803687053702 16.927828 0.152109975113
54011.4982504 0.0876059239215 16.770851 0.144401363628
54600.6678829 0.0894739371683 16.834407 0.110275773532
54642.6368562 0.0923037167248 16.928979 0.133006216407
54978.6518111 0.0931659123343 16.82649 0.139606250461
53834.7492312 0.093998714979 16.947718 0.117114653228
53969.5324265 0.0964829845872 16.900001 0.148622084636
54215.6951131 0.107565704546 16.997254 0.156646515309
53861.6563199 0.110312133356 16.902343 0.116650376203
54326.5356654 0.112874805106 16.972887 0.154908193637
53993.4802409 0.112880372958 17.032725 0.159423642719
54978.6597589 0.122708546346 16.896117 0.143191510982
54617.6255854 0.122933448294 16.733293 0.103894035942
54011.5079146 0.123528933136 16.825425 0.14790499928
54642.6478684 0.133237238624 16.860628 0.129396233232
56393.74465 0.133380836474 16.8641 0.107712374436
53969.5435216 0.137724585618 16.738647 0.138718704365
53882.6488765 0.141723797231 16.898608 0.140608490283
53993.488957 0.14527927901 16.927301 0.152198779061
53861.6661835 0.146976023573 16.97067 0.119312042203
54326.5450374 0.147711466495 16.82087 0.144785089015
53834.7637029 0.147791546926 16.949745 0.117002693496
54721.4772203 0.149744453525 17.06878 0.122775989308
54978.6674508 0.151299878061 16.876737 0.141976902705
54287.5375218 0.152913211296 16.856796 0.149318736926
54215.7075633 0.153844490328 16.954598 0.153449674812
54011.5176115 0.159573263258 17.080559 0.165683879877
55023.5978976 0.162220292738 16.891238 0.143396127466
56393.7541248 0.168599575117 16.886023 0.10854270108
55353.6961239 0.170016193915 16.885681 0.181814380081
54617.6383397 0.170342507237 16.820338 0.107092074519
56123.3828541 0.171812198379 16.917586 0.1164748203
54642.6587869 0.173822279917 16.816843 0.127237848036
54721.4837664 0.17407691086 17.073103 0.123041746208
53882.6585686 0.177750101639 16.895726 0.138366227735
53993.4977129 0.177825793314 16.867096 0.148421330411
53969.5546101 0.178941620343 16.997923 0.155352293126
54287.5445424 0.179009568904 17.029769 0.164546981234
56123.3858833 0.183071954485 16.868242 0.117266079833
55679.7609867 0.185400484686 16.872659 0.10112553816
56123.3889159 0.194344572841 16.764654 0.1098572942
54721.4902744 0.198267781669 16.981592 0.118806105859
53834.7781798 0.201603482538 16.848446 0.112735660909
55023.6085853 0.201947435377 16.860319 0.141410914037
54000.498972 0.202199001943 16.942837 0.155923517587
56393.7638366 0.204698974437 16.903115 0.109128269463
56123.3919385 0.205579763723 16.931844 0.117771656164
53882.6683308 0.214037076199 16.775111 0.131653559852
54642.6697202 0.214462390382 16.863749 0.129396233232
54617.6511274 0.217875470117 16.876405 0.109158552711
53607.4558409 0.221958729774 16.904001 0.139049049047
54721.4968154 0.222581309674 16.752108 0.109275256883
54000.5068433 0.231457604235 16.830726 0.149081541503
54287.5593093 0.233899549468 16.924751 0.153006471744
55105.4030409 0.240038570849 16.83563 0.121849831367
56393.7734114 0.240289465732 16.888858 0.108496080637
55023.6192796 0.24169909748 17.029198 0.185247275036
53947.5121542 0.244950268918 16.851359 0.123023253553
56146.5399083 0.248875585702 16.792399 0.103115010165
53882.6782413 0.250875635511 16.822709 0.134123414344
54287.5658057 0.258047398585 16.848573 0.148022751334
54000.5147469 0.26083585067 16.838738 0.150485724588
54617.6639962 0.26570997408 16.778335 0.105622425272
54658.5590972 0.276850404227 16.51078 0.112945740745
53607.470685 0.277135923901 16.672326 0.126562051443
55105.4136343 0.279415469059 16.876826 0.124172354692
53947.5214891 0.279648786179 16.752188 0.118151828385
55023.6300117 0.281591486335 16.727477 0.133923637709
53636.5269057 0.281985301094 16.938148 0.1547129517
56146.5489265 0.282397451905 16.788773 0.102924732972
54000.5226215 0.2901065432 16.789353 0.14898265047
54780.4320547 0.290702174495 16.882524 0.122071676474
53618.504718 0.291729074383 16.813422 0.137065808807
55353.7323689 0.304742147422 16.643951 0.164978021462
54658.5673131 0.307389427445 16.555174 0.105472877624
53652.4063551 0.307471341149 16.789485 0.169575093821
53947.530838 0.314399833097 16.741548 0.117626276541
54780.4384439 0.31445120971 16.817982 0.119216648455
55105.4242454 0.318857805721 16.752099 0.118751200006
56115.6208839 0.319800416295 16.616256 0.0936351709093
56146.559172 0.320480680378 16.674736 0.100514209558
53636.5372766 0.320535060041 16.804129 0.1460866641
53618.515426 0.331531762605 16.717639 0.134201413188
53607.4854509 0.33202224719 16.723472 0.129228759966
54658.5755094 0.337856173172 16.709721 0.105775713271
54780.444838 0.338218745314 16.778271 0.117479459634
53652.4157652 0.342449502464 16.795724 0.16993986987
53947.5401575 0.34904117505 16.655636 0.114002709841
55679.805435 0.35061895348 16.68252 0.0968533549074
56146.5682063 0.354062304515 16.497299 0.0950450559669
55105.4348694 0.358348325998 16.606508 0.112687980491
56115.6314427 0.359048292539 16.627127 0.094009422878
53636.54766 0.359131196859 16.655607 0.137654889773
56486.619733 0.35926150199 16.538739 0.129454399921
54780.4512342 0.361994024763 16.705497 0.114602414291
54658.5837735 0.36857459844 16.432705 0.0961194696864
53618.5259249 0.370557128454 16.564652 0.12599023968
55087.4133612 0.370618004118 16.529331 0.0939425934899
54627.6474814 0.375313087511 16.541771 0.0986967969102
53652.4250972 0.377137649741 16.668358 0.160698945697
56486.6269471 0.386076842842 16.556878 0.131584555525
53607.5006716 0.388598860325 16.504855 0.118534882051
53636.5580383 0.397708359748 16.595671 0.134865815546
56115.6421654 0.398905834705 16.617992 0.0937645184524
55087.4236788 0.408969260703 16.455535 0.0917488109617
53618.5367094 0.410644363936 16.56124 0.124213512423
53652.4342709 0.411237345308 16.664736 0.160241413149
56486.6342991 0.413405050769 16.497685 0.121403510747
54627.6606726 0.424346270433 16.436993 0.0958154658101
56115.6528767 0.438720739548 16.560579 0.0921394632274
56486.6417008 0.440917778502 16.518807 0.114726745839
55087.4339885 0.447291690782 16.554207 0.0945910492529
54737.4321174 0.455676966251 16.520566 0.101309785132
54627.6738444 0.473307175837 16.541699 0.0994344916822
54942.7045872 0.473774876123 16.441095 0.090244075525
55438.5223552 0.477517944271 16.51776 0.159633731703
55087.4443188 0.485690270477 16.493134 0.0927832280555
54737.4410183 0.488762589617 16.505705 0.100931702096
54591.6306593 0.497218715572 16.469143 0.0985271273447
56137.7311558 0.505870410019 16.446813 0.0994199548865
56137.7323152 0.510180049935 16.495998 0.101173988203
56137.7328993 0.51235102536 16.48138 0.100667881972
56137.7335162 0.514644182171 16.508482 0.101886159487
54942.7164219 0.517765668126 16.441115 0.0897223204213
54627.6870131 0.522256465326 16.577521 0.183843923378
54737.4500425 0.522306396743 16.306127 0.0945593822422
54591.6405263 0.533895511582 16.499283 0.0994220305844
54681.5008469 0.553605851827 16.426899 0.0958224012967
54737.4589782 0.555521043589 16.42476 0.098301770002
53804.7425971 0.556368171218 16.525133 0.124859946949
54942.7282604 0.5617702264 16.401539 0.0883058296352
54591.6504059 0.570618771711 16.466775 0.0981958877847
53804.7477878 0.575662584028 16.508125 0.123381915959
54681.5090566 0.58412202864 16.545609 0.0996139343721
53804.752965 0.594906658431 16.548875 0.124902026693
54942.7401288 0.605886254897 16.481425 0.0901184377833
54591.6602719 0.607291697463 16.46966 0.0981509567281
54306.4922893 0.609661175262 16.540218 0.131279176293
53804.7581318 0.614112445205 16.588926 0.126639074545
54681.5172445 0.614557412079 16.557448 0.0999349215231
55706.7858125 0.639353870423 16.519823 0.0941160619807
54321.56604 0.640285175817 16.521832 0.106956222332
54681.525426 0.64496865964 16.533539 0.0990812229637
54306.5018805 0.645312672314 16.512092 0.129412381039
55365.6633859 0.653513840226 16.567913 0.0956128565275
53960.5376298 0.661933002257 16.674237 0.113964228104
54306.5114546 0.680900539335 16.575823 0.132528109409
54321.5770162 0.681084898523 16.702284 0.11405474728
55706.7971421 0.681467140085 16.567011 0.0956059962702
53979.3755393 0.684307786563 16.664198 0.136296309417
54178.727008 0.693458183 16.726229 0.158606612313
55004.6410318 0.697672787836 16.615774 0.167201618078
54764.4015833 0.703852309605 16.560634 0.107277373707
53960.5492801 0.705237978695 16.539936 0.108617475847
55736.6678368 0.71379739244 16.592335 0.0900037677951
53979.3841946 0.716480396749 16.681087 0.138433110259
54306.5211482 0.716932351765 16.688348 0.139653782662
54178.7336786 0.71825355632 16.585173 0.147016934049
54705.488777 0.719117249176 16.464722 0.0961741358388
55004.6475185 0.721784498951 16.673329 0.172671783072
54764.4065509 0.722317644696 16.574825 0.107891927156
54321.5884177 0.723465290843 16.589564 0.109610824408
55706.8086816 0.724360870096 16.591123 0.096397925987
54764.4115006 0.74071582219 16.655187 0.111115155289
54178.7403456 0.743035593066 16.699821 0.15428152628
55004.6539812 0.745806768826 16.694268 0.176333658736
54261.6017848 0.747210342823 16.670108 0.127611713655
53960.5609267 0.748529620074 16.658363 0.11359001997
53979.3930229 0.74929622826 16.662408 0.135986027212
53591.4570895 0.753015634099 16.677675 0.152204704518
54764.4166041 0.75968623483 16.638294 0.110515420124
55736.6801845 0.759695002338 16.684555 0.0924324277421
54321.5994633 0.764522714814 16.688564 0.113677370956
54705.5010082 0.764582059421 16.495633 0.0971703725122
55803.400825 0.76692306571 16.690991 0.0843545111206
55706.8203229 0.767632765481 16.734724 0.101127788775
54178.7470489 0.767952289539 16.702674 0.156104781651
55004.6604364 0.769801460072 16.755147 0.183741783477
54247.6188997 0.771441767913 16.728963 0.15121466928
53979.401697 0.78153853553 16.768367 0.142004502182
55365.6979943 0.78215695859 16.678328 0.100599690225
54261.6127617 0.788012689425 16.745116 0.129106915092
53960.5725613 0.791776519454 16.676808 0.114394506478
53591.4678227 0.79291176499 16.69676 0.15320625785
55736.6925576 0.805687263729 16.787405 0.0953937048005
54913.7394515 0.807497077968 16.693374 0.111362887445
56131.6248769 0.808227221409 16.764544 0.104078598391
54705.5132209 0.80997799141 16.537603 0.0985380643207
54247.6304176 0.814255003754 16.673812 0.147374042326
55803.4148803 0.81916792478 16.736751 0.0852356591713
53578.5631093 0.824814387381 16.72186 0.126086288074
54261.6237866 0.828993534461 16.784953 0.128595615794
53591.4782675 0.83173634914 16.725429 0.154965033232
54386.4551736 0.839620384182 16.715145 0.140692855936
55415.483862 0.841157259296 16.803863 0.116889038048
54354.442609 0.845747884021 16.767352 0.143472538199
55055.5277002 0.848458277399 16.723988 0.133385534033
54202.7125165 0.849968478627 16.757752 0.126176779263
56131.6361337 0.850069839442 16.775411 0.105917463584
55736.70494 0.851713940975 16.725965 0.093564299171
54913.7522786 0.85517670232 16.630513 0.149043052633
54705.5254502 0.855435488619 16.740652 0.105519421437
54247.6418843 0.856878083218 16.774179 0.153768190354
53578.5718067 0.857143383366 16.839551 0.131944917434
55766.5686817 0.858199126105 16.775555 0.104655983872
54386.4605414 0.859573032439 16.752731 0.143205753667
54261.6347389 0.869704200297 16.748166 0.12673710542
54354.4492129 0.87029502093 16.702853 0.139744695549
53591.488788 0.870841821436 16.824993 0.161944198925
55803.4289653 0.87152339392 16.763632 0.0858554515618
55055.5359606 0.879162936422 16.730122 0.133629759772
54386.4658899 0.879454219816 16.805504 0.14673558056
53578.580471 0.889349249698 16.792113 0.129684845693
56131.6475447 0.892485552747 16.787994 0.108454195026
54354.455804 0.894794791592 16.735837 0.141862114194
55766.5792848 0.897611776135 16.825379 0.106401942491
54386.4712555 0.899398694531 16.770661 0.144553425347
54247.6533958 0.899667185074 16.827883 0.157381512679
54202.7266155 0.902376003127 16.696172 0.12277860855
54913.7652079 0.903236254353 16.70709 0.110782871355
55055.5443883 0.910489734839 16.670955 0.130482534544
54354.4623943 0.919291591905 16.836758 0.148006672119
53578.5891647 0.921664651502 16.872213 0.134064103355
55415.5056858 0.922278341928 16.79511 0.120657128191
55803.4430883 0.924019932179 16.852833 0.087940607857
54680.5243925 0.924028071883 16.796703 0.14737932277
54299.5840781 0.931155901076 16.778678 0.11955779613
56131.6589327 0.934815651583 16.91682 0.124887993805
55766.5899464 0.937242117682 16.836774 0.10689076463
55055.5527154 0.941442199465 16.777677 0.136312092748
54600.6298468 0.948090118087 16.930528 0.114885454653
53936.6716495 0.949720667812 16.874973 0.123915677231
54913.7782648 0.951769909317 16.821929 0.115161431556
56067.6357121 0.954164933249 16.858792 0.115629741453
54202.7407993 0.955098407961 16.847523 0.129808846052
54299.5923314 0.961834316244 16.803296 0.120098702535
53892.5559399 0.967259404053 16.83685 0.1407774163
53914.6179572 0.973962633094 16.91949 0.147569690768
55766.6005995 0.97684066543 16.949627 0.111295087953
53936.6792014 0.977791864745 16.858945 0.123261892839
56067.6440776 0.985260274227 16.851457 0.115268167595
54299.6005789 0.992491219836 16.93774 0.1268324508
54600.6425022 0.995131296475 16.863696 0.112002685554
53892.5645913 0.999417646179 16.953881 0.14777160718
