54365.71166 0.0619579506865 12.5556 0.056
53876.384771 0.0629464711172 12.5454 0.055
54365.722391 0.0639097101623 12.5612 0.056
53876.391904 0.0642438246105 12.5483 0.055
53876.399059 0.0655451794758 12.5455 0.055
54365.733087 0.0658551038203 12.5569 0.056
53876.406231 0.0668496263077 12.5401 0.055
54365.743806 0.0678046807296 12.5542 0.056
55707.384506 0.0860647538171 12.5523 0.054
55707.389228 0.0869235934628 12.5414 0.054
55707.393991 0.0877898902083 12.5469 0.054
55707.398734 0.0886525493456 12.5485 0.054
53755.61229 0.0967891546837 12.5549 0.054
54602.386852 0.108556458248 12.5389 0.054
54096.563697 0.10919613191 12.5352 0.056
54602.394506 0.109948571473 12.5475 0.054
54096.572528 0.110802318466 12.5442 0.056
54602.402146 0.111338138372 12.5382 0.054
54096.581324 0.112402139204 12.5296 0.056
54602.409804 0.112730979121 12.5399 0.054
54096.59013 0.114003778748 12.5295 0.056
55553.643303 0.123540318173 12.5741 0.053
54140.65128 0.127867073011 12.5532 0.056
54140.656471 0.128811214605 12.5427 0.056
55553.675202 0.129342123737 12.5742 0.053
54052.702521 0.131704205585 12.5338 0.055
54140.677708 0.132673810447 12.545 0.057
54052.713063 0.13362158965 12.54 0.055
54140.683096 0.133653782495 12.5619 0.057
54052.723557 0.135530243449 12.549 0.055
54052.733955 0.137421436725 12.5402 0.055
54888.468076 0.141147985963 12.5203 0.055
54888.474959 0.142399869336 12.5246 0.055
54888.48185 0.143653207752 12.5117 0.055
54888.488743 0.14490690993 12.5009 0.055
53772.542638 0.176089045774 12.5477 0.056
53772.554828 0.178306168876 12.5571 0.056
53772.567017 0.180523110098 12.5509 0.056
53772.579194 0.182737868752 12.5455 0.056
54234.443629 0.186864918819 12.5454 0.056
54234.450654 0.18814262922 12.5397 0.056
54234.457651 0.189415246967 12.5423 0.056
54201.481358 0.191671110612 12.5398 0.054
54201.490053 0.193252561422 12.5411 0.054
54201.498726 0.194830010861 12.5396 0.054
54201.507397 0.196407096539 12.5513 0.054
55647.514593 0.196895991281 12.5741 0.053
55647.546553 0.202708891554 12.5702 0.053
55559.703592 0.22578861559 12.7623 0.054
54014.745507 0.228064122328 12.8169 0.059
54014.753004 0.229427680317 12.7279 0.056
55559.730253 0.230637731179 12.8305 0.055
54014.760566 0.230803060538 12.764 0.057
54014.768077 0.232169164855 12.7863 0.057
54817.559026 0.244175641256 12.8143 0.056
54817.566193 0.245479178685 12.7856 0.056
54817.572138 0.246560458164 12.7787 0.056
55301.47994 0.259945770514 12.5504 0.054
55103.726412 0.292438355247 12.5455 0.055
55103.735593 0.294108199971 12.5399 0.055
55103.744747 0.295773133923 12.5484 0.055
55103.754116 0.297477172179 12.5433 0.055
54977.395234 0.315262537203 12.5253 0.055
54977.399523 0.316042622599 12.5273 0.055
54977.403816 0.316823435517 12.5009 0.055
54977.408147 0.317611159895 12.5359 0.055
54944.439033 0.321172743536 12.5189 0.053
54944.447097 0.322639427759 12.5287 0.053
54944.455165 0.324106839506 12.5288 0.053
54944.463234 0.325574433133 12.5285 0.053
53729.647252 0.374255472238 12.5338 0.056
53729.656238 0.375889850268 12.5491 0.056
53729.665219 0.377523318896 12.5224 0.056
53729.674185 0.379154059318 12.5299 0.056
55879.706248 0.428026618572 12.5653 0.054
55879.718225 0.43020500113 12.5587 0.054
56363.554891 0.43065206336 12.5509 0.053
55879.730235 0.432389385746 12.5658 0.054
56363.566776 0.432813712915 12.5449 0.053
55879.742303 0.434584319428 12.5542 0.054
56363.578621 0.43496808725 12.5541 0.053
56363.59056 0.437139558349 12.5578 0.053
56264.698813 0.450660735422 12.5622 0.052
56264.709836 0.452665603999 12.5654 0.052
56264.720467 0.454599175426 12.5662 0.053
56264.731485 0.4566031346 12.5575 0.052
54186.476911 0.462655025829 12.5462 0.056
54186.485656 0.464245570663 12.5522 0.056
54186.494358 0.465828294637 12.5502 0.056
54186.503059 0.46741083673 12.534 0.056
53757.695423 0.475670393275 12.5462 0.053
53757.708863 0.478114866983 12.562 0.053
55588.605114 0.482411429659 12.546 0.053
53757.733268 0.482553660199 12.5644 0.054
56028.460221 0.483471247241 12.5572 0.053
56028.470747 0.485385721217 12.5436 0.053
56028.481376 0.487318928884 12.5496 0.053
55588.639131 0.48859845809 12.5608 0.053
56028.491876 0.489228673967 12.5549 0.053
54527.537559 0.494930809025 12.5328 0.054
54527.544177 0.49613449407 12.5304 0.054
54527.550782 0.497335814667 12.5308 0.054
54527.557364 0.498532952014 12.5249 0.054
54758.66993 0.533398349542 12.5626 0.056
54758.680208 0.535267717159 12.5609 0.056
54758.690529 0.537144905636 12.5556 0.056
54758.700772 0.539007907434 12.556 0.056
54857.667124 0.539055923883 12.5051 0.053
54857.677893 0.541014594817 12.5078 0.053
54857.688643 0.542969810022 12.5001 0.053
54857.699427 0.544931209162 12.5043 0.053
55627.522227 0.560674783871 12.5661 0.054
54588.397404 0.564148882999 12.5245 0.053
54588.407302 0.56594913603 12.5371 0.053
54588.417155 0.567741204441 12.5282 0.053
55627.564858 0.56842853079 12.5472 0.054
54588.42701 0.569533636612 12.5209 0.053
54929.485101 0.601344351409 12.5456 0.057
54929.493211 0.602819402136 12.5529 0.057
54929.501281 0.604287177643 12.5473 0.057
54929.509354 0.605755498792 12.5411 0.057
55270.514841 0.627998572601 12.516 0.054
56298.667766 0.628950353174 12.5356 0.053
56298.679181 0.631026518901 12.5376 0.053
56298.690847 0.633148336629 12.533 0.053
56298.702163 0.635206496188 12.552 0.053
55677.454402 0.642362947599 12.556 0.053
55677.475665 0.646230272332 12.5393 0.053
54616.350823 0.648330264403 12.5222 0.053
54616.356287 0.649324059368 12.526 0.053
54616.361743 0.65031639929 12.5172 0.053
54616.367191 0.651307284167 12.5214 0.053
53714.68906 0.653652269249 12.5288 0.054
53714.697966 0.655272096841 12.512 0.054
53714.706853 0.656888468704 12.5119 0.054
55204.701203 0.657782229402 12.5338 0.053
53714.715817 0.658518845363 12.5056 0.054
55204.738145 0.664501258249 12.5436 0.053
54836.725606 0.73020249118 12.7697 0.054
54836.729419 0.730896001466 12.8008 0.054
54836.73703 0.73228029383 12.8254 0.054
55144.732402 0.75062766955 12.764 0.055
55144.740844 0.752163104597 12.7337 0.055
55144.749349 0.753709998115 12.7076 0.055
55144.757776 0.755242704955 12.6564 0.055
55980.537164 0.767202438071 12.5238 0.053
55980.548379 0.7692422277 12.5464 0.053
55980.559823 0.771323667962 12.5246 0.053
55980.571107 0.773376007345 12.5506 0.053
54501.596697 0.776794269164 12.542 0.054
54501.601066 0.777588904999 12.5318 0.054
54501.605427 0.77838208579 12.529 0.054
54501.609796 0.779176721625 12.5307 0.054
53814.468417 0.801570028714 12.5443 0.053
53814.474458 0.802668768719 12.5473 0.053
53814.480489 0.803765689919 12.5438 0.053
53814.48651 0.804860792315 12.5418 0.053
54122.616238 0.847644902363 12.5233 0.054
54122.626156 0.849448793004 12.5306 0.054
54122.636104 0.85125814006 12.529 0.054
54122.646009 0.853059666255 12.5339 0.054
56426.377677 0.856890796773 12.5338 0.053
56426.385389 0.858293459068 12.5419 0.053
56426.393256 0.859724312837 12.5283 0.053
56426.401144 0.861158986096 12.5285 0.053
54463.59711 0.865410988054 12.5332 0.056
54463.606948 0.867200328257 12.5273 0.056
54463.616765 0.86898584897 12.5325 0.056
56393.464418 0.870611314857 12.5249 0.053
54463.62664 0.870781918751 12.5263 0.056
56393.47629 0.872770599964 12.5267 0.053
55942.632914 0.873159096679 12.5564 0.054
56393.488515 0.874994088883 12.5357 0.053
55942.644809 0.875322565037 12.5726 0.054
56393.500513 0.877176290932 12.5352 0.053
55942.656717 0.877488397843 12.563 0.054
55942.668895 0.87970333838 12.5759 0.054
54386.739468 0.886505850367 12.5409 0.056
54386.748988 0.888237352576 12.5342 0.056
54386.758729 0.890009050372 12.541 0.056
54386.7683 0.891749828487 12.5349 0.055
54227.42562 0.910426044121 12.5429 0.054
54227.433889 0.911930013844 12.5379 0.055
54227.442098 0.913423070738 12.5393 0.054
54161.494408 0.918825284878 12.5489 0.056
54161.504159 0.920598801479 12.5611 0.056
54161.513934 0.922376683213 12.5429 0.056
54161.523625 0.924139286984 12.5481 0.056
54172.547792 0.929220118308 12.5453 0.054
54172.557664 0.931015642448 12.5477 0.054
54172.567531 0.932810257186 12.5416 0.054
54172.577376 0.934600870552 12.5469 0.054
54909.445863 0.956598041947 12.5099 0.055
54909.453503 0.957987608845 12.5155 0.055
54909.461117 0.959372446852 12.5053 0.055
54909.46876 0.960762559393 12.5115 0.055
53848.422515 0.977157811875 12.5398 0.053
53848.434654 0.979365659072 12.5332 0.053
53848.446793 0.98157350627 12.5505 0.053
53826.465019 0.983517808645 12.5368 0.053
53848.458992 0.983792266295 12.544 0.053
53826.478749 0.986015027693 12.537 0.053
53826.492489 0.988514065544 12.5391 0.053
53826.506211 0.991009829548 12.5515 0.053
54244.3668 0.991696064615 12.5462 0.056
55250.529327 0.993023610268 12.5091 0.053
54244.375931 0.993356815316 12.5449 0.056
54244.385149 0.995033389619 12.535 0.056
54244.39431 0.996699596734 12.5367 0.056
