54418.692824 0.00147234823425 17.1575 0.142
54529.570946 0.00371171586676 17.1394 0.144
54529.574254 0.00711292253364 17.2763 0.154
54529.577573 0.0105254391419 17.2287 0.151
54529.580885 0.0139307585147 17.2041 0.148
56264.694605 0.0164559591058 17.2617 0.117
56264.705576 0.0277360795292 17.3044 0.116
56264.716196 0.0386553101254 17.3017 0.116
56264.726904 0.0496650202225 17.3198 0.118
56028.456667 0.12224500204 17.2415 0.129
56028.467103 0.13297504823 17.199 0.128
54815.640727 0.133834603477 17.2501 0.169
53713.692359 0.136816314282 17.2676 0.153
55245.535375 0.141253922497 17.3703 0.128
54815.648574 0.14190270164 17.3471 0.176
56028.477825 0.14399915279 17.4414 0.141
53713.700056 0.144730186025 17.4479 0.165
54815.656403 0.149952292634 17.4203 0.183
53713.707752 0.15264302959 17.368 0.159
54386.746291 0.154809396716 17.4356 0.197
56028.48834 0.154810424893 17.4604 0.143
56384.45945 0.155811868451 17.5241 0.137
54815.664243 0.158013193561 17.5921 0.198
53713.71545 0.160557929509 17.4277 0.164
54386.756005 0.164797099729 17.4122 0.195
56384.468993 0.165623753344 17.5265 0.138
54463.593097 0.16686167741 17.4976 0.209
55879.699683 0.173863556918 17.2162 0.141
54386.765541 0.174601787388 17.6161 0.215
55208.609453 0.174902014817 17.4617 0.132
56384.47852 0.175419187414 17.6424 0.145
54463.602948 0.176990240557 17.44 0.203
55879.711608 0.186124557374 17.6218 0.168
54463.612757 0.187075620307 17.4209 0.202
54501.550286 0.193537707335 17.6508 0.185
54463.622581 0.197176422696 17.3059 0.191
55879.723645 0.198500713558 17.4914 0.159
55208.633329 0.199450748309 17.5526 0.137
54779.719275 0.200254782056 17.4947 0.164
54501.55692 0.200358627846 17.5072 0.174
54501.5635 0.207124026833 17.4657 0.175
54779.726605 0.207791313155 17.4545 0.161
55879.735723 0.210919024964 17.419 0.154
54501.57011 0.213920271116 17.3177 0.171
55678.430127 0.233308588566 17.2553 0.126
54186.477771 0.243495757749 17.1858 0.181
54186.486522 0.252493327142 17.273 0.189
55678.45128 0.255057598434 17.2916 0.128
54894.539512 0.255682729528 17.2038 0.136
54186.495215 0.261431262321 17.1956 0.182
54894.548086 0.264498311743 17.3781 0.148
54186.503927 0.270388732838 17.2357 0.186
53833.452012 0.27083393311 17.2509 0.132
54894.556727 0.27338278176 17.1866 0.136
54894.565336 0.282234350136 17.2225 0.14
53833.463631 0.282780311665 17.322 0.137
53833.475252 0.294728746573 17.2486 0.132
53833.486891 0.306695688658 17.3738 0.14
54857.64546 0.322098795394 17.3384 0.122
54857.650114 0.326883927141 17.3019 0.121
54857.654757 0.331657748954 17.245 0.119
54857.659403 0.336434655297 17.3043 0.121
53648.733033 0.347187321356 17.2505 0.219
53648.742002 0.356409033149 17.4157 0.245
53648.750989 0.36564925211 17.216 0.218
53648.759921 0.37483292138 17.2188 0.228
53876.381661 0.41007468672 17.2149 0.161
53876.388794 0.417408667118 17.2065 0.161
53876.395937 0.42475292928 17.1048 0.154
53876.403096 0.43211364226 17.2197 0.163
54232.375561 0.434508264486 17.2325 0.224
54232.380443 0.439527820397 17.3019 0.244
54977.393114 0.443779328728 17.2273 0.171
54510.547148 0.443896540807 17.215 0.143
54232.385327 0.444549432662 17.272 0.206
54977.397397 0.448183007133 17.2567 0.173
54232.390203 0.449562819514 17.308 0.244
54977.401694 0.452601080002 17.256 0.173
54510.558945 0.456025934717 17.2364 0.144
54977.405974 0.457001673877 17.249 0.173
54510.570751 0.468164582216 17.24 0.145
53764.597343 0.476106214715 17.2219 0.149
54510.582528 0.480273412603 17.1895 0.141
53764.607225 0.486266651318 17.2638 0.152
54943.397744 0.490551061291 17.1743 0.129
53764.617165 0.496486722142 17.2194 0.149
55649.51089 0.49923914966 17.339 0.147
54943.407409 0.500488383671 17.3937 0.141
53764.627043 0.506643046039 17.2368 0.151
54943.417147 0.510500762912 17.301 0.137
54943.426871 0.52049874769 17.2799 0.136
54365.706811 0.52251808562 17.0291 0.166
54588.44023 0.531704839425 17.2279 0.131
54365.717474 0.53348152779 17.1614 0.175
54588.443733 0.53530654044 17.2135 0.131
53729.644115 0.53803120721 17.3406 0.19
54588.447013 0.538678958172 17.215 0.131
54119.6565 0.539459343862 17.239 0.185
54588.45032 0.54207913667 17.2065 0.131
54365.728144 0.544452167196 17.3681 0.193
54869.535317 0.546966057857 17.3451 0.218
53729.6531 0.547269369819 17.2287 0.18
54119.66524 0.548445603321 17.1968 0.182
54758.665022 0.552774224865 17.2036 0.177
54365.738862 0.55547215905 17.2358 0.18
53729.662095 0.556517814185 17.3033 0.187
54119.673977 0.557428778243 17.2092 0.183
54869.546111 0.558064191102 17.3458 0.218
54161.497941 0.559830597706 17.3217 0.196
54758.675255 0.563295551295 17.196 0.176
53729.67106 0.565735413271 17.3417 0.191
54119.682722 0.566420178577 17.2368 0.186
54869.556947 0.569205507737 17.3451 0.218
54161.50768 0.569844005124 17.2315 0.188
54758.68553 0.573860061123 17.2056 0.177
54161.517454 0.579893398704 17.1991 0.185
54869.56777 0.580333458092 17.2253 0.205
54758.695853 0.5844739234 17.3016 0.184
54161.527104 0.589815298445 17.2124 0.187
55301.453398 0.634830906156 17.4352 0.158
54087.654128 0.635384064922 17.2542 0.193
54087.664442 0.645988673618 17.3251 0.2
54087.67477 0.656607676777 17.4247 0.211
54201.475944 0.664259363603 17.633 0.186
54087.685162 0.667292483217 17.3913 0.208
54201.48461 0.673169538025 17.5653 0.181
54201.501983 0.691032042089 17.6344 0.188
55618.578162 0.694946308646 17.607 0.165
54052.708276 0.704892884613 17.488 0.2
54015.752647 0.70799694838 17.0582 0.168
54015.757908 0.713406183045 17.2657 0.184
54052.718802 0.715715466657 17.4054 0.191
55618.599452 0.716836178647 17.3279 0.148
54015.763214 0.718861685637 17.3831 0.196
54130.53244 0.721841340092 17.4994 0.17
54015.768517 0.7243141037 17.1898 0.178
54837.619998 0.732396596333 17.233 0.13
54130.545712 0.735487293804 17.4211 0.164
54837.631644 0.744370735646 17.3081 0.134
54130.559002 0.749151754693 17.3493 0.159
54837.643321 0.756376748422 17.3436 0.137
54244.363737 0.760464776747 17.2027 0.189
54130.572268 0.762791539353 17.3265 0.157
54837.654964 0.768347803206 17.1707 0.145
54244.372883 0.76986847571 17.1663 0.186
55155.695726 0.770270492582 17.2558 0.122
54244.382085 0.779329752541 17.1954 0.189
55155.706843 0.78170072672 17.2644 0.123
55270.47484 0.783416752699 17.2304 0.143
54244.391238 0.78874064874 17.3137 0.201
55155.717936 0.79310628463 17.2364 0.121
55155.729067 0.804550913232 17.2807 0.123
54915.508312 0.815302551114 17.2051 0.134
53744.507141 0.819839892419 17.2361 0.188
54915.517979 0.825241929847 17.1329 0.131
53744.515869 0.82881381376 17.2171 0.187
54915.527655 0.835190562169 17.1756 0.134
53744.524551 0.837740438998 17.2472 0.208
54915.53736 0.845169011601 17.083 0.129
53744.533269 0.846704078574 17.1659 0.182
55980.535996 0.85135451925 17.3724 0.136
53817.487126 0.856119087479 17.3089 0.164
55980.547218 0.862892711882 17.3399 0.134
53817.494128 0.863318376802 17.2865 0.163
53817.501088 0.870474482727 17.1774 0.155
55980.558641 0.87463756792 17.3005 0.132
55588.603032 0.8752328819 17.2728 0.124
55942.629368 0.876664103088 17.351 0.147
53817.508058 0.877640870418 17.3295 0.166
55980.569921 0.886235394766 17.214 0.128
55942.641227 0.888857243918 17.3021 0.144
55942.653199 0.901166568653 17.2945 0.144
55588.63703 0.91018881427 17.3242 0.127
55124.709522 0.910994904362 17.2621 0.161
55942.665285 0.913593105471 17.2306 0.14
54172.544558 0.917698612792 17.3119 0.159
55124.71802 0.919732345193 17.1835 0.155
55553.637698 0.924710774056 17.1492 0.119
54172.554418 0.92783642952 17.3142 0.16
55200.58855 0.928000937703 17.0739 0.161
55124.726508 0.92845950426 17.2113 0.157
55124.734957 0.937146564458 17.1935 0.156
54172.564292 0.937988640718 17.227 0.154
56298.662981 0.941929639857 17.3884 0.131
56415.377442 0.944953505878 17.1778 0.165
54172.574129 0.948102809394 17.3047 0.161
56415.384235 0.95193790639 17.1 0.184
55200.612506 0.952631925284 17.0356 0.159
56298.674339 0.953607664439 17.2722 0.126
55553.669542 0.957452015029 17.1484 0.118
56415.391059 0.958954180366 17.3822 0.249
54418.653373 0.960909771381 17.2501 0.149
53859.413782 0.964106370999 17.2183 0.16
56298.685919 0.965513944134 17.2714 0.125
56415.397869 0.965956059871 17.3693 0.262
53859.419064 0.969537197363 17.318 0.168
54418.666581 0.974489921821 17.2368 0.147
53859.424335 0.974956713793 17.2262 0.162
56298.6974 0.977318434378 17.3565 0.129
53859.429611 0.980381371098 17.3621 0.172
54418.679712 0.9879909027 17.2306 0.146
