54358.6828984 0.00629228508266 18.002428 0.123440764546
53717.4818895 0.00738609189923 17.972823 0.197621308643
53717.489459 0.0222133793359 17.788032 0.18134565305
53717.4970365 0.0370562656538 18.113281 0.212338188428
54358.7005549 0.0408781289689 18.003737 0.123607227325
54014.6164437 0.0412098663103 18.160813 0.184587212914
55154.590392 0.0477277618873 17.908372 0.130362657368
53993.6914204 0.0528053243856 18.014538 0.170562673125
54014.6252073 0.0583762930836 17.934516 0.172204538918
53993.7002489 0.0700987110538 17.972081 0.167574059794
54014.6339015 0.0754066665186 18.192079 0.205857260294
55154.6047195 0.0757928348485 18.106762 0.141729389351
53605.7179488 0.081674162302 18.19765 0.168938848471
53993.7091106 0.0874571649134 17.995394 0.169281746693
53605.7286004 0.102538817394 18.243956 0.172653382871
55154.6190848 0.103931818074 18.078642 0.140701751232
53993.7179627 0.104797028175 18.051147 0.173320171075
53605.7394155 0.123723617896 17.874753 0.146430411644
55154.6334484 0.13206762704 18.063343 0.140511031011
54056.5281059 0.138713085651 18.109763 0.183413948085
53967.6998345 0.139904406765 18.064814 0.174766609086
53605.7504863 0.145409369223 18.25898 0.173506947657
54056.5356193 0.153430439457 18.268202 0.197434502965
54126.4779386 0.158013107039 18.079589 0.153133497075
53967.7093023 0.158449989073 18.005366 0.169696386484
54056.5431973 0.168274527914 18.090198 0.181204729959
53967.7187851 0.177025270855 17.965849 0.166856561366
54126.4878064 0.177342263372 17.950008 0.145142642425
54056.5508253 0.183216352007 18.177543 0.188743040364
53967.7284154 0.195889161621 18.057933 0.174479772357
54126.497679 0.196680941729 17.99495 0.148567728826
56220.613447 0.197578552128 18.882561 0.417558580265
54126.507551 0.216018463412 18.015907 0.150083680914
53646.6280381 0.21727399668 18.30559 0.240658061559
53646.6355842 0.232055419659 18.268856 0.235915769019
54420.5715131 0.235097628361 18.2059 0.191379194017
53646.6431452 0.246866066898 18.300013 0.239543891845
54420.5809806 0.253642756419 18.064383 0.180079777688
53646.6506778 0.261621078682 18.19813 0.226965407414
54420.5904477 0.272187227489 18.191354 0.194726722491
53687.5048081 0.287607228531 18.109041 0.268748137473
54696.7850336 0.288331837304 18.089685 0.13373967379
54420.6000049 0.290908060748 18.25627 0.221303275239
53687.5115043 0.300723766672 18.100002 0.266176816034
54696.7958618 0.309542324827 18.230656 0.140839845682
53687.5181853 0.313810785729 18.029777 0.257461249107
56220.6730367 0.314304166871 18.047666 0.133128584951
55102.6552237 0.315956090187 18.008337 0.141365634499
53687.5248754 0.326915489436 18.396557 0.312510185152
54696.806607 0.330590256744 18.09224 0.132084539076
56220.682151 0.332157336799 18.101208 0.135872795388
54736.6287466 0.335089883959 18.026444 0.152021356813
55102.6660515 0.337165920152 18.040742 0.14441605549
56220.6913239 0.350125474914 18.168451 0.139326604713
54736.6369927 0.351242392517 18.122718 0.158496960057
54696.8173917 0.351715521389 18.006752 0.127392342051
54464.5379587 0.357556694559 18.395704 0.208520309379
55102.6769893 0.358591107348 18.034727 0.143291302735
54736.6453457 0.367604408889 18.053438 0.153915999053
56220.700336 0.367778681984 18.057608 0.133931014672
54464.5468696 0.375011525025 18.208069 0.189818485668
55102.6878378 0.379841292369 18.146537 0.150548360347
54736.653481 0.383540177669 18.081088 0.1555247993
54464.555753 0.392412601682 17.986719 0.171633243192
55488.6416836 0.394884042822 18.191131 0.110364328952
54464.5646335 0.409807783272 18.052262 0.177411802563
55800.593615 0.453318529 18.102717 0.134586517497
54776.5176578 0.47038307625 18.27217 0.148006672119
55800.6054938 0.47658702626 17.946415 0.12613296062
54776.5219251 0.478741942661 18.170156 0.141537986727
54776.526205 0.487125521977 18.048933 0.134357933653
55488.6897627 0.489062591669 17.971863 0.103063290627
54776.5304744 0.495488469408 18.238628 0.145382825833
54756.6214494 0.497244096121 18.173927 0.149401803074
55800.6174736 0.500053219647 17.652676 0.112990186072
54756.6327284 0.519337685247 18.084253 0.143329389117
55800.6294297 0.523473140734 17.551941 0.108986898801
54756.6440165 0.541448958808 17.895641 0.132478538427
53979.652867 0.553772278655 17.82836 0.168836440953
54756.6553274 0.56360514483 17.393995 0.108555145158
53979.6635513 0.574700959223 17.781175 0.164104360003
53979.6743083 0.59577201581 17.499601 0.137646701283
53979.6850834 0.616878441098 17.255149 0.124172354692
54337.5735568 0.656840883263 17.305637 0.130858250953
53665.7471236 0.668167192473 17.188945 0.127866464812
54337.5801313 0.669719052493 17.265464 0.12871557958
53665.7514826 0.676705708381 17.264855 0.132266902724
54337.5866984 0.682582938373 17.415782 0.136521867953
53665.7561484 0.685845246434 17.178755 0.12808908401
54387.6203961 0.689711313499 17.300569 0.129023801748
54337.5932809 0.695476750752 17.366085 0.13334559708
54274.8063222 0.706974926067 17.595343 0.143329389117
54387.6307596 0.710011514907 17.379643 0.133114169266
55864.5422768 0.717390379538 17.563662 0.0995699741705
54274.8143358 0.722672166497 17.599189 0.143386583066
54387.641129 0.730323278843 17.376295 0.133211614045
54274.8223385 0.738348096118 17.568643 0.141176050335
55864.5550398 0.742390802731 17.601723 0.100820455284
54387.6515639 0.750763364653 17.43673 0.136517899608
54274.8303234 0.753989112658 17.810515 0.156423795643
55864.5678256 0.767435911188 17.677638 0.104172740551
55568.4758862 0.775909356373 17.790927 0.129299511754
54087.4901438 0.787846800748 17.563978 0.150599680269
55864.580556 0.792372628199 17.749917 0.106212033068
54087.4990968 0.805384133084 17.542519 0.149296619593
54087.5080542 0.82293008171 17.66955 0.15880604416
53636.7293634 0.827528134262 17.668118 0.133919949794
55568.5043068 0.831580177219 17.777527 0.133905197604
54087.5170108 0.840474465034 17.740535 0.164181715113
53636.7398337 0.848037639961 17.706369 0.135927414743
53636.7502743 0.868488856781 17.690842 0.135193213565
53636.7608631 0.889230496633 17.879907 0.146425260511
54040.5883709 0.91560298836 17.911896 0.170819304866
55519.5385969 0.916450377482 17.784753 0.0971926823343
55519.5413632 0.921869083396 17.85911 0.100847100557
54810.4445384 0.927117088119 17.972679 0.167234610771
54358.6471826 0.936331333108 17.830438 0.115680909111
54040.5995465 0.937493871686 17.753041 0.158702780514
54810.4537581 0.945176819395 17.88997 0.160886126864
54040.6107267 0.959394073314 17.77035 0.159753210974
54810.4622449 0.961800918566 17.859973 0.158826720239
54358.6651977 0.971619586415 17.929947 0.120141837101
54810.4707827 0.978525021885 17.89617 0.161613233425
54040.6217863 0.981057787108 17.837578 0.164073451472
53717.4741904 0.992304904255 17.810464 0.183054450217
