54306.598024 0.00583486088617 15.1559 0.082
54057.431435 0.00938298742233 15.305 0.087
54769.417419 0.0139195733242 15.1947 0.081
54641.718289 0.023616064659 15.109 0.075
56242.464024 0.0240549701395 15.2197 0.066
54009.447496 0.0311217169647 15.0919 0.081
54057.438896 0.036901253639 15.251 0.087
54306.607647 0.0413271910984 15.0654 0.08
54416.415927 0.0451445621827 15.1868 0.074
54769.426541 0.0475640746616 15.0521 0.078
54262.689758 0.0598017917621 15.0855 0.084
54057.446416 0.064637128441 15.1374 0.083
56242.475323 0.0657288596827 15.1214 0.065
54009.456951 0.0659944159361 14.9771 0.078
55022.666364 0.0672484315406 15.0195 0.067
54416.425756 0.081396678316 15.0633 0.072
54769.435721 0.081422496302 15.0336 0.078
54231.787286 0.0827945369071 15.0524 0.082
54622.757138 0.0895588446793 14.9512 0.071
54009.466378 0.100763843025 15.0346 0.079
54262.701709 0.103880440672 14.9987 0.083
56242.486657 0.107531839086 15.0791 0.065
54769.444879 0.115199775755 14.9428 0.076
55022.6797 0.116435349958 14.9687 0.067
54416.435568 0.117586093701 15.0611 0.072
54231.798893 0.125604417076 15.0117 0.082
54622.767735 0.128643560812 14.9967 0.073
54262.713761 0.148331605978 14.9487 0.082
56242.498038 0.149508167684 15.0626 0.065
53578.656359 0.152259625487 15.0508 0.075
54416.445393 0.153823456731 15.0319 0.072
55022.692907 0.165146480071 14.9643 0.067
54622.778303 0.16762131678 14.9529 0.073
54231.810581 0.168713048018 15.0475 0.082
54672.66662 0.169764208188 14.9897 0.074
53578.66651 0.189699368201 15.0089 0.075
53892.634224 0.190923877562 14.9925 0.076
54262.725711 0.192406566606 14.9751 0.083
53968.551844 0.196456299399 14.9934 0.078
54672.676031 0.204474622784 14.9601 0.073
54622.78887 0.206595384466 14.9308 0.071
54231.822191 0.211533993035 15.0738 0.083
55022.706094 0.213783844588 14.9931 0.067
53892.642946 0.223093066393 14.9988 0.076
54711.453496 0.226670699188 14.9956 0.067
53578.6767 0.227282953878 15.0075 0.075
53968.560537 0.228518528065 14.9843 0.078
54672.685555 0.239601813139 14.9681 0.074
53993.509232 0.246321861531 14.9855 0.078
53848.726869 0.248250832617 14.9732 0.065
53892.651669 0.255265943507 15.0006 0.076
54711.462342 0.259297234885 14.9893 0.067
53968.569227 0.260569691911 14.9782 0.078
53578.68687 0.264792773905 15.106 0.076
53567.571343 0.267603244218 15.0219 0.08
56074.702415 0.272062376204 15.0965 0.071
54672.695073 0.274706873853 15.0312 0.075
53993.517205 0.275728527729 15.0384 0.079
53979.418596 0.276093667595 14.9914 0.078
53892.660539 0.287980997957 15.0358 0.077
54711.471103 0.291610266706 15.0041 0.068
53968.57791 0.29259503778 15.0063 0.079
53567.578499 0.293996584656 14.9616 0.079
53993.5252 0.305216336115 15.0506 0.079
53848.742833 0.307130554071 15.0418 0.065
56074.712349 0.30870176189 15.0932 0.07
53979.427749 0.309852505636 15.0065 0.079
53567.58564 0.320334600857 15.061 0.081
54711.47986 0.32390854537 15.0095 0.068
53993.533162 0.334582431234 15.0423 0.079
53979.436992 0.343943288991 15.0162 0.079
56074.722318 0.345470237408 15.1087 0.071
53567.592992 0.347450844418 15.1123 0.082
53942.567502 0.358895581057 14.8998 0.077
53848.758879 0.366312714609 15.0502 0.065
53979.446221 0.377982436392 15.0912 0.08
56074.732298 0.382279284034 15.1163 0.071
53942.578591 0.399794931549 14.9032 0.077
55437.585191 0.404567567455 15.1721 0.082
56146.589468 0.411730209592 15.197 0.068
55055.566567 0.412449424443 15.1449 0.079
53914.656439 0.415045974413 15.1341 0.08
55105.455078 0.415307842382 15.0726 0.072
53848.7749 0.425402668084 15.1127 0.066
54980.741304 0.435836815689 15.1232 0.079
53942.589778 0.441055733616 15.1466 0.081
55055.574875 0.443091664841 15.147 0.08
53914.665204 0.447373759337 15.1764 0.081
55105.465718 0.454551154608 15.1251 0.073
56146.601304 0.455384706179 15.221 0.069
53620.49509 0.465265611554 15.1465 0.091
54980.751502 0.473449907599 15.1685 0.08
55055.583236 0.473929384156 15.1019 0.079
56177.515252 0.474718676333 15.2559 0.066
53914.674142 0.480339616941 15.1589 0.08
53942.60048 0.480527719275 15.1466 0.081
55437.60728 0.486038011407 15.2651 0.084
55105.476332 0.493698571516 15.1084 0.073
53620.50328 0.495472634781 15.1581 0.09
56146.614055 0.502413980048 15.2432 0.069
55055.591622 0.504859310506 15.2523 0.082
53937.726776 0.504936764424 15.159 0.138
54980.762035 0.512298573734 15.2471 0.082
53914.683021 0.513087865906 15.2043 0.081
56177.526568 0.516455266679 15.2928 0.066
53620.511726 0.526623857998 15.2036 0.091
54686.592534 0.532451342355 15.2166 0.071
55105.486933 0.532798040779 15.142 0.074
53937.736657 0.541380671192 15.2093 0.139
53591.50513 0.542140457111 15.2515 0.09
56146.626012 0.546514758653 15.2736 0.07
54980.772422 0.550608750816 15.2069 0.081
53620.51991 0.556808751557 15.207 0.09
56177.537952 0.558442660125 15.353 0.067
54686.599617 0.558575438253 15.2784 0.072
54597.669927 0.560869549185 15.2269 0.077
55502.432071 0.578097510783 15.3269 0.07
53937.746712 0.578466338895 15.2163 0.144
53591.515836 0.581627195899 15.2549 0.09
54686.606681 0.584629456811 15.3271 0.073
54597.677394 0.588409945069 15.2127 0.077
56177.549236 0.600061225458 15.351 0.067
54686.613762 0.610746176171 15.3152 0.072
53937.756474 0.61447134021 15.3401 0.149
54597.684844 0.615887640206 15.2795 0.078
54322.489215 0.617016254254 15.2902 0.075
53591.526594 0.621305725322 15.3115 0.106
54386.482206 0.641163431425 15.3194 0.086
54351.507117 0.643199362662 15.3267 0.1
54597.692263 0.643250998585 15.3095 0.079
54322.50079 0.659708109411 15.3131 0.075
53591.537278 0.660711321923 15.2736 0.099
54386.488969 0.666107277334 15.3907 0.088
55502.457558 0.672100734337 15.4302 0.072
54351.516096 0.676316439767 15.3215 0.131
56407.7612 0.6865256022 15.3914 0.068
54736.522183 0.687038273291 15.3523 0.08
54386.495752 0.691124888893 15.3323 0.086
54197.79007 0.691501093579 15.2432 0.089
53878.673943 0.701481582567 15.3368 0.082
54322.512427 0.702628638027 15.3862 0.077
55750.550439 0.708415551258 15.4301 0.067
54351.526075 0.71312179811 15.3525 0.09
54386.502498 0.716006034028 15.3502 0.087
54736.53141 0.721070044154 15.3627 0.08
54197.798199 0.721483131629 15.3733 0.093
54351.531389 0.732721324542 15.3913 0.091
53878.68275 0.733964275301 15.4228 0.083
56407.775357 0.738740599481 15.3848 0.068
54322.524028 0.745416388502 15.4269 0.077
54197.806397 0.751719661115 15.4569 0.094
54736.541055 0.756643516554 15.4073 0.081
53878.691567 0.76648385086 15.3101 0.081
55089.555029 0.771455653954 15.4136 0.076
53636.577245 0.780775940599 15.5169 0.091
55750.570124 0.781019367151 15.4137 0.067
54736.5503 0.790741676474 15.4319 0.082
56407.78953 0.791014609282 15.4394 0.068
55089.561416 0.79501270611 15.3689 0.076
54302.473972 0.795171302214 15.5634 0.106
53878.700445 0.79922841157 15.355 0.082
55707.74064 0.813837693503 15.4362 0.072
54302.479421 0.815268746591 15.4379 0.09
53962.483995 0.81652276223 15.4043 0.078
55089.567826 0.818654588763 15.4068 0.076
53636.589093 0.824474696549 15.5347 0.092
55089.574227 0.842263276874 15.3502 0.075
53607.583503 0.843701706567 15.4693 0.085
56407.803849 0.843827108136 15.4437 0.068
55750.59 0.854327644755 15.4235 0.067
53702.48169 0.854903016641 14.7015 0.137
53653.40964 0.863382375166 15.4111 0.092
53962.497177 0.865141685307 15.3982 0.077
53636.600899 0.868018544662 15.6075 0.094
55707.755695 0.869364767317 15.4709 0.072
53702.487864 0.877674464925 15.3172 0.09
55807.533691 0.878673989116 15.453 0.083
53607.596882 0.893047221051 15.346 0.082
53636.612711 0.911584522496 15.4695 0.091
53653.423147 0.913199989671 15.3931 0.092
55807.543194 0.913723725593 15.4473 0.082
53962.510415 0.91396715215 15.3767 0.077
55707.7708 0.925076255202 15.3746 0.071
55750.609845 0.927521585656 15.3396 0.066
54641.692682 0.929170247369 15.3102 0.078
54306.578679 0.934485060604 15.3249 0.086
53607.610231 0.942282087113 15.387 0.083
55807.552935 0.949651273002 15.3548 0.081
53653.433915 0.952915401892 15.4265 0.093
54641.701202 0.960594403383 15.2716 0.078
53962.523623 0.962681970572 15.3481 0.076
54306.588249 0.969781911926 15.2409 0.084
55707.785816 0.98045948608 15.2573 0.069
54057.424018 0.982027005581 15.412 0.09
55807.562677 0.985582508695 15.2851 0.079
53607.62354 0.991369421931 15.4071 0.083
53653.444422 0.99166817271 15.3436 0.091
54641.709723 0.992022247706 15.1664 0.076
54009.438078 0.996385484391 15.2126 0.083
