53647.74147 0.0398457999354 18.5093 0.413
54736.687405 0.0479572867294 18.6785 0.311
53647.751258 0.0584700628437 18.9503 0.555
54087.641402 0.065999303592 18.3984 0.343
54936.409008 0.0712147822064 18.5559 0.306
53647.761218 0.0774216013301 18.5083 0.41
54936.412346 0.0775662114587 18.8705 0.364
54936.415683 0.0839157379593 18.7193 0.336
53744.479991 0.110508780311 18.3434 0.321
53744.489157 0.127949523461 18.1632 0.291
53713.486265 0.136734589032 18.4964 0.273
54056.677967 0.149861764138 18.4548 0.326
53713.494489 0.152382927628 18.2844 0.245
54056.685897 0.164950689855 18.4714 0.329
53713.502684 0.167976086051 18.3317 0.25
54756.721537 0.168200612307 18.2527 0.22
53834.381953 0.172807206146 17.899 0.172
53636.777528 0.178041712412 18.6821 0.321
53713.510898 0.183605397005 17.9043 0.202
53636.781434 0.185473912138 18.335 0.266
53834.39177 0.191486649256 18.3266 0.211
54756.733938 0.191796799927 18.0349 0.198
54844.501502 0.192837612335 17.7161 0.158
53765.549811 0.201422887594 18.4058 0.265
53974.72069 0.204431158923 17.7572 0.222
53834.401597 0.210185119993 18.3668 0.216
54756.746345 0.215404404141 18.0164 0.196
53765.558606 0.21815770496 18.3665 0.259
54844.514852 0.218239523854 17.8764 0.169
53974.730366 0.222842312172 17.9749 0.247
53834.41142 0.228875979682 18.5316 0.235
53765.567377 0.234846855967 18.21 0.239
54756.75873 0.238970147526 18.0905 0.203
53974.740033 0.241236340532 18.1151 0.265
55084.704594 0.24285178794 17.9433 0.234
54844.528226 0.243687101734 17.9508 0.176
53765.576205 0.251644464569 18.3884 0.264
55084.713026 0.258895901632 18.1466 0.26
53974.749717 0.259662715892 18.0143 0.251
54844.541605 0.269144193427 18.0321 0.182
55084.721508 0.275035153588 17.802 0.217
54384.690571 0.280733934481 18.0258 0.27
55084.73 0.291193433186 17.9076 0.229
54464.581381 0.294163649207 18.1312 0.268
54384.701368 0.301278087194 18.1032 0.28
54385.75491 0.305920833571 18.1299 0.268
55123.63074 0.310156388251 18.1596 0.241
54464.591922 0.314220694092 18.0704 0.26
54385.762002 0.319415242296 18.2091 0.28
54894.498882 0.326097752646 18.1751 0.212
55123.639134 0.32612819688 18.1879 0.244
54385.769134 0.332985761616 17.9686 0.247
54464.602461 0.334273933459 18.1812 0.276
55274.477615 0.336296572558 18.4544 0.321
55123.647522 0.342088588929 18.1321 0.237
54894.507447 0.342394934087 18.2732 0.224
54464.612991 0.354310047936 18.388 0.375
55123.655932 0.358090841807 18.2204 0.247
55303.394402 0.358144119218 18.0871 0.209
54894.516034 0.358733976343 18.1179 0.211
54894.524632 0.37509394902 18.3994 0.246
56393.43197 0.443376570492 18.2428 0.189
56393.446363 0.470763065818 18.5614 0.223
56393.453599 0.484531472686 18.5812 0.226
55153.682805 0.492171073783 18.4372 0.301
55153.692844 0.511272930693 18.4271 0.3
55153.713206 0.550017029749 18.4074 0.298
55681.37814 0.572336462116 18.2116 0.23
56241.62432 0.589107432016 18.3937 0.181
55681.388796 0.59261232497 18.4373 0.25
54780.594957 0.593706414795 18.6309 0.261
54210.377403 0.603754916268 18.7248 0.322
54780.604742 0.612324969421 18.4605 0.239
54780.614578 0.631040565048 18.9454 0.307
54190.424699 0.638449931603 18.78 0.404
54210.397097 0.641227968365 18.5973 0.306
54511.543318 0.651689369832 18.6256 0.29
54810.617416 0.719387842478 18.8613 0.304
54360.750354 0.728129144468 18.6368 0.278
55550.610231 0.751748165258 18.8986 0.297
53729.580592 0.760455217475 18.6765 0.373
54810.639048 0.760548452954 19.215 0.367
54108.573215 0.894318534258 18.892 0.439
54528.491159 0.899446485685 18.5104 0.264
54108.581809 0.910670895886 19.3393 0.57
54528.499337 0.915007297107 18.2239 0.228
54868.537929 0.928507414122 18.5952 0.253
54868.543423 0.938961204534 18.9911 0.311
54108.599043 0.943463146304 18.6932 0.393
55627.442083 0.944699943493 18.9778 0.407
54127.520222 0.946018559569 18.9797 0.352
53818.496596 0.946707360462 18.8586 0.365
54079.699881 0.955151831129 18.9029 0.455
54127.527805 0.960447225862 18.5879 0.284
53818.50749 0.967436081379 18.6453 0.325
54127.5354 0.974898725341 18.7745 0.314
54079.710407 0.975180334543 18.8707 0.45
54079.715667 0.985188877954 17.9637 0.272
55596.462375 0.997598710694 19.1196 0.443
