53919.767866 0.00163059230243 17.1516 0.285
53701.537195 0.0110003875796 17.2922 0.185
53993.66646 0.0149895774917 17.19 0.166
53919.779724 0.0223324802246 16.8937 0.214
53701.544867 0.0243942890941 17.295 0.186
55164.471895 0.026028373022 17.088 0.111
53993.675222 0.0302864186078 17.2235 0.168
53701.552546 0.0378004113259 17.2216 0.18
54759.51312 0.042458248826 17.0753 0.153
55164.483467 0.0462309575209 17.4067 0.126
54759.521776 0.057570033431 17.2122 0.162
55164.495096 0.0665330535487 17.0977 0.112
54759.53045 0.0727132427246 17.3974 0.177
55164.506704 0.0867984874376 17.1622 0.115
54759.539158 0.0879158097748 17.8773 0.224
53598.496993 0.12175147261 17.2277 0.174
53598.507531 0.14014888322 17.4998 0.198
53583.620089 0.149412183709 17.9916 0.305
53598.518061 0.158532327295 17.2471 0.175
54350.606197 0.166147577346 17.325 0.177
53583.63072 0.167971955224 17.3664 0.214
53598.528943 0.177530298648 17.2679 0.176
54350.614242 0.18019266829 17.3205 0.176
53583.641359 0.186545693261 17.389 0.326
54350.622162 0.194019532204 17.3797 0.182
53957.688555 0.204181928024 17.4777 0.188
53583.652078 0.205259096587 17.3928 0.387
54350.62999 0.207685781042 17.3238 0.177
53957.697016 0.218953278479 17.5853 0.197
53618.601371 0.220299302729 17.6931 0.197
54097.464207 0.22677278902 17.61 0.219
53618.607187 0.230452969475 17.5324 0.183
53957.705519 0.233797953224 17.5047 0.189
54463.486674 0.234707523433 17.2973 0.18
54097.469971 0.23683567332 17.5479 0.213
53618.612752 0.240168436357 17.6609 0.194
54463.491979 0.243969078115 17.5095 0.199
54097.475724 0.246879353649 17.6677 0.228
53957.714064 0.248715952234 17.4846 0.188
53618.618345 0.249932786096 17.5924 0.188
54463.497286 0.253234124431 17.3326 0.183
54097.481478 0.256924779781 17.5994 0.22
54463.502598 0.26250789983 17.4991 0.199
54256.732385 0.279730376172 17.3224 0.163
55506.582923 0.288986693406 17.5365 0.126
54322.613665 0.296333087764 17.591 0.159
54256.742255 0.296961581579 17.2121 0.158
53968.625321 0.297764657012 17.6013 0.201
53968.634598 0.313960593446 17.6852 0.21
54322.624246 0.314805568468 17.6843 0.166
55506.600352 0.319414523111 17.2271 0.113
53968.643845 0.330104155403 17.6855 0.209
54307.741396 0.332085656733 17.5072 0.192
54322.634802 0.333234403766 17.6139 0.16
53878.717446 0.335144326639 17.4973 0.18
54256.765121 0.3368814137 17.6182 0.19
53979.533536 0.341502589063 17.5603 0.198
54696.677934 0.343775641687 17.1579 0.122
53968.653073 0.346214546854 17.7344 0.215
54307.749892 0.346918110761 17.4961 0.196
56272.448244 0.349034039936 17.5554 0.126
53878.725953 0.349995984638 17.686 0.196
54322.645557 0.352010656481 17.5981 0.159
54256.774954 0.354048023925 17.3701 0.176
55778.700559 0.356350755424 17.6459 0.15
53979.542362 0.356911162413 17.8182 0.224
54307.758293 0.361584712249 17.3964 0.216
54696.688915 0.362946448847 17.5648 0.144
53652.479117 0.364615449094 17.7692 0.268
53878.73439 0.364725435503 17.4837 0.178
56272.459463 0.368620351341 17.2919 0.114
53979.551155 0.372262123835 17.7303 0.215
55778.711759 0.375903896323 17.6637 0.151
54307.766721 0.376298450776 17.5327 0.361
53878.742925 0.379625976359 17.6659 0.193
54696.699926 0.382169630496 18.0814 0.181
53652.489396 0.382560693307 17.7102 0.259
55820.531068 0.384728996967 17.5737 0.134
53979.559945 0.387607847808 17.8628 0.241
56272.470751 0.388327124063 17.5764 0.127
55778.723033 0.395586227623 17.6073 0.149
53652.499663 0.400484987744 17.8056 0.273
56272.482038 0.408032150968 17.6885 0.134
55820.54513 0.409278663694 17.3959 0.125
55778.734279 0.415219676054 17.4697 0.142
53652.509893 0.418344686975 17.6493 0.249
55820.559277 0.433976724793 17.8198 0.148
55820.573442 0.458706210582 17.5053 0.13
55489.524437 0.508006312885 17.5005 0.135
54816.508246 0.545469781678 17.7378 0.204
54816.512105 0.552206886214 17.486 0.181
54816.515911 0.558851462488 18.0032 0.233
54816.519736 0.565529209267 17.8333 0.215
55489.562426 0.574328122662 17.1238 0.117
53998.580439 0.593893484274 17.5398 0.317
56174.663336 0.634562271526 17.8616 0.139
54776.469419 0.645038914257 17.8281 0.172
54734.655547 0.645705816029 17.9837 0.215
54776.47526 0.655236226396 17.7941 0.172
56174.675362 0.655557456572 17.8262 0.136
54776.480589 0.664539680667 17.7765 0.169
54734.668168 0.667739761669 17.8424 0.199
54776.485945 0.673890271977 17.4428 0.145
56174.687446 0.676653898951 17.8884 0.139
56271.49751 0.689227266871 17.7529 0.14
54734.680799 0.689791165488 17.8031 0.196
56174.699508 0.697711933362 17.8067 0.135
54741.559234 0.698274086167 17.6943 0.162
56271.508742 0.70883627388 17.8648 0.153
54387.576412 0.709346052203 17.7335 0.222
56224.539937 0.709937883878 17.6529 0.126
54734.693443 0.7118652649 17.6989 0.187
54741.570327 0.717640424738 17.8343 0.173
55103.581937 0.723356226821 17.5475 0.192
56224.548404 0.724719709233 17.5876 0.123
54387.585292 0.724848899632 17.7417 0.222
54741.581538 0.737212769609 17.816 0.172
56224.556941 0.739623741721 17.7262 0.129
54387.594167 0.740343017976 17.8356 0.234
55103.592301 0.741449865406 17.8463 0.223
54387.603063 0.75587379846 17.7922 0.23
56224.566314 0.755987276512 17.3889 0.117
54741.592706 0.756710044398 17.7656 0.168
55103.602701 0.759606353394 17.6009 0.197
55103.613084 0.777733162484 17.6554 0.203
54017.589981 0.781058942254 17.5482 0.198
54017.599044 0.796881274044 17.5687 0.199
54017.607997 0.812511566044 17.6182 0.204
54017.61704 0.8282989815 17.6048 0.204
54079.482324 0.833711011569 17.8094 0.208
54079.495447 0.856621356934 17.7732 0.204
54079.508599 0.879582330959 17.3653 0.168
54079.521697 0.902449030905 17.2607 0.162
54055.48137 0.932457864743 17.3589 0.182
54055.487637 0.94339889456 16.9767 0.153
54055.493994 0.954497047833 17.0614 0.159
53919.743846 0.959696088334 16.9122 0.207
54055.500269 0.965452044183 16.9388 0.151
53701.529437 0.997456345876 17.26 0.182
53993.657741 0.99976780647 17.2503 0.17
