54109.6500358 0.00408734425392 17.39309 0.169540490241
54857.6172844 0.0101425291132 17.125026 0.126435074952
54531.5658705 0.011590384292 17.295808 0.135709436987
55113.7597736 0.0183353828512 17.198717 0.170712955648
54531.5699118 0.0248280891737 17.246062 0.133208000884
55979.5701893 0.0258811799832 17.137226 0.125969904869
54869.5286959 0.0265970176088 17.20847 0.203774598358
54087.6773985 0.0315582206392 17.036462 0.174251443373
54531.5739563 0.0380759934612 17.177227 0.129710913825
54736.7319943 0.0440179906404 17.24104 0.156039959859
54109.6624395 0.0447163646667 17.325718 0.16522270833
54210.4090345 0.0454859301865 17.152289 0.149412895251
55113.7683215 0.0463344581503 17.236931 0.174403546447
54857.6302705 0.0526789912485 17.252502 0.133283973927
54869.539651 0.0624812644951 17.259654 0.20905241351
54087.6877977 0.0656214643711 17.161437 0.185142538507
54014.7236181 0.0676144415742 17.232204 0.177351325126
55979.5834729 0.0693923456944 17.259465 0.132429038939
54210.4166088 0.0702961184627 17.313578 0.160584127169
54736.7402101 0.0709290053358 17.357862 0.164228187055
53877.3434051 0.0715022267156 16.999269 0.145247547172
55113.7771828 0.0753598731543 17.385582 0.189003800791
56298.6159923 0.0771861519377 17.150957 0.12094159648
54014.7281175 0.0823523439707 17.24368 0.177786300576
53877.347357 0.0844470667483 17.150941 0.154908193637
54125.550196 0.0858980756198 17.23191 0.146497455292
54210.4241964 0.0951495640242 17.209144 0.153242680901
54125.5535164 0.0967741611269 17.17799 0.143424763154
54014.7325905 0.0970037678553 17.350403 0.203520947361
53877.3513482 0.0975203503409 17.077072 0.149976745867
54869.5504909 0.0979878752104 17.090518 0.192650506197
54736.7485884 0.0983726386609 17.270474 0.15748846575
54125.5568002 0.107530446914 17.208748 0.145503465896
55550.6602247 0.108737420229 17.366648 0.146389214993
53877.3553228 0.110539458613 17.02938 0.146844760406
54014.7370683 0.111671154508 16.961737 0.182976118958
56298.6277276 0.115625709147 17.150769 0.120848105039
54125.5601073 0.11836293385 17.198903 0.144730748072
54210.4317909 0.120025755021 17.203986 0.152723537369
54736.7566949 0.124926109746 17.208501 0.153510745392
54418.6430256 0.126873987513 17.174809 0.147958478921
54869.5612766 0.133317060065 17.2411 0.207620468676
55144.6357541 0.154232987747 17.123667 0.121972025966
56298.6396405 0.154646867262 17.211412 0.123596459947
54418.6562443 0.17017247029 17.199028 0.144612442105
53718.6249653 0.180906441376 17.257475 0.179720478157
54936.4379921 0.191515206101 17.191328 0.15838757432
56298.6510972 0.192174198795 17.179069 0.122120344525
55144.6501013 0.20122799189 17.128285 0.121936334152
55550.6889049 0.202681139366 17.161385 0.134718343854
54936.4421731 0.205210503062 17.205183 0.159619690396
53718.6340848 0.210777927021 17.285698 0.182187869172
54418.669387 0.213222216425 17.272107 0.148725561115
54936.4463438 0.21887168087 17.319131 0.168083512987
54936.4505164 0.232539303014 17.230605 0.161693916381
53718.6433355 0.241079100991 17.348015 0.187870084168
56384.4552054 0.248042508468 17.245496 0.123720505362
55144.6645082 0.248418620535 17.233044 0.127090114053
54448.600904 0.255479938885 17.363356 0.18969239918
54418.6825107 0.256209409015 17.268411 0.147840919036
53718.6523856 0.270723002898 17.342753 0.187529455312
56384.4648863 0.279752890348 17.265071 0.124871163339
54448.6098044 0.284633835796 17.265921 0.18103179528
54185.451167 0.294678393789 17.379999 0.160734883255
55144.6789164 0.295613418964 17.211786 0.1261154508
53978.7719221 0.305943473458 17.174653 0.172552273125
56384.4743291 0.31068305459 17.386594 0.131660466341
54448.61904 0.314885344846 17.32472 0.186364953837
55596.5184823 0.31987172969 17.2645 0.172286684227
53978.7789956 0.32911319295 17.357777 0.187687350606
54185.4626805 0.332391528095 17.484706 0.169635700473
56384.4839209 0.342101517234 17.359805 0.130757199404
54448.628196 0.344876364928 17.270469 0.181978841998
53978.7860861 0.352338264007 17.327004 0.185633013286
53645.7172827 0.367958168247 17.253864 0.217686072177
54185.4741714 0.370030811808 17.500383 0.171086180439
53978.7932627 0.375845774524 17.33449 0.185809226292
53645.7231827 0.387283891146 17.341151 0.226609328182
54815.604353 0.394576370824 17.358986 0.177270794212
55596.543045 0.400328324352 17.502596 0.198330596417
53645.7291477 0.406822713337 17.197252 0.210516226545
55237.5216795 0.406965973234 17.473193 0.154568668505
54185.4864346 0.410199436596 17.400818 0.163888432511
55200.5852377 0.419708509872 17.489285 0.19376049651
54815.6130165 0.422954218903 17.402589 0.180988644301
53645.7351716 0.426554089199 17.451344 0.238549298751
54815.6216697 0.451297946232 17.301369 0.172893161652
54815.630331 0.479668591711 17.311652 0.173891985918
54593.3780592 0.480665223786 17.497096 0.138858106484
53708.6427558 0.483654371228 17.513872 0.20800944436
54837.6152031 0.492273229559 17.542089 0.151336439801
54593.385321 0.504451422889 17.527621 0.140790787245
53708.6504714 0.508927229658 17.549029 0.211922987265
56415.3725397 0.519396837126 17.495702 0.187456730157
54593.3925813 0.528233110256 17.533762 0.141551628865
53708.6581394 0.534044009012 17.527322 0.20988490069
54837.6284384 0.535626304325 17.35289 0.136458412051
56415.379452 0.542038449749 17.403584 0.203536776267
54593.3998293 0.551974194213 17.633854 0.14787828581
55908.5978149 0.552136666542 17.680934 0.147352953272
54056.6967196 0.552715492708 17.639131 0.216405460502
54760.7006021 0.554452983697 17.566938 0.19721966425
53708.6657962 0.559124467707 17.630799 0.220320320046
56415.3861768 0.564065896256 17.500565 0.24362509346
54056.7024825 0.571592001417 17.476484 0.200073020476
54837.6400932 0.573801999059 17.480316 0.144607521635
54760.7087251 0.581060288841 17.374135 0.240311510197
56415.3930192 0.586478523512 17.718108 0.359431712425
54056.7083772 0.590900663952 17.641012 0.216597972515
55271.4667299 0.595763752406 17.574958 0.212683114336
53826.5203719 0.597984433248 17.583659 0.154675266749
54386.7318121 0.600015957514 17.594516 0.21147459159
55908.6125973 0.600557182292 17.649459 0.144988298641
54056.7143147 0.610349257091 17.663807 0.21955175801
53826.5249405 0.612949347515 17.656801 0.159880068213
53826.5295174 0.627941181552 17.593305 0.155640187392
54386.7413527 0.631266814071 17.67789 0.220299991553
53826.5342142 0.643325814962 17.6298 0.158258019688
55908.6274666 0.649262450045 17.604636 0.142263077071
54760.7314413 0.655468599238 17.572728 0.215545768037
54386.7508843 0.662488099912 17.630365 0.215545768037
54386.7606357 0.694429363033 17.84602 0.239728488213
55908.6423431 0.697991224142 17.629297 0.143856866439
54161.4628349 0.719635324201 17.618475 0.225202199915
55301.4240026 0.722385643904 17.523662 0.164970151408
55627.4772482 0.726937584671 17.530523 0.159711006464
54464.6226121 0.735427378057 17.809814 0.279823691223
54161.4717202 0.748739593896 17.668482 0.234422194854
54246.3494211 0.770112294784 17.462605 0.212592170921
54464.6337476 0.771902286002 17.669388 0.260361153054
54161.4805448 0.777645170857 17.855897 0.254783210183
54246.3538331 0.784563926338 17.85177 0.259216233403
54509.5203152 0.800214789766 17.546236 0.170642174454
56264.6455319 0.805156658536 17.670229 0.132877113328
54161.4893377 0.806446490242 17.708387 0.245476733944
54464.6449069 0.808455290659 17.659643 0.259350144965
54246.3626487 0.813439932251 17.478548 0.215375111083
54509.5323903 0.839767466891 17.565272 0.174584758624
56264.6564059 0.840775108417 17.659166 0.132333780252
55627.512753 0.843235170268 17.657753 0.171588177862
54464.6560137 0.844836141124 17.650085 0.258053272247
53735.6213027 0.853303308949 17.704495 0.235115567012
53758.5225731 0.867618723713 17.660984 0.330196343104
56264.6674928 0.877090787496 17.740626 0.136792811312
54509.5443596 0.878973631479 17.599225 0.171273844693
53735.6303456 0.882923933139 17.649429 0.228749291665
55942.5870632 0.885706780073 17.471665 0.151686292416
55653.482571 0.90873985169 17.544142 0.157629232469
53758.5355753 0.91020830123 17.439354 0.291128862948
53735.6393087 0.912282930752 17.617526 0.225332961884
56264.678369 0.912716479635 17.458112 0.122202487907
54509.5563814 0.918351536881 17.49044 0.163482409879
55942.5979604 0.921401054068 17.561678 0.158000026651
54857.5913045 0.925043900592 17.425638 0.142649546723
55979.5438989 0.939765688577 17.513831 0.145882842008
53735.6483303 0.941833798464 17.35509 0.197034074582
55942.608865 0.957119627753 17.223487 0.136744851014
55653.497641 0.958102505783 17.394214 0.148681958156
54109.6376182 0.963412828705 17.529181 0.178656785089
54087.6567467 0.963912106773 17.449292 0.211420987819
54857.6042792 0.967543171123 17.347103 0.13819125115
55979.5571287 0.983100567968 17.314823 0.134850665174
54531.5577622 0.985031263503 17.15195 0.127780299444
55113.7511257 0.990008714598 17.325066 0.179899831221
55942.6196642 0.992493168179 17.224629 0.136740857994
54087.6670592 0.997691357123 17.206441 0.188237314639
54531.5618306 0.99835764447 17.255064 0.133429148443
