53833.44982 0.0242216126578 14.1953 0.061
53833.461437 0.0345109487502 14.1977 0.061
53833.473062 0.0448073705547 14.2876 0.061
53833.484701 0.0551161923553 14.3056 0.062
54386.735369 0.0768144066684 14.1588 0.067
54386.744918 0.0852720868203 14.1453 0.067
54386.754599 0.0938466811883 14.163 0.067
54736.762054 0.100245962697 14.1746 0.064
54386.764198 0.102348647027 14.1513 0.067
54736.766071 0.103803874644 14.1661 0.064
54736.770073 0.107348500887 14.1721 0.064
54736.774225 0.111025984186 14.1849 0.064
54857.598766 0.126977687991 14.1957 0.061
55618.578752 0.137379509725 14.221 0.062
54857.611774 0.138499051843 14.1807 0.061
54463.591313 0.149177216254 14.1475 0.068
54857.624783 0.150021301416 14.1926 0.061
55942.629969 0.153983098814 14.2064 0.062
55155.695085 0.15497244102 14.177 0.059
55618.600052 0.156245211614 14.2553 0.063
54463.601158 0.157897067668 14.1721 0.068
53737.63546 0.160129951915 14.2404 0.069
54857.637743 0.161500151016 14.2221 0.061
55942.641821 0.164480577627 14.1805 0.062
55155.706196 0.164813605981 14.1857 0.059
54463.610986 0.166601861949 14.1798 0.068
53737.643193 0.16697917599 14.197 0.069
56028.453731 0.169265203058 14.2202 0.061
53737.650914 0.173817771491 14.26 0.07
55155.717287 0.174637056669 14.2127 0.059
55942.653767 0.175061313536 14.1975 0.062
54463.620798 0.175292484813 14.1738 0.068
56028.464118 0.1784651113 14.222 0.061
54087.657634 0.179566053433 14.1748 0.069
53737.658658 0.180676738415 14.2064 0.069
55155.728424 0.184501250188 14.1981 0.059
55942.665884 0.185793506482 14.2189 0.062
56028.474868 0.187986533609 14.2288 0.061
54087.667956 0.188708390277 14.195 0.069
56028.485365 0.197283870359 14.2492 0.061
54087.678277 0.197849841414 14.2053 0.07
54087.688685 0.207068349644 14.2065 0.07
54052.698195 0.215511858377 14.2195 0.067
54977.378192 0.217256714373 14.2265 0.067
54977.381566 0.220245112409 14.23 0.067
54977.384907 0.223204281896 14.2204 0.067
54052.708708 0.224823366545 14.2062 0.067
54977.388249 0.226164337097 14.2452 0.067
54052.71923 0.234142846139 14.2288 0.068
55600.628404 0.238510300412 14.3879 0.062
54052.729649 0.243371097216 14.284 0.069
55301.451057 0.253034233721 14.5135 0.066
54418.650106 0.344134316715 14.5417 0.067
54591.396327 0.347829514287 14.5153 0.063
54232.368924 0.352338682753 14.4155 0.078
54591.402382 0.353192510761 14.4207 0.062
54418.663323 0.355840794736 14.3806 0.065
54232.373339 0.356249108751 14.4155 0.08
54591.408442 0.358559935805 14.3919 0.062
54172.542348 0.363120475668 14.3446 0.065
54591.414487 0.363914075146 14.3372 0.062
54418.67645 0.367467558522 14.284 0.064
54172.552206 0.371851841357 14.2681 0.065
56264.652722 0.373948325692 14.2364 0.058
54418.689562 0.379081036606 14.226 0.063
54172.562079 0.380596492756 14.2287 0.065
56264.663752 0.383717747845 14.245 0.058
54172.571952 0.389341144148 14.2139 0.064
56264.674779 0.393484512856 14.2349 0.058
56264.686577 0.403934163131 14.2503 0.058
54915.501115 0.411881672193 14.2244 0.062
53648.734793 0.419590924274 14.2213 0.073
54915.514776 0.423981407103 14.2234 0.062
53648.743852 0.427614604712 14.1607 0.072
54837.618931 0.430564031343 14.1802 0.061
54915.524451 0.432550687181 14.2245 0.062
53648.752772 0.435515170949 14.2068 0.075
54837.630573 0.440875510286 14.2086 0.061
54915.53415 0.441141224394 14.2355 0.062
53648.761679 0.44340422291 14.2015 0.073
54837.642254 0.451221532055 14.1716 0.061
54837.653893 0.461530353856 14.1139 0.061
56298.624064 0.462831467287 14.2075 0.06
56298.635781 0.473209374748 14.1847 0.06
56298.647464 0.483557167952 14.1916 0.06
56384.460075 0.488962678686 14.2134 0.06
56298.659089 0.493853589756 14.2205 0.06
56384.469587 0.497387587433 14.2084 0.06
54758.663255 0.498439815313 14.1827 0.067
56384.47916 0.505866524721 14.2302 0.06
54758.673463 0.507481180799 14.1868 0.067
56384.488542 0.514176290685 14.2178 0.06
54758.683748 0.516590746245 14.1683 0.067
54758.694044 0.525710054538 14.1793 0.067
55649.509723 0.533364392365 14.2012 0.062
55649.527428 0.549045953487 14.1645 0.062
54014.724493 0.581683617754 14.1497 0.067
54161.498807 0.581704874885 14.125 0.068
54014.728988 0.585664900853 14.1873 0.068
54161.508552 0.590336154923 14.1385 0.068
54161.518316 0.598984263528 14.1504 0.068
54161.527967 0.607532286482 14.1639 0.068
54939.434709 0.610193856161 14.1968 0.061
53707.663032 0.613139739936 14.1394 0.069
54939.441764 0.616442566342 14.1794 0.061
53707.669133 0.618543479248 14.1686 0.068
54939.448816 0.622688619375 14.2012 0.061
53707.675274 0.6239826471 14.196 0.069
54939.455865 0.628932015278 14.1977 0.061
53707.681362 0.62937487213 14.1785 0.068
55553.670259 0.647037774805 14.2462 0.06
54528.51485 0.652843628133 14.1519 0.062
54528.521395 0.658640624327 14.1449 0.062
54528.527934 0.66443230623 14.145 0.062
54528.534495 0.670243473842 14.1715 0.063
53758.539111 0.674780099431 14.2024 0.074
53758.546021 0.680900381126 14.1748 0.071
53758.553272 0.687322691188 14.1807 0.069
53758.560316 0.693561658521 14.1819 0.07
54869.534254 0.698402969621 14.2098 0.072
54186.478634 0.706679964183 14.1809 0.068
54869.54504 0.707956277628 14.2017 0.071
55124.709101 0.710261790402 14.1872 0.065
54869.555882 0.717559185606 14.2266 0.072
55124.717608 0.717796556878 14.1704 0.064
55245.531479 0.724297695461 14.1994 0.059
55124.72607 0.725291466236 14.2089 0.065
54869.566705 0.727145265019 14.2097 0.072
55980.535391 0.727334807751 14.2709 0.061
55124.734546 0.732798775591 14.1833 0.064
54510.541634 0.733719917844 14.1975 0.063
55980.546634 0.737292886922 14.2753 0.061
54510.553962 0.74463899638 14.1954 0.063
55980.558051 0.747405080279 14.3071 0.061
54125.564693 0.754367675703 14.2344 0.063
54510.565767 0.755094846654 14.2374 0.063
55980.569333 0.757397702283 14.3366 0.062
54125.56968 0.758784729944 14.2331 0.063
54125.574641 0.763178755627 14.2617 0.064
54510.577551 0.76553209694 14.2856 0.063
54125.579643 0.767609095571 14.2839 0.064
53774.520626 0.829826940399 14.3865 0.071
53774.527764 0.836149164817 14.3516 0.07
53774.534941 0.842505932068 14.3048 0.07
54894.538446 0.844958473314 14.3519 0.063
53774.542051 0.8488033565 14.2196 0.069
54894.547022 0.852554354037 14.2484 0.062
53722.615822 0.857030751096 14.2573 0.069
54894.555659 0.860204263294 14.3169 0.063
53722.623087 0.863465461153 14.228 0.07
54894.564272 0.867832915429 14.3314 0.063
53722.630381 0.86992585691 14.2086 0.069
56415.376969 0.872479369513 14.2724 0.067
53722.637658 0.876371195529 14.209 0.068
56415.383763 0.878496908417 14.2355 0.07
56415.390569 0.884525075888 14.2881 0.076
54202.486029 0.884649075804 14.2114 0.065
53817.488877 0.887395674002 14.2213 0.065
55602.492387 0.889465586923 14.2422 0.063
56415.397378 0.890555900495 14.297 0.08
54202.493288 0.891078471577 14.1979 0.065
53817.495878 0.89359655564 14.2054 0.065
54202.500551 0.897511410206 14.2119 0.065
53817.502841 0.899763780158 14.2562 0.065
53877.34601 0.903678634728 14.1932 0.065
54202.507816 0.903946120264 14.2102 0.065
53817.509807 0.905933661819 14.2157 0.065
53877.349997 0.907209975262 14.2054 0.065
55602.515605 0.910030087697 14.2352 0.063
53877.353972 0.910730687234 14.2194 0.065
55680.422178 0.912949400064 14.2064 0.063
53877.357912 0.914220399228 14.2085 0.065
55200.58896 0.918092739542 14.2193 0.067
55680.438114 0.927064133643 14.2135 0.063
55269.477851 0.933927529138 14.2056 0.081
55200.612918 0.939312668453 14.1696 0.067
54780.629108 0.953896830299 14.1895 0.062
54815.638559 0.962247339096 14.208 0.066
54780.642641 0.965883193849 14.1983 0.062
54815.646392 0.96918513454 14.1779 0.066
54244.360338 0.973298388976 14.2024 0.069
54815.654237 0.976133558545 14.1732 0.066
54780.656288 0.977970528763 14.1915 0.062
54244.369483 0.981398240799 14.1818 0.069
54815.662081 0.983081096836 14.1912 0.066
54244.378625 0.989495435474 14.1844 0.069
54780.669867 0.989997635144 14.1934 0.062
54244.387839 0.997656401544 14.2173 0.07
