54593.389796 0.000387307981952 13.1238 0.054
54780.590522 0.00197673227321 13.1429 0.055
54246.360443 0.00396625303298 13.1292 0.059
54815.627722 0.0122952017468 13.1114 0.057
54780.60032 0.0198769383487 13.1408 0.055
54780.610156 0.0378465675648 13.1383 0.055
54087.656313 0.0635057219127 13.125 0.059
55144.632052 0.0783604448801 13.168 0.055
54087.666609 0.0823157363827 13.14 0.059
54087.676962 0.101229885543 13.1359 0.059
55144.646402 0.104576811196 13.1566 0.055
54894.504199 0.113662106654 13.1161 0.055
54087.687345 0.120198842444 13.143 0.059
55144.660792 0.130866254503 13.2095 0.055
56384.452879 0.13738289412 13.1302 0.054
54530.519465 0.141040396936 13.1666 0.056
54894.521373 0.145037707713 13.1286 0.056
56384.462502 0.154963388423 13.1411 0.054
54530.527658 0.156008389222 13.1876 0.056
55144.675205 0.15719771706 13.2126 0.055
54894.529973 0.160749258249 13.1391 0.056
54530.535887 0.171042150784 13.1884 0.056
56384.471961 0.172244267102 13.1616 0.054
54530.544091 0.186030239246 13.2127 0.056
56384.481537 0.189738895938 13.1655 0.054
55627.474313 0.194708130528 13.2224 0.056
54109.637058 0.2206669005 13.206 0.057
54109.649483 0.243366437193 13.2162 0.057
55627.509816 0.25956943042 13.2211 0.056
54109.661878 0.266011166147 13.2047 0.057
54125.547444 0.287740605947 13.2136 0.056
56241.673345 0.289956665342 13.1564 0.054
54125.550757 0.293793206745 13.2077 0.056
54125.554077 0.299858596032 13.2143 0.056
54125.557353 0.305843600629 13.193 0.056
56241.688449 0.317550532719 13.1564 0.054
54210.408471 0.322428421089 13.2019 0.057
54210.416059 0.336291124061 13.1889 0.057
56241.703503 0.345053053867 13.1286 0.054
54210.423641 0.350142865483 13.1632 0.057
56241.718611 0.372654228944 13.1271 0.054
55979.542095 0.395958477641 13.0967 0.055
55979.555311 0.420103111597 13.1007 0.055
54864.573783 0.433052352334 13.1095 0.055
54056.663712 0.442364186423 13.1232 0.058
55979.568422 0.444055918484 13.0865 0.055
54864.583472 0.45075342364 13.1163 0.055
54056.671716 0.456986889971 13.1074 0.058
54864.593156 0.468445360333 13.1036 0.055
54056.679703 0.471578535819 13.1174 0.058
54448.598693 0.477976425352 13.1286 0.058
54056.687633 0.486066046963 13.1222 0.058
54864.602844 0.486144604714 13.1055 0.055
54448.607599 0.494247014796 13.1181 0.058
54420.695178 0.500361731037 13.1618 0.055
54448.616656 0.510793469824 13.1258 0.058
54420.704357 0.51713107086 13.1693 0.066
54448.625889 0.527661463577 13.1214 0.058
54420.71347 0.533779833667 13.198 0.058
54420.722624 0.550503500377 13.102 0.057
53833.408234 0.571465631887 13.1206 0.055
53833.419614 0.592256032488 13.1133 0.055
56415.372073 0.624415384149 13.1374 0.057
53708.642316 0.633555487332 13.1525 0.058
53833.442459 0.633992122284 13.1748 0.055
55596.515189 0.634726545925 13.2169 0.058
56415.378975 0.637024816927 13.1412 0.059
53708.650037 0.647661171263 13.1874 0.059
56415.385701 0.649312710994 13.1892 0.061
54385.749364 0.656998582298 13.2518 0.059
55113.748998 0.657353005647 13.2776 0.058
54760.698795 0.661293681744 13.2549 0.058
53708.657702 0.661664547415 13.2403 0.059
56415.392528 0.66178512443 13.196 0.066
54385.756651 0.670311381001 13.3084 0.059
55113.757634 0.673130325473 13.3495 0.059
53645.717729 0.675086961598 13.3214 0.062
53708.665363 0.675660615879 13.323 0.06
54760.706943 0.676179462427 13.3227 0.059
55596.539682 0.679473407277 13.3886 0.059
54385.76378 0.683335525631 13.3923 0.059
53645.723637 0.685880431438 13.382 0.063
55113.7662 0.688779760582 13.4455 0.06
54760.715046 0.690983031507 13.435 0.069
54385.770905 0.69635236256 13.4898 0.06
53645.729596 0.696767074418 13.4823 0.064
55113.77489 0.704655734338 13.5691 0.06
53645.735623 0.707777948278 13.5485 0.064
54760.728982 0.716443051097 13.6018 0.066
54936.436741 0.721249689405 13.6528 0.06
54384.692306 0.72583344293 13.671 0.063
54936.44091 0.728866137571 13.6677 0.06
54936.445088 0.736499028063 13.6811 0.06
54384.703101 0.745555092719 13.6862 0.063
54464.620414 0.74845076802 13.6777 0.065
53758.525648 0.766635974326 13.5471 0.073
54185.473621 0.768340494859 13.6958 0.059
54464.631535 0.768767995193 13.6814 0.065
55908.591632 0.774820596008 13.675 0.056
55237.520038 0.777696175141 13.6756 0.058
53758.532147 0.778509156528 13.6781 0.07
54844.512152 0.781967524582 13.6533 0.057
55271.462511 0.788031086929 13.6026 0.062
54464.642636 0.789048683864 13.4896 0.063
54185.485867 0.790713012079 13.5834 0.059
55908.606342 0.801694655134 13.5142 0.056
54844.525521 0.806391677985 13.4661 0.056
54464.653808 0.80945908419 13.4871 0.063
53974.759637 0.809804372918 13.4182 0.06
54509.541636 0.816131012398 13.4111 0.057
54014.72318 0.820179477049 13.3653 0.059
53860.366821 0.822768229045 13.3287 0.055
54014.727685 0.828409771836 13.3143 0.059
55908.621207 0.828851887558 13.3297 0.055
53974.770723 0.830057657725 13.2921 0.059
54844.538898 0.830830446777 13.3295 0.056
55680.370656 0.832332178701 13.3221 0.056
54014.732159 0.836583431972 13.2691 0.059
54509.553639 0.838059586951 13.295 0.057
53860.376804 0.841006416144 13.2471 0.054
54014.736621 0.844735169007 13.3256 0.061
53974.781905 0.85048632729 13.2324 0.058
55908.636083 0.856029216158 13.2149 0.054
55550.659068 0.859056430031 13.2215 0.056
53860.386762 0.859198930143 13.184 0.054
53718.624531 0.870308457918 13.1827 0.058
54736.729255 0.870754227486 13.1738 0.057
53974.793034 0.87081816985 13.1802 0.058
55942.585903 0.879786542128 13.1832 0.055
54736.737463 0.885749623635 13.1565 0.057
53718.633644 0.886957220725 13.1618 0.058
55942.596751 0.899605018908 13.1732 0.055
54736.745837 0.901048289258 13.1437 0.056
54161.462401 0.901654828177 13.1507 0.059
53718.642895 0.903858099103 13.1606 0.058
55550.687694 0.911353970258 13.1723 0.055
54736.754054 0.91606012772 13.1318 0.056
55942.607682 0.919575130431 13.1538 0.055
53718.651946 0.920393592593 13.1511 0.058
53735.620869 0.921334458702 13.0852 0.058
54161.48011 0.934007833832 13.12 0.059
55942.618471 0.93928581867 13.1494 0.055
54161.488902 0.950070153881 13.0885 0.059
53735.638872 0.954224580165 13.0809 0.058
54815.601766 0.96487554989 13.1252 0.057
53735.647891 0.970701612065 13.0607 0.058
54593.375279 0.973865845267 13.1235 0.054
54246.34719 0.979754022875 13.1243 0.059
54815.610443 0.980727773619 13.1088 0.057
54593.382543 0.987136624706 13.1193 0.054
54246.351629 0.987863740645 13.1369 0.059
54246.35604 0.995922304539 13.1208 0.059
54815.619087 0.996519708846 13.1174 0.057
