55596.539682 0.038219878082 18.2561 0.287
53708.642316 0.0933794443065 18.5749 0.358
53708.650037 0.105456206279 18.5541 0.354
55979.542095 0.109451032084 18.675 0.252
53708.657702 0.117445376137 18.5486 0.353
56241.673345 0.120681591728 18.4312 0.189
53758.532147 0.128298976878 18.3274 0.476
53708.665363 0.129428289424 18.763 0.397
55979.555311 0.130122769707 18.6017 0.242
55908.591632 0.132653555998 19.0134 0.275
54864.573783 0.137568098942 18.4218 0.226
56241.688449 0.144306434725 18.6302 0.206
54246.351629 0.148603140473 18.8215 0.433
55979.568422 0.150630272128 18.9685 0.297
54864.583472 0.152723097868 18.3469 0.218
54246.35604 0.155502583171 18.804 0.431
55908.606342 0.155662125941 18.7477 0.238
55680.370656 0.162001604799 18.5217 0.26
56241.703503 0.167853070477 18.9272 0.24
54864.593156 0.167870276079 18.5421 0.241
54736.729255 0.170214929122 18.5769 0.295
55979.581621 0.171275419292 18.6531 0.25
55908.621207 0.178913138329 18.4976 0.211
54864.602844 0.18302371086 18.4295 0.227
54736.737463 0.183053429606 18.585 0.296
54385.749364 0.1868449166 18.5026 0.331
55144.632052 0.189252135438 18.235 0.195
56241.718611 0.191484170055 18.6077 0.203
54125.547444 0.193365836256 18.4134 0.253
55680.392049 0.195463354424 18.4149 0.248
54736.745837 0.196151578135 18.5967 0.297
54385.756651 0.198242839729 19.1691 0.482
54125.550757 0.198547847955 18.4819 0.262
55908.636083 0.202181356316 19.0677 0.283
54125.554077 0.203740808683 18.6189 0.283
54125.557353 0.208864947029 18.6481 0.288
54736.754054 0.209004155916 18.3972 0.267
54385.76378 0.209393627977 18.6902 0.366
55144.646402 0.211697613257 18.5284 0.225
55144.660792 0.234205656878 18.4973 0.221
53833.408234 0.245340803681 18.7593 0.262
55144.675205 0.256749675818 18.5859 0.231
53833.419614 0.263140771453 18.8925 0.281
55550.659068 0.274296252142 19.3511 0.387
53833.431011 0.280967329697 18.2871 0.206
53735.620869 0.291742723193 18.4025 0.335
53833.442459 0.298873659318 19.0021 0.298
55942.585903 0.304615634865 18.6128 0.259
53735.629906 0.30587789972 18.9654 0.46
54109.637058 0.307218371808 18.8503 0.348
55550.687694 0.319071461071 18.4004 0.234
53735.638872 0.319902021963 18.6128 0.378
55942.596751 0.321583477609 18.7961 0.284
54109.649483 0.326652870899 19.1134 0.408
53735.647891 0.334009043874 18.468 0.347
55942.607682 0.338681144381 18.8377 0.292
53974.759637 0.339402215134 18.837 0.395
54109.661878 0.346040445643 18.5103 0.295
55942.618471 0.355556702585 18.099 0.2
53974.770723 0.356742324341 18.8992 0.409
53974.781905 0.374232591453 18.6965 0.362
53974.793034 0.391639958886 18.593 0.341
55627.474313 0.42446197328 18.9334 0.316
53860.386762 0.443664978946 18.9132 0.25
56384.452879 0.448546674845 18.6407 0.228
54056.663712 0.449234898563 18.6201 0.358
53860.396851 0.459445635786 18.7615 0.232
54056.671716 0.461754313504 18.7935 0.395
56384.462502 0.463598440226 18.4691 0.212
54056.679703 0.474247137997 18.5512 0.344
56384.471961 0.478393685852 18.2668 0.192
55237.520038 0.479512049381 18.7215 0.279
55627.509816 0.479993805971 19.1127 0.355
54056.687633 0.486650806229 19.0068 0.444
54448.598693 0.492295804795 19.0814 0.461
56384.481537 0.493371936414 18.5598 0.224
54448.607599 0.506226078353 18.463 0.328
54448.616656 0.520392537763 18.8839 0.414
54384.692306 0.533453146808 18.521 0.356
54448.625889 0.534834286672 18.7854 0.393
54815.601766 0.538242558178 18.6297 0.331
54936.436741 0.541639880671 18.77 0.344
54384.703101 0.550338089884 18.2878 0.311
54464.620414 0.552587330098 19.089 0.565
54936.449268 0.561233922529 18.7027 0.333
54815.619087 0.565335110188 18.9049 0.386
55271.462511 0.570454556104 18.7887 0.401
54815.627722 0.578841500499 18.841 0.373
54464.642636 0.587345755754 19.1241 0.576
54464.653808 0.604820381425 18.5999 0.427
54530.519465 0.628245013882 18.926 0.34
54530.527658 0.641060052198 19.4454 0.455
54530.535887 0.653931399723 18.795 0.318
54530.544091 0.666763643637 19.314 0.424
53645.717729 0.670214147058 18.7473 0.483
54760.706943 0.674790834721 19.1505 0.458
53645.723637 0.679455114511 18.9708 0.548
53645.729596 0.688775853342 18.6249 0.445
53645.735623 0.698202954033 18.8633 0.511
54844.512152 0.758272370783 18.4934 0.23
54780.590522 0.775587453668 18.2872 0.223
54509.516478 0.776532197123 18.4545 0.258
54844.525521 0.779183422561 18.2043 0.2
54780.60032 0.790912944378 18.3825 0.233
54844.538898 0.80010698749 18.0242 0.183
54780.610156 0.806297872598 18.0973 0.201
56415.372073 0.810643066835 18.5746 0.319
54509.541636 0.815882951907 18.1455 0.22
56415.378975 0.821438794219 18.3328 0.327
56415.385701 0.831959232116 18.0939 0.333
54509.553639 0.834657381888 18.1695 0.223
54420.695178 0.847158027104 18.158 0.201
54014.72318 0.848170028785 18.5046 0.335
54014.732159 0.862214484906 18.1215 0.281
54420.71347 0.875769363713 18.2179 0.269
55113.748998 0.883683936382 18.2473 0.279
54420.722624 0.890087545175 18.3935 0.285
54185.450617 0.890602148814 17.8902 0.202
55113.757634 0.897191890838 18.3632 0.3
54185.462124 0.908600762975 18.2314 0.24
55113.7662 0.910590355155 17.9668 0.244
55113.77489 0.924182773437 18.5247 0.326
54087.656313 0.926150467588 17.8655 0.258
54185.473621 0.926583735694 18.1364 0.23
54210.408471 0.928299602543 18.2353 0.246
54210.416059 0.940168333256 18.1698 0.239
54087.666609 0.942254902409 18.2264 0.313
54593.375279 0.943839381087 18.3166 0.198
54185.485867 0.945738252874 18.637 0.298
54210.423641 0.952027679096 18.2796 0.253
54894.504199 0.953072527822 18.6183 0.265
54593.382543 0.955201328885 18.2811 0.195
54087.676962 0.958448493479 18.3167 0.329
54210.43124 0.963913615396 18.1717 0.239
54894.512785 0.966502275035 18.1703 0.213
54593.389796 0.966546071096 18.1826 0.186
54087.687345 0.974689008897 18.3093 0.329
54593.397057 0.977903326458 18.1725 0.186
54894.521373 0.97993515055 18.5491 0.262
54894.529973 0.993386795786 18.5623 0.265
55596.515189 0.999909279586 18.0705 0.251
