53848.7434958 0.0104844787816 15.372957 0.0688677862542
54322.4897578 0.0160976531407 15.387161 0.0763323790952
54231.8011004 0.0176782625519 15.359107 0.0894443090451
53890.6389326 0.0234492184851 15.391163 0.0749874443231
54322.501329 0.0428917946788 15.390026 0.0763391733667
55105.4545515 0.0473388987972 15.342379 0.0764662089604
53848.7595384 0.0476326640406 15.39318 0.0690704822316
53890.6504311 0.0500749980295 15.405761 0.0751250664047
55709.6235516 0.0595053163754 15.418239 0.0725001075127
54322.5129692 0.0698459375161 15.424868 0.0769751771173
55105.4651915 0.0719768291983 15.367397 0.0769982488071
53937.7320995 0.0722639577279 15.332372 0.140493337709
53890.6618159 0.0764375381402 15.408619 0.0750894490633
55709.6321186 0.079343017316 15.425396 0.072562281116
53848.7755703 0.0847561923632 15.401607 0.0691276214361
53622.4874567 0.0925885514513 15.399551 0.0952568443409
53937.7420502 0.0953058401564 15.329524 0.146881223876
55105.4758052 0.0965539207569 15.400935 0.0777891867723
54322.5245696 0.0967076187751 15.41845 0.0768448126888
55709.6407616 0.0993568277719 15.429704 0.072572900183
53622.4956499 0.111560556342 15.397606 0.0952939184274
53937.7520432 0.118445519782 15.430191 0.15650881531
53967.55004 0.118609476815 15.397193 0.0863417928991
55709.6494634 0.119506491305 15.438011 0.0727118495962
54009.4402753 0.119529518995 15.421453 0.0876057497994
55105.4864066 0.121102602732 15.442561 0.0785815385554
55437.5856846 0.129327412499 15.495271 0.0891601176649
53622.5036033 0.129977462752 15.552068 0.144284050421
53937.7618308 0.14110975052 15.510768 0.156705651833
53967.559828 0.141274511986 15.44316 0.0874949608377
54009.4496838 0.141315725678 15.483245 0.0891481827926
53622.5114015 0.148034994234 15.497178 0.0985828637336
54641.6931064 0.162541944256 15.499834 0.0817891357836
54009.459143 0.163219589259 15.479911 0.0891082625671
53967.5696022 0.163907653503 15.492301 0.0886829704289
54306.5782522 0.171456528365 15.504686 0.0899179644148
55437.6077735 0.180476493216 15.519261 0.089784803258
54641.7016303 0.182279973083 15.46292 0.0810404370119
54009.468554 0.185011691914 15.475923 0.0890999340329
53967.5793912 0.186575100609 15.483304 0.0883387218777
54306.5878204 0.193612587578 15.506802 0.0897445652075
54641.710162 0.202035932509 15.475596 0.0812621995011
54351.510316 0.216026728935 15.489148 0.0912893176989
54306.5975991 0.216256181946 15.477737 0.0891559383146
54641.7187187 0.221849780711 15.50568 0.0824629571476
54597.6703511 0.223564132555 15.478915 0.0823124649516
55089.555554 0.231661583766 15.515512 0.0779483637724
54057.4253162 0.233565599711 15.492576 0.0911376874672
54351.5183943 0.234732869899 15.494434 0.112623934524
54306.6072249 0.238545736989 15.523924 0.0906762379342
54597.6778171 0.240852424894 15.531341 0.0833079746722
55089.561943 0.246455999016 15.518234 0.0780454449887
54057.4327509 0.250781261952 15.514038 0.0918163456473
55412.5918529 0.25367576473 15.530941 0.0860952076365
54351.5282393 0.257529792016 15.524039 0.0933860315832
54597.6852725 0.258116088299 15.497982 0.0824652562349
55089.5683529 0.261298631018 15.521155 0.077983427419
54980.7417223 0.262635652323 15.500146 0.0873512854518
54197.7905351 0.262901592198 15.518111 0.0964605493038
54057.4402074 0.268047604741 15.515985 0.0940606910322
54351.5335487 0.269824381619 15.482347 0.0930055376178
54597.6926863 0.275283536096 15.479943 0.081928399714
55089.5747526 0.276117945178 15.490297 0.0773399940197
54197.7986244 0.281633193623 15.506068 0.0960834028642
54057.4477326 0.285472851001 15.552973 0.0931312337486
54980.752032 0.286508925227 15.471336 0.0866908268813
55502.4327827 0.289099424807 15.475609 0.0722122675805
54197.8068673 0.30072044324 15.507169 0.0944945937772
55412.6156181 0.308706498948 15.481261 0.0848497401218
54980.7624578 0.310650770623 15.461183 0.0863558027556
54622.7564791 0.312937084987 15.445415 0.0787099543029
54980.7728425 0.334697713105 15.386634 0.0845844542208
54622.7670813 0.337487402685 15.429206 0.0799584662617
55022.6657176 0.341730290319 15.41217 0.0720509970338
55502.458278 0.348136277541 15.435027 0.0717706712153
53591.5047027 0.349003741532 15.440704 0.0945642512201
54622.7776471 0.361953538695 15.419727 0.0809713356863
55022.6790518 0.372606904882 15.403727 0.0721262175145
53591.5154144 0.373807756777 15.429129 0.0950001578001
53962.4834466 0.386418934865 15.401098 0.0772703777463
54622.7882153 0.386425329159 15.379075 0.0787602607949
54939.7700429 0.38872151143 15.387815 0.0736075132095
53591.5261709 0.398715624946 15.371073 0.106711320178
55022.6922586 0.403188683204 15.374763 0.0719650078045
54939.7766428 0.404004240542 15.398202 0.0737364336099
53962.4966377 0.41696426385 15.385858 0.0768455473553
53591.5367969 0.423321178907 15.378265 0.0988386006965
55022.7054453 0.433723587592 15.345531 0.0715961997214
56074.7041947 0.439293628391 15.377396 0.0746399311711
53962.5098771 0.447621352817 15.384602 0.0767956648475
53917.5998468 0.454072044954 15.40167 0.086113429623
56074.7142098 0.462484524168 15.390835 0.0747315612719
53917.6089122 0.475063900067 15.37913 0.087690579189
53962.5230843 0.478203962682 15.363414 0.0764290575272
56074.7241554 0.485514614651 15.374893 0.0743873353106
53917.6179407 0.495970233454 15.33123 0.0897229385156
56074.7340938 0.508527820047 15.385526 0.0745341914653
56177.5159603 0.509950792393 15.351447 0.0668022956257
53917.6270023 0.516953190651 15.533305 0.141588022559
55055.5661574 0.525903296474 15.326316 0.0831601850947
54387.4920476 0.535230817359 15.40737 0.0884755471008
56177.5272871 0.536179140169 15.361688 0.0669570836207
55055.574464 0.545137950792 15.352632 0.0836661796989
54262.6919169 0.548372566643 15.396357 0.09153127596
54387.500129 0.553944194788 15.423874 0.0888391181406
56177.5386597 0.562513378592 15.366841 0.0671088935053
55055.582825 0.564498596285 15.332806 0.0832575929664
54387.5081959 0.572623775392 15.417283 0.0888157179323
54262.7038833 0.57608198604 15.437224 0.0931906432731
55055.5912017 0.583895636948 15.38942 0.0844427936227
56177.5499471 0.588650604592 15.387975 0.0673327508805
54387.5162812 0.591346238545 15.466396 0.0899611249368
53578.6569023 0.598670730376 15.448676 0.0823409128019
54262.7159282 0.60397314277 15.480634 0.0949611639839
53578.6670506 0.622169970175 15.47644 0.0828723514461
54262.7278715 0.631628960481 15.45962 0.0952383343558
53611.4978699 0.645129826053 15.517481 0.0983057012314
53578.6772385 0.645760976161 15.47965 0.0830107462499
56407.761916 0.666887489972 15.481004 0.068830009629
53611.5074023 0.667202989903 15.501265 0.0978815307755
54302.4745137 0.66885033437 15.521325 0.0946097494696
53578.687417 0.669330460979 15.474252 0.0830031749968
54302.4799589 0.681459297576 15.468479 0.091649723751
53611.516922 0.689246780386 15.528043 0.0987399381692
53653.4102721 0.697379479867 15.591528 0.0968460422347
56407.7760681 0.699657990892 15.480687 0.0688234627817
54711.4540442 0.700788339335 15.500775 0.0744155615281
53608.5015296 0.706811985995 15.539649 0.097430329117
53611.5264197 0.711239622873 15.541691 0.0990526519429
54711.4628811 0.721250823892 15.502228 0.0744379616164
53653.4235747 0.728182848834 15.588541 0.0968104349055
53608.5121402 0.73138186818 15.539817 0.0974209189936
56407.7902426 0.732480404721 15.500594 0.0690041875833
54711.4716408 0.741534786745 15.507274 0.0745341914653
54736.5226073 0.749487797721 15.475415 0.0821022778394
53653.4343396 0.753110040662 15.62679 0.0981880662011
53608.5227358 0.755917150234 15.519755 0.0965512622215
54711.4803979 0.761812853406 15.478596 0.0740054929312
56407.8045715 0.765660368784 15.492472 0.0689165818293
53995.4695807 0.769025451887 15.469229 0.089426100516
54736.531956 0.771135712299 15.46767 0.0820787901629
53653.4448497 0.777447290507 15.549327 0.0960447733831
55807.5341352 0.78099817368 15.521593 0.0838650093282
53995.4785624 0.789823456527 15.481598 0.0897105929325
54736.5414797 0.793188588033 15.488938 0.0825174639296
55807.5436868 0.803115934315 15.465117 0.0827204814913
53995.4874974 0.810513212096 15.497527 0.0900515574001
54736.5507249 0.814596902651 15.481317 0.0823922680924
55807.5534158 0.825644285102 15.466909 0.0828861686586
53995.4965387 0.831449268266 15.429806 0.0882272710162
55750.551384 0.831887531888 15.472296 0.067126568092
55807.5631658 0.848221440105 15.433765 0.0822602755093
55750.5710701 0.877472773656 15.438537 0.0668448008334
53637.5106077 0.880157896638 15.419176 0.0879999791419
54672.6670417 0.885706052048 15.39459 0.0808165819095
56146.5900304 0.897947956706 15.417424 0.0715245044476
53637.51897 0.899521704552 15.477154 0.089868060719
54672.6764623 0.90752039972 15.379986 0.0806001576251
56242.468209 0.913209157712 15.385741 0.0685104985418
53637.5274014 0.919045326195 15.467206 0.09348681143
54769.4178343 0.921590001701 15.408265 0.0856151372567
55750.5909508 0.923508297246 15.408027 0.0665156344119
56146.6019103 0.925456904646 15.363063 0.0706907045189
54672.6859775 0.929553738294 15.354671 0.0801398450717
53567.5745086 0.936308566322 15.415777 0.0889884931077
56242.4795538 0.9394790744 15.377438 0.0684238521941
54769.4269576 0.942715807882 15.407856 0.0855722843181
53637.5377014 0.942896060705 15.457883 0.128554679092
54672.6954959 0.951594553707 15.366378 0.0804312851206
53567.5815697 0.952659149376 15.423924 0.0892271138959
56146.6146588 0.954977314096 15.35442 0.0709416128837
54769.4361378 0.963973474136 15.371899 0.0848538167756
56242.490888 0.965724602528 15.386018 0.0685968389713
55750.610799 0.969468778567 15.406063 0.0665643234634
53567.5889378 0.969720787584 15.448102 0.0897717921085
53848.727525 0.973502538811 15.424359 0.0696057669917
56146.6266151 0.982663416561 15.369284 0.0710801171832
54769.4452976 0.985183971898 15.385069 0.0851730301551
53567.5961904 0.986514899017 15.431021 0.0894127590754
54231.7894587 0.990720634751 15.371002 0.089719233286
56242.5024341 0.992460559807 15.301331 0.0675530339746
53890.6274557 0.996873316217 15.363883 0.0746096977821
