54463.5459615 0.00813420330741 18.163546 0.17553936888
55567.4724834 0.016384111806 18.254974 0.137926211879
55491.6253625 0.0378007502019 18.532436 0.120091518646
55567.4894049 0.0462747141805 18.26463 0.12641739429
54056.5655548 0.105983667207 18.41297 0.197779820359
54526.4446133 0.114161166936 18.386169 0.204284933348
54386.6167585 0.118129270909 18.436836 0.19859323417
54526.4478441 0.119868144355 18.253686 0.194071789152
55491.6730043 0.121956738132 18.419594 0.114923283161
54056.5749993 0.122666632018 18.447061 0.201527575808
54526.4510617 0.125551815499 18.284656 0.190351067019
54526.4542721 0.131222789551 18.482477 0.205090597261
54386.6271261 0.136442972949 18.435154 0.197362805929
54056.5845056 0.139458996037 18.504969 0.207150033676
53980.730258 0.148286759226 18.414904 0.195708796299
54386.6374047 0.154599250616 18.403231 0.194713007906
54056.5939751 0.156186121571 18.489694 0.205693374272
53980.7395662 0.164729068164 18.425883 0.199789120202
54386.6477399 0.172855686067 18.413342 0.196311445429
53980.7489061 0.181227416538 18.58043 0.210958202977
53743.5474907 0.181676466207 18.474671 0.134590276182
53743.5553307 0.195525252115 18.409137 0.131173452883
53980.7582726 0.197772562576 18.564431 0.208914684234
54868.4270055 0.20190873665 18.512674 0.156169699009
53743.5631549 0.209346048953 18.353723 0.128586166084
54868.4334897 0.21336255927 18.418942 0.15000485963
53743.5709729 0.22315598966 18.509158 0.137025532929
54868.4399857 0.224837440193 18.147646 0.133736005275
53772.4476755 0.231812165787 18.350567 0.199239972854
54868.4465478 0.236428835679 18.448327 0.152448420114
53772.457312 0.248834371408 18.472107 0.211743268134
53725.4728753 0.254144524175 18.539681 0.174099788281
53725.4778522 0.262935904219 18.356211 0.208486125424
53772.4663729 0.264839774886 18.547658 0.219753197939
53725.4827989 0.271673923075 18.740292 0.664945005483
53725.4877521 0.28042339123 18.137348 0.287197774521
53772.4754679 0.280905511988 18.712316 0.239464905306
54127.474658 0.361907452636 18.263932 0.156325893492
54127.4854263 0.380928769146 18.45251 0.170035854933
54127.4955823 0.398868740297 18.420787 0.168218020492
54127.505704 0.416747970645 18.443811 0.169627039328
54017.6817248 0.420443594409 18.629819 0.215735882025
54017.6898523 0.434800270278 18.38606 0.191795564359
54017.6979098 0.449033233559 18.589277 0.211797141845
54017.7060618 0.463433252659 18.319449 0.186045038964
55163.5318275 0.483738736838 18.676953 0.143210500493
55163.5442042 0.505601387334 18.764555 0.14854600539
53995.6553948 0.512486983855 18.600862 0.217510046805
55163.5565809 0.527463834002 18.544834 0.135690039636
53995.6643716 0.528343938544 18.473501 0.204013312714
54816.5354199 0.539087006498 18.724637 0.21800013309
53995.6734357 0.544355067011 18.561166 0.212719528335
55163.5689749 0.549356967782 18.529049 0.135040560114
54816.5449589 0.555937025353 18.615385 0.206816085771
53995.6824262 0.560236167023 18.438135 0.199953319495
54816.5544982 0.572787432467 18.435664 0.189831113983
54816.5640347 0.589632953473 18.169785 0.167740507796
54337.6396213 0.603474826987 17.770145 0.149797270198
54337.6468208 0.616192178124 17.762881 0.148259275229
54337.6540067 0.628885608638 17.684017 0.143035214792
54337.6612519 0.641683716865 17.629437 0.139040538646
55103.6423157 0.693145141488 17.876435 0.148807436928
53973.6820514 0.698127537157 17.640452 0.136661071174
55103.6519693 0.710197543333 17.821999 0.145483332708
53973.6913705 0.714589064503 17.703194 0.140049350774
54756.6276219 0.716191980106 17.807398 0.121629620369
55526.5426303 0.71668870465 17.886328 0.147824911482
55103.6616917 0.727371408058 17.897232 0.150145714558
53973.7007451 0.731148542634 17.694991 0.20339450531
54756.6389057 0.736124152584 17.854681 0.123591079317
55526.5570673 0.742190670802 17.831479 0.145412949944
55103.6714797 0.744661194347 17.945282 0.15343136757
53973.710062 0.747606205552 17.613917 0.245989206481
54756.6502277 0.756123608515 17.840023 0.123243266191
54756.6615316 0.77609115108 17.921374 0.127186516876
53694.6399742 0.790002062668 18.102747 0.144274286194
53647.6559836 0.796100239542 17.871473 0.177603782779
54087.5316729 0.805444719182 17.905083 0.166286877186
53647.6647313 0.811552387263 17.928171 0.185247275036
53694.6532949 0.813532067593 18.083496 0.143987435218
54087.540592 0.821199654625 17.883125 0.164562592873
53647.6736425 0.827293419668 18.036216 0.222719549189
56224.6264775 0.832511483875 18.077775 0.107940438075
54087.5494301 0.83681147644 18.001964 0.174024122404
53694.6665989 0.837032632341 18.000746 0.140075578844
55822.6916319 0.842988226913 18.200659 0.124661537414
54087.5584366 0.852720789322 17.997937 0.174824165697
56224.6389347 0.854516225611 18.071181 0.10619933051
53694.6799817 0.860672404955 18.30149 0.159633731703
55822.7057159 0.867866606393 18.128363 0.121283615964
56224.6503647 0.874706432075 18.191167 0.110890304685
54776.539572 0.889245847352 18.071124 0.128488655706
54040.5931897 0.891928620113 18.181319 0.190198400283
55822.7199277 0.892970900366 18.250155 0.127108167082
56224.6638445 0.898517532088 18.329796 0.116688596127
54776.5486984 0.905366968915 18.063311 0.127965217448
54040.6043884 0.911710318947 18.301082 0.191327352276
55822.734145 0.918084599683 18.262829 0.127553677859
54776.5578347 0.921505672791 18.051941 0.126987999925
54040.6155423 0.931412875898 18.304806 0.190862864912
54776.5669839 0.937667070883 18.064754 0.128027091702
54040.6266202 0.95098113159 18.381235 0.19830149141
54463.5158314 0.95491154297 18.221638 0.179081806675
54463.5258573 0.972621490026 18.219413 0.179594235004
54463.5358867 0.990337775045 18.226608 0.180249698405
