53744.5908445 0.00610935598441 18.041814 0.291270508198
53878.4218241 0.00720825387078 18.194623 0.266394350383
53995.7913149 0.0116478981376 18.122252 0.296557202926
54512.525853 0.0126065919507 18.321747 0.348677546228
53878.4267327 0.0164509412319 18.369937 0.293082183289
53995.7958322 0.0201538914782 18.039833 0.282033034373
56065.3876954 0.0208736213456 18.073604 0.174622991581
53878.4316437 0.0256983571236 18.073901 0.250299547062
54512.5348904 0.0296238086139 18.20553 0.326324828076
53878.4365473 0.0349318255928 18.062176 0.249431085963
56065.396112 0.0367217994717 17.972103 0.169032906248
54512.5439239 0.0466336161097 18.409465 0.36580467411
56065.4045686 0.0526455798189 18.078547 0.175257909237
56065.4130237 0.0685663086024 18.030689 0.171390366875
54395.7224384 0.0740772472186 18.301782 0.33067253316
54462.6418512 0.0820135250938 18.053024 0.340330723673
54395.7276998 0.0839844040417 18.194772 0.320629050121
54395.7329546 0.0938789206194 18.118542 0.322136847215
54462.6521496 0.101405258806 18.497614 0.436064283848
54161.5394865 0.112190712402 17.971741 0.283331253533
54462.6624785 0.120854331348 18.38628 0.409766516646
54161.5518155 0.135406072259 18.503161 0.379763425915
54462.6727664 0.140226232005 18.32222 0.395432153562
55655.4651064 0.144711556432 18.355389 0.309255886142
54979.4142234 0.15421314473 18.360739 0.344623964962
54161.5640292 0.158404148974 18.123809 0.313792908355
54979.41831 0.161908148992 18.032409 0.357290965002
54979.422404 0.169616904471 18.563231 0.337913583944
54979.4265865 0.177492621938 18.298112 0.292363119819
54161.5763263 0.181559380184 18.297189 0.33805869714
54761.6914757 0.186566952967 18.604039 0.352214918591
55655.4900714 0.191720072587 18.399473 0.318527273257
54210.4408428 0.192481550958 18.470795 0.292506528724
54761.6993683 0.201428679507 18.359961 0.306152266235
53718.6720417 0.201514020121 18.93628 0.454010848547
54210.4497489 0.209251604599 19.027326 0.397019778511
54761.7072982 0.216360387014 18.362984 0.307692762387
53718.6813556 0.219051933179 18.701792 0.398164691142
53834.4572846 0.222846255997 18.453858 0.2036476416
54210.4586386 0.225990710708 18.254048 0.260768880714
54761.7152669 0.231365299144 18.56183 0.341147399642
53718.690703 0.236652982566 18.568894 0.369858997858
53834.4650965 0.237555862957 18.838391 0.246246660339
54210.467532 0.242736791007 18.215514 0.25564516454
53834.472726 0.251922021284 17.404846 0.135285118597
54863.6967134 0.260420678724 18.437691 0.388285541296
54863.707179 0.280127136207 18.539501 0.270744928634
54111.7177337 0.298811404093 18.682669 0.427162618673
54863.7176679 0.299877615718 18.391785 0.259316655158
54111.7221154 0.30706219298 18.589758 0.403910083855
54111.7265151 0.315346738972 18.354045 0.353526610608
54863.728255 0.319812906715 18.434 0.214453418197
54111.7309328 0.32366508843 18.633003 0.412150353697
54844.626096 0.350823788654 18.288838 0.22148911548
54017.7455091 0.350963320689 18.855662 0.433718491542
54844.6369011 0.371169499692 18.219127 0.213562470135
56421.4009314 0.386785578273 18.245717 0.204236916744
54844.6477168 0.391535239429 18.224965 0.214922116744
56421.4057127 0.395788708354 18.23246 0.202906906137
54911.5671777 0.399562179043 18.502925 0.324050512758
55302.4388627 0.40324714966 18.425535 0.264207153524
54844.658535 0.411905773608 18.644808 0.265204441744
56421.4153215 0.413881926425 18.256175 0.205187967136
54911.574824 0.413960113782 18.33931 0.296110051523
54894.5872487 0.426690289872 18.048558 0.205840856865
54911.582474 0.428364803723 18.404747 0.306864719059
54894.5954042 0.442046974351 18.325981 0.235840397809
54911.5903209 0.443140445678 18.396335 0.304795545573
54894.6039049 0.458053571375 18.362242 0.239702096326
53774.5724935 0.460963927014 18.472828 0.366441335513
54894.6120905 0.473466920388 18.187533 0.219894553107
54058.709971 0.486238207949 18.433559 0.360733630343
54058.7166379 0.498791889083 18.4892 0.373945370627
54058.7233191 0.511372377641 18.362019 0.348519126586
55218.5896854 0.516897751547 18.493545 0.26162448377
54058.7298595 0.523687853472 18.454837 0.365080846651
54817.6438708 0.543825023889 18.207366 0.279237537717
54817.6548519 0.564502218351 18.894526 0.406809163309
54817.660345 0.574845708231 18.300275 0.293371261578
54190.4643111 0.577065907348 18.028199 0.283724157636
55218.6283676 0.589735505684 18.23809 0.229530531673
54190.4735494 0.594461463326 17.933483 0.270213184976
54190.4827642 0.611812778109 17.424601 0.208742924886
54190.4920484 0.629294659884 17.659699 0.234792862755
55601.5655594 0.652926053686 17.53151 0.276198396474
55568.6423654 0.659200178708 17.255634 0.196100535322
54590.4113582 0.669478906118 17.56959 0.152988352858
54590.416896 0.67990654206 17.527074 0.150394784955
56001.4824679 0.688588837713 17.652155 0.197477559938
54590.4224092 0.690287734852 17.682643 0.161001694482
54590.4279089 0.700643646934 17.708143 0.163322495923
56001.4911332 0.704905363681 17.498939 0.183764465723
55601.594267 0.706981972171 17.604427 0.255484881706
56001.5000098 0.721619864898 17.645944 0.197924282443
55568.6836105 0.736863875984 17.599806 0.173413474108
56001.5088135 0.738197043934 17.517092 0.186246253091
55250.5742704 0.743241377378 17.713839 0.158586028502
55691.4069027 0.822406162822 17.668623 0.173357474097
55691.4175449 0.842445192671 17.761719 0.180859409834
56376.5032605 0.845355552074 17.573124 0.150287048227
56376.5104007 0.858800424062 17.970629 0.179731009189
54246.3779854 0.861413390081 17.682474 0.245108633322
54096.6162363 0.862989305638 17.957173 0.287197774521
56376.5176212 0.872396522345 18.082193 0.189705000007
54246.3863077 0.877084124048 17.765165 0.256743168456
55691.4388168 0.882499736583 18.095852 0.226254990372
54096.6273653 0.883945001735 17.845304 0.270859272112
56376.5249038 0.88610945728 17.975378 0.180292257564
54246.3946541 0.892800209401 18.16757 0.318895299502
54096.6384757 0.904865632427 17.820522 0.268673648783
54246.4029947 0.908505376303 18.054252 0.300723943465
54096.6497399 0.926075901632 18.205899 0.327313620433
55123.7465476 0.929137078731 18.305525 0.276319704471
55123.7508045 0.937152690136 18.119351 0.250873532055
55123.7550391 0.945126458151 18.185455 0.259955339928
55123.7593003 0.953150133798 18.052768 0.242715066321
53744.582133 0.989705655365 18.174966 0.313207968569
54512.5147485 0.991697076695 18.268854 0.307748182127
53744.5864926 0.997914795723 18.378763 0.349472664837
