53583.453640 15.4387 0.109
53583.460090 15.3873 0.100
53583.466506 15.3642 0.099
53583.472903 15.4167 0.101
53604.469781 15.2355 0.095
53604.478681 15.2567 0.096
53604.487289 15.2055 0.094
53604.496141 15.3037 0.098
53609.447925 15.3134 0.100
53609.458120 15.2572 0.098
53609.468318 15.3023 0.100
53609.478520 15.372 0.102
53619.382420 15.4109 0.089
53619.396752 15.4488 0.091
53619.411117 15.3695 0.089
53619.425723 15.4462 0.091
53643.388881 15.4331 0.107
53643.396542 15.507 0.110
53643.404213 15.3435 0.104
53643.411891 15.1952 0.099
53954.471320 15.4104 0.093
53954.479832 15.3034 0.090
53954.488340 15.5251 0.096
53954.496824 15.4433 0.094
53967.432125 15.3627 0.091
53967.440783 15.3701 0.092
53967.449307 15.415 0.093
53967.457794 15.3236 0.090
53920.529914 15.7098 0.106
53920.540283 15.5766 0.102
53920.550667 15.594 0.103
53920.561046 15.7114 0.109
53921.409629 16.0286 0.088
53921.420576 16.1253 0.091
53921.431485 15.9413 0.086
53928.548366 15.5434 0.096
53928.559458 15.6934 0.101
53928.570592 15.5644 0.096
53928.581769 15.7076 0.102
53938.549526 15.5874 0.100
53938.557673 15.6653 0.102
53938.565804 15.2768 0.159
53938.573964 14.8312 0.174
53900.677336 15.3829 0.091
53900.685541 15.3486 0.091
53900.693768 15.4085 0.092
53900.702066 15.4436 0.094
53901.588970 15.8914 0.106
53901.597508 15.9255 0.107
53901.606057 15.918 0.107
53901.614598 15.9421 0.108
53863.655274 15.4401 0.088
53863.665677 15.4984 0.089
53863.676123 15.4107 0.087
53863.686511 15.6566 0.094
53871.674843 15.363 0.072
53871.685500 15.3592 0.072
53871.696123 15.4135 0.073
53871.706772 15.4056 0.073
53875.676378 15.8387 0.072
53875.682198 15.8412 0.072
53875.688019 15.8123 0.072
53875.693833 15.8146 0.072
54017.392589 15.8075 0.111
54017.395237 15.9074 0.114
54017.397912 15.7456 0.108
54017.400570 15.7653 0.110
53982.424838 15.8044 0.105
53982.433295 15.8344 0.106
53982.441810 15.8421 0.107
53982.450355 15.5823 0.098
54319.483131 15.7716 0.104
54319.492522 15.7772 0.105
54319.502050 15.73 0.103
54319.511472 15.723 0.103
54130.752287 15.4818 0.100
54130.756648 15.5009 0.100
54130.761020 15.4958 0.100
54130.765360 15.4158 0.097
54283.525742 15.7015 0.105
54283.539754 15.689 0.102
54283.549616 15.7395 0.103
54283.571777 15.6529 0.110
54303.442419 15.7796 0.104
54303.452227 15.8327 0.105
54303.462160 15.8777 0.108
54303.471963 15.9027 0.109
54173.777784 16.0264 0.103
54173.782242 15.9746 0.100
54173.786678 16.0344 0.103
54173.791133 15.9441 0.099
54233.612657 15.9973 0.119
54233.623814 15.9655 0.118
54233.635074 15.9171 0.117
54233.646453 15.8778 0.115
54247.573519 15.3984 0.096
54247.583671 15.362 0.096
54247.593434 15.4409 0.098
54247.602950 15.442 0.099
54377.396513 15.3577 0.097
54377.400511 15.3663 0.097
54377.404523 15.4187 0.099
54377.408515 15.3648 0.097
54349.422081 15.8085 0.093
54349.428616 15.8 0.093
54349.435125 15.7567 0.092
54349.441641 15.6938 0.090
54684.385035 16.0663 0.111
54684.393862 16.0729 0.112
54684.402646 16.0272 0.113
54684.411378 15.893 0.103
54492.726018 15.9446 0.121
54492.731703 15.9412 0.120
54492.737438 15.9543 0.121
54492.743158 15.9254 0.119
54641.524626 15.5055 0.087
54641.533443 15.4996 0.087
54641.542316 15.599 0.090
54641.551133 15.5358 0.088
54528.718232 16.0377 0.085
54528.730714 16.0485 0.085
54528.743637 16.0456 0.085
54528.756628 16.0716 0.085
54599.494748 15.4803 0.073
54599.501376 15.4965 0.073
54599.507962 15.5392 0.073
54599.514513 15.5737 0.074
54719.419155 15.502 0.074
54721.414643 15.7817 0.079
54721.418561 15.6592 0.077
54721.422497 15.7883 0.079
54721.426435 15.7257 0.079
54936.770168 16.0095 0.104
54936.779494 15.9904 0.103
54936.788910 16.0286 0.105
54936.798196 15.9704 0.103
54890.749235 15.5276 0.090
54890.756031 15.5327 0.091
54890.762782 15.7085 0.096
54860.756740 15.8515 0.099
54860.760100 15.9953 0.104
54860.763485 15.9317 0.102
54860.766827 15.76 0.096
55020.544653 15.51 0.070
55020.557903 15.5414 0.070
55020.571227 15.5742 0.070
55020.584525 15.5511 0.070
55032.549732 15.8558 0.104
55032.558224 15.7566 0.101
55032.566725 15.9175 0.106
55032.575225 15.8077 0.103
55000.594449 15.6171 0.079
55000.608294 15.3987 0.076
55000.622105 15.2921 0.074
55000.636003 15.1884 0.072
55012.417911 15.1193 0.084
55012.426943 15.191 0.085
55012.436262 15.2086 0.087
55012.445400 15.2526 0.086
54908.765418 15.7863 0.087
54908.775249 15.737 0.086
54908.794862 15.9694 0.113
54909.687928 15.9091 0.105
54909.697055 16.0185 0.109
54909.706176 15.9491 0.106
54909.715384 15.9515 0.107
54957.683467 15.9547 0.084
54957.695228 15.9694 0.085
54957.706972 15.9763 0.085
54957.718735 15.8935 0.083
54965.612035 15.7825 0.100
54965.621659 15.8261 0.101
54965.631320 15.863 0.103
54965.640819 15.6828 0.097
54979.663370 15.2276 0.076
54979.674958 15.2656 0.077
54979.686466 15.3333 0.079
54979.697839 15.3611 0.079
54980.653376 15.8287 0.074
54980.662237 15.8314 0.074
54980.671097 15.8647 0.075
54980.679999 15.8761 0.075
55084.418581 15.8 0.100
55084.424417 15.8259 0.101
55084.430257 15.7632 0.099
55084.436157 15.7288 0.098
55412.481696 15.2376 0.086
55412.516987 15.288 0.091
55243.706821 15.1183 0.076
55219.745685 15.5045 0.097
55219.754482 15.4686 0.096
55274.753048 15.5705 0.097
55320.617859 15.9484 0.111
55320.649305 15.8893 0.110
55329.648656 15.3028 0.079
55329.684598 15.3384 0.080
55338.674323 15.8666 0.086
55338.718988 15.8838 0.088
55473.390292 15.8095 0.095
55473.406208 15.9094 0.100
55456.401955 15.3388 0.074
55456.458404 15.4179 0.076
55658.788715 15.7495 0.087
55658.801612 15.7523 0.086
55687.680258 15.1843 0.071
55687.713986 15.3204 0.074
55695.553917 15.9538 0.093
55695.565775 15.9605 0.094
55695.590011 15.8894 0.091
55749.486120 15.3052 0.067
55749.501117 15.3927 0.068
55749.516161 15.4403 0.069
55749.531203 15.4536 0.071
55769.507216 15.7955 0.078
55769.518489 15.7736 0.078
55769.529820 15.8486 0.079
55769.541185 15.7428 0.078
55806.422537 15.3025 0.076
55806.431404 15.3098 0.076
55806.440270 15.2787 0.075
55806.449135 15.4049 0.078
55962.743683 15.977 0.107
55962.749468 16.1007 0.110
55962.755286 16.0569 0.108
55962.761045 16.039 0.107
56088.580628 15.6903 0.086
56088.590762 15.6721 0.104
56088.601012 15.8132 0.097
56088.611220 15.7384 0.093
56097.585262 15.3252 0.102
56097.595090 15.3654 0.108
56097.605046 15.3433 0.114
56097.614987 15.1525 0.119
56115.498009 15.3519 0.065
56115.515394 15.2241 0.064
56115.529514 15.2438 0.064
56115.543597 15.2717 0.065
56146.433909 15.2143 0.067
56146.448577 15.1416 0.067
56146.463344 15.2221 0.067
56146.478123 15.1591 0.067
56364.661521 15.7386 0.084
56364.674104 15.5826 0.080
56364.686880 15.4983 0.078
56364.699596 15.2554 0.074
56378.671232 15.8405 0.078
56378.685428 15.9256 0.080
56378.699868 15.9271 0.078
56378.714405 15.8556 0.093
56421.568822 15.3362 0.069
56421.582551 15.2406 0.068
56421.596317 15.2521 0.068
56421.610329 15.2449 0.068
56495.534628 15.9397 0.091
