53600.426350 16.78 0.150
53600.433624 17.1007 0.174
53600.441010 17.0512 0.171
53600.448508 17.0641 0.172
53604.441952 16.9189 0.210
53604.449594 16.967 0.182
53604.456943 17.176 0.200
53604.464814 16.7009 0.161
53579.497282 16.8906 0.142
53579.505469 16.9099 0.144
53579.513633 16.8422 0.140
53579.521811 16.8782 0.142
53628.378756 16.7902 0.133
53628.389877 16.8578 0.138
53628.400721 16.8625 0.139
53628.411598 17.0474 0.152
53953.455175 17.0822 0.175
53953.465777 17.24 0.189
53953.476386 16.9581 0.167
53953.486992 17.1345 0.182
53958.449712 16.7641 0.145
53958.456091 16.7222 0.143
53958.462706 16.9388 0.158
53958.469100 17.1366 0.174
53959.375265 16.8729 0.125
53959.383383 16.9287 0.128
53959.391509 16.9116 0.128
53959.399633 17.0515 0.135
53767.734350 16.9252 0.123
53767.743938 16.8535 0.118
53767.753764 16.9553 0.124
53767.763292 17.0645 0.129
53744.734057 16.9898 0.177
53744.737961 16.9304 0.172
53744.741858 16.9698 0.175
53744.745738 16.9595 0.173
53938.469926 16.9466 0.158
53938.478835 16.9201 0.157
53938.487771 16.6003 0.137
53938.496726 16.9085 0.157
53901.549631 16.7563 0.140
53901.558842 16.8014 0.143
53901.568081 16.9036 0.149
53901.577305 16.7541 0.141
53912.553803 17.1092 0.165
53912.562351 16.9784 0.156
53912.570955 17.229 0.176
53912.579546 17.2846 0.181
53871.595910 16.8879 0.140
53871.604482 16.894 0.141
53871.613083 16.8101 0.136
53871.621654 16.9047 0.141
53981.393377 16.7922 0.152
53981.401834 16.6458 0.156
53981.410311 16.875 0.160
53981.418792 16.8891 0.162
53996.384617 16.8466 0.158
53996.391663 16.8132 0.156
53996.398731 16.7509 0.153
53996.405799 16.8541 0.160
54202.556835 16.7557 0.130
54202.563483 16.8326 0.133
54202.570149 16.8363 0.134
54202.576865 16.8704 0.135
54319.445126 16.8876 0.153
54319.454570 16.9015 0.154
54319.463980 16.7783 0.146
54319.473466 16.8789 0.153
54119.724941 16.8878 0.165
54119.733499 16.9359 0.169
54119.742173 16.9334 0.168
54119.750864 16.7908 0.157
54301.460335 16.8446 0.126
54301.470168 16.837 0.126
54301.480028 16.715 0.122
54301.489864 16.8302 0.127
54265.591716 16.8079 0.147
54265.600156 16.8888 0.153
54265.608601 16.8723 0.152
54265.617078 16.9031 0.155
54187.698454 17.2258 0.189
54187.709573 17.1896 0.186
54187.720697 17.3454 0.201
54187.731755 17.3756 0.204
54231.652206 16.8864 0.164
54231.662937 16.8899 0.164
54231.673839 16.9049 0.166
54231.684701 16.9327 0.168
54236.567358 16.7627 0.157
54236.575877 16.8074 0.161
54236.584439 16.8471 0.163
54352.400495 16.9628 0.169
54352.407595 16.9518 0.166
54352.412706 16.9092 0.165
54352.417828 16.8353 0.159
54706.425451 16.8056 0.094
54706.432447 16.8407 0.096
54706.439474 16.9094 0.098
54706.446497 16.7979 0.095
54478.732262 16.8226 0.162
54478.737435 16.8819 0.165
54478.742667 16.7076 0.152
54478.747853 16.8286 0.189
54651.511592 17.1761 0.116
54651.522360 17.12 0.116
54651.533280 16.9403 0.115
54651.544040 16.9292 0.126
54676.365764 16.6952 0.159
54676.372881 16.7862 0.133
54676.380110 16.7703 0.119
54676.387253 16.8597 0.144
54641.479310 16.8468 0.111
54641.489937 16.8394 0.111
54641.500572 16.7401 0.107
54641.511158 16.8496 0.112
54947.650248 16.9577 0.143
54947.659762 16.8381 0.137
54947.669176 16.906 0.141
54947.678436 16.8958 0.141
55054.429341 16.8944 0.124
55054.438845 16.8895 0.124
55054.448366 16.8378 0.122
55054.457885 16.8643 0.124
54889.684959 16.8064 0.135
54889.693417 16.8173 0.135
54889.701959 16.7865 0.134
54889.710558 16.8734 0.139
55021.454490 16.8596 0.122
55021.464199 16.9142 0.125
55021.473867 16.9785 0.129
55021.483528 16.9382 0.127
55011.413668 16.9348 0.154
55011.420297 16.8606 0.150
55011.426831 16.9712 0.158
55011.433318 16.8654 0.152
54907.741858 16.8354 0.137
54907.749916 16.8282 0.137
54907.757995 16.9106 0.141
54907.766005 16.7906 0.135
54918.725036 16.7703 0.133
54918.734950 16.8966 0.140
54918.744842 16.8851 0.139
54918.754739 16.8898 0.140
54955.648016 16.9088 0.120
54955.658774 16.8457 0.117
54955.669615 16.9868 0.124
54955.680465 16.7677 0.114
54957.497915 16.8182 0.092
54957.505142 16.8682 0.093
54957.512413 16.8258 0.092
54957.519716 16.7741 0.090
54964.656487 16.789 0.116
54964.668036 16.892 0.121
54964.679614 16.7391 0.115
54964.691179 16.8943 0.122
54979.575700 16.8674 0.142
54979.585027 16.7687 0.138
54979.594441 16.8562 0.144
54979.603931 16.9364 0.151
55084.390894 16.8181 0.139
55084.397132 16.8237 0.139
55084.403346 16.9978 0.151
55084.409559 16.8255 0.140
55422.369541 16.8351 0.123
55422.383389 16.9105 0.126
55274.682289 16.8402 0.150
55320.570036 16.9082 0.157
55320.599008 16.8294 0.151
55328.650415 16.7163 0.118
55328.678933 16.8999 0.129
55334.582937 16.8214 0.111
55334.617114 16.8192 0.111
55658.734133 16.8405 0.138
55658.773454 16.8457 0.147
55676.694205 16.7929 0.109
55676.726445 16.9357 0.115
55762.463096 16.8315 0.122
55762.472519 16.8287 0.124
55762.482014 16.8439 0.123
55762.491451 16.855 0.123
55796.430335 16.9107 0.119
55796.436893 17.0955 0.127
55796.443354 17.0971 0.127
55796.449867 17.2578 0.136
56056.625397 16.9799 0.111
56056.637942 16.8073 0.105
56056.650536 16.9432 0.110
56056.663138 16.8065 0.105
56129.489130 16.7937 0.103
56129.502719 16.819 0.102
56129.515520 16.7953 0.102
56129.528231 16.8822 0.106
56166.402060 16.7297 0.097
56166.414875 16.8639 0.102
56166.427581 16.866 0.102
56166.440243 16.7905 0.100
56364.603850 16.8913 0.132
56364.617159 16.8508 0.115
56364.630603 16.9143 0.115
56364.644060 16.9398 0.118
56371.629531 16.8759 0.114
56371.640226 16.7232 0.109
56371.651049 16.8355 0.112
56371.661865 16.8697 0.114
56392.652347 16.8226 0.097
56392.663699 16.7909 0.096
56392.675159 16.8234 0.097
56392.686495 16.8352 0.097
56406.643955 16.9757 0.103
56406.655233 16.647 0.093
56406.665257 16.9173 0.102
56406.675129 16.7772 0.097
56416.587291 16.8913 0.110
56416.597558 16.8227 0.120
56416.608047 16.8605 0.125
56416.618222 16.7443 0.105
56422.628588 16.7962 0.097
56422.639264 16.8279 0.097
56422.649928 16.8242 0.098
56422.660585 16.8398 0.098
56429.645454 17.2216 0.112
56429.653883 17.1892 0.111
56429.662375 17.166 0.110
56429.670943 17.1959 0.112
56451.623951 16.7658 0.100
56451.634494 16.8162 0.101
56451.645181 16.8533 0.103
56451.656004 16.7781 0.101
56478.514545 16.8631 0.099
56478.525835 16.795 0.097
56478.537209 16.7979 0.097
56478.548543 16.8822 0.099
