53610.6850064701 18.522675 0.378160704151869
53610.693686817 18.296647 0.335473627050405
53610.7025801853 18.620031 0.401890860468833
53610.711290301 18.294741 0.335473627050405
53730.4758180442 18.516348 0.355520253340372
53645.5542475811 18.86054 0.486619315143192
53645.5627312382 18.645112 0.429553615004593
53645.5712701042 18.480239 0.392088640404586
53645.57978478 18.854012 0.484245805669845
53975.5966936459 18.089353 0.258218451119313
53975.6060488659 18.165446 0.267159908864076
53975.615138102 18.022616 0.248867015847264
53975.6238215279 17.940352 0.238679444018305
53946.5849317359 17.831565 0.181683164952713
53946.5959688542 17.868963 0.184277252982766
53946.6071236688 17.78977 0.176929896692812
53946.6184808216 17.841157 0.181021007554858
53908.7514133798 18.241532 0.22470310540369
53908.7794770487 17.898133 0.240925683298934
53908.7933507175 18.292067 0.228293568707378
53865.7600800345 17.761381 0.200523936555238
53865.7684755211 18.446981 0.283244152823181
53865.7769163308 18.367901 0.270630716996451
53865.7853051854 18.366107 0.269346323128994
53884.7873651157 18.179622 0.19657966031508
53884.7989989119 18.170929 0.196016380122072
53884.8107400811 18.201445 0.198083590654057
53884.8224643054 18.634403 0.246303987350745
54020.4643542247 18.01196 0.247925669006201
54020.4763748149 18.202606 0.273294183818254
54020.4877470021 18.348014 0.295516885910137
54020.4987302894 18.225044 0.27660338647824
54036.5299560415 17.8556 0.228657929933829
54036.5384459492 18.345657 0.294878196427064
54036.5469918751 18.327852 0.292698046362068
54036.5555284141 18.579053 0.335829299789606
54329.620995185 17.896731 0.303882878276981
54329.6263538424 17.874956 0.278613516111905
54329.63163147 17.775276 0.25985417495845
54329.6369279746 18.343662 0.485428635080575
54106.4413416434 17.738823 0.241923845826687
54106.4447333218 18.013772 0.27982369122259
54106.4481152777 17.665295 0.246218012024206
54247.7570276043 18.055816 0.280076016733374
54247.7673833218 17.826981 0.24708183718095
54247.7775898382 17.675136 0.229207842711185
54247.7877180094 17.876104 0.253867093632111
54375.6034353358 18.045032 0.256224694282385
54375.613634803 17.955691 0.245136891155402
54375.6238777779 17.9072 0.240284913669762
54375.6341407869 17.867878 0.235890642090836
54363.6557094442 18.039708 0.255998856563299
54363.6654261343 18.165894 0.273608054033186
54363.6751604166 17.922635 0.242660250725651
54363.6849117132 18.265893 0.29212457523537
54681.6753361807 18.161198 0.185985993132143
54681.6904324652 18.164565 0.186139639770169
54681.7052191435 17.989934 0.171552152427994
54681.7194600692 17.998417 0.172782351977503
54701.5472607176 18.175514 0.231094486929868
54701.5560740164 18.324193 0.249669756111348
54701.5648906712 18.10153 0.222258260203243
54701.5737398613 18.101962 0.221675431628892
54657.7934839701 18.329679 0.17412818887348
54657.7994463424 18.075151 0.155384188018859
54657.8053926391 18.300926 0.176284277000312
54657.8123307525 18.096327 0.157582263565996
54602.7830261458 18.290208 0.194932868318292
54602.7895343751 18.104703 0.178143009238461
54602.7961041899 18.295614 0.194671874757543
54602.8026517825 18.355749 0.199669974293844
54617.7435020025 18.10607 0.155486406628983
54617.7575555438 18.147477 0.15641072470342
54617.7716559724 18.077797 0.150514184356296
54617.7865807408 17.9204 0.140524307744923
54768.4144439586 18.261415 0.222300063322387
54768.421491574 18.188775 0.212301980374471
54768.4285160303 18.8987 0.334694905578562
54768.4352827198 18.143875 0.20484783177315
54718.490326528 18.170996 0.194987963732302
54718.4968848843 17.990148 0.174109251509694
54718.5034974073 17.942617 0.168776800955383
54718.5102852779 18.752317 0.249133724010982
55044.7238557985 18.317286 0.188991359628432
55044.7336353356 17.990709 0.16243391879339
55044.7434299307 18.328648 0.189730194772753
55044.7532179168 18.369492 0.192663753316891
54977.8053788773 17.730982 0.199878627931573
54977.8151382754 17.911038 0.219030701334573
54977.8249378355 17.890288 0.220789611374144
54979.7434170252 18.049624 0.233369510777214
54979.7525127429 18.388585 0.277091692284467
54979.7615687616 17.969288 0.224422514149791
54979.7706919212 17.911241 0.21743194882027
55155.4987992825 17.864481 0.154965033231667
55155.50524919 17.966519 0.163520565332074
55155.5116972452 17.814062 0.153694479481569
55155.5181279283 17.757432 0.150145714557823
55113.5480895601 18.105523 0.193276503488145
55113.5586621873 18.367433 0.220259339972441
55113.5693207062 18.348113 0.218078861896357
55113.5799360531 18.31719 0.214640510726818
55125.5262939235 17.81635 0.156306335967731
55125.5385967012 17.88528 0.217101029600392
55125.5508693981 18.138953 0.251420983650725
55125.5631637614 17.987584 0.172277547347498
55557.4366931827 18.417994 0.226520588899754
55557.4580381019 17.743403 0.16692210124107
55398.7226627662 18.504485 0.300931575088855
55450.5582388424 18.300316 0.183538073883578
55450.5968348844 17.878886 0.151575189819721
55398.7458269675 18.044854 0.184174313250035
55398.7761995369 17.915035 0.173488243771323
55744.6592134954 17.877677 0.177311041280605
55744.6701053474 17.699688 0.162501101551214
55744.6813747687 17.741514 0.165412998841934
55744.6924714814 17.966098 0.18300967394323
55775.599625058 18.056495 0.18067684498079
55775.6117247106 18.194468 0.192425703425386
55775.623892419 18.3121 0.203457699603389
55775.636067315 18.108107 0.183855280854374
55811.5938064003 18.257751 0.18629370628683
55919.4605305673 17.871399 0.157248179383417
55919.4668319676 17.934822 0.162560893817335
55919.4731720373 17.825988 0.154719242124722
55919.4795493752 17.940968 0.16479729888091
56064.7370496066 18.005799 0.18344777724946
56064.7460118751 18.026129 0.184368911387327
56064.7550196298 18.251722 0.205090597260633
56064.7640399998 18.333439 0.212320076529375
56128.6007047918 17.965815 0.147947779987533
56128.6121179516 18.032985 0.151627781668253
56128.6235465164 17.987339 0.148938780309022
56128.6349852661 18.079445 0.154493573311525
56158.5621012965 17.977302 0.140422653140954
56158.5720145254 17.971476 0.139905421294935
56158.5819073728 18.048338 0.145478302516871
56158.5918054398 18.491097 0.310216209606768
56183.670056979 18.225709 0.158992512608495
56183.6814194446 18.535894 0.183673799213715
56183.6927973147 18.306891 0.165811888994332
56183.7041517942 18.310561 0.166206039657766
56222.5202701854 18.095813 0.15341917205843
56222.5309661113 18.149583 0.156870353393735
56222.5417305206 18.027892 0.149191696957393
56222.55257919 18.171363 0.159040988033152
56474.7861526737 18.09635 0.149175152193608
56474.7975292707 18.098043 0.148894950259435
56474.8103327778 18.17775 0.15358414184893
56474.821690162 18.23122 0.157528638375598
