53604.5623915393 18.156187 0.283462039350915
53604.5714290046 18.902508 0.42772192353742
53604.5803468285 18.132883 0.280076016733374
53609.5467925809 18.113094 0.318711142873769
53609.5553257523 18.352 0.365171110134944
53609.5638317016 18.249316 0.343935863739016
53609.5723635882 18.477326 0.392529898639422
53581.5278285416 18.654126 0.216675121276643
53581.5379709145 18.58463 0.209415341632747
53581.5482404977 18.590401 0.209641010831895
53581.5585463774 18.455669 0.196212927544118
53693.4278173611 18.144156 0.350433597697018
53693.4355247223 18.175572 0.360472182018951
53693.4432701619 18.574413 0.454506315893204
53668.4012080208 18.5901 0.331424801122973
53668.4093732294 18.715128 0.353115227196364
53668.4175235997 18.826503 0.377961692223892
53668.4256850695 18.345282 0.290470548154776
53621.4848762268 17.612303 0.246303987350745
53621.493917315 17.809609 0.272436540337664
53621.5027720716 17.520039 0.235689861906738
53621.511747176 17.820214 0.275835403267085
53835.7552636805 18.255743 0.185212341086362
53835.7698530553 18.016137 0.165096257963041
53835.7844933913 17.981223 0.162830942226214
53835.7994231599 18.169335 0.176929896692812
53851.7704679979 17.552162 0.132655904035534
53851.7798557406 17.604425 0.135411885069103
53851.7893248497 17.55065 0.132631019417163
53851.7989284493 17.761818 0.144661692525981
53817.7764959607 17.406721 0.175675788493522
53817.7836323266 17.762478 0.206999550604003
53817.7908276158 18.040075 0.237413323183297
53817.7980128356 17.977516 0.229322925633107
54018.4292825928 18.073356 0.274476708245458
54018.4386812036 18.020279 0.267526770697181
54018.4480866549 18.131144 0.283811693292297
54018.4574686109 18.197557 0.294243502941523
54212.7372206136 17.639964 0.162018068530925
54212.7453076158 17.802559 0.174394028982549
54212.7535166087 17.914491 0.183132886244077
54212.7616098494 17.926488 0.184575698010049
54318.506355729 18.299314 0.24708183718095
54318.5182994674 18.913913 0.349154006912165
54318.5299995719 18.484569 0.293661174157135
54318.5416413308 18.722773 0.387964316739384
54186.7627155903 18.231207 0.318282605842043
54186.7694806598 18.151499 0.302925093205076
54186.7762874073 18.174278 0.305553154034553
54186.7829809488 17.820028 0.252805567887588
54234.6818530207 17.557489 0.224530300809848
54234.6905792823 17.454102 0.212883630038324
54234.6994731367 17.514065 0.218831326783287
54234.7084973149 17.523814 0.219612126856601
54242.7021519675 18.346367 0.229069984299521
54242.7154505093 17.941155 0.187094478217056
54242.7291709374 17.973862 0.189768022639788
54242.7430010879 17.829731 0.177120127232076
54424.4415286227 18.728794 0.593712017664007
54424.4455618865 18.15826 0.428283224001103
54424.4495896992 18.135049 0.42371202206331
54375.4381084607 18.171515 0.289259428354621
54375.4465459261 17.638652 0.220259339972441
54375.4549977548 18.328292 0.316404554635688
54375.4634678705 18.178983 0.291839068474473
54697.5435462153 17.393392 0.167317185637639
54697.5524252548 17.414744 0.169101430304655
54697.5612733911 17.703967 0.193868586739886
54697.5701023146 18.15143 0.241951000161492
54652.6689537961 17.877765 0.211869023004915
54652.6779713888 18.319185 0.264455428255566
54652.6873279975 18.28314 0.261041757355218
54672.5266406598 18.230005 0.256451142038787
54672.5354663424 18.425275 0.283462039350915
54672.5443420253 18.416515 0.282248188731572
54672.5534303358 18.343173 0.27044069328804
54592.7104121527 18.18983 0.24138273659903
54592.7202088196 18.372518 0.265383712876033
54592.7300536457 18.51641 0.285534555477842
54592.7398798379 18.625334 0.302396766718614
54742.4914685995 18.2731 0.227345644293629
54742.4976106249 18.131693 0.207384826303374
54742.5038395603 18.288337 0.229369011647302
54742.5099827317 18.199143 0.214490786600169
54756.4357148727 18.265485 0.283157143876311
54756.4463159723 17.447605 0.188274173601661
54756.4569196181 17.962061 0.243210160469291
54756.4675225696 17.759207 0.219672547709886
54730.4729052894 18.294094 0.21627101946628
54730.4847000809 17.986373 0.185340548213902
54730.4965442824 18.287634 0.21482811873212
54730.5083294446 18.402248 0.227795517778678
54946.7192323613 18.283653 0.227099377024455
54946.7277723844 18.243217 0.220912558191776
54947.7254394443 18.022764 0.239702096325656
54947.7338678936 18.193845 0.261487024375957
55045.5335800345 17.33526 0.143058856003664
55045.5499084373 17.875984 0.183719110514638
55045.5608701967 17.554445 0.158298889169323
55045.5719327661 17.477187 0.153036682023318
55035.6300496526 17.95341 0.242141324838476
55035.6371265395 18.534502 0.332805159031451
55035.6442098032 18.421234 0.316044746232412
55035.6513231599 18.340916 0.301243812860463
55007.5857114468 17.85219 0.240925683298934
55007.5937437035 18.036316 0.306974742358298
55007.6015849767 17.867747 0.315925059662242
55007.6095596991 18.466228 0.435621796095188
54962.7031249305 18.250666 0.191133365575177
54962.7169472225 18.30032 0.194767901568602
54962.7308582872 18.568476 0.221489115480447
54962.7446283683 18.149698 0.179847018575483
55126.4749214584 17.835125 0.176730397136971
55126.4842049191 18.272999 0.218216867026396
55126.4931887151 18.001036 0.191120459086844
55126.5022119675 18.008726 0.194126096898741
55098.4859896065 18.691312 0.272397743304088
55098.4945209492 18.188381 0.210287557854958
55098.5030697687 17.862651 0.180420149524394
55098.5116422107 18.161136 0.208247345917317
55323.7634202894 18.82757 0.313734269086832
55323.7996896412 18.477024 0.257559633064302
55467.4969829167 18.402677 0.245818021274337
55467.5323651736 17.725299 0.177029931052117
55663.7328390279 18.237609 0.228726444065175
55663.7703351271 18.147296 0.216443922173895
55645.7877249075 18.636239 0.280244602711043
55645.8090579049 18.842574 0.305498870885764
55695.6647844329 17.763115 0.180891689589378
55695.6767335069 18.03394 0.204961009897197
55695.7005984257 17.124701 0.133604164825625
55734.6499851621 18.08489 0.230882482319524
55734.6618948844 18.512521 0.292267642275668
55734.674168854 17.71532 0.20014794643041
55734.6861525346 18.948146 0.415993448348156
55769.6489214118 17.669307 0.136545692219211
55769.6610314928 17.457955 0.125606074295519
55769.6731209605 17.947542 0.154449833468555
55769.6852284836 17.971906 0.156443397377809
55821.5216938195 18.246605 0.197133935213243
55821.535718669 18.011549 0.176939889174255
55821.5498962964 17.957931 0.173628723509145
55821.5640981135 17.764315 0.160262752908633
55891.4181452198 18.382551 0.246937227346072
55891.4235645253 18.334311 0.242441340513845
55891.4289956368 18.106171 0.216213485521179
55891.4343764004 18.439921 0.258317716907423
56048.7272920137 17.887353 0.152400760007929
56048.7415313426 17.758082 0.143992284331785
56048.755908287 18.019357 0.161016157528269
56048.7702954168 18.06376 0.164259196798654
56068.6924077546 18.441058 0.20200458950714
56068.7071754512 18.717688 0.231236148238025
56068.7186291319 18.302042 0.188053404512951
56068.7301845484 18.597647 0.217510046805253
56155.5595007174 18.254961 0.193316684574301
56155.5722338425 18.34627 0.172930153708151
56155.5849916202 18.463152 0.18300967394323
56155.5977537961 18.347487 0.173722591137937
56382.7636711112 18.715765 0.219250679374636
56382.7721933102 18.273278 0.177664550077649
56382.7806867015 18.266428 0.176710487591595
56382.7891796295 18.66317 0.212574001346048
56415.7201444213 18.215247 0.234077850940192
56415.7299061343 18.082297 0.26385368591492
56415.7402310763 18.17288 0.3122207585011
56415.7498865393 17.987326 0.236016389173418
56445.744902199 18.118916 0.156672784878132
56445.7569854165 17.942632 0.145448128776512
56445.7690193405 18.189585 0.161855704872539
56445.7811518636 18.382764 0.176859984475159
