53599.506874 16.6681 0.164
53599.516957 16.7023 0.165
53599.527326 16.5609 0.158
53599.537425 16.7773 0.175
53845.736531 16.5299 0.137
53845.745915 16.7381 0.147
53845.755358 16.6022 0.139
53845.764769 16.6292 0.141
53954.510825 16.5872 0.153
53954.518068 16.6732 0.161
53954.525310 16.5561 0.152
53954.532558 16.64 0.157
53967.466862 16.7584 0.165
53967.475406 16.6206 0.153
53967.483925 16.754 0.167
53967.492471 16.6523 0.159
53928.546271 16.891 0.173
53928.557356 17.0137 0.189
53928.568476 16.8311 0.168
53928.579651 16.9445 0.180
53938.547431 16.554 0.153
53938.555560 16.549 0.154
53938.563692 16.4874 0.155
53938.571861 16.3131 0.357
53901.624259 16.8153 0.165
53901.632788 16.711 0.159
53901.641336 16.7543 0.161
53901.649882 16.8795 0.172
54017.406863 16.5646 0.160
54017.410736 16.4677 0.153
54017.414620 16.5548 0.160
53983.461262 16.5207 0.148
53983.468589 16.5209 0.149
53983.475919 16.7248 0.163
53983.483234 16.4249 0.142
54319.489794 16.5187 0.149
54319.499324 16.5389 0.149
54319.508738 16.4992 0.149
54319.518176 16.4692 0.148
54260.490325 16.7421 0.153
54260.495443 16.7204 0.149
54260.500650 16.8327 0.161
54260.505953 16.8859 0.165
54233.657983 16.654 0.168
54233.667588 16.8133 0.183
54233.677228 16.8811 0.188
54233.686867 16.8262 0.183
54247.571292 16.6335 0.169
54247.581501 16.4695 0.157
54247.591196 16.7577 0.178
54247.600797 16.7286 0.174
54684.421007 16.823 0.155
54684.434745 16.6899 0.200
54684.441655 16.7195 0.163
54505.750197 16.8585 0.178
54505.758671 16.7891 0.174
54505.767355 16.827 0.174
54505.775892 16.5942 0.158
54642.588679 16.6506 0.119
54642.599927 16.6714 0.119
54642.611160 16.8141 0.124
54642.622396 16.768 0.124
54726.430598 16.7151 0.153
54726.435922 16.664 0.149
54726.441228 16.8829 0.162
54726.446515 16.7291 0.155
54862.750596 16.6504 0.154
55020.550809 16.7714 0.102
55020.564113 16.812 0.103
55020.577398 16.9094 0.107
55020.590694 16.789 0.101
55041.402542 16.8042 0.135
55041.410718 16.7538 0.131
55041.418870 16.7684 0.133
55041.427010 16.8122 0.139
55041.435140 16.9593 0.146
55006.534368 16.7835 0.134
55006.545250 16.8871 0.137
55006.556055 16.8074 0.165
55006.566821 16.8166 0.147
54910.758998 16.5521 0.138
54910.767773 16.5829 0.141
54910.776458 16.5996 0.145
54910.785139 16.5247 0.138
54957.760914 16.5926 0.110
54957.771381 16.568 0.108
54957.781831 16.5962 0.108
54957.792315 16.5975 0.108
54965.693330 16.6276 0.148
54965.702328 16.6301 0.149
54979.708875 16.9395 0.168
54979.716153 16.6509 0.151
54979.723596 16.9048 0.165
54979.731067 16.8823 0.165
55411.527155 17.6875 0.159
55411.559713 16.0765 0.197
55243.749030 16.7889 0.141
55359.586994 16.7935 0.096
55320.666459 17.0867 0.140
55320.706475 16.452 0.166
55466.409387 17.0478 0.167
55466.425007 17.0488 0.167
55674.717391 16.9845 0.135
55674.760516 17.0798 0.140
55690.679631 17.3369 0.137
55690.728855 17.1507 0.127
55320.720413 17.123 0.234
55731.599522 17.2094 0.148
55731.612578 17.0075 0.136
55731.625742 17.2516 0.151
55731.638845 17.2154 0.148
55769.556131 16.8375 0.113
55769.563929 16.8535 0.113
55769.571694 16.8208 0.112
55769.579488 16.8261 0.112
55800.457227 16.6647 0.119
55800.467825 16.6876 0.120
55800.478450 16.6712 0.119
55800.489059 16.7513 0.123
56077.607316 16.9495 0.117
56077.620751 16.9365 0.117
56077.634175 17.0482 0.122
56077.647664 17.0596 0.122
56088.662377 16.9205 0.116
56088.671589 16.8546 0.113
56088.680859 16.9736 0.119
56088.690122 16.8721 0.114
56115.574694 16.7944 0.096
56115.587887 16.8164 0.096
56115.601057 16.8824 0.098
56115.614260 16.9207 0.100
56146.445747 16.3081 0.094
56146.460507 16.4393 0.098
56146.475295 16.3806 0.096
56146.490185 16.4227 0.098
56176.460220 16.5195 0.101
56176.472250 16.637 0.105
56176.484325 16.6352 0.105
56176.496759 16.6411 0.105
56364.716709 16.5892 0.137
56364.728426 16.7873 0.149
56364.740035 16.9716 0.162
56364.751748 16.6801 0.142
56399.724862 16.5859 0.115
56399.738799 16.5712 0.115
56399.752635 16.7161 0.121
56399.766474 16.5865 0.115
56421.581142 16.5039 0.100
56421.594774 16.4966 0.100
56421.608785 16.4706 0.099
56421.638884 16.532 0.101
56481.575265 16.4878 0.100
56481.586681 16.4956 0.100
56481.598077 16.5202 0.101
56481.609604 16.5202 0.101
