53598.456160 15.3131 0.093
53598.463791 15.2884 0.092
53598.471543 15.2656 0.092
53598.479384 15.2295 0.091
53609.448342 15.2815 0.101
53609.458538 15.2642 0.100
53609.468736 15.2357 0.100
53609.478944 15.1194 0.097
53580.565514 15.0291 0.082
53580.574837 15.1248 0.084
53580.584180 15.0767 0.083
53580.593558 15.1821 0.085
53618.384418 15.1238 0.074
53618.400242 15.1038 0.073
53618.416161 15.1039 0.074
53618.431961 15.1112 0.074
53633.436070 15.6056 0.121
53633.441564 15.5106 0.118
53633.447094 15.576 0.121
53633.452605 15.4271 0.114
53832.711388 15.1619 0.082
53832.720614 15.1748 0.083
53832.729799 15.239 0.084
53832.739120 15.1898 0.083
53953.500996 15.1197 0.090
53953.507540 15.0734 0.088
53953.513958 15.165 0.091
53953.520373 15.1498 0.091
53967.431709 15.0971 0.087
53967.440365 15.145 0.088
53967.448884 15.166 0.088
53967.457377 15.1211 0.087
53919.536137 15.1278 0.087
53919.545051 15.1354 0.088
53919.554004 15.0607 0.089
53919.562925 15.0534 0.086
53938.504672 15.3732 0.094
53938.514923 15.3943 0.095
53938.525164 15.334 0.093
53938.535427 15.419 0.096
53901.588543 15.1942 0.087
53901.597080 15.2816 0.090
53901.605643 15.2545 0.089
53901.614175 15.3113 0.090
53863.654831 15.1858 0.083
53863.665232 15.1704 0.083
53863.675680 15.2693 0.086
53863.686094 15.2027 0.084
53871.674183 15.3423 0.073
53871.684840 15.3807 0.073
53871.695465 15.3191 0.073
53871.706123 15.3643 0.074
53875.677257 15.3313 0.067
53875.683084 15.3041 0.067
53875.688910 15.271 0.066
53875.694714 15.2777 0.066
53982.424422 15.4223 0.095
53982.432878 15.4323 0.095
53982.441387 15.3566 0.094
53982.449906 15.3273 0.093
54319.481800 15.4065 0.095
54319.491188 15.356 0.094
54319.500718 15.3746 0.094
54319.510123 15.3764 0.095
54283.524994 15.358 0.115
54283.538910 15.4075 0.095
54283.549194 15.4425 0.096
54283.571359 15.4739 0.102
54303.442838 15.0259 0.085
54303.452653 15.0583 0.085
54303.462578 15.0291 0.084
54303.472386 15.1121 0.087
54262.560835 15.1709 0.096
54262.569896 15.078 0.093
54262.578908 15.0242 0.091
54262.587919 15.0386 0.090
54173.777247 15.2378 0.083
54173.781708 15.2956 0.084
54173.786145 15.2894 0.084
54173.790591 15.2463 0.083
54233.612230 15.0508 0.089
54233.623397 15.0749 0.090
54233.634640 15.1135 0.091
54233.646037 15.1273 0.092
54241.650004 15.1423 0.076
54377.395184 15.2503 0.096
54377.399187 15.2756 0.097
54377.403183 15.2982 0.098
54377.407189 15.3082 0.098
54349.419384 15.2787 0.082
54349.425922 15.2865 0.082
54349.432440 15.3498 0.084
54349.438956 15.3251 0.083
54684.381013 15.0191 0.087
54684.389955 15.0001 0.086
54684.398726 14.9669 0.083
54684.407542 15.0055 0.083
54490.756053 15.2674 0.084
54490.759352 15.2674 0.084
54490.762656 15.3056 0.085
54490.765964 15.3093 0.085
54663.497026 15.4068 0.079
54663.506021 15.3539 0.079
54663.515017 15.376 0.082
54663.523961 15.4496 0.081
54641.522433 15.0868 0.080
54641.531247 15.0927 0.080
54641.540111 15.0784 0.080
54641.548934 15.0866 0.080
54528.714261 15.3545 0.073
54528.726811 15.367 0.073
54528.739617 15.316 0.073
54528.752530 15.3398 0.073
54599.490152 15.2042 0.070
54599.496719 15.2469 0.070
54599.503343 15.2501 0.071
54599.509924 15.24 0.070
54719.407244 15.1376 0.070
54721.411362 15.2638 0.072
54721.415291 15.2874 0.072
54721.419221 15.2382 0.072
54721.423152 15.2596 0.072
54936.768924 15.0969 0.081
54936.778127 15.1074 0.082
54936.787612 15.06 0.081
54936.796813 15.0935 0.081
54890.748804 15.223 0.085
54890.755620 15.2343 0.085
54890.762366 15.1781 0.084
54890.769137 15.24 0.085
54860.755472 15.1847 0.084
54860.758830 15.156 0.083
54860.762213 15.2281 0.084
54860.765582 15.2355 0.084
55020.540262 15.1439 0.066
55020.553506 15.135 0.066
55020.566820 15.1571 0.067
55020.580126 15.3402 0.069
54999.604366 15.3336 0.106
55000.593802 15.3166 0.076
55000.607646 15.3085 0.076
55000.621448 15.2123 0.075
55000.635349 15.1393 0.073
55012.417495 15.4159 0.093
55012.426522 15.4085 0.094
55012.435808 15.3461 0.093
55012.444966 15.37 0.092
54907.777889 15.0752 0.082
54907.786425 14.9966 0.080
54907.795034 15.086 0.082
54907.803869 15.2199 0.084
54953.675775 15.1478 0.074
54953.686634 15.2043 0.075
54953.697476 15.2086 0.076
54953.708436 15.335 0.078
54957.677643 15.3192 0.074
54957.689382 15.3461 0.074
54957.701134 15.3771 0.075
54957.712882 15.4016 0.075
54965.611625 15.4054 0.091
54965.621242 15.4218 0.091
54965.630888 15.3824 0.091
54965.640403 15.4602 0.092
54979.662838 15.0216 0.074
54979.674425 15.0403 0.075
54979.685928 15.1446 0.076
54979.697305 15.1305 0.076
54980.650731 15.0435 0.065
54980.659597 15.0914 0.065
54980.668452 15.055 0.065
54980.677291 15.0783 0.065
55084.416532 15.0561 0.082
55084.422361 15.0416 0.082
55084.428201 15.0531 0.082
55084.434088 15.0793 0.083
55412.477371 15.1841 0.085
55412.512548 15.1046 0.084
55243.702058 15.3018 0.081
55219.722473 15.2409 0.094
55219.741236 15.2132 0.091
55274.748729 15.2782 0.091
55320.617378 15.0289 0.086
55329.645724 15.3786 0.083
55329.681629 15.3795 0.083
55338.667981 15.1656 0.074
55338.712567 15.0736 0.072
55446.418719 15.1962 0.073
55446.448978 15.0922 0.073
55658.744729 15.3248 0.087
55658.784128 15.471 0.090
55674.649643 15.3944 0.082
55587.731744 15.1559 0.073
55687.647248 15.2192 0.075
55687.674653 15.2614 0.072
55695.553328 15.1006 0.076
55695.565169 15.1415 0.077
55695.589413 15.1269 0.076
55731.544508 15.1544 0.072
55731.555061 15.2138 0.077
55731.565655 15.2483 0.075
55731.576262 15.2515 0.076
55749.480520 15.3904 0.069
55749.495470 15.2996 0.068
55749.510510 15.2219 0.067
55749.525559 15.1493 0.067
55769.502296 15.3696 0.072
55769.513554 15.351 0.072
55769.524860 15.4068 0.073
55769.536204 15.3619 0.073
55795.441533 15.1782 0.074
55795.450367 15.1653 0.075
55795.459215 15.2528 0.075
55795.468039 15.1465 0.074
55962.742249 15.1287 0.083
55962.748007 15.1758 0.084
55962.753820 15.0854 0.083
55962.759600 15.1701 0.083
56077.595358 15.4062 0.075
56077.608743 15.3931 0.076
56077.622178 15.3565 0.075
56077.635624 15.4029 0.076
56088.578853 15.1004 0.075
56088.588992 14.9888 0.079
56088.599210 15.0704 0.077
56088.609430 15.0358 0.074
56097.534628 15.1986 0.078
56097.547373 15.1871 0.083
56097.560098 15.1868 0.090
56097.572832 15.3908 0.099
56124.521561 15.0555 0.068
56124.532143 15.0506 0.068
56124.542780 15.0556 0.068
56124.553420 15.0347 0.068
56152.480146 15.2042 0.068
56152.487907 15.1771 0.068
56152.495718 15.1457 0.068
56152.503531 15.165 0.068
56364.656078 15.2947 0.077
56364.668726 15.2379 0.075
56364.681474 15.1636 0.074
56364.694061 15.105 0.074
56378.667703 15.1684 0.069
56378.681842 15.2484 0.069
56378.696255 15.38 0.072
56378.710724 15.2829 0.071
56418.669957 15.3431 0.066
56418.685127 15.2993 0.066
56418.700179 15.2698 0.065
56418.715255 15.087 0.066
56495.529718 15.4017 0.076
56495.540417 15.3621 0.082
