53712.712002 15.2397 0.076
53712.721033 15.1976 0.075
53712.730141 15.2465 0.076
53712.739395 15.2528 0.076
53731.653867 14.9374 0.092
53731.663822 14.9222 0.079
53731.673899 15.264 0.117
53731.683647 14.9962 0.081
53690.662044 15.1077 0.083
53690.668473 15.0167 0.081
53690.674909 14.9527 0.080
53690.681318 15.0562 0.082
53653.751810 15.2884 0.099
53653.755291 15.2448 0.097
53653.758773 15.2394 0.097
53653.762283 15.2292 0.096
53837.476892 15.1897 0.078
53837.485445 15.2463 0.079
53837.493910 15.185 0.078
53837.502392 15.1972 0.078
53849.521109 15.1003 0.070
53849.534250 15.1146 0.070
53849.547355 15.1099 0.070
53849.560502 15.133 0.071
53761.593669 15.0958 0.083
53761.606584 15.1131 0.083
53761.615471 15.096 0.083
53761.624259 15.0637 0.083
53894.418027 15.156 0.079
53894.424844 15.1368 0.080
53894.431690 15.1199 0.079
53894.438521 15.1232 0.079
53814.505306 15.1139 0.070
53814.520490 15.1316 0.070
53814.535686 15.0661 0.070
53814.550948 15.1197 0.070
53865.454164 15.1909 0.078
53865.460130 15.2504 0.080
53865.466112 15.2033 0.079
53865.472242 15.2252 0.079
53885.366728 15.2533 0.072
53885.377043 15.2833 0.073
53885.387377 15.2858 0.073
53885.397688 15.2463 0.072
54063.683554 14.95 0.073
54063.697251 15.1441 0.076
54063.711073 15.1339 0.076
54063.724776 15.1273 0.076
54198.459053 15.2525 0.086
54198.467510 15.222 0.086
54198.475960 15.2719 0.087
54198.484451 15.1998 0.085
54206.435566 15.1971 0.085
54206.444021 15.216 0.085
54206.452499 15.2275 0.085
54206.460995 15.2331 0.086
54137.668657 15.0841 0.084
54137.677203 14.892 0.080
54137.685731 14.9734 0.082
54137.694299 15.0965 0.085
54174.587343 15.1271 0.075
54174.596112 15.1192 0.075
54174.604884 15.1789 0.076
54174.613651 15.1386 0.075
54185.585040 15.0967 0.075
54185.598136 15.0899 0.075
54185.611254 15.1484 0.077
54185.624368 15.1631 0.077
54226.465618 15.0778 0.074
54226.479621 15.0549 0.074
54226.493642 15.0605 0.074
54226.507653 15.0538 0.075
54241.435452 15.0937 0.075
54241.446344 15.1001 0.075
54241.457253 15.1296 0.076
54241.468158 15.1552 0.076
54247.366624 15.1224 0.084
54247.376897 15.0603 0.083
54247.387167 15.1394 0.085
54247.397425 15.0939 0.084
54419.704376 15.199 0.076
54419.713117 15.202 0.076
54419.721951 15.2229 0.078
54419.730782 15.2114 0.077
54424.659465 15.1322 0.084
54424.668546 15.1356 0.084
54424.677634 15.0673 0.082
54424.686763 15.0606 0.082
54394.730800 15.142 0.085
54394.740541 15.185 0.086
54394.750304 15.1959 0.086
54394.760064 15.178 0.085
54491.555155 15.1438 0.075
54491.566310 15.1454 0.075
54491.577538 15.1795 0.076
54491.588779 15.1721 0.076
54589.451365 15.15 0.066
54589.457943 15.1398 0.066
54589.464509 15.1083 0.065
54589.471096 15.1114 0.065
54600.421800 15.2076 0.070
54600.429957 15.1661 0.070
54600.438121 15.1476 0.069
54600.446327 15.0869 0.069
54616.380434 15.1833 0.069
54616.387518 15.221 0.070
54616.394583 15.2053 0.069
54616.401641 15.2013 0.069
54780.700000 15.2375 0.073
54780.711386 15.1756 0.072
54780.722755 15.1338 0.071
54780.734146 15.1975 0.072
54937.490004 15.2115 0.079
54937.500349 15.2202 0.079
54937.510674 15.2456 0.080
54937.521003 15.2088 0.080
54944.473016 15.0792 0.069
54944.483701 15.0705 0.069
54944.494392 15.0882 0.069
54944.505090 15.0543 0.069
54950.455145 15.0862 0.076
54950.464356 15.0953 0.076
54950.473641 15.0825 0.076
54950.482848 15.1277 0.077
54864.652425 15.1426 0.070
54864.665304 15.1614 0.070
54864.678218 15.1537 0.072
54864.691114 15.2059 0.072
54883.606195 15.0487 0.069
54883.611545 15.0923 0.069
54883.616896 15.0571 0.069
54883.622277 15.0372 0.069
54832.712904 15.1358 0.065
54832.717576 15.1722 0.065
54832.722240 15.1181 0.065
54832.726885 15.1667 0.065
54998.356156 15.178 0.072
54998.364739 15.1547 0.072
54998.373514 15.1719 0.072
54998.382073 15.1806 0.072
54895.581258 15.121 0.070
54895.594069 15.1844 0.071
54895.606891 15.2328 0.071
54895.619723 15.2264 0.071
54906.521872 15.1011 0.076
54906.530291 15.0988 0.076
54906.538722 15.126 0.076
54906.547169 15.1315 0.077
54917.524507 15.1217 0.067
54917.532322 15.12 0.067
54917.540192 15.1341 0.067
54917.548031 15.1912 0.067
54965.400978 15.2059 0.078
54965.411915 15.1926 0.078
54965.422750 15.2415 0.079
54965.433591 15.2678 0.080
55134.726282 15.2236 0.081
55134.734545 15.2537 0.081
55134.742817 15.2354 0.081
55134.751129 15.2146 0.081
55296.534777 15.1167 0.074
55304.484110 15.2125 0.076
55242.592440 15.2495 0.081
55206.674861 15.2269 0.068
55206.714815 15.2038 0.068
55355.402729 15.1468 0.083
55355.428417 15.1665 0.084
55270.557187 15.2161 0.074
55321.434822 15.1727 0.069
55321.477251 15.1496 0.069
55658.475828 15.3251 0.080
55658.513205 15.2007 0.079
55676.428230 14.9099 0.069
55676.463821 15.1559 0.073
55593.531726 15.5906 0.204
55593.565597 15.1533 0.068
55595.598179 15.1278 0.073
55595.619566 15.0863 0.075
55602.664721 15.2348 0.069
55602.698806 15.1511 0.069
55633.505356 15.2629 0.075
55633.539208 15.2511 0.075
55649.541005 15.2506 0.069
55708.366132 15.2261 0.073
55708.372019 15.2297 0.073
55708.378041 15.2507 0.074
55708.383997 15.2661 0.074
55739.352538 15.1121 0.068
55739.358918 15.1304 0.068
55739.365396 15.152 0.069
55739.371733 15.1751 0.069
55922.612133 15.2185 0.074
55922.623952 15.4571 0.267
55922.636055 15.2178 0.073
55922.648387 15.3461 0.117
55928.564530 15.2139 0.074
55928.576393 15.1959 0.073
55928.588392 15.1936 0.073
55928.600381 15.177 0.073
56064.423927 15.1224 0.066
56064.434468 15.1315 0.066
56064.445070 15.1217 0.067
56064.455693 15.1455 0.067
56101.354412 15.1251 0.067
56101.365612 15.2209 0.068
56101.376902 15.2129 0.068
56101.388187 15.144 0.067
56245.690818 15.0374 0.066
56245.705150 15.2656 0.069
56245.718478 15.2328 0.069
56245.731640 15.2528 0.068
56277.689198 15.0948 0.069
56277.698687 15.1014 0.069
56277.712297 15.1207 0.069
56277.723602 15.2864 0.102
56301.725760 15.1464 0.066
56301.731040 15.1244 0.066
56301.736349 15.0888 0.065
56301.741596 14.9738 0.064
56356.618179 15.1809 0.069
56356.627659 15.1518 0.069
56356.637487 15.1178 0.069
56356.646995 15.12 0.069
56421.472291 15.1202 0.068
56421.480602 15.1198 0.068
56421.488988 15.1582 0.069
56421.497378 15.1115 0.068
56454.391845 15.1792 0.070
56454.397242 15.1758 0.070
56454.402852 15.2163 0.071
56454.408346 15.1502 0.070
