53583.452371 18.1345 0.287
53583.458827 18.0649 0.276
53583.465234 18.045 0.274
53583.471644 18.0724 0.278
53599.508665 18.1153 0.284
53599.539114 17.9938 0.266
53604.471984 18.6726 0.385
53628.422404 17.865 0.200
53628.431143 17.7204 0.186
53628.439866 17.794 0.193
53628.448581 18.3617 0.256
53643.392673 18.541 0.358
53643.400343 18.2692 0.308
53643.408020 18.0404 0.273
53643.415701 18.2527 0.306
53845.739058 17.4334 0.201
53845.748433 17.8483 0.247
53845.757887 17.5931 0.217
53845.767303 17.6937 0.228
53954.489606 18.5934 0.369
53967.468574 18.2994 0.314
53967.477088 18.0508 0.274
53967.485621 18.1013 0.282
53967.494160 18.2801 0.310
53919.573208 18.543 0.358
53919.584505 18.4916 0.348
53919.595954 18.9539 0.452
53919.607341 18.9636 0.454
53928.571865 18.7739 0.408
53928.583048 18.9714 0.457
53938.550801 18.6388 0.378
53938.558939 18.5211 0.354
53938.567078 19.4072 0.588
53938.575237 20.1479 0.917
53893.532763 18.7187 0.310
53893.542683 18.4388 0.267
53893.552659 18.3438 0.254
53893.562492 18.2864 0.247
53900.679462 18.3687 0.326
53900.687665 19.347 0.568
53901.625949 19.0665 0.482
53901.634494 18.5396 0.358
53901.643046 18.7052 0.392
53901.651584 18.7151 0.395
53913.564910 18.8193 0.418
53913.575153 18.7479 0.402
53913.585404 18.2498 0.305
53913.595704 18 0.267
53821.688933 18.5377 0.357
53821.699611 18.3991 0.331
53821.710240 18.195 0.296
53821.720900 18.021 0.270
53863.656568 18.4819 0.346
53863.667003 18.2546 0.306
53863.677390 18.2114 0.299
53863.687829 18.8963 0.437
53871.676832 17.6133 0.154
53871.687491 18.4938 0.234
53871.698103 18.9609 0.298
53871.708750 18.2908 0.211
53875.708476 17.5572 0.125
53875.716514 17.6567 0.130
53875.724560 17.703 0.133
53875.732587 17.8152 0.139
54016.396973 18.5909 0.368
54016.400842 18.8046 0.415
54016.408621 18.0363 0.272
53982.426092 17.8531 0.248
53982.434553 17.6988 0.229
53982.443074 18.2347 0.303
53982.451613 17.6072 0.219
54318.465991 18.2332 0.240
54318.475389 17.9171 0.205
54318.484774 18.4028 0.262
54318.494164 18.3883 0.260
54137.767106 19.3647 0.574
54137.772310 18.672 0.385
54283.543163 18.5605 0.362
54283.551727 18.1504 0.289
54283.573907 18.8978 0.438
54262.562611 19.058 0.480
54262.571606 19.0048 0.465
54262.580662 18.9051 0.439
54262.589655 19.3297 0.562
54233.659704 18.1207 0.285
54233.669281 18.2228 0.301
54233.678944 18.1576 0.290
54233.688602 18.0641 0.276
54247.574930 18.6036 0.371
54247.584942 18.3726 0.326
54247.594716 18.3832 0.328
54247.604213 18.8667 0.430
54377.412463 18.1397 0.288
54377.416461 17.7352 0.233
54377.420494 18.1786 0.294
54377.424517 18.2766 0.310
54350.395038 18.6203 0.374
54350.401051 18.6866 0.388
54350.407067 18.7636 0.405
54350.413061 19.06 0.480
54684.389034 19.1014 0.492
54684.397810 18.6879 0.389
54684.406626 19.168 0.511
54684.415252 18.0898 0.280
54492.750900 18.6083 0.372
54492.755176 18.7189 0.395
54492.759444 18.8832 0.434
54492.763731 18.7404 0.400
54641.529464 18.0789 0.279
54641.538335 18.018 0.270
54641.547159 18.1457 0.289
54641.555959 18.2921 0.312
54528.725180 18.4411 0.202
54528.737931 18.2811 0.187
54528.750836 18.6381 0.222
54528.764120 18.5109 0.209
54726.408490 17.9411 0.259
54726.413606 17.5063 0.208
54726.418749 17.9753 0.264
54726.423891 18.2156 0.300
54861.743915 18.0379 0.217
54861.750378 18.071 0.221
54861.756885 17.9367 0.207
54861.763361 17.7377 0.188
55020.508176 17.7029 0.133
55020.518766 17.7001 0.133
55020.529377 18.0521 0.154
55041.396621 18.4776 0.273
55041.404810 18.3741 0.258
55041.412967 18.9498 0.352
55041.421128 18.2968 0.248
55041.429247 18.9475 0.351
55006.525129 18.0575 0.220
55006.536044 18.4048 0.262
55006.546900 18.0266 0.216
55006.557706 18.7391 0.313
54908.772450 18.5406 0.282
54908.782316 18.6628 0.301
54908.801876 16.5534 0.114
54910.701726 17.5897 0.217
54910.710720 17.7451 0.234
54910.719681 17.6423 0.222
54910.729061 17.9835 0.265
54957.754444 18.794 0.273
54957.764873 18.5251 0.238
54957.775336 18.5915 0.246
54957.785775 18.758 0.268
54965.656393 18.6368 0.378
54965.665117 18.1478 0.289
54965.673547 18.7544 0.403
54965.682020 18.3026 0.314
54979.706789 18.8337 0.422
54979.714048 18.6724 0.385
54979.721462 18.3708 0.326
55083.447277 18.1287 0.228
55083.453102 17.9665 0.210
55083.458947 18.5178 0.278
55083.464775 17.9999 0.213
55412.486057 18.5621 0.362
55412.521423 18.3682 0.325
55242.757509 17.9243 0.257
55320.662373 18.0593 0.220
55320.702294 18.1707 0.232
55328.699048 18.4621 0.270
55328.729473 18.2583 0.243
55456.408311 17.7696 0.165
55456.464821 18.4346 0.227
55674.708489 18.1775 0.233
55674.751576 18.5538 0.284
55602.722755 18.8488 0.333
55602.765363 17.6866 0.183
55687.686535 18.3789 0.221
55687.720344 18.3398 0.216
55731.593059 18.0891 0.223
55731.606044 18.4911 0.274
55731.619207 18.7423 0.314
55731.632285 18.8569 0.334
55750.442385 17.958 0.148
55750.458305 18.0529 0.154
55750.474270 18.0473 0.153
55750.490278 18.048 0.154
55769.549857 18.0096 0.184
55769.557546 18.1964 0.202
55769.565353 18.011 0.184
55769.573110 18.1837 0.200
55778.406166 18.3522 0.218
55778.412514 17.8903 0.174
55778.418893 17.8443 0.171
55778.438497 17.9577 0.180
55806.459470 17.8529 0.171
55806.468697 17.8961 0.175
55806.477912 17.8781 0.173
55806.487137 17.6022 0.153
55962.747003 17.9172 0.256
55962.752868 18.5044 0.351
55962.758654 18.5042 0.351
55962.764410 17.7973 0.241
56029.790311 18.4901 0.274
56029.795073 18.7581 0.317
56029.799905 18.3723 0.258
56029.804648 18.3676 0.257
56115.511656 17.998 0.150
56115.525746 18.0667 0.155
56115.539813 18.0876 0.156
56115.553944 18.1806 0.163
56146.438785 18.0198 0.185
56146.453476 18.0114 0.184
56146.468239 18.2012 0.202
56146.483053 18.0178 0.185
56176.452407 18.1204 0.194
56176.464473 18.1471 0.197
56176.476565 18.3844 0.221
56176.488595 18.4603 0.230
56213.397740 18.716 0.310
56213.402444 18.3587 0.256
56213.407276 18.0669 0.221
56213.413434 18.5787 0.288
56364.709592 18.5423 0.358
56364.721036 18.3553 0.323
56364.732771 19.7285 0.712
56364.744442 18.3282 0.318
56378.679018 17.8216 0.169
56378.693328 17.9372 0.178
56378.707812 17.7009 0.160
56378.722357 17.04 0.122
56399.719548 17.4161 0.162
56399.733453 17.2921 0.153
56399.747246 17.5252 0.170
56399.761072 17.5994 0.176
56431.600176 17.9839 0.149
56431.670604 19.0355 0.246
56431.681025 18.1333 0.159
56431.691493 18.3639 0.177
56431.701919 18.1038 0.157
56445.650440 17.8287 0.169
56445.661692 17.9012 0.175
56445.674058 17.9805 0.182
56445.685288 17.7131 0.161
56481.568260 18.4777 0.232
56481.579528 18.3754 0.220
56481.590945 18.2745 0.209
56481.602343 18.3778 0.220
