54393.513314 17.0797 0.165
56158.716496 17.3813 0.112
54747.533865 17.5838 0.145
54246.776401 17.4166 0.203
55031.622523 17.4832 0.150
54329.604644 17.3723 0.351
54474.463947 17.4077 0.237
54680.792504 17.2499 0.132
53737.470208 17.4252 0.211
54701.683095 17.6006 0.174
53592.718183 17.2528 0.193
55775.690492 17.3281 0.133
56183.744781 16.9431 0.099
56278.499634 17.0044 0.116
53592.733710 17.5613 0.223
54036.565406 17.1272 0.163
55031.631341 17.5074 0.151
53645.604621 17.4719 0.232
53921.731530 17.1134 0.323
55742.758451 17.3676 0.135
53893.756401 17.4066 0.171
56183.770516 17.0351 0.103
54111.449560 17.6482 0.238
55126.530722 17.0832 0.119
54730.564567 17.7129 0.191
55126.541330 17.0359 0.123
54701.665426 17.4842 0.165
55775.658123 17.2934 0.130
53877.792758 17.3096 0.161
54680.753198 17.0609 0.121
55908.493069 17.1386 0.115
54747.522524 17.4578 0.137
54361.564079 17.6944 0.171
54349.643478 17.2874 0.148
55031.613627 17.3084 0.140
54393.492550 17.2806 0.182
56278.492353 16.9544 0.115
53893.762951 17.4131 0.171
55908.509839 17.1016 0.115
54376.639128 17.2667 0.128
56158.702967 17.4445 0.113
54376.610668 17.1976 0.124
54020.520933 17.1682 0.165
54474.455970 17.3681 0.206
56183.732054 16.8736 0.098
53975.644565 17.3586 0.183
54020.547481 17.0456 0.157
56278.514392 16.9692 0.116
54299.735440 17.4114 0.186
54036.582647 17.1297 0.164
54329.608795 17.3826 0.414
56278.506900 16.9067 0.114
55775.679685 17.3239 0.131
55456.682475 16.8526 0.186
55126.551928 16.9915 0.116
53737.474797 17.4902 0.219
55742.769904 17.4477 0.146
56138.685314 17.479 0.104
54078.455856 17.3232 0.170
53975.650907 17.2516 0.190
55412.679386 17.0439 0.255
54349.627006 17.2907 0.144
53893.749902 17.4709 0.176
54111.441832 17.3708 0.205
53921.763717 17.2203 0.304
54006.658808 17.3475 0.181
53737.465702 17.478 0.217
53921.747571 17.0509 0.291
54020.538843 17.0437 0.156
56068.792653 17.5533 0.163
56479.699300 16.7897 0.092
53946.633404 17.3417 0.146
54111.465053 17.4683 0.223
54747.499319 17.5086 0.141
54006.649452 17.3136 0.178
54474.461295 17.2056 0.250
53946.661031 17.402 0.149
53921.779756 17.3209 0.345
54329.612921 17.4489 0.391
54246.759212 17.3502 0.198
54361.591739 17.6093 0.164
54299.721132 17.238 0.204
54111.457307 17.6132 0.235
54376.624542 17.1674 0.123
56068.799149 17.6433 0.167
54078.445015 17.3404 0.177
53877.776986 17.2017 0.154
56138.704474 17.3612 0.101
55456.623280 16.8661 0.131
53592.702662 17.3612 0.204
53893.743384 17.3076 0.164
53975.631588 17.4653 0.190
56158.730184 17.4144 0.114
54036.574026 17.1622 0.166
54349.618809 17.3805 0.150
54747.511004 17.339 0.131
56479.713598 17.0188 0.099
56138.713108 17.3822 0.101
54701.674241 17.5678 0.173
54393.506399 17.0038 0.160
55775.668949 17.276 0.129
54299.749374 17.3159 0.261
54078.434167 17.3763 0.185
56479.684994 16.8972 0.095
56158.689529 17.2991 0.109
56068.805738 17.5219 0.158
53975.638087 17.3777 0.184
53592.686937 17.4493 0.211
54036.591267 17.2527 0.173
53645.611479 17.3869 0.224
55908.501537 17.1512 0.117
56479.670879 16.9254 0.096
54393.499473 17.1481 0.171
55126.562517 16.8489 0.110
55031.604969 17.4513 0.149
54349.635185 17.5036 0.182
54474.458628 17.5878 0.268
54006.640050 17.2214 0.171
54020.529934 17.1736 0.166
54246.750484 17.5369 0.218
54730.572554 17.4573 0.168
54376.596728 17.0939 0.119
54246.767848 17.1279 0.178
53645.618323 17.5841 0.248
55908.518195 17.2361 0.122
56068.812336 17.619 0.166
53737.461211 17.4825 0.215
53877.784921 17.3051 0.161
53877.800733 17.3331 0.163
55742.781381 17.6115 0.174
54680.766307 17.2892 0.133
55421.762734 17.5533 0.122
54701.691942 17.3989 0.159
54078.466706 17.2958 0.168
54299.763057 17.4506 0.291
54680.779391 17.1338 0.125
54006.630661 17.2878 0.175
54730.580436 17.4211 0.166
55742.792783 17.0777 0.139
54329.617184 17.2944 0.263
54730.556350 17.5434 0.177
54361.573386 17.725 0.173
56183.757647 16.921 0.099
53645.597793 17.555 0.243
53946.675098 17.3239 0.144
55421.811838 17.6356 0.121
56138.695942 17.3439 0.100
53946.646948 17.4124 0.151
