53583.3895731249 16.419483 0.132074045908846
53583.3938811111 16.42871 0.15476954439647
53583.3981939351 16.410796 0.156143719025059
53583.4024838541 16.379811 0.154946081004861
53568.4288859145 17.07937 0.124958221422407
53568.435471655 17.17111 0.129802309846493
53568.4420512846 17.059299 0.124697769592203
53568.4488057524 17.094649 0.128690286285062
53833.5470680092 16.574787 0.0817040867155865
53833.5602456136 16.563344 0.0816264158054607
53833.5735459724 16.652135 0.0834824438786176
53833.5867150114 16.649439 0.0836971036594081
53846.5807963541 17.137602 0.11142737694777
53846.590329861 17.171999 0.113006869608737
53846.599861331 17.212511 0.114776242399322
53846.6094895254 17.267611 0.117138396845138
53854.5084905673 16.927521 0.104542744195664
53854.5171011921 16.950869 0.105255086773612
53854.5255822802 16.92037 0.104203775480755
53854.534085266 17.023744 0.108037755849812
53962.3701516553 17.059712 0.102807695928896
53962.378319676 17.052787 0.103074362187067
53962.3864837498 17.029972 0.102321860354375
53962.3946576738 17.076285 0.10371476661931
54097.6456494095 17.142854 0.13814971228876
54097.6545012502 17.151492 0.135970386845366
54097.6633945253 17.018585 0.12787878963197
54097.6722615279 17.112811 0.132613254466121
53767.6626727663 17.076217 0.0963239341787857
53767.6795129053 17.134112 0.0975435985371313
53767.6968752778 17.14731 0.0977042162562723
53767.7142105669 17.085682 0.0958085328211406
53903.5028930786 17.132936 0.103414129564422
53903.5159074422 17.148853 0.104398718121572
53903.5289235185 17.179662 0.106060077673513
53903.5419386341 17.251489 0.108857363352214
53818.6517777663 17.216387 0.115139328368569
53818.6620778126 17.157762 0.1127632073205
53818.6724024654 17.137075 0.112072374794114
53818.6828045949 17.120749 0.111315929908616
53871.4438077083 17.14176 0.113933485401897
53871.4523567475 17.113847 0.111993764350671
53871.4608583336 17.008421 0.108245852791227
53871.4694048727 17.074928 0.110770963227651
53880.4411820138 16.831056 0.155275835542529
53880.4513340855 16.935558 0.106044654468096
53880.4615409259 17.066566 0.115511398369697
53880.4717026969 17.001153 0.107664318493912
54196.6204575348 16.797521 0.115217766402195
54196.6310873378 16.797992 0.115183547788946
54196.6417787268 16.886392 0.119838860489453
54196.6524665162 16.839054 0.117882290453245
54207.5635934953 17.210063 0.132221218423972
54207.5722027315 17.215057 0.132457316828234
54207.5807321064 17.174223 0.130236582193778
54207.5892700461 17.172471 0.130469192750727
54151.7298262618 16.116144 0.0806348654162891
54151.7408501851 16.149835 0.0811943729832146
54151.7517674998 16.187899 0.0821164632350838
54151.7626981367 16.299389 0.0849182947736663
54287.4567654748 16.151504 0.0789738309484975
54287.4712565392 16.081347 0.0781463334681287
54287.4843427893 16.187643 0.0807483092975307
54287.497405903 16.256347 0.0829836724174254
54267.4358310068 17.072518 0.119114617065409
54267.4424577664 17.136764 0.122176793603512
54267.4491433219 17.070431 0.118916239228358
54267.4557509722 17.020322 0.11706292546198
54170.6502562153 16.658445 0.106504618370054
54170.6617659146 16.709718 0.108522487221899
54170.6732629977 16.651438 0.106406212478986
54170.6847614815 16.783625 0.111312455781059
54186.6419749075 17.098775 0.125110454673682
54186.6526313193 17.078827 0.124318025779301
54186.6633610187 17.10928 0.125749950321834
54186.6742477777 17.027278 0.122097281075955
54233.4926261922 17.200399 0.132613254466121
54233.5019632291 17.162678 0.130465859132727
54233.5113076853 17.184384 0.13190313958579
54233.5208010996 17.115489 0.128235231139538
54686.3660997107 17.106721 0.111373336039569
54686.3712571991 17.096422 0.111085864546831
54686.3763899074 17.041662 0.10913464056968
54686.3815245951 17.057824 0.110149332838436
54831.6806963772 16.917658 0.102546610819449
54831.6891833913 16.991431 0.105082317525579
54831.6976760762 17.058663 0.107346860814661
54831.7061693516 17.010064 0.105225297425148
54504.7021406251 16.81018 0.0937311258327623
54504.7141137617 16.870238 0.0953632053816892
54504.7258556481 16.880289 0.0956927831385092
54504.7373697455 16.886837 0.095802469299336
54513.5893746298 17.143063 0.115458517189814
54513.6124542244 17.217167 0.118523542063631
54525.6641195025 17.019155 0.113763104289873
54525.6757405438 17.047571 0.115057107070639
54525.6871405207 17.032152 0.114371071802549
54525.6984080789 17.073206 0.116050084607158
54488.6771437847 17.180959 0.111562107267956
54488.6870888425 16.942817 0.107181604396481
54488.7115925578 17.243138 0.114461021432801
54490.6725845025 17.094917 0.106998503812567
54490.6843018518 17.08818 0.106793638457673
54490.6959564583 17.062038 0.105788184821033
54490.7077032062 17.022281 0.104246520288189
54491.5993373613 17.044048 0.107039393625868
54491.6093775579 16.895482 0.101530005820844
54491.6194125465 17.003534 0.10496294552905
54491.6294625811 17.057783 0.106494617022747
54650.4206707175 16.90744 0.0889731395494922
54650.4316229862 16.563955 0.0812023972188856
54650.442721447 16.248267 0.075368935774462
54650.4535876042 16.063206 0.0724531733888457
54618.4898680439 16.425899 0.0823538282579649
54618.4997862498 16.480959 0.0890453060542069
54618.5097277197 16.550021 0.0966523478367214
54618.5195610882 16.626655 0.0917808054416772
54624.407436794 17.064338 0.0832211377977768
54624.4213835186 17.107073 0.0840070882107186
54624.435308935 17.120253 0.0843562623403097
54624.4492761342 17.145795 0.0850784283044032
54532.6238626968 16.647205 0.092209220628478
54532.6371257175 16.74006 0.0948999354334175
54532.6503476272 16.787728 0.0965683731324512
54532.6635308913 16.783727 0.0968982007585827
54592.503180683 16.069841 0.0683352057441983
54592.5204515973 16.154733 0.0702459250400174
54592.5309818632 16.261237 0.0731951145518096
54592.5428473729 16.301115 0.0715688074760221
54598.544086273 17.210185 0.110512053535149
54598.5522547571 17.147367 0.108049948529344
54598.5604555324 16.990686 0.102595930197102
54598.5686355901 16.676476 0.0929898858487012
54936.5910705092 17.05867 0.108083507194059
54936.599460764 17.087776 0.109408618829802
54936.6079341203 17.238799 0.115689107819988
54936.6164844559 17.103903 0.11029079164877
54948.5323489813 16.834993 0.101247438299284
54948.5429109607 16.757845 0.129746787994297
54948.5534695719 16.859336 0.102323050932653
54948.5639581714 16.870804 0.102927177205571
54866.6311528818 16.638182 0.0843602060204008
54866.660507014 16.686074 0.085092693543247
54866.6878760071 16.722115 0.0857468368921732
54866.7018323266 16.86307 0.089265518402085
54887.5417703473 16.861468 0.0823736061731124
54887.5547891435 16.917667 0.0834084620188722
54887.5677792247 16.902185 0.0829912311768388
54887.5807774075 16.976026 0.0844366276854195
55036.4003634026 16.430573 0.0932177816019841
55036.4067231367 16.476083 0.0945002554089542
55036.4131002316 16.495154 0.0952593702948962
55036.4194794099 16.542321 0.0969312154848093
55000.4074879166 16.917081 0.099542808423711
55000.4173898034 16.713409 0.118744342758
55000.441813426 16.904086 0.0873310198798883
55000.4519706367 16.979504 0.0880584540456463
54898.5520183332 16.078456 0.0966559690523409
54898.5573438774 16.06051 0.0959145281743582
54898.5703762039 16.120569 0.0976965857272472
54898.5833849306 16.234014 0.101108661940174
54905.7285182988 16.442546 0.107100867174732
54905.7394316783 16.473267 0.108318188084911
54905.7502993401 16.523023 0.110759056515548
54905.7612620369 16.595928 0.114012338940339
54917.6640414468 17.110042 0.0878357237394542
54917.677167523 17.127494 0.0885679853796652
54917.6902396645 17.10205 0.0879367331040401
54917.7033087964 17.103767 0.0880289098843822
54963.5219731829 17.113202 0.0983756257666462
54963.5332667939 17.197458 0.101313191630065
54963.5445503239 17.177278 0.100556905466604
54963.5559187038 17.188522 0.101295034506339
54980.5045004169 16.603829 0.0787073715809009
54980.5181962036 16.662912 0.0799829032158775
54980.5318903586 16.701031 0.0809217111666518
54980.5458898496 16.725785 0.0816906891342994
55306.5434351737 17.056271 0.085424667920208
55411.3795755324 17.143476 0.10392980298732
55411.4121132409 17.033129 0.10085154649061
55544.7194382871 16.172865 0.0887102477404984
55544.7326463192 16.139993 0.0888602046556535
55246.7025014583 17.12958 0.118675871513042
55214.6576382058 17.064465 0.114588636035598
55214.691549699 17.173455 0.118223539183384
55393.3822409026 16.842371 0.0922463484381711
55393.403990706 16.78413 0.0906814666309959
55361.4943822109 17.143346 0.0919346282233162
55361.5115570834 17.074262 0.0903257968380533
55267.709692662 16.527345 0.0795347281189344
55321.4917425231 17.030103 0.115824688439852
55321.520848287 16.167431 0.0874680562584095
55658.6051574423 16.178549 0.0764387478141365
55658.6479588541 16.461067 0.0828459406772053
55675.5101643289 16.752154 0.0908034410240026
55675.546209815 16.900896 0.0947207035351992
55615.690065301 17.069734 0.100604082046611
55615.7358419444 17.150062 0.107178660834606
55715.4493040278 17.216503 0.0939881669987617
55715.4655008333 17.21171 0.0944848952180587
55715.4818643055 17.204605 0.0949537073724856
55715.4981693172 17.025307 0.090648172533021
55686.5007167941 17.256997 0.0932812616810703
55686.545507986 16.28185 0.0727692228608924
55734.4509238078 16.617362 0.0881233038765231
55734.4779579512 16.682941 0.0836145108211129
55734.4913821992 16.742495 0.0853664010167832
55745.377570602 17.013834 0.0974567016009228
55745.3887342246 17.186331 0.109180893931042
55745.4000289816 17.143449 0.0930540672565729
55745.4113113655 17.183387 0.126591653995966
55770.3788321759 17.229543 0.0981587639678207
55770.3846824076 17.245651 0.0984963407239741
55770.390678009 17.224793 0.0981314530077395
55770.3965548496 17.132719 0.0954710173088886
55926.6702835301 16.821056 0.106286964855969
55926.6781083682 16.833082 0.106497473618807
55926.6859545025 16.780716 0.104212835070595
55926.6938697455 16.823909 0.105210420444133
56063.487964815 16.946197 0.075881803005136
56063.5020354861 16.969867 0.0763779100084667
56063.5160750346 17.06509 0.078177314959815
56063.5302325231 17.10125 0.0785229184573534
