53599.509600 13.2915 0.062
53599.519688 13.2133 0.062
53599.529960 13.269 0.062
53599.539960 13.2724 0.062
53845.739890 12.9557 0.058
53845.749269 13.0019 0.058
53845.758729 12.9024 0.058
53845.768152 12.9977 0.058
53875.710243 13.0453 0.053
53875.718287 12.888 0.053
53875.726326 12.9609 0.053
53875.734358 12.9565 0.053
53901.625117 13.119 0.060
53901.633653 13.1052 0.060
53901.642198 13.0715 0.060
53901.650730 13.1327 0.060
53913.565772 13.1938 0.061
53913.575997 13.2151 0.060
53913.586253 13.1794 0.060
53913.596559 13.1853 0.061
53928.550476 13.3673 0.062
53928.561558 13.2812 0.062
53928.572700 13.3469 0.062
53928.583888 13.3594 0.062
53938.551646 13.4937 0.064
53938.559790 13.4099 0.063
53938.567914 13.4864 0.070
53938.576072 13.4944 0.075
53954.511668 13.7584 0.066
53954.518911 13.6861 0.065
53954.526156 13.7709 0.066
53954.533404 13.7199 0.066
53967.467737 13.9118 0.068
53967.476254 13.9508 0.068
53967.484776 13.9051 0.068
53967.493311 13.8224 0.068
53983.462941 14.2427 0.072
53983.470267 14.1788 0.071
53983.477619 14.2486 0.072
53983.484916 14.2602 0.072
54017.406023 14.8279 0.084
54017.409896 14.7702 0.084
54017.413767 14.7372 0.083
54017.417674 14.7475 0.083
54233.658872 13.0664 0.062
54233.668432 13.2577 0.063
54233.678103 13.1774 0.063
54233.687736 13.1938 0.063
54247.575855 13.4876 0.065
54247.585870 13.4312 0.065
54247.595567 13.3995 0.065
54247.605061 13.4742 0.065
54505.747957 12.7361 0.059
54505.756439 12.6953 0.058
54505.764902 12.6947 0.058
54505.773625 12.787 0.059
54642.586983 14.9466 0.071
54642.598209 14.7551 0.072
54642.609452 14.8236 0.072
54642.620711 14.7388 0.072
54684.420165 15.2673 0.126
54684.427013 15.2703 0.110
54684.433902 15.0194 0.093
54684.440810 15.0382 0.087
54726.428848 14.5874 0.076
54726.434165 14.6302 0.076
54726.439473 14.5519 0.074
54726.444764 14.6203 0.077
54862.749759 13.5752 0.063
54862.753118 13.5339 0.063
54862.756562 13.6152 0.063
54862.759952 13.4565 0.063
54910.758150 14.3725 0.074
54910.766891 14.4481 0.073
54910.775595 14.3217 0.073
54910.784301 14.3674 0.072
54957.758326 15.0676 0.073
54957.768773 15.046 0.072
54957.779229 15.0475 0.072
54957.789712 14.9345 0.072
54965.690771 15.1375 0.089
54965.699780 15.1456 0.089
54965.708750 15.2851 0.091
54965.717762 15.1299 0.087
54979.708039 15.1593 0.088
54979.715302 15.1439 0.089
54979.722750 15.1825 0.088
54979.730222 15.1231 0.089
55006.531140 15.0421 0.076
55006.541983 15.0582 0.077
55006.552812 15.0125 0.078
55006.563577 15.0288 0.082
55020.504606 14.8146 0.065
55020.515203 14.8731 0.064
55020.525804 14.8165 0.064
55020.536414 14.8068 0.064
55041.400388 14.5717 0.070
55041.408583 14.5284 0.069
55041.416723 14.4202 0.069
55041.424887 14.5712 0.070
55041.433016 14.4395 0.070
55243.747978 14.754 0.074
55320.665291 15.1519 0.075
55320.705270 15.3321 0.079
55320.719221 15.6195 0.085
55412.487980 12.5496 0.056
55412.523380 13.0691 0.058
55466.408444 13.5616 0.062
55466.424047 13.5749 0.062
55602.728600 15.4205 0.080
55602.771392 15.4703 0.081
55674.715005 13.7857 0.060
55674.758152 13.8424 0.060
55690.675374 12.8717 0.054
55690.724561 12.8572 0.054
55731.598353 13.1758 0.056
55731.611382 13.2568 0.057
55731.624550 13.2549 0.057
55731.637657 13.2004 0.056
55750.453612 13.098 0.053
55750.469591 13.1076 0.053
55750.485585 13.093 0.053
55750.501611 13.0997 0.053
55769.554724 13.2989 0.056
55769.562512 13.2863 0.055
55769.570285 13.3048 0.056
55769.578064 13.2744 0.055
55800.456058 13.9019 0.061
55800.466642 13.9414 0.061
55800.477264 13.9313 0.061
55800.487874 13.9055 0.061
56077.605912 13.2768 0.055
56077.619332 13.2904 0.055
56077.632759 13.2852 0.055
56077.646239 13.2822 0.055
56088.660959 13.509 0.056
56088.670178 13.5151 0.057
56088.679420 13.5095 0.056
56088.688701 13.5118 0.056
56115.570868 13.9276 0.056
56115.584119 13.9255 0.056
56115.597287 13.9159 0.056
56115.610488 13.9596 0.057
56146.444348 14.3245 0.062
56146.459096 14.3126 0.062
56146.473881 14.3265 0.062
56146.488760 14.2763 0.061
56176.457359 14.886 0.067
56176.469414 14.9707 0.068
56176.481501 14.9941 0.068
56176.493934 14.8869 0.067
56364.717176 13.2292 0.059
56364.728899 13.4405 0.061
56364.740526 13.4737 0.061
56364.752225 13.252 0.059
56399.726053 13.5611 0.058
56399.740005 13.5391 0.058
56399.753832 13.5588 0.058
56399.767662 13.5457 0.058
56421.578297 13.8662 0.058
56421.591918 13.8572 0.058
56421.605921 13.836 0.058
56421.635995 13.8565 0.058
56481.572455 14.7329 0.065
56481.583829 14.814 0.066
56481.595216 14.7081 0.065
56481.606730 14.739 0.066
