53599.466513 16.0271 0.117
53599.475035 16.0204 0.118
53599.483694 15.942 0.114
53599.492219 15.856 0.111
53607.415710 16.0559 0.109
53607.425659 15.9942 0.108
53607.435625 15.9119 0.105
53607.445600 15.8622 0.103
53580.562249 16.0414 0.109
53580.571573 16.1477 0.114
53580.580922 16.1625 0.115
53580.590308 16.0247 0.109
53618.379659 16.0887 0.093
53618.395265 15.977 0.091
53618.411408 15.7955 0.087
53618.427115 15.8809 0.089
53633.431813 15.8348 0.130
53633.437338 15.9448 0.136
53633.442848 15.9089 0.135
53633.448361 15.8324 0.132
53953.502670 16.3727 0.139
53953.509211 16.2012 0.129
53953.515646 16.213 0.129
53953.522056 15.9947 0.118
53967.432963 15.933 0.112
53967.441623 15.9584 0.113
53967.450155 15.9321 0.112
53967.458640 16.0393 0.117
53772.734036 15.9368 0.116
53772.745521 15.7721 0.109
53772.757159 15.946 0.116
53772.768385 15.9392 0.115
53919.539503 15.9176 0.111
53919.548439 15.9634 0.113
53919.557380 15.9564 0.118
53919.566301 15.9473 0.113
53938.503834 16.2622 0.126
53938.514073 16.2597 0.127
53938.524314 16.1807 0.124
53938.534571 16.1033 0.120
53901.590241 16.291 0.124
53901.598777 16.1685 0.119
53901.607333 16.1225 0.117
53901.615885 16.1007 0.116
53913.563226 16.1826 0.120
53913.573480 16.1248 0.118
53913.583716 16.0379 0.114
53913.593994 15.9974 0.113
53821.687157 16.2335 0.113
53821.697758 16.1416 0.110
53821.708471 16.1355 0.110
53821.719125 16.0844 0.108
53863.658238 16.2376 0.115
53863.668738 16.1356 0.111
53863.679092 16.0956 0.109
53863.689541 15.9346 0.103
53871.633453 16.0373 0.085
53871.644041 15.9344 0.082
53871.654756 15.9632 0.083
53871.665417 16.0215 0.085
53876.575888 16.009 0.088
53876.585195 15.8674 0.104
53876.594383 15.95 0.099
53876.603484 16.0997 0.086
53982.389401 15.9683 0.111
53982.397839 15.9945 0.113
53982.406297 15.9434 0.111
53982.414772 15.9138 0.110
54318.426996 15.9294 0.097
54318.435121 15.8896 0.096
54318.443279 15.8561 0.095
54318.451425 15.9064 0.096
54129.740628 16.196 0.130
54129.749608 16.188 0.129
54129.758597 16.1589 0.127
54129.767635 15.9787 0.118
54291.522944 16.1415 0.121
54291.531491 16.1376 0.121
54291.540085 16.1727 0.123
54291.548644 16.108 0.121
54303.444540 15.8615 0.108
54303.454422 15.9913 0.112
54303.464263 15.8808 0.109
54303.474071 15.8814 0.109
54265.597843 16.1932 0.122
54265.606296 16.0836 0.117
54265.614761 16.0809 0.117
54265.623248 16.0227 0.115
54172.766998 15.9252 0.102
54172.771549 15.9409 0.103
54172.776042 15.9355 0.102
54172.780473 16.0012 0.104
54190.606590 16.2402 0.132
54190.615127 16.1767 0.127
54190.623714 15.9846 0.129
54190.632324 16.0734 0.123
54233.613926 15.9479 0.118
54233.625092 15.9933 0.121
54233.636368 15.8957 0.116
54233.647800 15.8411 0.114
54377.394757 16.05 0.124
54377.398764 16.0069 0.122
54377.402755 15.9918 0.123
54377.406766 15.9286 0.120
54348.411569 16.0062 0.099
54348.419731 16.0182 0.100
54348.427908 15.94 0.097
54348.436075 16.016 0.100
54349.389772 16.1093 0.103
54349.397916 16.1151 0.104
54349.406071 16.0294 0.101
54349.414255 16.021 0.101
54490.754969 16.0062 0.103
54490.758280 15.9299 0.101
54490.761579 15.934 0.100
54490.764887 16.0575 0.105
54491.745262 16.0766 0.132
54491.753371 16.0194 0.129
54491.761573 16.0737 0.131
54491.769703 15.907 0.122
54663.495326 15.8976 0.088
54663.504328 14.6391 0.069
54663.513325 15.936 0.095
54663.522236 15.927 0.095
54675.415063 15.9217 0.090
54675.424778 16.0231 0.092
54675.429077 16.0917 0.095
54675.433389 16.0487 0.096
54642.539555 16.016 0.090
54642.551787 16.1328 0.093
54642.563950 16.2368 0.096
54642.576105 16.1614 0.095
54598.589894 16.17 0.093
54598.601512 16.0304 0.089
54598.613086 15.9288 0.087
54598.624578 15.9544 0.087
54614.693657 16.0655 0.084
54614.699680 16.1109 0.085
54614.705642 16.0108 0.083
54614.711612 16.1294 0.086
54710.424413 15.8603 0.080
54710.432344 15.8878 0.081
54710.440290 15.8635 0.081
54710.448224 15.987 0.083
54936.766344 16.2254 0.114
54936.775458 16.2114 0.113
54936.784882 16.1669 0.111
54936.794223 16.1609 0.111
54949.670095 15.9122 0.075
55045.485198 16.0608 0.096
55045.495799 16.1076 0.098
55045.506425 16.2459 0.102
55045.517036 16.108 0.098
54890.746279 16.0216 0.107
54890.753049 16.1559 0.112
54890.759850 16.1231 0.111
54890.766600 16.1929 0.114
54859.741244 16.0989 0.094
54859.749389 16.1147 0.094
54859.757574 16.1128 0.094
54859.765819 16.4346 0.106
55021.510143 15.919 0.095
55021.519321 15.908 0.095
55021.528533 16.013 0.098
55021.537766 16.1264 0.103
55032.509464 16.1193 0.114
55032.516590 16.0612 0.113
55032.523683 16.1109 0.114
55032.530772 16.251 0.121
55032.537871 16.1606 0.117
54999.601769 15.8919 0.121
55000.591174 15.8859 0.086
55000.605053 15.9251 0.087
55000.618810 15.9678 0.092
55000.632705 15.9983 0.089
55012.415710 15.9432 0.108
55012.424690 15.9553 0.109
55012.434053 15.8954 0.107
55012.443275 15.9356 0.108
54909.683108 16.1493 0.115
54909.692088 16.123 0.114
54909.701222 16.0063 0.109
54909.710360 16.01 0.109
54953.673644 16.0626 0.093
54953.684486 16.0099 0.092
54953.695312 15.9224 0.090
54953.706237 15.9021 0.089
54957.675056 16.1457 0.089
54957.686784 16.2079 0.091
54957.698542 16.1406 0.089
54957.710295 16.0404 0.087
54965.608171 16.2681 0.119
54965.617762 16.227 0.118
54965.627299 16.1887 0.116
54965.636986 16.1526 0.114
54979.654238 15.9828 0.094
54979.665605 15.8969 0.092
54979.677135 15.883 0.091
54979.688694 15.9158 0.092
55084.415267 15.9999 0.108
55084.421092 16.0555 0.110
55084.426933 15.9999 0.108
55084.432820 16.0732 0.111
55103.394920 15.9671 0.097
55103.399704 15.842 0.096
55103.404468 15.7649 0.091
55103.409243 15.8464 0.094
55412.445861 16.0118 0.109
55412.472354 15.8708 0.105
55243.701004 16.0944 0.101
55219.719145 16.1615 0.124
55219.737924 16.1804 0.125
55274.746805 15.9712 0.111
55320.614061 15.9477 0.112
55320.645485 16.0696 0.116
55329.643365 16.0272 0.099
55329.679238 15.8762 0.094
55334.662914 16.1769 0.106
55446.414456 16.0721 0.092
55446.444638 16.0932 0.095
55658.743535 16.1207 0.110
55658.782938 15.9283 0.103
55674.647278 15.928 0.094
55587.727504 16.0266 0.092
55587.752963 16.2894 0.098
55687.644459 15.96 0.087
55687.671814 16.0995 0.088
55762.512809 15.9677 0.095
55762.522351 16.0217 0.096
55762.531888 16.1087 0.099
55762.541346 16.129 0.100
55795.439184 16.2052 0.098
55795.447994 16.1559 0.097
55795.456834 16.0655 0.096
55795.465674 16.0561 0.095
55963.719455 16.0912 0.087
55963.750508 16.2032 0.088
55963.764847 16.0986 0.085
55963.767624 16.0308 0.085
55963.719455 16.0912 0.087
55963.750508 16.2032 0.088
55963.764847 16.0986 0.085
55963.767624 16.0308 0.085
56028.767035 16.2289 0.080
56028.783062 16.2474 0.084
56028.799201 16.0045 0.083
56028.815324 16.3003 0.087
56059.655650 16.0282 0.077
56059.669732 16.0382 0.077
56059.683903 16.0064 0.077
56059.698046 15.8667 0.075
56088.535356 15.9663 0.092
56088.545510 15.9672 0.091
56088.555803 15.9618 0.091
56088.566058 15.9885 0.092
56097.523445 15.9515 0.092
56097.536044 16.0989 0.100
56097.548789 16.1481 0.111
56097.561521 16.2122 0.127
56124.515941 16.1314 0.087
56124.526483 16.164 0.089
56124.537088 16.1396 0.088
56124.547717 16.0539 0.086
56152.478745 15.9617 0.080
56152.486502 15.9962 0.082
56152.494303 16.0365 0.082
56152.502112 16.1803 0.085
56358.778840 16.0397 0.103
56358.781792 16.1006 0.106
56358.787594 16.0381 0.104
56364.656673 16.2182 0.097
56364.669317 16.1196 0.095
56364.682071 16.0451 0.092
56364.694661 15.9641 0.090
56371.684951 16.0718 0.084
56371.697695 16.1246 0.086
56371.710530 16.23 0.088
56371.723271 16.2146 0.089
56395.648839 16.2005 0.093
56395.659701 16.2295 0.094
56395.692084 16.1168 0.099
56395.702826 16.2501 0.121
56406.700356 15.8477 0.078
56406.714030 16.0436 0.082
56406.726896 16.0447 0.081
56406.739669 16.2031 0.085
56418.668090 15.8271 0.073
56418.683236 15.9161 0.074
56418.698306 15.8758 0.073
56418.713363 16.1573 0.080
56431.491048 15.9 0.072
56431.503402 15.9394 0.077
56431.515947 15.9387 0.073
56431.528350 16.0665 0.078
56495.526908 15.9898 0.083
56495.537544 15.9084 0.120
