53576.480226 14.0742 0.064
53576.486756 14.0907 0.064
53576.493294 14.1211 0.065
53576.499843 14.0914 0.065
53591.414605 13.9729 0.058
53591.425323 13.9703 0.058
53591.436065 13.9597 0.058
53591.447095 13.9877 0.058
53605.379859 13.8955 0.062
53605.386716 13.8527 0.062
53605.393420 13.8778 0.062
53605.400013 13.8616 0.062
53772.658538 14.041 0.067
53772.670832 14.0355 0.067
53772.683108 14.0611 0.067
53772.694953 14.012 0.066
53818.697083 13.7911 0.061
53818.706324 13.8034 0.061
53818.715962 13.7738 0.061
53818.725221 13.7717 0.061
53834.554737 13.996 0.055
53834.570397 14.0306 0.055
53834.585809 14.0167 0.055
53834.601089 14.0223 0.055
53854.687820 14.0989 0.064
53854.689528 14.0951 0.064
53854.696792 14.1146 0.064
53854.704087 14.0866 0.064
53854.711362 14.0997 0.064
53871.557786 14.1097 0.064
53871.567569 14.1047 0.064
53871.577471 14.0937 0.064
53871.587256 14.0958 0.064
53901.514369 13.8343 0.063
53901.522911 13.8452 0.063
53901.531462 13.8132 0.063
53901.540005 13.8002 0.062
53914.473445 13.8394 0.063
53914.481949 13.84 0.063
53914.490460 13.8623 0.063
53914.498963 13.8269 0.063
53938.437960 13.86 0.064
53938.446883 13.8403 0.064
53938.455802 13.8531 0.064
53938.464754 13.8434 0.064
53955.374376 14.0063 0.065
53955.383768 13.9889 0.064
53955.393151 13.9605 0.064
53955.402547 14.0048 0.065
54107.729744 13.8404 0.066
54107.735692 13.8475 0.066
54119.691452 13.9768 0.066
54119.700045 14.0112 0.067
54119.708596 13.9998 0.067
54119.717151 14.0164 0.067
54158.702839 13.7799 0.065
54158.702839 13.7799 0.065
54158.721611 13.8007 0.064
54158.721611 13.8007 0.064
54158.730695 13.8097 0.064
54158.748179 13.8376 0.065
54158.748179 13.8376 0.065
54158.756692 13.8166 0.064
54158.765176 13.7994 0.064
54158.765176 13.7994 0.064
54173.625144 14.261 0.064
54173.635018 14.2199 0.064
54173.644982 14.1581 0.063
54173.655085 14.1151 0.063
54187.549172 14.0736 0.067
54187.559863 14.08 0.067
54187.570560 14.0687 0.067
54187.581201 14.0736 0.067
54201.693670 14.068 0.063
54201.705609 14.089 0.063
54201.717555 14.0524 0.063
54201.729521 14.0601 0.063
54206.641671 13.8109 0.064
54206.651519 13.783 0.064
54206.661584 13.8227 0.064
54206.671755 13.8404 0.065
54231.609141 14.0324 0.067
54231.621106 14.0312 0.067
54231.633154 14.0207 0.067
54231.645141 14.0337 0.067
54236.535502 13.9702 0.066
54236.543550 14.0141 0.067
54236.551411 13.9991 0.067
54236.559230 13.9786 0.067
54245.570846 14.7502 0.077
54245.579040 14.7829 0.078
54245.587303 14.7525 0.077
54245.595543 14.774 0.078
54266.535476 14.0711 0.066
54266.545279 14.0577 0.065
54266.555075 14.0643 0.066
54266.565133 14.0522 0.066
54273.533427 14.0558 0.061
54273.544919 14.0507 0.061
54273.556409 14.0535 0.061
54273.567898 14.0452 0.061
54298.462631 13.9764 0.061
54298.470857 13.9558 0.061
54298.479068 13.9579 0.061
54298.487256 13.9504 0.061
54324.417568 14.1943 0.060
54324.430895 14.2684 0.061
54324.444258 14.3333 0.061
54324.457639 14.4019 0.062
54476.703045 13.9349 0.067
54476.709932 13.9643 0.067
54476.716870 13.948 0.066
54476.723768 13.9529 0.066
54536.770834 13.9092 0.064
54536.777775 13.9298 0.064
54536.784764 13.864 0.063
54536.791729 13.9027 0.064
54596.585266 13.9801 0.058
54596.597484 13.9806 0.058
54596.609706 13.9782 0.058
54596.621961 13.9914 0.059
54624.516656 13.9684 0.057
54624.528568 13.978 0.057
54624.540476 13.9336 0.056
54624.552460 13.9385 0.057
54643.496778 14.0004 0.059
54643.507679 14.023 0.059
54643.518697 14.0093 0.059
54643.529645 13.9933 0.059
54672.504394 13.9927 0.063
54672.508400 13.9996 0.063
54672.512517 13.9832 0.063
54672.516524 13.9901 0.063
54706.387355 13.9591 0.059
54706.395559 13.9651 0.059
54706.403760 13.97 0.059
54706.411979 13.9462 0.059
54845.699582 13.9261 0.059
54845.710928 13.9437 0.059
54845.722209 13.9333 0.059
54845.733532 13.9612 0.059
54869.663471 13.8973 0.068
54869.676474 13.9074 0.068
54869.689569 13.9129 0.068
54869.702709 13.9375 0.068
54906.748921 13.8929 0.059
54906.757681 13.8667 0.059
54906.766380 13.8598 0.059
54906.775133 13.8972 0.059
54917.748278 13.8437 0.056
54917.757559 13.871 0.056
54917.766815 13.8626 0.056
54917.776079 13.8625 0.056
54936.692106 13.9336 0.062
54936.702281 13.927 0.062
54936.712560 13.9215 0.062
54936.722845 13.9307 0.062
54950.630773 13.8337 0.057
54950.640582 13.8306 0.057
54950.650419 13.831 0.057
54950.660236 13.8353 0.057
54956.600433 14.057 0.056
54956.614578 14.0525 0.056
54956.628733 14.0639 0.057
54956.642868 14.0448 0.056
54964.575650 13.8746 0.062
54964.584560 13.8659 0.062
54964.593473 13.8519 0.062
54964.602369 13.8899 0.063
54976.519492 13.9408 0.063
54976.526276 13.9805 0.063
54976.533015 13.934 0.063
54976.539759 13.9584 0.063
54993.492333 13.9398 0.063
54993.499885 13.9306 0.063
54993.507499 13.9233 0.063
54993.515169 13.9311 0.063
55005.505851 13.9116 0.058
55005.515664 13.9034 0.058
55005.525600 13.9011 0.058
55005.535472 13.9023 0.058
55023.508571 13.8698 0.063
55023.514875 13.8671 0.063
55023.521206 13.8749 0.063
55023.527548 13.8393 0.063
55270.732780 13.8111 0.060
55320.524624 14.0085 0.065
55320.556878 14.0348 0.066
55325.622374 13.885 0.060
55325.657900 13.8844 0.060
55354.542862 14.5161 0.072
55354.568461 14.666 0.075
55394.392885 13.8603 0.059
55394.427302 13.8681 0.059
55416.424594 14.6676 0.067
55416.446245 14.6835 0.067
55656.677217 14.3708 0.059
55656.711213 14.5009 0.059
55737.525797 13.8452 0.056
55737.536599 13.8675 0.056
55737.547313 13.8294 0.056
55737.557997 13.8238 0.056
55762.413910 13.8901 0.060
55762.422764 13.914 0.060
55762.431615 13.8798 0.060
55762.440429 13.8989 0.060
55795.409075 13.7921 0.058
55795.416239 13.8127 0.059
55795.423273 13.8152 0.058
55795.430319 13.8104 0.059
55962.696614 13.9609 0.060
55962.707816 13.9469 0.060
55962.719216 13.9744 0.060
55962.735150 13.8562 0.059
56058.633221 14.1459 0.059
56058.645944 14.0476 0.058
56058.658810 14.0342 0.058
56058.671660 13.9845 0.058
56092.547655 13.95 0.060
56092.556063 13.9549 0.060
56092.564489 13.9477 0.060
56092.573086 13.9598 0.060
56128.468552 13.8019 0.056
56128.481474 13.8344 0.056
56128.496362 13.8023 0.056
56128.509081 13.8108 0.056
56363.748413 14.0104 0.062
56363.757068 14.0293 0.063
56363.765876 14.0193 0.063
56363.774502 13.9899 0.062
56384.645856 14.6712 0.064
56384.658398 14.6234 0.063
56384.671107 14.6498 0.063
56384.683753 14.6216 0.064
56402.635078 13.8615 0.056
56402.647817 13.8321 0.056
56402.660579 13.8267 0.056
56402.673448 13.8379 0.056
56411.638716 14.0566 0.057
56411.649436 14.0838 0.057
56411.660225 14.0429 0.057
56411.670911 14.0504 0.057
56443.533999 13.8427 0.058
56443.540515 13.8149 0.058
56443.547199 13.8445 0.058
56443.553799 13.8227 0.058
56474.488883 13.8733 0.056
56474.500833 13.8588 0.056
56474.512912 13.8897 0.056
56474.524985 13.857 0.056
