53587.434173 16.1732 0.108
53587.440332 16.102 0.106
53587.446494 16.1217 0.107
53587.452742 16.0978 0.107
53733.676841 16.1775 0.119
53733.684579 16.2698 0.122
53733.692331 16.3516 0.126
53733.700090 16.3831 0.127
53568.459173 16.1613 0.118
53568.465791 16.1054 0.116
53568.472267 16.2064 0.121
53568.478736 16.2039 0.121
53833.652634 16.369 0.087
53833.669815 16.1266 0.081
53833.686995 16.155 0.082
53833.704176 16.0744 0.081
53846.618156 16.1495 0.102
53846.629746 16.2334 0.106
53846.641309 16.4286 0.113
53846.653076 16.5873 0.120
53854.552731 16.489 0.116
53854.562441 16.4958 0.117
53854.572202 16.4574 0.115
53854.581892 16.3532 0.111
53963.375048 16.121 0.097
53963.386502 16.1661 0.098
53963.397932 16.1601 0.099
53963.409409 16.3437 0.106
54097.682203 16.0175 0.117
54097.690627 16.1123 0.120
54097.699046 16.1388 0.121
54097.707471 16.0675 0.117
53767.671438 16.3316 0.097
53767.688630 16.1651 0.091
53767.705880 16.1095 0.090
53767.723192 16.0904 0.089
53935.375416 16.1735 0.096
53935.385341 16.1115 0.094
53935.395162 16.0439 0.093
53935.405031 16.0734 0.094
53901.478690 15.9906 0.103
53901.487242 16.0674 0.106
53901.495800 16.1435 0.109
53901.504313 16.0683 0.106
53818.656461 16.0994 0.101
53818.666750 16.1057 0.101
53818.677097 16.1226 0.101
53818.687547 16.2522 0.106
53871.483589 16.1693 0.104
53871.492122 16.1914 0.105
53871.500627 16.2496 0.107
53871.509152 16.3251 0.110
53880.491523 16.1983 0.105
53880.501961 16.198 0.105
53880.512375 16.0632 0.101
53880.522789 16.0981 0.102
54196.621714 16.2033 0.122
54196.632347 16.4378 0.133
54196.643037 16.4303 0.134
54196.653728 16.316 0.128
54206.562440 16.1262 0.115
54206.571026 16.1375 0.115
54206.579602 16.2229 0.119
54206.588163 16.4439 0.130
54316.358782 16.3627 0.120
54316.363895 16.5326 0.130
54316.369067 16.5261 0.129
54316.374185 16.365 0.121
54463.694573 16.4395 0.150
54463.701661 16.2906 0.139
54463.708881 16.3504 0.143
54463.716183 16.435 0.147
54153.695171 16.1716 0.101
54153.709153 16.0765 0.098
54153.722894 16.0581 0.097
54153.736620 16.1174 0.099
54267.467311 16.4297 0.124
54267.476144 16.5782 0.132
54267.484923 16.5198 0.128
54267.493742 16.4962 0.127
54170.648989 16.2405 0.119
54170.660498 16.1102 0.114
54170.671993 16.0645 0.112
54170.683499 15.9976 0.109
54186.686798 16.3661 0.126
54186.697270 16.5124 0.133
54186.707681 16.5728 0.137
54186.718103 16.5096 0.133
54227.537253 16.3185 0.107
54227.550310 16.2733 0.105
54227.563336 16.1229 0.109
54227.576381 16.0824 0.099
54234.514044 16.0638 0.113
54234.521714 16.1438 0.116
54234.529425 16.1558 0.117
54234.537095 16.2037 0.119
54831.686989 16.398 0.111
54831.695498 16.4818 0.114
54831.703996 16.5331 0.116
54831.712684 16.4365 0.111
54504.703795 16.1248 0.096
54504.715797 16.0726 0.094
54504.727453 16.0507 0.093
54504.738967 15.9893 0.091
54525.670992 16.1048 0.107
54525.682505 16.0789 0.106
54525.693881 16.1031 0.107
54525.705161 16.1734 0.110
54491.642683 16.6165 0.119
54491.652736 16.5879 0.117
54491.662780 16.4875 0.113
54491.672812 16.51 0.114
54644.435445 16.1801 0.088
54644.445285 16.1748 0.088
54644.455109 16.0674 0.086
54644.464868 16.0228 0.085
54532.628877 16.4478 0.110
54532.642055 16.2476 0.103
54532.655186 16.1839 0.101
54532.668363 16.0498 0.097
54592.505138 16.0608 0.080
54592.522406 16.0094 0.079
54592.534287 16.0245 0.079
54592.546690 16.0452 0.079
54597.558765 16.3253 0.092
54597.570654 16.4425 0.095
54597.582521 16.4982 0.097
54597.594387 16.5119 0.097
54616.559889 16.139 0.080
54616.573152 16.2082 0.082
54616.586479 16.33 0.085
54616.599819 16.4912 0.089
54936.620615 16.3037 0.107
54936.630781 16.2268 0.104
54936.641076 16.0963 0.100
54936.651272 16.1373 0.102
54948.570759 16.112 0.102
54948.579137 16.1281 0.103
54948.596108 16.3619 0.124
54949.567679 15.9529 0.097
54866.713004 16.067 0.087
54889.640498 16.4939 0.115
54889.650658 16.3735 0.110
54889.661182 16.2866 0.118
54889.671492 16.2053 0.105
55031.428151 16.3313 0.115
55031.435741 16.2517 0.113
55031.443328 16.2523 0.113
55031.450923 16.2526 0.113
55001.494682 16.0355 0.093
55001.502700 16.0091 0.094
55001.510775 15.9898 0.092
55001.519083 15.9903 0.091
54905.736651 16.5729 0.150
54905.747525 16.4547 0.143
54905.758510 16.3543 0.137
54905.769483 16.2194 0.130
54917.669887 15.9432 0.078
54917.683012 15.9429 0.078
54917.696081 16.1682 0.083
54917.709161 16.2858 0.111
54963.566853 16.1101 0.091
54963.577707 16.0937 0.090
54963.588516 16.0133 0.089
54963.599335 16.0267 0.089
54980.556740 16.049 0.083
54980.564596 16.0029 0.082
54980.572562 16.0517 0.083
54980.580487 16.0013 0.082
55307.540898 16.3352 0.094
55247.676307 16.2933 0.123
55216.672857 16.329 0.115
55216.700542 16.0738 0.105
55361.498623 16.1408 0.085
55361.515864 16.3274 0.090
55266.693207 16.2165 0.089
55272.611252 15.9195 0.102
55321.530879 16.0841 0.085
55321.573548 16.4348 0.095
55330.537132 16.1306 0.087
55330.579776 16.0248 0.085
55675.559714 16.1169 0.093
55675.595425 16.0157 0.091
55615.754200 16.0655 0.092
55615.779269 16.0203 0.092
55567.703278 16.344 0.101
55567.729819 16.1576 0.094
55715.457717 16.3184 0.090
55715.473965 16.4982 0.096
55715.490360 16.3674 0.093
55715.506739 16.1307 0.087
55646.655300 16.0502 0.075
55646.686720 16.4152 0.082
55686.508415 16.5138 0.093
55686.553335 16.0556 0.082
54949.582515 15.9706 0.090
54949.591323 16.1016 0.113
54949.600160 16.1382 0.138
54949.609009 16.5026 0.136
54866.735721 15.9552 0.096
54866.745705 15.9783 0.097
54866.755748 16.0351 0.099
54866.765508 16.0297 0.099
54949.622789 16.3278 0.108
54949.649293 16.3903 0.083
54949.567679 15.9529 0.097
54949.582515 15.9706 0.090
54949.609009 16.5026 0.136
54949.649293 16.3903 0.083
55734.458852 16.1325 0.087
55734.472282 16.2937 0.092
55734.485716 16.4105 0.096
55734.499233 16.5169 0.099
55765.419772 16.0456 0.088
55765.426865 16.0546 0.094
55765.433920 15.9779 0.089
55765.440983 16.0345 0.099
55796.377063 16.27 0.095
55796.382360 16.2588 0.094
55796.387673 16.4477 0.101
55796.393034 16.3858 0.099
55929.678527 16.4061 0.125
55929.690126 16.5634 0.132
55929.709244 16.351 0.119
55929.720980 16.1952 0.112
56030.574238 16.0575 0.080
56030.584794 16.0478 0.079
56030.595446 16.1113 0.081
56030.606078 16.194 0.082
56063.544847 16.3103 0.087
56063.555459 16.4029 0.089
56063.566096 16.3962 0.090
56063.576792 16.468 0.091
56088.438839 16.3188 0.087
56088.449390 16.3565 0.088
56088.459966 16.3393 0.087
56088.470518 16.1546 0.083
56150.390620 16.026 0.085
56150.397773 16.082 0.086
56150.405061 16.0927 0.087
56150.412381 15.9436 0.084
56294.687978 16.0368 0.080
56294.699977 16.0785 0.081
56294.712082 16.1061 0.081
56294.724223 16.2381 0.084
56356.754139 16.2491 0.090
56356.761808 16.292 0.092
56356.768977 16.3124 0.093
56356.776208 16.3512 0.094
56367.659709 16.1699 0.073
56367.674745 16.1242 0.072
56367.689788 16.1036 0.072
56367.704903 16.1627 0.073
56383.653959 16.0805 0.084
56383.665850 16.1983 0.087
56383.677671 16.2482 0.088
56383.689542 16.3294 0.091
56394.521596 16.3004 0.089
56394.533729 16.4035 0.092
56394.545943 16.3642 0.090
56394.557843 16.2904 0.088
56410.626345 16.4606 0.087
56410.638082 16.4535 0.087
56410.649717 16.5431 0.090
56410.661162 16.3269 0.085
56416.534646 16.1714 0.089
56416.546575 16.1079 0.085
56416.558537 16.096 0.084
56416.570746 16.0905 0.085
56441.482952 16.2767 0.083
56441.494408 16.4444 0.087
56441.506078 16.7083 0.103
56441.517547 16.4905 0.088
56464.468177 16.378 0.086
56464.479452 16.4646 0.088
56464.490810 16.3598 0.086
56464.503601 16.4167 0.087
56494.385210 16.143 0.088
56494.394601 16.1986 0.089
56494.404129 16.0842 0.086
56494.418194 16.0934 0.086
