53604.526938 17.2961 0.187
53604.535688 17.5107 0.208
53604.544297 17.3143 0.190
53604.553425 17.2543 0.184
53610.448860 17.2311 0.208
53610.456128 17.2363 0.208
53610.463117 17.1054 0.196
53610.470072 17.3896 0.224
53561.585863 17.5804 0.175
53561.595718 17.4042 0.182
53561.605349 17.4533 0.165
53561.614290 17.3176 0.173
53568.485949 17.546 0.220
53621.450919 17.4488 0.234
53621.459887 17.4064 0.229
53621.468399 17.5178 0.243
53621.477049 17.5994 0.252
54017.467987 17.6117 0.220
54017.476133 17.3305 0.193
54017.484289 17.2569 0.187
54017.492434 17.5761 0.218
54209.726023 17.4447 0.219
54209.736546 17.2787 0.201
54209.747023 17.2462 0.197
54209.757701 17.2697 0.200
54318.557099 17.3407 0.227
54318.567979 17.7619 0.291
54318.579040 17.8697 0.329
54318.589960 18.1173 0.368
54262.608372 17.6386 0.246
54262.616918 17.7059 0.255
54262.625536 17.5404 0.235
54262.634261 17.5243 0.232
54178.755883 17.5979 0.264
54178.762861 17.5099 0.260
54178.769878 17.8435 0.340
54413.410915 17.5968 0.185
54413.418559 17.2639 0.158
54413.426140 17.371 0.168
54413.433732 17.367 0.168
54424.420075 17.2793 0.244
54424.424557 17.2776 0.245
54424.429045 17.3652 0.258
54424.433541 17.6871 0.308
54376.444237 17.2743 0.194
54376.453164 17.2353 0.191
54376.462063 17.2822 0.195
54376.470980 17.2662 0.195
54703.455387 17.3694 0.170
54703.464277 17.3274 0.167
54703.473208 17.3338 0.167
54703.481899 17.2619 0.162
54652.592224 17.7143 0.208
54652.601916 17.8237 0.263
54675.555533 17.5447 0.158
54675.566997 17.5723 0.168
54675.578075 17.7161 0.334
54675.601472 17.7738 0.247
54594.631839 17.7074 0.195
54594.639179 17.6914 0.192
54594.646501 17.5988 0.183
54594.653912 17.6748 0.191
54773.408622 18.0178 0.259
54773.430190 18.0809 0.269
54773.437903 18.4578 0.378
54773.453760 17.7214 0.232
54742.392115 17.5073 0.188
54742.399868 17.3948 0.180
54742.407611 17.2579 0.169
54742.415286 17.3521 0.177
54756.394685 17.3285 0.184
54756.402207 17.3856 0.189
54756.409688 17.2713 0.180
54756.417148 17.238 0.177
54730.463991 17.274 0.140
54730.475804 17.3881 0.146
54730.487656 17.4346 0.150
54730.499440 17.4805 0.153
54733.412703 17.4896 0.180
55032.598455 17.6307 0.208
55032.606156 17.495 0.194
55032.613800 17.4531 0.190
55032.621515 17.3206 0.179
55032.629279 17.3209 0.179
55043.656162 17.183 0.174
55043.663525 17.4857 0.202
55043.670876 17.4983 0.204
55043.678226 17.6711 0.220
55043.685575 17.5125 0.204
55007.509265 17.4244 0.193
55007.517417 17.4535 0.195
55007.525636 17.4516 0.193
55007.533817 17.3932 0.219
54952.723509 17.5044 0.197
54952.732227 17.5405 0.191
54952.741252 17.2897 0.181
54952.750503 17.5278 0.191
55112.439130 17.508 0.194
55112.447451 17.5529 0.198
55112.455802 17.7399 0.218
55112.464107 17.3981 0.185
55126.410182 17.4338 0.150
55126.419718 17.4203 0.149
55126.429253 17.5581 0.159
55126.438792 17.5029 0.157
55098.392773 17.2788 0.142
55098.403789 17.4136 0.151
55098.414703 17.4977 0.157
55098.425486 17.4361 0.153
55411.566831 17.509 0.355
55353.751148 17.3064 0.190
55272.765905 17.732 0.233
55324.622139 17.831 0.242
55324.649609 17.4688 0.200
55338.803246 17.7489 0.219
55338.819437 17.6302 0.233
55467.449220 17.5388 0.168
55467.480983 17.6827 0.179
55659.738382 17.5313 0.162
55659.774442 17.3216 0.147
55690.746547 17.7242 0.161
55690.791869 17.6438 0.157
53568.513556 17.7813 0.246
53568.520299 17.7548 0.243
53568.527098 18.0239 0.280
53568.533939 17.5764 0.221
54755.406660 16.8963 0.141
54755.416131 17.3371 0.155
54733.416601 17.4587 0.147
54733.426517 17.3661 0.141
54733.436431 17.474 0.147
54733.446331 17.1857 0.131
55007.545629 17.3096 0.148
55735.689322 17.292 0.132
55735.699113 17.4125 0.137
55735.709038 17.2218 0.130
55735.719063 17.3493 0.139
55821.459033 17.6112 0.146
55821.473085 17.3779 0.134
55821.487203 17.4277 0.138
55821.501240 17.3466 0.135
56063.585096 17.334 0.129
56063.597629 17.3216 0.128
56063.608342 17.3431 0.129
56063.619052 17.3044 0.126
56123.586662 17.1791 0.099
56123.597915 17.3356 0.105
56123.609255 17.3576 0.104
56123.620596 17.3628 0.105
56155.501411 17.1686 0.110
56155.513417 17.1728 0.109
56155.525481 17.2074 0.111
56155.537536 17.2029 0.111
56184.450532 17.3249 0.118
56184.461758 17.2285 0.114
56184.473073 17.4427 0.124
56184.484374 17.5491 0.129
56242.426776 17.1347 0.117
56242.435402 17.2579 0.123
56242.443888 17.4141 0.131
56242.452358 17.3842 0.131
56375.752383 17.2688 0.128
56375.762971 17.3 0.130
56375.773118 17.3339 0.130
56375.783432 17.4129 0.134
56380.757791 17.352 0.119
56380.769972 17.1815 0.112
56380.782222 17.2642 0.115
56380.794429 17.3561 0.119
56445.693433 17.457 0.122
56445.705720 17.3984 0.121
56445.718720 17.2051 0.113
56445.730825 17.2709 0.114
