53604.52735397 12.42944 0.0549883322535758
53604.5361063543 12.44099 0.0550273085455189
53604.5448202083 12.41347 0.0549439845420803
53604.5538493518 12.41556 0.0549629268078047
53610.4484117708 12.7941 0.0580490609261635
53610.4556951273 12.78617 0.0579928719535999
53610.4626923843 12.78916 0.0579998634185271
53610.4696494678 12.77654 0.0579362519676465
53561.5915900925 12.898123 0.0561859968638743
53561.6011949652 12.8989 0.056172753828149
53561.6103619444 12.91578 0.056204943489776
53561.6194199883 12.87075 0.0559952159523957
53568.4854313081 12.53115 0.05810343501755
53665.3962622105 12.83009 0.0540560903525809
53665.4079511922 12.83676 0.0541015346698302
53665.4196523728 12.83543 0.0540932327150601
53665.4313805785 12.82766 0.054132378579292
53621.4513351965 12.60635 0.0571138913646243
53621.4603015279 12.60836 0.0571022684373692
53621.4688216785 12.60526 0.0570978378187168
53621.4774662267 12.61815 0.0571447216081065
53893.6963947799 12.88251 0.056105000613923
53893.7033057177 12.88605 0.0561195210568933
53893.7101676852 12.88906 0.0561157928013353
53893.7170652893 12.89296 0.0561576529120954
53805.7610465509 12.49961 0.0550019564101951
53805.7669970139 12.49387 0.0549441056295034
53805.7729319792 12.49695 0.0549063867337085
53805.7788606828 12.48504 0.0548220502338844
54017.4675653355 12.87092 0.0570338600852329
54017.4757155326 12.8923 0.0571937253078788
54017.4838658447 12.87213 0.0570948627424703
54017.4920096646 12.8862 0.0572111527957544
54209.7255995718 12.93192 0.0582376021853915
54209.7361194214 12.92848 0.0581809072857123
54209.7465908794 12.95128 0.058288342423576
54209.7572746181 12.92231 0.0581364915249342
54318.5576384724 12.29272 0.0581537284685784
54318.5685115624 12.28189 0.056194132167991
54318.579575405 12.31612 0.0563217959818682
54318.5905048726 12.29564 0.0561792496461987
54262.6087946297 12.3231 0.055354550446171
54262.6173360415 12.333 0.0553961340319912
54262.6259754861 12.29633 0.0552864614043036
54262.6347606598 12.32302 0.0553654051166226
54177.7768598727 12.65289 0.0688317284443805
54177.7807195137 12.49518 0.0562857138912776
54177.7845921183 12.5218 0.0564269348550982
54177.7884768752 12.59067 0.0600326682748544
54178.7554548957 12.71864 0.058201973095563
54178.7624371063 12.71211 0.0585185872506585
54178.7694230207 12.67662 0.0602666651881167
54178.7764019907 12.7206 0.0589159323085247
54413.4114461457 12.39198 0.0537106369990724
54413.4190916899 12.35949 0.0535685010824622
54413.4266726505 12.37844 0.0536761493141628
54413.4342636806 12.36826 0.0536298982730437
54424.4213992708 12.28377 0.0567295018859787
54424.4258859029 12.27634 0.0567592075375904
54424.4303768172 12.29845 0.0568641698294751
54424.4348736342 12.28492 0.0568567260301444
54376.4438122107 12.28151 0.0547118795274064
54376.4527458913 12.27638 0.0547190889498248
54376.4616393979 12.27472 0.0547314789387748
54376.4705573266 12.2704 0.0547358930038101
54703.4594885299 12.83956 0.0554628254709627
54703.4683377083 12.83101 0.055438530916159
54703.477162928 12.82123 0.0553925025496244
54703.4857865276 12.8395 0.0554577767966179
54652.5936009261 12.50412 0.0558067248198406
54652.6033713312 12.17381 0.0553052130682793
54652.6127197106 12.94578 0.066234054887197
54652.6218068634 11.9782 0.0912669969018491
54675.556068426 12.99043 0.0547722548995178
54675.5675325231 13.00227 0.0549303906509067
54675.5786078358 12.87694 0.0605370222114853
54675.6020112615 13.02714 0.0563217575488435
54534.7734771526 12.80074 0.0569643992329529
54534.7775749882 12.78579 0.0568515613829424
54534.7816199303 12.79351 0.0568657496185928
54534.7857816668 12.79207 0.0568115458267004
54594.6322614003 12.34039 0.0535467938591109
54594.6396023032 12.34744 0.0535492336249697
54594.6469177545 12.35817 0.0535582974818223
54594.6543292591 12.34062 0.053504119205668
54773.4120645604 12.75039 0.056055346809976
54773.4336426967 12.73553 0.0560273252688995
54773.4494989814 12.71765 0.0561435281892525
54773.4572123496 12.76066 0.0562751517089485
54742.3961587154 12.9999 0.0566474681293683
54742.4039679283 12.99719 0.0566415502732073
54742.4116549074 13.00722 0.0566894672073152
54742.4194043983 12.98641 0.0565853871314589
54755.4027460418 12.71565 0.0538908275981237
54755.4122225577 12.80088 0.0545467939492223
54755.4216923728 12.38049 0.0570595036399538
54755.4311575461 9.724247 0.0553518759051206
54756.3990822222 12.42157 0.0546232520956677
54756.4065972107 12.40484 0.0545589538564963
54756.4140682175 12.42209 0.0546389845713409
54756.4215387615 12.41546 0.0546186931874805
54730.4656810649 12.35535 0.0527774217773527
54730.4774921644 12.3699 0.0527790946484685
54730.4893346299 12.35676 0.0527499151425344
54730.5011135531 12.36108 0.0527761346947967
55032.6391250465 12.46744 0.0546445693574346
55032.6467442128 12.43618 0.0545605708714152
55032.654397743 12.44597 0.0545981640576553
55032.6620928242 12.43237 0.0545644906567914
55032.6697734377 12.43553 0.0545719169774323
55043.6596574766 12.2624 0.0542255839083768
55043.6670140048 12.26515 0.0542615879941036
55043.6743648729 12.2731 0.0543026641310666
55043.6817223264 12.23577 0.054134082862728
55043.6890683218 12.23643 0.0541410711066403
54986.5897954744 12.21885 0.0720939731552471
55007.5118365047 12.58505 0.0575192912102664
55007.5200511805 12.55738 0.055136678542376
55007.5282220949 12.53823 0.0550567306895303
55007.5363895369 12.65298 0.0576647811758702
54952.7252931596 12.89499 0.0561378112594967
55112.4436877548 12.57424 0.0549587847264759
55112.452001956 12.56971 0.0549527289891385
55112.4603283216 12.56345 0.0549467057240595
55112.4686424073 12.57025 0.0550018974227764
55126.4128282177 12.70556 0.0537057566007573
55126.4223495256 12.71916 0.0537534052598973
55126.4318865854 12.69597 0.0537135908349324
55126.4414252662 12.70826 0.0538480692723751
55098.3971018405 12.62347 0.0535767711742137
55098.4080957868 12.61485 0.0535593274794372
55098.4189957292 12.62976 0.0536045607103789
55098.4297260069 12.62091 0.0535802609522492
55353.7550383797 12.86091 0.0569302172412911
55353.80131853 12.84768 0.0570186997152583
55272.7688187963 12.33864 0.05478765787887
55324.6226215164 12.90921 0.0572259704461373
55324.6500989582 12.90506 0.0570644268678532
55338.8049981482 12.3215 0.0542763566392793
55338.8212443749 12.3099 0.0551102983312451
55467.4498022916 12.80981 0.0545582972696592
55467.4815712152 12.8374 0.0546774904741061
55659.7460908331 12.63931 0.053845683300902
55659.7822300694 12.61559 0.0537460644886163
53568.5131332522 12.5639 0.0558442051832419
53568.5198802544 12.55643 0.0558189564702941
53568.5266538888 12.54314 0.0557788761175663
53568.5334256712 12.54722 0.055756116077665
55007.5489073726 12.54045 0.0535161027981433
55735.6900131943 12.62322 0.0530558898226254
55735.6998077895 12.62309 0.0530757988595359
55735.7097381482 12.62791 0.0531181114495263
55735.7197623726 12.62276 0.0531927335521389
55821.4625411922 12.62079 0.0529329542176426
55821.4766097915 12.61427 0.0529517295349826
55821.4906746874 12.60695 0.0529611664943463
55821.5047711808 12.58452 0.0529307309002394
56063.5858139469 12.42213 0.0523712534565674
56063.5983428935 12.43968 0.0523894557387123
56063.6090514118 12.44575 0.0523759319510475
56063.6197672224 12.43707 0.0523434222993017
56123.5875929632 12.77779 0.0518432757215483
56123.5988528817 12.77829 0.0518157285298978
56123.6101915045 12.75713 0.0517830625951504
56123.6215286344 12.78244 0.0518316120049213
56155.5021220137 12.45458 0.0518573245958925
56155.5141259491 12.43279 0.0518142746449776
56155.526187986 12.44474 0.051840271747273
56155.5382334607 12.43214 0.051813406954866
56184.451228727 12.40885 0.0518310088789629
56184.4624599422 12.39576 0.0518133409614093
56184.4737987964 12.40828 0.0518432757215483
56184.485071678 12.38076 0.0518097640594047
56242.4275267016 12.37832 0.0520672144458202
56242.4361041089 12.40192 0.052146524291102
56242.4445882294 12.37839 0.0521196500570085
56242.4530582175 12.41223 0.0522411984083608
56375.752970926 12.37577 0.0524014846614003
56375.7635873035 12.37675 0.0523819786852006
56375.773717558 12.38716 0.052380200109286
56375.7840464353 12.37159 0.0523410637882568
56380.7585019095 12.78647 0.0527643697951438
56380.7707123378 12.78726 0.0527572015310534
56380.7829471876 12.79905 0.0527730461878076
56380.7951366667 12.79493 0.052748329924212
56408.6831220486 12.74778 0.0518066104576526
56408.6993227895 12.75715 0.0517943035714276
56408.7145214118 12.76859 0.0518018960428825
56408.7297422569 12.75821 0.0517758845597009
56445.6941344909 12.64858 0.0522727269011656
56445.706430463 12.65812 0.0522956071252969
56445.7194207756 12.64449 0.0522613087548405
56445.7315250578 12.66862 0.0523058003076881
55272.7766133101 12.33671 0.0547586048109038
55272.7844439234 12.32099 0.0546764133386164
55272.7922649422 12.35837 0.054795085465696
55324.6316632984 12.91632 0.0572168597143441
55324.6408864583 12.94142 0.0573152833927715
55338.8104826156 12.3361 0.0546112402727965
55338.8159036576 12.32086 0.0548785750484144
55353.7703653588 12.87474 0.0568837465640314
55353.785811678 12.85692 0.0568305021854889
55467.46043 12.82121 0.0546227583087883
55467.47096 12.81719 0.0546213939574887
