53610.381692303 14.666605 0.0812555416571711
53610.3867505786 14.693874 0.0820427084646413
53610.3918484493 14.709251 0.0826379844081601
53610.3969252432 14.701613 0.0829292888947573
53733.6814939237 14.675709 0.0760148670735141
53733.689249051 14.65053 0.075368935774462
53733.6970035533 14.64541 0.0751949674654104
53733.7047639351 14.69653 0.0759323047294273
53554.3938975345 14.740195 0.0756243437564594
53554.401481609 14.842444 0.0775193805333313
53554.4093653589 14.671253 0.0745847349654645
53554.4169186458 14.628718 0.0737153221057725
53578.3596308911 14.702573 0.070898189183739
53578.3677643635 14.67115 0.0705016499942108
53578.3759000809 14.647341 0.0701686895573505
53578.3840020718 14.672866 0.0705762095719895
53832.6201804398 14.572983 0.0690780040172639
53832.6297351966 14.571779 0.0690908521442383
53832.6393291784 14.56815 0.0691773136805035
53832.6489441434 14.624121 0.0698563599232266
53847.6858300115 14.645951 0.0588823299708166
53847.7036373262 14.669615 0.0591253993934674
53847.7215142129 14.684942 0.0593412367455903
53847.7394200117 14.669335 0.0593604695417197
53964.3777739005 14.623785 0.0689483307221539
53964.3859375231 14.658838 0.069729723900831
53964.3940938427 14.654425 0.0697709669611957
53964.4022770254 14.662265 0.0701310159075121
53767.6767306252 14.715772 0.0661812635772511
53767.6941308448 14.688957 0.0657821507393347
53767.7113645024 14.702344 0.065883747881493
53767.7287881019 14.680345 0.0657069741668703
53936.3877123725 14.716865 0.0681632952074978
53936.398570301 14.688757 0.0678575802005424
53936.4094164237 14.669676 0.0676746528365284
53936.4202810647 14.695198 0.0680029884573289
53900.4402986226 14.636006 0.0723817561682076
53900.4488027316 14.59957 0.0718788841120547
53900.4573417475 14.616966 0.0720685055077577
53900.4658378239 14.603435 0.0719994330930947
53805.6762185764 14.622229 0.0703833637155546
53805.6847317709 14.642873 0.0707442758050968
53805.693250301 14.622751 0.0705929668663722
53805.7017302547 14.605261 0.0703355150486201
53821.6420436228 14.639405 0.0698999260428611
53821.6505796529 14.641599 0.0699320725047824
53821.6590846527 14.682393 0.0705023036000349
53821.667625521 14.660866 0.0702633374897482
53861.530339815 14.652449 0.0621857009191311
53861.5396100696 14.696076 0.0625586626058344
53861.5488703818 14.687562 0.0624890953227171
53861.5581452664 14.689664 0.0624705171251155
53872.5073281598 14.623316 0.0704107480546742
53872.5165448493 14.642892 0.0706398434281069
53872.5257176502 14.613171 0.070250750980394
53872.5349131019 14.648436 0.0707084823945162
53878.5351716206 14.664725 0.0652894728769586
53878.5460370602 14.63237 0.0648834730239287
53878.5568908681 14.603375 0.0646274566952911
53878.5678043403 14.580696 0.0645177599904512
53886.5381512037 14.70707 0.0662688807639926
53886.5507619097 14.711236 0.0663909995015336
53886.5633666664 14.613663 0.065430017199628
53886.575982234 14.656645 0.0659322196279824
54196.6694572109 14.649947 0.0767708043482851
54196.6797423262 14.686294 0.0774750514201919
54196.6901273263 14.711433 0.0778381834130759
54196.7004936921 14.66401 0.0770767414660112
54206.5637158101 14.573486 0.0742386554262683
54206.572292986 14.609872 0.0748121646898433
54206.580864838 14.604909 0.0746915897854348
54206.5894270834 14.613902 0.074801776583249
54325.3701727544 14.68405 0.0676567634595533
54325.3783414699 14.684921 0.067721753210402
54325.3866092591 14.690339 0.0678246763916241
54325.3948919792 14.635918 0.0672986688467381
54462.6831898034 14.633217 0.0824997830458638
54462.6915338772 14.620332 0.0825891851793374
54462.6999281828 14.637607 0.0826585636021629
54462.7084550114 14.593276 0.0808995264143759
54153.6986423265 14.684581 0.0697035719032829
54153.7124417014 14.67691 0.0695435244609488
54153.7261920022 14.623195 0.0688375293650505
54153.7399026044 14.61731 0.0687856776149678
54298.4225756018 14.6586 0.0676342986096006
54298.4307784489 14.673155 0.067903231247531
54298.4389837384 14.690269 0.0681361686999857
54298.4471765277 14.685951 0.0681651732404295
54267.4713035302 14.64168 0.0734333803503049
54267.4801072224 14.694587 0.0743804864631674
54267.4889054859 14.660475 0.0738176145288378
54267.4977267707 14.68327 0.0742873985435866
54170.7332225928 14.553315 0.0738129846196431
54170.7610955324 14.595325 0.0779893706946018
54170.7732509721 14.624567 0.075368935774462
54170.7841498844 14.598902 0.0750758618363057
54186.6894575 14.632157 0.0749862021000574
54186.6998451619 14.648121 0.0753539202889566
54186.7102597916 14.654118 0.0755586180756196
54186.7206931712 14.70041 0.0763363608928398
54227.542098322 14.603109 0.0687504051154478
54227.5551564582 14.615189 0.0690311035745632
54227.5681904052 14.588792 0.0720236362940885
54227.5812589582 14.582759 0.0694614343685715
54234.5491320139 14.582936 0.0747773721528546
54234.5559629399 14.593446 0.0749899312290342
54234.5628045254 14.607144 0.0752271226089518
54234.5697253818 14.59711 0.074994698230997
54831.6878695718 14.646881 0.070093129529147
54831.6963454747 14.640633 0.0698022713072282
54831.7048320255 14.652725 0.0698265502240471
54831.7135474073 14.67335 0.070013771749915
54503.7180133333 14.669193 0.0846276684423806
54503.7265309144 14.676926 0.0743546984069894
54503.7360312731 14.70466 0.0747779811836877
54503.7466960416 14.682132 0.0804365500815761
54525.6738477661 14.647778 0.0724648050448454
54525.6853926503 14.649378 0.0725051390741526
54525.696674109 14.665456 0.0727223010000446
54525.7079469906 14.683628 0.0729564670812396
54644.4779673843 14.632332 0.0642944422445378
54644.4878708795 14.613931 0.0642001519462377
54644.4979354977 14.588887 0.0641059871800727
54644.5077480325 14.585449 0.0640620749585183
54536.6821777776 14.619997 0.0725378198922723
54536.6916927199 14.628846 0.0726525036073022
54536.7013244561 14.639272 0.0728868443787106
54536.7108314118 14.651182 0.073085487266247
54592.5592382868 14.635246 0.0698726403068604
54592.5686898033 14.630688 0.0699139678129823
54592.578158565 14.59446 0.0693810548648707
54592.5876092824 14.602963 0.0695320656929611
54597.6060991664 14.657516 0.0643212918339611
54597.6179862036 14.619959 0.0640993941483802
54597.6298960303 14.625797 0.0642542400698737
54597.6417957987 14.624644 0.0643423241318168
54616.566522234 14.683206 0.0615493646250553
54616.5798554978 14.690871 0.061679188877305
54616.5931807755 14.703342 0.0618526419835862
54616.6064378934 14.735137 0.0622713093322115
54936.6244243404 14.603809 0.0693490941578602
54936.6346192939 14.577938 0.0690412337700084
54936.6449010532 14.582846 0.0690935120885842
54936.6550523729 14.576041 0.0690667244454765
54948.5744996645 14.615719 0.0699778710563865
54948.5829009145 14.699829 0.0742943816206594
54948.5914490392 14.805791 0.0837452951625051
54948.6337652432 14.688408 0.0744574514785304
54950.5492579745 14.664701 0.0620277543475675
54950.562265301 14.680825 0.062175948910552
54950.5753096643 14.696452 0.0623207040532623
54950.5884077315 14.669789 0.0621326551916368
54866.7365460532 14.627868 0.0700054926514881
54866.7466290739 14.603261 0.069688799035527
54866.7565839697 14.585387 0.0695286772862066
54866.7664198728 14.624361 0.0700820335424359
54889.6452775692 14.620396 0.0697108479200258
54889.6559636227 14.599416 0.0694160186190774
54889.6663032525 14.60771 0.072417719838258
54889.676237778 14.628344 0.0734737663974891
55030.4330181597 14.660826 0.0730552209926211
55030.4405727314 14.676691 0.0733970631773415
55030.4481429282 14.698184 0.0739061697587282
55030.4557217939 14.690514 0.0742992329485791
55001.5005209604 14.571415 0.0666326894098181
55001.5085946526 14.59111 0.0676296843257061
55001.5167035302 14.571264 0.0664696382871417
55001.5249356711 14.580174 0.0669420808869771
54905.7382989931 14.60876 0.0784696425354658
54905.749139919 14.607307 0.0785980136030464
54905.7601316664 14.615786 0.0788446627714844
54905.77115419 14.603941 0.078815981878488
54919.6725029168 14.612708 0.0644077057363592
54919.6849713312 14.598449 0.0643234716069492
54919.697542523 14.588039 0.0643054766090566
54919.7101632641 14.597117 0.0643850640034513
54962.5249438076 14.585975 0.0591434811368638
54962.5427365047 14.579063 0.0591068735042607
54962.5604975927 14.572206 0.0591108226418446
54962.5781566086 14.627771 0.0594566131621959
54980.5879790856 14.64579 0.0633442577566193
54980.5958370253 14.654083 0.063512333791252
54980.6038034259 14.672874 0.0637736942182303
54980.6116619444 14.683752 0.0639717009373478
55307.5444131134 14.618113 0.064436734799598
55247.680299028 14.662919 0.0756230262258573
55216.6774070255 14.66459 0.0726716391071338
55216.7051672336 14.653685 0.0722767227640187
55360.522206875 14.649952 0.0665305013702851
55360.5436247336 14.661005 0.0667927188502259
55266.6995577201 14.699943 0.0645004450509928
55267.716080868 14.735714 0.0650020761312168
55272.6155369675 14.696613 0.0739674525609333
55321.5371922109 14.659056 0.0639288375011512
55321.5798845024 14.620181 0.0636348187229396
55330.5434424536 14.612367 0.0637426848200296
55330.5862354164 14.638703 0.0641264752099804
55664.5430624192 14.64348 0.0667568341546358
55664.5580855673 14.618635 0.0665660828925073
55664.5729504861 14.657082 0.0670401481234427
55664.5879483912 14.64484 0.0669143469358419
55675.6039859837 14.656695 0.063734800712378
55675.6467399423 14.635263 0.0636647118080813
55616.7518930901 14.571507 0.0589897800652432
55616.7802738194 14.611273 0.0595685491649758
55715.4619682872 14.673936 0.0636806710316922
55715.4782648611 14.637025 0.0635688712519195
55715.4946211575 14.625885 0.063583712295428
55715.5109747917 14.612569 0.0639306146767042
55626.7412367938 14.657786 0.0598737124061323
55626.7581839701 14.676689 0.0600412812873579
55627.664495104 14.669865 0.0600802550749696
55627.7042316897 14.683749 0.0602149928802997
55632.6077340278 14.671372 0.0606754194035227
55632.6628629859 14.59194 0.059984143460022
55690.5422077429 14.606018 0.0630923680384645
55690.5932515858 14.67454 0.0639502049789242
55627.7346453588 14.612388 0.0597670596017928
55627.7746456135 14.604853 0.0597809638086115
55739.4625015509 14.60039 0.0629380074539864
55739.4710159952 14.6151 0.0631042270959738
55739.4795615742 14.618012 0.0631627956445837
55739.4881083219 14.616023 0.0632165038109331
55770.4039271297 14.614194 0.0641530593022258
55770.4098474886 14.617223 0.0641976201100624
55770.4157369561 14.620448 0.0642705515251264
55770.4216595138 14.623504 0.0643231846631704
56028.6389799536 14.550318 0.0618426173888346
56028.6505542359 14.585585 0.062064403273036
56028.6622321181 14.613292 0.0624311705647737
56028.6738235418 14.619225 0.0626256112896719
56088.4809491898 14.637754 0.0622985329480876
56088.4915080442 14.66678 0.0626084651576679
56088.5021439813 14.67741 0.0627617742840155
56088.5127853587 14.714521 0.0631301376446945
56139.4168962849 14.663603 0.0625425703489074
56139.4242170484 14.608419 0.0621358515713244
56139.4316361922 14.61249 0.0621817183905088
56139.4405131599 14.587168 0.0620409639531995
56139.4168962849 14.646041 0.0624476529528217
56139.4242170484 14.62829 0.0622478462615116
56139.4316361922 14.625671 0.0622953213545922
56139.4405131599 14.612806 0.0622009806093951
56293.7077781018 14.560324 0.0644476705711445
56293.7179776966 14.550868 0.0642720311295502
56293.7282220717 14.587407 0.0644953133850735
56293.7384565044 14.584288 0.0643993939181865
56358.7294973149 14.585563 0.0638352367920305
56358.7409478705 14.60373 0.0640049317420995
56358.7524428819 14.611527 0.0641523895536555
56358.7639123034 14.60284 0.0641475322087004
56367.6662212154 14.564437 0.0577935416212016
56367.6812951737 14.55018 0.0577152144547515
56367.6963649653 14.581764 0.0579109331510828
56367.7114667013 14.62272 0.05815164350633
56391.6125274072 14.604138 0.0631972110541956
56391.6220715279 14.586919 0.0630352440222672
56391.6317199306 14.615855 0.06327631111448
56391.6413073381 14.630756 0.0634117089228711
56399.6531850811 14.612839 0.0605758334544834
56399.66584831 14.628917 0.0606971717611725
56399.6786707988 14.663511 0.0610468261008049
56399.6915350695 14.650968 0.0610015419605014
56412.5994617478 14.601436 0.0636271250269839
56412.6120962617 14.601957 0.0636684272532474
56412.6247339007 14.661679 0.0642614525598036
56412.6373299998 14.681568 0.0645696885761373
56441.5290962037 14.64249 0.0613634690431776
56441.5404052081 14.644849 0.0614408864526378
56441.5520087731 14.590559 0.0610734830246895
56441.5634918635 14.598786 0.0612540578079352
56474.4296771645 14.618661 0.0605335958353276
56474.4408767823 14.621334 0.0606108656506417
56474.4521589352 14.611383 0.0606565997981515
56474.4634635414 14.612795 0.060597078719657
