53599.467873 15.9077 0.111
53599.476301 15.8736 0.110
53599.485037 15.8742 0.110
53599.493489 15.7851 0.107
53607.416248 15.5011 0.090
53607.426199 15.4957 0.090
53607.436170 15.4497 0.089
53607.446146 15.4556 0.089
53580.561699 15.4175 0.088
53580.571028 15.433 0.089
53580.580374 15.3989 0.088
53580.589759 15.4032 0.088
53618.380436 15.3302 0.075
53618.396041 15.3404 0.076
53618.412184 15.3688 0.076
53618.427885 15.4428 0.078
53633.432234 15.5054 0.112
53633.437761 15.4511 0.111
53633.443274 15.5449 0.115
53633.448785 15.5441 0.115
53831.692956 15.7283 0.095
53831.702739 15.7463 0.095
53831.712511 15.7687 0.096
53831.722306 15.7568 0.096
53957.427625 15.6627 0.100
53957.437126 15.5926 0.097
53957.446667 15.5611 0.097
53957.456144 15.5283 0.095
53967.435925 15.4201 0.093
53967.444582 15.5032 0.095
53967.453085 15.5111 0.096
53967.461594 15.5106 0.096
53772.739025 15.5848 0.101
53772.750783 15.6819 0.104
53772.762168 15.7167 0.105
53772.773536 15.682 0.103
53919.540775 15.8084 0.111
53919.549706 15.7824 0.105
53919.558645 15.7298 0.138
53919.567572 15.7943 0.106
53892.493135 15.4896 0.089
53892.502921 15.4411 0.088
53892.512001 15.493 0.089
53892.520673 15.508 0.090
53900.628928 15.4166 0.091
53900.637903 15.4902 0.093
53900.646880 15.4928 0.093
53900.655897 15.5265 0.094
53913.568753 15.4235 0.092
53913.579000 15.424 0.092
53913.589234 15.4421 0.092
53913.599568 15.3407 0.090
53821.691122 15.4128 0.086
53821.701935 15.4013 0.086
53821.712674 15.4665 0.088
53821.723165 15.4698 0.088
53872.678410 15.4931 0.089
53872.687110 15.5219 0.090
53872.695703 15.4849 0.089
53872.704283 15.4142 0.088
53877.682794 15.745 0.085
53877.694081 15.7664 0.085
53877.705450 15.7719 0.085
53877.716880 15.7913 0.086
53885.620933 15.439 0.073
53885.632849 15.3996 0.073
53885.644812 15.3981 0.073
53885.656718 15.3983 0.073
53982.392320 15.4624 0.093
53982.400764 15.471 0.094
53982.409226 15.4949 0.095
53982.417707 15.5065 0.095
53997.421509 15.5883 0.102
53997.426794 15.5026 0.099
53997.432099 15.5484 0.101
53997.437432 15.5225 0.100
54318.428605 15.3929 0.082
54318.436761 15.4154 0.083
54318.444907 15.4195 0.082
54318.453043 15.4219 0.082
54129.741050 15.5384 0.100
54129.750031 15.5045 0.099
54129.759019 15.4855 0.098
54129.768069 15.5247 0.099
54291.526742 15.4039 0.093
54291.535361 15.4378 0.094
54291.543907 15.4094 0.093
54291.552452 15.4472 0.095
54303.446642 15.4059 0.092
54303.456575 15.4608 0.093
54303.466375 15.4519 0.093
54303.476184 15.4096 0.092
54261.509510 15.4805 0.088
54261.520914 15.4772 0.090
54261.531742 15.4757 0.090
54261.542543 15.4437 0.088
54266.611433 15.5688 0.097
54266.621102 15.5483 0.097
54266.630536 15.5202 0.096
54266.640049 15.5197 0.096
54274.507462 15.3613 0.091
54274.516335 15.3923 0.092
54274.525196 15.3903 0.092
54274.534083 15.4027 0.092
54172.762907 15.4795 0.088
54172.767536 15.4719 0.088
54172.772087 15.5647 0.090
54172.776587 15.5298 0.089
54190.606168 15.864 0.112
54190.614695 15.7572 0.107
54190.623291 15.765 0.108
54190.631900 15.6284 0.104
54233.616042 15.4193 0.097
54233.627217 15.4546 0.098
54233.638537 15.4362 0.098
54233.649941 15.4476 0.098
54246.543413 15.4906 0.100
54246.552462 15.5089 0.100
54246.561294 15.4599 0.099
54246.569968 15.4846 0.099
54377.394334 15.4723 0.099
54377.398335 15.4656 0.099
54377.402332 15.4935 0.101
54377.406343 15.5075 0.102
54348.412112 15.4142 0.083
54348.420270 15.4076 0.082
54348.428446 15.4628 0.084
54348.436614 15.4555 0.084
54349.389229 15.4648 0.084
54349.397378 15.4652 0.084
54349.405532 15.4324 0.083
54349.413716 15.4515 0.084
54491.744859 15.3637 0.100
54491.752971 15.4326 0.102
54491.761103 15.3974 0.101
54491.769297 15.4438 0.102
54675.415605 15.7408 0.104
54675.425317 15.6979 0.083
54675.429621 15.7052 0.083
54675.433928 15.6227 0.119
54642.540098 15.426 0.076
54642.552325 15.4137 0.076
54642.564489 15.4102 0.076
54642.576645 15.3939 0.076
54598.592687 15.4727 0.076
54598.604225 15.4768 0.076
54598.615783 15.4161 0.076
54598.627253 15.4449 0.076
54614.694316 15.3826 0.071
54614.700340 15.3869 0.071
54614.706296 15.4165 0.072
54614.712273 15.3905 0.071
54710.425072 15.5081 0.073
54710.432998 15.55 0.074
54710.440945 15.5697 0.074
54710.448885 15.6035 0.075
54949.669215 15.4008 0.067
54890.746716 15.4343 0.088
54890.753466 15.4739 0.089
54890.760277 15.4286 0.088
54890.767017 15.4239 0.087
55021.509607 15.4209 0.081
55021.518788 15.4238 0.082
55021.527998 15.3673 0.081
55021.537226 15.4122 0.082
55032.509881 15.4923 0.092
55032.517008 15.5537 0.094
55032.524100 15.5397 0.093
55032.531188 15.5591 0.094
55032.538291 15.5814 0.095
54999.602422 15.7912 0.115
55000.591864 15.718 0.081
55000.605702 15.73 0.081
55000.619499 15.756 0.084
55012.416152 15.508 0.093
55012.425148 15.5665 0.095
55012.434471 15.5237 0.094
55012.443695 15.5467 0.094
54909.683552 15.7422 0.099
54909.692560 15.7062 0.098
54909.701680 15.7575 0.099
54909.710836 15.7183 0.098
54953.673109 15.69 0.083
54953.683932 15.6687 0.083
54953.694773 15.6688 0.082
54953.705680 15.5355 0.080
54957.674410 15.6814 0.078
54957.686136 15.7165 0.079
54957.697893 15.7382 0.080
54957.709644 15.7705 0.080
54965.608587 15.6589 0.095
54965.618176 15.644 0.095
54965.627833 15.5257 0.092
54965.637405 15.567 0.093
54979.654777 15.4144 0.079
54979.666151 15.3768 0.078
54979.677668 15.3458 0.078
54979.689231 15.3942 0.079
55084.414855 15.7974 0.099
55084.420681 15.7133 0.097
55084.426521 15.8365 0.101
55084.432408 15.7888 0.099
55103.395469 15.7189 0.089
55103.400231 15.7205 0.090
55103.404994 15.6798 0.088
55103.409770 15.729 0.090
55412.446340 15.449 0.089
55412.472870 15.5244 0.091
55243.700479 15.6877 0.088
55219.719563 15.4266 0.096
55219.738338 15.3863 0.094
55394.486522 15.651 0.084
55355.592561 15.4293 0.083
55355.621003 15.5077 0.085
55274.746304 15.7242 0.101
55320.614757 15.6827 0.073
55320.646188 15.6955 0.074
55326.699537 15.593 0.097
55329.643958 15.4695 0.083
55329.679831 15.398 0.081
55334.663480 15.7571 0.090
55334.690303 15.6449 0.088
55446.415164 15.5082 0.077
55658.742932 15.6568 0.094
55658.782320 15.8682 0.100
55674.647856 15.5025 0.082
55674.694578 15.6642 0.086
55632.711971 15.4031 0.082
55632.756417 15.6883 0.424
55687.643753 15.7123 0.085
55687.671104 15.6448 0.077
55326.711562 15.5792 0.102
55762.512207 15.483 0.082
55762.521780 15.5379 0.083
55762.531292 15.6102 0.085
55762.540743 15.6137 0.086
55806.417315 15.4052 0.077
55806.426103 15.3675 0.077
55806.434937 15.4146 0.078
55806.443830 15.5384 0.080
55963.720179 15.553 0.075
55963.751224 15.5958 0.075
55963.765560 15.6549 0.076
55963.768327 15.6276 0.076
55963.720179 15.553 0.075
55963.751224 15.5958 0.075
55963.765560 15.6549 0.076
55963.768327 15.6276 0.076
56059.654713 15.4081 0.068
56059.668788 15.476 0.068
56059.682949 15.4615 0.068
56059.697100 15.4566 0.068
56088.535942 15.5732 0.081
56088.546112 15.5036 0.080
56088.556404 15.4995 0.079
56088.566645 15.4478 0.079
56097.524140 15.4465 0.079
56097.536748 15.5306 0.084
56097.549493 15.5653 0.091
56097.562220 15.5137 0.098
56126.466855 15.4705 0.073
56126.473888 15.4928 0.073
56126.481001 15.5144 0.074
56126.488088 15.5062 0.074
56173.438201 15.3666 0.071
56173.450536 15.5286 0.072
56173.463211 15.5044 0.073
56173.475356 15.4782 0.073
56364.657266 15.7164 0.082
56364.669909 15.6382 0.080
56364.682660 15.546 0.079
56364.695267 15.5432 0.079
56371.685644 15.7215 0.076
56371.698390 15.7268 0.076
56371.711229 15.4069 0.074
56371.723971 15.7273 0.077
56395.649420 15.6082 0.078
56395.660286 15.562 0.077
56395.692694 15.4282 0.078
56395.703416 15.5393 0.087
56406.701098 15.5741 0.072
56406.714739 15.6352 0.073
56406.727605 15.6175 0.074
56406.740397 15.6263 0.074
56431.490106 15.3697 0.065
56431.502462 15.3774 0.065
56431.515007 15.3885 0.065
56431.527417 15.4931 0.073
56495.526200 15.4203 0.071
56495.536829 15.4526 0.102
