53604.526938 15.5553 0.094
53604.535688 15.5826 0.095
53604.544297 15.619 0.096
53604.553425 15.6023 0.096
53610.448860 15.3943 0.098
53610.456128 15.4639 0.100
53610.463117 15.4147 0.098
53610.470072 15.4514 0.099
53561.585863 15.6711 0.086
53561.595718 15.4576 0.087
53561.605349 15.6842 0.086
53561.614290 15.4756 0.087
53568.485949 15.5309 0.096
53621.450919 15.4471 0.100
53621.459887 15.4687 0.101
53621.468399 15.4735 0.101
53621.477049 15.4335 0.099
54017.467987 15.5303 0.094
54017.476133 15.4594 0.092
54017.484289 15.4813 0.093
54017.492434 15.508 0.094
54209.726023 15.4774 0.097
54209.736546 15.5792 0.100
54209.747023 15.5637 0.099
54209.757701 15.5921 0.100
54318.557099 15.5273 0.104
54318.567979 15.5013 0.106
54318.579040 15.5646 0.113
54318.589960 15.4869 0.108
54262.608372 15.4454 0.097
54262.616918 15.5032 0.099
54262.625536 15.4624 0.098
54262.634261 15.453 0.097
54178.755883 15.4423 0.103
54178.762861 15.4405 0.105
54178.769878 15.482 0.113
54178.776819 15.4597 0.104
54413.410915 15.4521 0.083
54413.418559 15.4968 0.084
54413.426140 15.434 0.083
54413.433732 15.4811 0.084
54424.420075 15.5847 0.115
54424.424557 15.4817 0.111
54424.429045 15.4397 0.110
54424.433541 15.5121 0.113
54376.444237 15.4687 0.094
54376.453164 15.4336 0.094
54376.462063 15.5162 0.096
54376.470980 15.4926 0.096
54703.455387 15.9444 0.097
54703.464277 15.8943 0.096
54703.473208 15.8343 0.094
54703.481899 15.7401 0.091
54652.592224 15.4259 0.086
54652.601916 15.4634 0.096
54652.611301 15.8771 0.356
54675.555533 15.6807 0.082
54675.566997 15.5914 0.082
54675.578075 15.4675 0.116
54675.601472 15.5182 0.095
54594.631839 15.4496 0.083
54594.639179 15.4939 0.084
54594.646501 15.4761 0.083
54594.653912 15.4963 0.084
54773.408622 15.4388 0.089
54773.430190 15.4608 0.090
54773.437903 15.6449 0.103
54773.453760 15.5969 0.096
54742.392115 15.5104 0.088
54742.399868 15.4616 0.087
54742.407611 15.4816 0.087
54742.415286 15.4319 0.086
54756.394685 15.4407 0.089
54756.402207 15.4177 0.088
54756.409688 15.441 0.089
54756.417148 15.4091 0.089
54730.463991 15.4291 0.077
54730.475804 15.4366 0.077
54730.487656 15.4667 0.077
54730.499440 15.4398 0.077
54733.412703 15.544 0.086
55032.598455 15.4378 0.088
55032.606156 15.4783 0.089
55032.613800 15.4069 0.087
55032.621515 15.4499 0.088
55032.629279 15.4286 0.088
55043.656162 15.4882 0.091
55043.663525 15.4682 0.091
55043.670876 15.4269 0.090
55043.678226 15.5412 0.093
55043.685575 15.477 0.091
55007.509265 15.4527 0.090
55007.517417 15.4392 0.089
55007.525636 15.4658 0.089
55007.533817 15.4548 0.098
54952.723509 15.5621 0.091
54952.732227 15.5558 0.089
54952.741252 15.4925 0.091
54952.750503 15.5443 0.089
55112.439130 15.4434 0.087
55112.447451 15.4631 0.088
55112.455802 15.4295 0.087
55112.464107 15.4665 0.088
55126.410182 15.4563 0.077
55126.419718 15.4562 0.077
55126.429253 15.4913 0.078
55126.438792 15.5073 0.079
55098.392773 15.4734 0.078
55098.403789 15.428 0.077
55098.414703 15.4647 0.078
55098.425486 15.4749 0.078
55411.566831 15.5796 0.137
55353.751148 15.4679 0.092
55272.765905 15.4688 0.092
55324.622139 15.5031 0.092
55324.649609 15.5263 0.092
55338.803246 15.9252 0.102
55338.819437 15.9242 0.110
55467.449220 15.4966 0.081
55467.480983 15.5096 0.081
55659.738382 15.4959 0.079
55659.774442 15.5104 0.079
55690.746547 16.0082 0.086
55690.791869 15.7398 0.081
53568.513556 15.5423 0.096
53568.520299 15.5233 0.095
53568.527098 15.4876 0.094
53568.533939 15.4388 0.093
54755.406660 15.0551 0.077
54755.416131 15.2375 0.076
54733.416601 15.4941 0.077
54733.426517 15.545 0.078
54733.436431 15.5922 0.078
54733.446331 15.5653 0.078
55007.545629 15.4081 0.078
55735.689322 15.4567 0.074
55735.699113 15.5294 0.075
55735.709038 15.4905 0.076
55735.719063 15.505 0.076
55821.459033 15.5635 0.075
55821.473085 15.5209 0.075
55821.487203 15.5889 0.076
55821.501240 15.5062 0.075
56063.585096 15.9773 0.082
56063.597629 16.0302 0.083
56063.608342 15.9685 0.082
56063.619052 15.9477 0.081
56123.586662 15.607 0.067
56123.597915 15.6738 0.068
56123.609255 15.8008 0.069
56123.620596 15.833 0.070
56155.501411 15.3747 0.068
56155.513417 15.4303 0.069
56155.525481 15.3858 0.068
56155.537536 15.4129 0.069
56184.450532 15.4871 0.070
56184.461758 15.4563 0.070
56184.473073 15.4357 0.070
56184.484374 15.4653 0.070
56242.426776 15.5097 0.073
56242.435402 15.4454 0.072
56242.443888 15.4751 0.073
56242.452358 15.516 0.074
56375.752383 15.5798 0.076
56375.762971 15.5033 0.075
56375.773118 15.5647 0.075
56375.783432 15.5324 0.074
56380.757791 15.5402 0.071
56380.769972 15.5057 0.070
56380.782222 15.5026 0.070
56380.794429 15.4605 0.070
56445.693433 15.4435 0.069
56445.705720 15.422 0.069
56445.718720 15.396 0.069
56445.730825 15.421 0.069
