53716.725242 14.6471 0.081
53716.730017 14.649 0.081
53716.734778 14.6814 0.081
53716.739529 14.7211 0.082
53731.698901 14.6187 0.074
53731.708824 14.634 0.074
53731.718660 14.6308 0.074
53731.728338 14.6589 0.074
53690.695764 14.7051 0.075
53690.704427 14.6899 0.075
53690.713170 14.6936 0.075
53690.721895 14.6971 0.075
53849.479872 14.7978 0.066
53849.491937 14.7864 0.066
53849.503991 14.7439 0.065
53849.516035 14.7476 0.065
53850.392521 14.7442 0.073
53850.403861 14.7711 0.068
53850.415145 14.7976 0.069
53850.426041 14.8199 0.071
53761.629208 14.7639 0.077
53761.638669 14.7377 0.076
53761.648058 14.6899 0.076
53761.657335 14.6545 0.075
53892.384601 14.7979 0.072
53892.392097 14.81 0.072
53892.399588 14.8036 0.072
53892.407061 14.7601 0.072
53813.525364 14.8399 0.066
53813.539564 14.8143 0.066
53813.553818 14.7978 0.066
53813.568056 14.7146 0.065
53821.562918 14.7769 0.071
53821.571003 14.8007 0.071
53821.579106 14.808 0.071
53821.587191 14.8417 0.072
53858.445663 14.6894 0.070
53858.454343 14.7082 0.070
53858.463025 14.72 0.070
53858.471661 14.7526 0.071
53876.420714 14.7632 0.071
53876.429224 14.7529 0.071
53876.437757 14.7468 0.071
53876.446256 14.7205 0.071
53882.414706 15.0349 0.084
53882.423250 14.6999 0.072
53882.431782 14.7224 0.071
53882.440298 14.6941 0.070
54063.692835 14.7567 0.070
54063.706547 14.7862 0.071
54063.720347 14.7955 0.071
54063.734140 14.7599 0.070
54196.491651 14.6672 0.075
54196.500104 14.6446 0.075
54196.508603 14.6174 0.074
54196.517080 14.6365 0.075
54208.520948 14.75 0.076
54208.529573 14.7625 0.077
54208.538274 14.7542 0.077
54208.546890 14.77 0.077
54137.707514 14.7486 0.077
54137.716148 14.7003 0.077
54137.724713 14.7349 0.077
54137.733288 14.7515 0.078
54154.581920 14.61 0.067
54154.593017 14.6013 0.067
54154.603917 14.6112 0.068
54154.615149 14.6279 0.068
54114.679320 14.7079 0.077
54114.686132 14.7373 0.077
54114.692775 14.7312 0.077
54114.699446 14.7444 0.077
54125.643025 14.7678 0.069
54125.657583 14.7535 0.068
54125.671731 14.7291 0.068
54125.685442 14.7117 0.068
54291.372304 14.7334 0.074
54291.375777 14.7417 0.074
54291.379254 14.7249 0.074
54291.382700 14.7601 0.075
54174.594353 14.6328 0.068
54174.603121 14.6363 0.068
54174.611891 14.6398 0.068
54174.620693 14.6794 0.068
54181.623663 14.7544 0.070
54181.633381 14.7505 0.070
54181.643089 14.7326 0.070
54181.652819 14.718 0.070
54186.512673 14.6485 0.074
54186.522185 14.6659 0.074
54186.531631 14.6514 0.074
54186.541092 14.6734 0.074
54225.406999 14.7125 0.069
54225.411959 14.7091 0.069
54225.416950 14.713 0.069
54225.421909 14.7491 0.070
54236.427713 14.7761 0.078
54236.438281 14.7869 0.078
54236.448880 14.7637 0.077
54236.459460 14.7384 0.077
54247.406812 14.7829 0.077
54247.417502 14.7418 0.076
54247.428299 14.753 0.077
54247.438978 14.7567 0.077
54413.691934 14.701 0.078
54413.697090 14.7451 0.078
54413.702304 14.7379 0.077
54413.707492 14.775 0.077
54801.702902 14.6208 0.078
54801.709621 14.619 0.074
54801.716561 14.6119 0.072
54801.729564 14.5554 0.072
54501.616648 14.7641 0.070
54501.624814 14.7394 0.070
54501.632982 14.7176 0.070
54501.641143 14.7082 0.070
54525.552505 14.6243 0.072
54525.561332 14.6087 0.072
54525.570160 14.6509 0.072
54525.578829 14.6537 0.072
54466.691482 14.6363 0.073
54466.700793 14.6192 0.073
54466.709632 14.6125 0.073
54466.718378 14.6358 0.074
54492.659431 14.657 0.075
54492.669943 14.6705 0.076
54492.680412 14.6623 0.076
54492.690884 14.655 0.076
54632.403734 14.7476 0.065
54632.412376 14.7461 0.065
54632.421182 14.7198 0.065
54632.429806 14.6862 0.064
54535.539656 14.6255 0.072
54535.548308 14.5958 0.072
54535.556921 14.6307 0.072
54535.565524 14.6643 0.073
54590.438184 14.6957 0.064
54590.447558 14.7156 0.064
54590.456922 14.7319 0.064
54590.466308 14.7287 0.064
54600.465415 14.7502 0.065
54600.477808 14.7448 0.065
54600.488680 14.7652 0.065
54600.499573 14.7205 0.065
54615.429706 14.6429 0.063
54615.437852 14.6896 0.064
54615.446015 14.6946 0.064
54615.454243 14.7522 0.064
54792.670977 14.6464 0.067
54792.679526 14.6169 0.066
54792.704274 14.639 0.066
54936.470127 14.739 0.070
54936.478505 14.7091 0.069
54936.486883 14.7122 0.070
54936.495283 14.6868 0.069
54947.429460 14.6569 0.069
54947.437893 14.6434 0.069
54947.446418 14.6237 0.069
54947.454961 14.6218 0.069
54865.728434 14.651 0.069
54865.736096 14.6332 0.069
54865.743662 14.6496 0.069
54865.751284 14.6519 0.069
54882.539500 14.6353 0.065
54882.554526 14.6566 0.065
54882.568954 14.6986 0.065
54882.582872 14.7225 0.065
54835.637027 14.6184 0.070
54835.646028 14.7221 0.070
54835.655221 14.8646 0.087
54835.664452 14.7696 0.070
55005.348290 14.6481 0.066
55005.353601 14.6225 0.066
55005.358959 14.6294 0.072
55005.364359 14.6242 0.065
54894.653117 14.6742 0.065
54894.666603 14.6799 0.066
54894.680058 14.7055 0.065
54894.693499 14.7426 0.066
54905.556295 14.6269 0.064
54905.567048 14.6289 0.064
54905.577767 14.6046 0.064
54905.588566 14.6191 0.077
54913.587045 14.675 0.062
54913.600078 14.657 0.062
54913.613165 14.6238 0.062
54913.626229 14.5822 0.061
54919.520236 14.758 0.071
54919.528640 14.7613 0.071
54919.537037 14.7562 0.071
54919.545445 14.7455 0.071
54962.428708 14.6948 0.059
54962.446343 14.6836 0.059
54962.464002 14.6154 0.060
54962.481702 14.6138 0.059
54978.411972 14.7049 0.071
54978.419046 14.6705 0.071
54978.426058 14.6712 0.071
54978.433047 14.6545 0.071
55163.665400 14.6028 0.065
55163.676562 14.6137 0.066
55163.687754 14.6143 0.066
55163.698973 14.6281 0.067
55297.494852 14.5644 0.067
55304.492332 14.6094 0.067
55237.565536 14.6801 0.066
55253.542471 14.7469 0.067
55205.660404 14.8191 0.131
55205.709771 14.6836 0.067
55206.725059 14.5799 0.065
55206.737912 14.592 0.065
55357.374819 14.7067 0.066
55357.412450 14.7426 0.067
55266.603455 14.6174 0.063
55272.518424 14.6265 0.071
55327.441119 14.7041 0.067
55327.476427 14.6729 0.067
55658.526836 14.6046 0.067
55658.569350 14.6782 0.071
55676.477242 14.7245 0.066
55676.512965 14.6681 0.066
55615.508177 14.7089 0.067
55615.544997 14.6531 0.066
55562.715460 14.5696 0.062
55591.680280 14.7208 0.061
55591.705153 14.6502 0.061
55647.561487 14.6216 0.063
55647.586911 14.6685 0.063
55690.401431 14.6075 0.062
55690.443744 14.655 0.062
54835.677888 14.7052 0.069
54835.687370 14.7338 0.070
54835.697231 14.818 0.291
54835.706619 14.8462 0.105
55564.633200 14.5806 0.068
55564.654530 14.6172 0.066
55737.365237 14.6017 0.062
55737.373654 14.6148 0.062
55737.382112 14.6184 0.062
55737.390561 14.6664 0.063
55865.737101 14.618 0.071
55865.742505 14.6624 0.070
55865.747888 14.609 0.073
55865.753242 14.6583 0.068
55922.664715 14.7943 0.080
55922.673318 14.6492 0.063
55922.681894 14.6131 0.062
55922.690531 14.5971 0.062
56004.574516 14.742 0.062
56004.588525 14.7083 0.062
56004.602646 14.6721 0.062
56004.616781 14.6365 0.061
56064.477603 14.5746 0.061
56064.488129 14.6015 0.062
56064.498759 14.6293 0.062
56064.509373 14.6492 0.062
56093.419547 14.7277 0.066
56093.424923 14.7226 0.066
56093.430225 14.7176 0.066
56093.435610 14.71 0.066
56244.710476 14.6448 0.212
56244.727302 15.0978 0.098
56244.735734 14.7218 0.063
56274.672615 14.5912 0.064
56274.681846 14.6059 0.063
56274.691420 14.6279 0.064
56274.700573 14.6867 0.065
56357.596734 14.6664 0.064
56357.608554 14.7125 0.064
56357.620389 14.7048 0.064
56357.632225 14.7387 0.064
56384.496951 14.6288 0.062
56384.511177 14.6595 0.062
56384.525787 14.6799 0.063
56384.539990 14.6948 0.063
56408.443264 14.7008 0.061
56408.454059 14.6794 0.061
56408.464074 14.6294 0.060
56408.473982 14.6317 0.060
56422.467049 14.7264 0.063
56422.475449 14.7245 0.063
56422.483814 14.6971 0.063
56422.492237 14.6925 0.063
