53599.4683024307 16.01395 0.121146829970539
53599.476726609 16.14895 0.12824770044698
53599.4854588887 16.01524 0.121844752018095
53599.4939095487 15.92706 0.117913343512828
53607.4145730208 15.82298 0.103404135160641
53607.424522419 15.76128 0.101542626327601
53607.4344901387 15.79705 0.102973680895043
53607.4444640973 15.76369 0.102084089577053
53562.4251817591 16.0659 0.112967951752166
53562.4333067015 16.04293 0.111958110237851
53562.4412901853 15.86273 0.106784958436307
53562.4492928125 15.87872 0.117835769192445
53580.561142338 16.08339 0.113616573658507
53580.5704828124 16.16218 0.117536345148718
53580.5798351388 16.16409 0.118136161097396
53580.589226678 16.17299 0.117840200628743
53628.3887177892 16.18444 0.114380834166847
53628.3995552776 16.14472 0.112988330981089
53628.4104409027 16.1769 0.114847674027006
53628.4213142591 16.07713 0.111077255765809
53831.6925325465 15.9292 0.105437345772713
53831.7023138312 15.93691 0.105638947603846
53831.712077419 15.97903 0.107443293808267
53831.7218698265 15.95875 0.10659052412775
53957.4272025001 15.906 0.11339357506641
53957.4366910534 15.84435 0.11086126687563
53957.4462439582 15.74046 0.107007258484224
53957.4557122571 15.71966 0.106382030734255
53967.435509375 16.06089 0.120477076942999
53967.4441586688 16.16536 0.125491444753734
53967.4526660416 16.14692 0.124823522330445
53967.4611657869 16.09246 0.122377794188631
53772.7384977314 16.13241 0.12834449282521
53772.7502483797 16.1544 0.12852950979398
53772.7616465857 16.26959 0.134812808403698
53772.7729994675 15.96289 0.118939236672549
53919.5411974999 15.43495 0.111830161579753
53919.5501314468 15.7685 0.108939428470362
53919.5590621989 15.75342 0.126832450800371
53919.5679865625 15.81115 0.111399471893184
53946.4922859492 15.77202 0.0934325340695195
53946.5042712502 15.78272 0.0939120101090239
53946.5162302661 15.76368 0.0935619942976325
53946.5281906715 15.77502 0.0940923113243559
53892.4926999422 16.11247 0.114453185064032
53892.5024576505 15.96704 0.108650264556213
53892.5115778587 15.98445 0.109299305278116
53892.5202523378 15.89001 0.105757707927052
53900.6285070369 16.18051 0.124002816808034
53900.6374858335 16.07156 0.118831309468617
53900.6464564006 16.13542 0.122145990634599
53900.6554555322 15.96543 0.11462802392404
53913.53027706 16.15893 0.122336451590832
53913.5387938658 16.06865 0.118187658442494
53913.5472973382 16.19904 0.124386976575516
53913.5558342823 16.17946 0.12369079719237
53821.6915598728 16.10954 0.112282576808743
53821.7023641436 16.07203 0.11080500365275
53821.7131560186 16.06836 0.110577797429809
53821.7235825925 15.9756 0.107001421679396
53872.6449770254 15.75938 0.100926125959423
53872.6536303011 15.74485 0.100621663813803
53872.6623945485 15.72966 0.100212328223089
53872.6710243054 15.84917 0.104448370458147
53877.682262037 15.74371 0.087145043272691
53877.6935259607 15.75257 0.0875754106869344
53877.7049027663 15.80412 0.0889342303129203
53877.7163379514 15.83152 0.0898089919095076
53885.6202752081 15.90741 0.0843764218548028
53885.6321919675 15.96227 0.0856418634567739
53885.6441559837 16.00567 0.0868548914733913
53885.6560698034 16.06105 0.0883392901478879
53982.391904155 16.03738 0.11874205550705
53982.4003485764 16.07476 0.1205718331838
53982.408808611 15.92102 0.113925801725831
53982.4172890276 15.9869 0.116904026722091
53997.419745891 15.83795 0.115925786656951
53997.4250319793 15.8849 0.118580287026629
53997.4303358795 15.89344 0.119626043309639
53997.4356689469 15.89806 0.120254762691271
54318.4291386688 15.81936 0.0951309932754129
54318.4373006714 15.79983 0.0944300289030072
54318.4454394099 15.75575 0.0932706653529598
54318.4535836922 15.7439 0.0928873733283369
54129.7389454396 15.91202 0.119751181560195
54129.7479181249 15.90389 0.118856529601098
54129.7569035414 15.78853 0.113627964598502
54129.7659205442 16.03045 0.124071067409995
54291.5263230094 15.74674 0.107165433687278
54291.5349320138 15.78697 0.108910993188058
54291.5434844211 15.81004 0.110564296406601
54291.5520326622 15.77749 0.109724780638936
54303.4470670486 16.14051 0.12328852392646
54303.4569959027 16.17485 0.124653180325489
54303.4667967359 16.13939 0.123028535097787
54303.4766068288 16.18857 0.125640543288192
54261.5047346642 15.91473 0.104961609768476
54261.5160415741 15.98024 0.107001421679396
54261.5271929167 15.97054 0.108884161737076
54261.5379641666 16.02991 0.10944892864664
54266.6110112035 16.03277 0.119003728644688
54266.6206738424 16.08406 0.12140100863087
54266.6300980441 16.12562 0.12353193818176
54266.6396312729 16.06887 0.12129109638806
54274.5056951271 16.09568 0.121092292844331
54274.5145680324 16.05568 0.119393728633119
54274.5234235764 16.05298 0.119508481731198
54274.5323097917 16.0503 0.119370366106772
54172.7232783451 15.86926 0.102544208321465
54172.7308094213 15.9244 0.104353081842581
54172.7520117476 15.9967 0.107622346558102
54172.7589326156 16.0572 0.109701945319589
54190.6057524189 15.73929 0.111253450607728
54190.6142776275 15.74505 0.111534055564288
54190.6228539931 15.77375 0.112680654810597
54190.6314819908 15.79026 0.113948849975066
54233.615621817 15.75181 0.113310903286163
54233.6267905325 15.71268 0.111922505164523
54233.6380941897 15.67386 0.110480082974567
54233.6494982174 15.78079 0.114706972567176
54246.5429726622 15.72958 0.112754021966344
54246.5520268289 15.64563 0.109434407207356
54246.5608749652 15.70633 0.111917167755012
54246.5695506364 15.75284 0.113818504114907
54348.410494213 16.21795 0.108892049396732
54348.4186610649 16.15835 0.106982456564921
54348.4268370718 16.14701 0.10681969401065
54348.435003588 16.13644 0.106699788739045
54349.3854407407 15.72275 0.0932102393157621
54349.3936162847 15.76292 0.0944227800818038
54349.4017650927 15.74547 0.0939527972848984
54349.4099368169 15.80736 0.0959494074087823
54586.6725006829 15.95109 0.129004653036282
54586.6991358682 15.84191 0.139511362447501
54586.7257966319 15.39014 0.150611090163839
54491.7444663887 15.93303 0.129087714046202
54491.752569236 15.86608 0.125400038886665
54491.7607017244 15.82347 0.12305231988712
54491.7689024998 15.67649 0.115841169413282
54675.4117645719 16.15146 0.102364721066719
54675.4161417014 16.13673 0.141674606269765
54675.4258492477 16.11905 0.0962928161869811
54675.4301545024 16.14646 0.0969312154848093
54642.535234618 16.11959 0.0944566352946734
54642.5474676043 16.16012 0.0957920788300362
54642.5596259376 16.20522 0.0972019849419545
54642.571780683 16.10859 0.0944655131744012
54598.5921482872 15.78777 0.0849283080904049
54598.6036927197 15.85519 0.0864749095856256
54598.6152418866 15.86591 0.0866581193682266
54598.6267174422 15.91022 0.0877364438137749
54614.6923527549 16.03452 0.0847855605532785
54614.6983754284 15.99538 0.0840164949371422
54614.7043358449 16.1424 0.0876840393960929
54614.7103008911 16.09019 0.0864396346267568
54710.4217836576 15.77862 0.08026881184412
54710.4297264352 15.8755 0.0822920193793008
54710.437658449 15.9088 0.0831621991583137
54710.445607141 15.89777 0.0830414642820976
54928.6064419906 15.71887 0.076589655833838
54928.6254244327 15.64793 0.0752829856391135
54928.6351676273 15.66894 0.0755161073838736
54940.737117905 15.65748 0.078555733509018
54940.7503335763 15.79438 0.0815423891327462
54940.7634472687 15.72664 0.0802987338218579
54940.7765798381 15.87711 0.0835675886568112
54947.6571303473 16.06533 0.111546324688377
54947.6665849883 16.0615 0.111609521791677
54947.6758616205 16.09515 0.112993892106366
54947.6852524883 16.00306 0.10918248799026
54889.6916264469 15.95947 0.107510282564241
54889.7001015392 15.95479 0.10720808390961
54889.7086841666 16.05566 0.112063429574605
54889.717362859 15.86825 0.134075213977279
55021.509071609 16.22321 0.108031659939744
55021.5182630555 16.14622 0.10562104753527
55021.5274711689 16.11001 0.104946898591231
55021.5366936228 16.07622 0.104202483360318
55032.5086386112 16.10286 0.11689546003086
55032.5157613425 16.0038 0.112829434303758
55032.5228522338 15.9966 0.11273382371143
55032.529943831 15.90977 0.109524887710668
55032.5370337965 15.86324 0.107789160792176
54999.59917544 16.07668 0.130973144828626
55000.5885646528 15.72022 0.0831103288995526
55000.6024444675 15.75671 0.0842976972998168
55000.6161993866 15.76936 0.0856691161391748
55000.6300881136 15.83673 0.0864956086830447
55011.4446110187 15.96647 0.116533920724553
55011.4510766665 15.98689 0.117712094183754
55011.4575006367 15.94564 0.116258500880445
55011.463881435 15.85971 0.112772395893885
54909.6822630211 16.10536 0.117274760713346
54909.691230382 16.16697 0.119845982435267
54909.7002817711 16.14014 0.118575738831593
54909.7095013309 16.13839 0.118575738831593
54953.6338871527 15.73238 0.0864991438899442
54953.6442095372 15.69851 0.0856643315667796
54953.6544955787 15.70329 0.0858588441570045
54953.6647049883 15.7118 0.0861474670883196
54957.6067184489 15.72455 0.0736714040542541
54957.6208804515 15.78364 0.0746144982026456
54957.635001597 15.83848 0.0755761063386249
54957.649088935 15.90657 0.0768276726459206
54965.6064834373 16.20699 0.12099832480032
54965.6160077664 16.15219 0.118571196924319
54965.6256209721 16.17225 0.11950144201651
54965.6352911342 16.16263 0.119056807057229
54979.622263773 16.17747 0.128061172095311
54979.6309072801 16.10449 0.118042365659625
54979.6396843518 16.16289 0.11954839808922
54979.6484675577 16.17347 0.120079551374571
55103.3938722569 15.77256 0.0937039907804108
55103.3986511342 15.71972 0.0933229455138872
55103.4034147454 15.673 0.0912494292915681
55103.4081902779 15.80683 0.0954386948222982
55412.4429209145 15.82971 0.104695617885669
55412.4694228588 15.8797 0.107002878958843
55247.7439997337 15.78839 0.113973843343359
55219.7174967012 15.72086 0.108885740612728
55219.73625831 15.77638 0.109970736824025
55394.4834890277 15.87094 0.0933047433613496
55394.5218260419 16.02879 0.0983608330929373
55355.5913776737 16.04942 0.10417532464658
55355.619802847 15.76015 0.0949719414211183
55274.6913135067 16.01923 0.118405867817143
55320.6119408217 15.87338 0.078721720726377
55320.6433357871 15.98981 0.0809922686541912
55326.6990587499 15.75188 0.10795713790363
55329.6398227201 16.01268 0.100881569225146
55329.6756259492 16.17537 0.106922742984597
55334.6593715856 15.88162 0.0974049324441307
55334.6861575693 15.99206 0.101310921498852
55445.416582176 16.15833 0.105435978962029
55445.4347096179 16.20933 0.107872246273957
55658.7423380558 15.89817 0.105960713485715
55658.7817286807 15.72211 0.100157414772661
55674.6425608448 16.07902 0.101951548280123
55674.6891556946 16.16565 0.105838144529688
55632.7113788659 15.80396 0.0953894659679303
55632.7558062617 15.64156 0.282809853762849
55687.6430608219 16.27278 0.0977424219306971
55687.6704055326 15.99186 0.0873657022963359
55326.711082928 15.69886 0.124689406140731
55762.5116200578 15.89901 0.0953023546249414
55762.5211850116 15.82912 0.0939449465284923
55762.530693125 15.9091 0.0966713605850341
55762.5401526275 15.91569 0.0971415959243561
55769.4655128935 15.77454 0.0791159230372941
55769.47328147 15.71794 0.078135385532353
55769.4810964701 15.65254 0.0771459575138159
55769.4888605441 15.73806 0.0788084602697905
55806.4167362731 16.07219 0.0959467888511378
55806.4255160187 16.06094 0.0957765025795311
55806.4343502661 16.11707 0.0978363351222208
55806.4432443637 16.11992 0.0982066453050362
55963.7136489003 15.88831 0.0845130090663762
55963.7282710069 16.03937 0.0877906713718992
55963.7448042942 16.04492 0.0877304322719815
55963.7590722105 16.13037 0.0897001051371493
56059.6500486923 15.78083 0.0741939840649236
56059.6640636921 15.77229 0.0740529565304899
56059.6782283564 15.71545 0.073258881513002
56059.6924041319 15.7418 0.0737145878636548
56088.5335780555 16.17782 0.100142363514858
56088.5436776388 16.14229 0.0991139284639896
56088.553969352 16.14095 0.0990945029985216
56088.5642353701 16.06237 0.0967239659480263
56126.4661644561 16.1 0.0880584540456463
56126.4731801156 16.09402 0.0879749835646642
56126.4802904631 16.06454 0.0872788717564852
56126.4873796179 16.06649 0.0873267549809349
56173.4334857872 15.93819 0.0811623296863271
56173.44702022 15.77117 0.0790960744137703
56173.4596982522 15.67675 0.0779045439743743
56173.4717173496 15.68093 0.0782607881674701
56364.6554898843 16.09793 0.0957756388969605
56364.6681042593 16.12868 0.0965260716650288
56364.6808678354 16.13365 0.0966134758132667
56364.6934631136 16.14991 0.0971286117649054
56371.6779586923 16.04311 0.0855741881584672
56371.6905886921 16.08735 0.0864890412209534
56371.7034338772 16.1659 0.088368839855502
56371.7161704859 16.10267 0.0928777439676179
56395.6428370951 15.96044 0.088578928360008
56395.6536776736 15.84156 0.0857223275021359
56395.6644354975 15.7448 0.0834709089840596
56395.6968320138 15.53397 0.131251859283306
56406.6989395137 15.80788 0.0791022913184761
56406.712604618 15.77145 0.0788258241388206
56406.7254686689 15.83094 0.0800408530179958
56406.738245787 15.94047 0.0823968430619075
56431.4854268749 15.9681 0.074542532561203
56431.4976712154 16.09783 0.0788931970646179
56431.5102902199 16.0965 0.0773963995867137
56431.5225758795 16.15357 0.0775526718423983
56451.6728484839 15.91388 0.0830386700098141
56451.6799375232 15.86114 0.0820367654911213
56451.6871672108 15.91871 0.08349316253723
56451.6943125002 15.95088 0.0843816862051031
56476.5647926852 15.8296 0.085241703129984
56476.575995428 15.75933 0.0837641970478773
56476.5873382292 15.74154 0.0835096679940622
56476.5986239701 15.73499 0.0834639121689449
