53597.588814 15.7617 0.097
53597.597458 15.7264 0.096
53597.606497 15.7856 0.098
53597.615252 15.7556 0.097
53604.648009 15.8308 0.099
53604.656649 15.8794 0.101
53604.664991 15.8502 0.100
53604.673339 15.8412 0.101
53609.670731 15.8488 0.111
53609.678656 15.8371 0.111
53609.686440 15.8146 0.111
53609.694197 15.7866 0.110
53708.453078 15.8285 0.106
53708.459027 15.8341 0.106
53708.464944 15.8351 0.107
53708.470885 15.7902 0.106
53561.750811 15.7754 0.075
53664.527968 15.8034 0.113
53664.536528 15.7494 0.111
53664.545046 15.6947 0.109
53664.553632 15.7347 0.111
53854.762111 15.7253 0.090
53854.768715 15.6992 0.089
53854.775263 15.7065 0.090
53854.781830 15.7598 0.091
53975.492495 15.7985 0.099
53975.501707 15.8153 0.099
53975.511060 15.8452 0.099
53975.520430 15.8086 0.098
53922.625020 15.7222 0.083
53922.639723 15.7412 0.084
53922.655185 15.6914 0.089
53883.743085 15.8731 0.076
53883.760086 15.81 0.075
53883.777261 15.8081 0.075
53883.794368 15.7969 0.075
54019.461105 15.7368 0.096
54019.471372 15.7333 0.096
54019.481571 15.7223 0.096
54019.491802 15.7533 0.097
54208.790582 15.658 0.117
54208.795117 15.7827 0.123
54208.799585 15.7814 0.097
54208.804082 15.8366 0.095
54326.566366 15.8382 0.099
54326.577756 15.7924 0.097
54326.588952 15.7893 0.101
54326.600139 15.7694 0.096
54327.567358 15.8194 0.101
54327.571555 15.8425 0.102
54327.575611 15.7997 0.100
54327.579771 15.8054 0.101
54444.445993 15.8482 0.105
54444.450128 15.7996 0.103
54444.454181 15.7602 0.103
54444.458390 15.8208 0.105
54265.628491 15.7139 0.095
54265.637375 15.7902 0.100
54265.646260 15.7593 0.097
54265.655195 16.0925 0.423
54243.708388 15.7922 0.082
54243.726711 15.7863 0.082
54243.745080 15.7971 0.082
54243.764076 15.7739 0.081
54412.428373 15.7812 0.100
54412.436405 15.8174 0.101
54412.444443 15.7744 0.100
54412.452481 15.7769 0.100
54376.516382 15.8012 0.101
54376.525321 15.8155 0.101
54376.534285 15.8006 0.105
54376.543238 15.7792 0.100
54349.511627 15.7407 0.091
54349.522862 15.7357 0.097
54349.534184 15.7815 0.089
54349.545249 15.7367 0.084
54363.537098 15.8689 0.101
54363.546109 15.8169 0.100
54363.555173 15.7972 0.099
54363.564171 15.787 0.099
54682.624827 15.7203 0.078
54682.634929 15.699 0.078
54682.645070 15.6966 0.078
54701.622612 15.7527 0.088
54701.631418 15.7399 0.088
54701.640241 15.7424 0.088
54701.649070 15.741 0.088
54801.438747 15.7971 0.099
54802.451680 15.8556 0.098
54802.456696 15.8385 0.098
54802.461745 15.8221 0.098
54802.466791 15.8478 0.099
54650.579594 15.7696 0.074
54650.585670 15.7857 0.074
54650.591682 15.7535 0.073
54650.597675 15.773 0.074
54594.679694 15.7178 0.087
54594.688708 15.7792 0.089
54594.697679 15.7662 0.088
54594.706699 15.698 0.086
54718.404576 15.7155 0.079
54718.410200 15.6567 0.078
54718.415799 15.7406 0.079
54718.421434 15.7346 0.078
54728.535815 15.8262 0.095
54728.543327 15.8294 0.097
54728.550834 15.8455 0.097
54728.558399 15.8682 0.098
54733.478971 15.8372 0.075
54733.486989 15.832 0.074
54733.494892 15.817 0.074
54733.502828 15.8397 0.075
54950.735699 15.7473 0.080
54950.746616 15.6949 0.079
54950.757534 15.6797 0.079
54950.768524 15.7043 0.079
55010.632463 15.7753 0.094
55010.641015 15.7765 0.094
55010.649680 15.7157 0.093
55010.658503 15.7643 0.094
55125.452451 15.6698 0.104
55125.458672 15.7421 0.098
55125.464988 15.7311 0.114
55125.471232 15.7726 0.122
55424.512006 15.7523 0.083
55429.545558 15.8462 0.074
55429.596213 15.8401 0.074
55394.746832 15.8406 0.085
55394.789290 15.7825 0.084
55326.762212 15.8681 0.100
55466.481083 15.7123 0.081
55466.511345 15.7145 0.281
55691.759342 15.7785 0.094
55691.770477 15.7809 0.094
55691.793490 15.8167 0.095
54265.664423 15.726 0.095
54265.673359 15.7402 0.095
54265.682358 15.626 0.094
54265.691620 15.8571 0.104
55744.600048 15.7167 0.082
55744.612748 15.7349 0.082
55744.625315 15.7504 0.083
55744.638000 15.7618 0.083
55770.575399 15.8403 0.074
55770.588678 15.8241 0.074
55770.602168 15.7913 0.073
55770.615380 15.8139 0.074
55824.571298 15.8465 0.077
55824.584609 15.8636 0.077
55824.598136 15.8652 0.077
55824.611600 15.8287 0.077
55851.483932 15.8088 0.072
55851.498953 15.8303 0.072
55851.514009 15.7695 0.071
55851.529102 15.7444 0.076
55891.463274 15.8047 0.085
55891.468013 15.7871 0.084
55891.472777 15.8201 0.085
55891.477580 15.7565 0.084
56041.741810 15.8031 0.076
56041.750284 15.7735 0.076
56041.758874 15.7474 0.076
56041.767495 15.802 0.080
56089.686557 15.4661 0.071
56089.696389 15.8086 0.077
56089.706437 15.8516 0.079
56089.716516 15.4608 0.073
56126.592327 15.7704 0.074
56126.603799 15.7829 0.074
56126.615490 15.7745 0.074
56126.627107 15.7505 0.074
56152.603763 15.7671 0.072
56152.615148 15.7848 0.072
56152.626557 15.8021 0.072
56152.637930 15.7755 0.072
56174.484522 15.7627 0.072
56174.495752 15.7713 0.072
56174.507228 15.7926 0.073
56174.517922 15.8458 0.074
56402.740107 15.6579 0.071
56402.751499 15.5919 0.070
56402.763137 15.6598 0.071
56402.774754 15.6801 0.071
56481.624191 15.5785 0.069
56481.637505 15.6818 0.071
56481.650428 15.701 0.071
56481.663339 15.586 0.069
