53604.526938 16.3555 0.125
53604.535688 16.3271 0.123
53604.544297 16.4403 0.129
53604.553425 16.4626 0.130
53610.448860 16.2393 0.133
53610.456128 16.2508 0.133
53610.463117 16.6683 0.160
53610.463117 17.4319 0.230
53610.470072 16.6815 0.160
53561.585863 16.7462 0.122
53561.595718 16.376 0.117
53561.605349 16.6729 0.119
53561.614290 16.4434 0.120
53568.485949 16.1077 0.117
53621.450919 16.1462 0.129
53621.459887 16.5793 0.155
53621.459887 17.4818 0.238
53621.468399 16.1511 0.129
53621.477049 16.1957 0.131
54017.467987 15.8976 0.106
54017.476133 15.8911 0.106
54017.484289 16.031 0.112
54017.492434 15.7537 0.101
54209.726023 16.4221 0.137
54209.736546 16.762 0.158
54209.747023 16.7277 0.155
54209.757701 16.7859 0.160
54318.557099 16.5184 0.154
54318.567979 16.5011 0.157
54318.579040 16.3708 0.156
54318.589960 16.4114 0.155
54262.608372 16.2731 0.131
54262.616918 16.2751 0.131
54262.625536 16.7163 0.158
54262.625536 17.4715 0.227
54262.634261 16.2775 0.131
54178.755883 16.6807 0.168
54178.762861 16.3119 0.147
54178.769878 16.4169 0.165
54178.776819 16.4002 0.150
54413.410915 16.4155 0.113
54413.418559 16.4252 0.113
54413.426140 16.3797 0.112
54413.433732 16.4073 0.113
54424.420075 16.3192 0.154
54424.424557 16.7934 0.193
54424.429045 16.8155 0.196
54424.433541 16.4614 0.167
54376.444237 16.4135 0.132
54376.453164 16.3921 0.132
54376.462063 16.4006 0.132
54376.470980 16.8793 0.163
54703.455387 16.279 0.109
54703.464277 16.3409 0.111
54703.473208 16.753 0.130
54703.481899 16.7238 0.129
54652.592224 16.1864 0.109
54652.601916 16.2738 0.128
54652.611301 15.8943 0.359
54675.555533 16.2914 0.098
54675.566997 16.1719 0.097
54675.578075 15.9422 0.140
54675.601472 15.8412 0.106
54594.631839 16.1137 0.101
54594.639179 16.1074 0.101
54594.646501 16.1536 0.102
54594.653912 16.3765 0.110
54773.408622 16.2409 0.116
54773.430190 16.5816 0.133
54773.437903 14.7828 0.080
54773.453760 16.1604 0.116
54742.392115 15.8712 0.098
54742.399868 15.8976 0.099
54742.407611 15.9203 0.100
54742.415286 15.895 0.099
54756.394685 16.6171 0.134
54756.402207 16.2751 0.117
54756.409688 16.2739 0.118
54756.417148 16.6562 0.137
54730.463991 16.6918 0.112
54730.475804 16.2355 0.095
54730.487656 16.2498 0.096
54730.499440 16.7331 0.113
54733.412703 16.4673 0.117
55032.598455 15.8506 0.100
55032.606156 15.9187 0.102
55032.613800 15.8731 0.100
55032.621515 15.9038 0.101
55032.629279 15.9552 0.103
55043.656162 15.9672 0.106
55043.663525 16.0216 0.109
55043.670876 15.978 0.107
55043.678226 16.1836 0.115
55043.685575 15.9436 0.106
55007.509265 16.298 0.119
55007.517417 16.3391 0.120
55007.525636 16.4036 0.123
55007.533817 16.3031 0.133
54952.723509 16.1092 0.109
54952.732227 16.1533 0.107
54952.741252 16.1865 0.114
54952.750503 16.2279 0.110
55112.439130 16.3498 0.118
55112.447451 16.9589 0.151
55112.455802 16.2687 0.114
55112.464107 16.8717 0.146
55112.464107 17.5735 0.201
55126.410182 15.9528 0.088
55126.419718 16.0546 0.091
55126.429253 16.0436 0.091
55126.438792 16.0868 0.092
55098.392773 16.2096 0.096
55098.403789 16.2038 0.096
55098.414703 16.2457 0.097
55098.425486 16.2833 0.098
55411.566831 15.7901 0.150
55353.751148 16.0631 0.112
55272.765905 16.3262 0.124
55324.622139 16.2739 0.120
55324.649609 16.8244 0.149
55324.649609 17.6054 0.214
55338.803246 15.9766 0.103
55338.819437 15.9931 0.113
55467.449220 16.122 0.097
55467.480983 16.2483 0.101
55659.738382 16.3822 0.103
55659.774442 16.8731 0.122
55690.746547 15.8301 0.082
55690.791869 15.9426 0.085
53568.513556 16.2271 0.122
53568.520299 16.2325 0.122
53568.527098 16.284 0.124
53568.533939 16.561 0.139
53568.533939 17.4256 0.205
54755.406660 16.0367 0.102
54755.416131 16.1907 0.100
54733.416601 16.3891 0.098
54733.426517 16.7519 0.111
54733.436431 16.4467 0.100
54733.446331 16.4883 0.101
55007.545629 16.3721 0.103
55735.689322 16.7742 0.108
55735.699113 16.3552 0.094
55735.709038 16.3402 0.095
55735.719063 16.4177 0.098
55821.459033 16.1887 0.088
55821.473085 15.9105 0.082
55821.487203 15.81 0.081
55821.501240 15.7904 0.080
56063.585096 16.7829 0.105
56063.597629 17.0018 0.113
56063.597629 17.3975 0.132
56063.608342 17.0701 0.116
56063.619052 16.9508 0.110
56123.586662 16.2798 0.077
56123.597915 16.3225 0.078
56123.609255 16.4171 0.079
56123.620596 16.4075 0.079
56155.501411 16.6377 0.092
56155.513417 16.2231 0.081
56155.525481 16.2677 0.083
56155.537536 16.3041 0.084
56184.450532 16.826 0.099
56184.461758 16.3407 0.086
56184.473073 16.1692 0.082
56184.484374 16.0658 0.080
56242.426776 16.0413 0.082
56242.435402 15.9267 0.080
56242.443888 15.8412 0.079
56242.452358 15.8557 0.080
56375.752383 16.8479 0.109
56375.762971 16.8615 0.110
56375.773118 16.4127 0.094
56375.783432 16.7041 0.103
56380.757791 16.3867 0.086
56380.769972 16.4025 0.087
56380.782222 16.9018 0.102
56380.794429 16.8904 0.101
56380.794429 17.5902 0.131
56445.693433 16.2478 0.083
56445.705720 16.2269 0.083
56445.718720 16.6993 0.095
56445.730825 16.699 0.094
56445.730825 17.6186 0.130
