53604.5655696529 18.52216 0.199225202101102
53604.5744901506 18.6623 0.21335994081048
53604.5833053358 19.08527 0.265276100374306
53604.5921521296 18.90469 0.241059835440557
53609.5497583795 17.97261 0.173939139723635
53609.5582742478 17.82361 0.16292883597766
53609.5667873264 17.95236 0.172607400457728
53609.5753506945 17.90932 0.169861479922508
53568.5442249767 18.62616 0.215773970487358
53568.5519721528 18.6609 0.219531638562024
53568.5593402778 18.45734 0.198476363771841
53568.5671303819 18.4152 0.194603379498045
53580.6073549539 17.96525 0.138037794035669
53580.6182690854 17.86972 0.132737802236512
53580.6291686804 17.99541 0.140106205968195
53580.6400418636 18.12293 0.147851589883888
53693.4269705672 18.48547 0.239702096325656
53693.4346776969 18.71584 0.27174072618468
53693.4424268405 18.80203 0.28788019893599
53693.4501388312 19.91508 0.818745547507121
53668.3995920951 18.53272 0.186830286460935
53668.4077569558 18.34744 0.171193330522491
53668.415913912 18.58508 0.191756405520537
53668.424075278 18.62032 0.195611255477522
53621.4880522687 18.25869 0.20100853141335
53621.4970063196 17.99963 0.177898148130669
53621.5058476619 18.25486 0.200826371573976
53621.5148009953 18.16507 0.192346569118506
53835.7565772453 18.49824 0.130071417807916
53835.7711775693 18.38469 0.123671907855327
53835.7858153124 18.47379 0.128061172095311
53835.8007400696 18.60558 0.134987285648385
53920.6630119331 17.83039 0.137045665265966
53920.67500125 17.95458 0.154126264851009
53920.6870177201 17.92394 0.158799154283675
53920.6989885535 17.97079 0.169041469122376
53820.7799515395 18.05085 0.17153414936603
53820.7851792245 18.16717 0.222509497872876
53820.7904005439 18.10217 0.229207842711185
53820.7956026389 18.17756 0.193276503488145
54018.4677629747 18.32884 0.184841047007971
54018.4774763078 18.4873 0.199580758330917
54018.4872036457 18.64711 0.216155999691156
54018.4969058681 18.54082 0.206120353147716
54210.7593136689 18.53134 0.149618561687127
54210.7701213656 18.6107 0.154725525728543
54210.7811552313 18.49898 0.147195096553875
54210.7920808795 18.50982 0.147814247637224
54318.5104790395 18.55186 0.167707175734373
54318.5223959261 18.72341 0.185457351359391
54318.5340213659 18.78361 0.228021491775353
54318.5456898613 18.83328 0.236394868665117
54262.6450681134 18.40653 0.206351430671115
54262.6554034605 18.12381 0.179248594786144
54262.6660907871 18.35314 0.199195662330521
54262.6770149303 18.40305 0.203933641793162
54273.6300950345 18.70306 0.213121365093917
54273.6397824419 18.62391 0.204734862906204
54273.6498192825 18.65382 0.207620468675786
54273.6599293865 18.57751 0.200388314607367
54187.7388724998 18.3668 0.205464638057095
54187.7454904631 18.40723 0.207401625341946
54187.7522213889 18.58766 0.226078465322798
54187.7589468864 18.48892 0.214959743218811
54242.7001833681 18.4435 0.146035610832501
54242.7134754284 18.56097 0.15341917205843
54242.7271688891 18.51805 0.150173942909754
54242.7409378126 18.46057 0.14655426891464
54424.4406713077 18.64438 0.273765384355841
54424.4447132406 18.61118 0.305879522506451
54424.4487445254 18.64122 0.3122207585011
54424.4527424766 18.97517 0.377168547487938
54376.4421128474 18.5467 0.207317653322935
54376.4510569327 18.55874 0.209173167476739
54376.4599485879 18.72272 0.227570236407171
54376.4688702199 18.48757 0.203221058982594
54346.5301902777 17.97178 0.114807964891441
54346.5401283795 17.91411 0.111981280699935
54346.5501304975 18.19932 0.12761782717889
54346.5600664121 18.12042 0.121652326474812
54358.5886607291 18.52145 0.163665840549685
54358.5968573378 18.56981 0.169809283359714
54358.6050103125 18.67918 0.177361397871807
54358.613163854 18.59015 0.171041602431266
54703.5007762152 18.4311 0.166133404555911
54703.5093074308 18.50566 0.172077022790675
54703.5178064813 17.95169 0.297256701134327
54652.6681016899 18.4561 0.190363804190783
54652.6771219328 18.37347 0.162658232418371
54652.6864665045 18.39231 0.164946548881957
54675.5640296182 18.39977 0.146086664099838
54675.5752481017 18.31949 0.180388149728852
54675.6407892476 18.59264 0.150355056418748
54632.5977272916 18.78479 0.14067952503717
54632.6064382753 18.69728 0.135950847223865
54632.6152469445 18.69169 0.135519800671099
54632.6250841318 18.75631 0.140440313164641
54591.6718108448 18.399 0.121438571489942
54591.679826435 18.45681 0.124032827817574
54591.6878104283 18.43205 0.122642674538221
54591.6958337616 18.27258 0.11524396437054
54792.4439892128 17.94623 0.156299821325538
54792.4481504859 17.85902 0.151668727805247
54792.4523155672 18.00424 0.16413528873527
54792.4564825116 18.00299 0.167218111624917
54742.4903885881 18.57436 0.155691562560995
54742.4965258567 18.59766 0.158196781029328
54742.5026508565 18.55991 0.1546815439965
54742.5089044562 18.39307 0.144406264302897
54756.4348658912 18.13554 0.158196781029328
54756.4454699998 18.11654 0.157234863132916
54756.4560682058 18.07282 0.154512336850295
54756.4666696411 18.24092 0.166979514021421
54730.4718304863 18.26294 0.132144049860335
54730.4836184373 18.20657 0.128794742289161
54730.4954649536 18.27065 0.132182612394129
54730.5072429515 18.27609 0.132591945157303
54951.6947391435 18.25095 0.170518558538471
54951.7032373843 18.2559 0.165381228738824
54951.7117445368 18.34406 0.173656864624836
54951.7202895486 18.33876 0.175026125268985
55045.5303236689 18.12486 0.128394566269865
55045.5487887152 17.97517 0.121619533968935
55045.559788785 17.89441 0.117982232196479
55045.5708388658 17.94692 0.120312599336183
55060.4641226507 18.19763 0.128238350878702
55060.4711092594 18.22969 0.129681589629806
55060.478333611 18.25111 0.130770656220365
55060.4857056481 18.07385 0.12181428778854
55035.6308803588 18.18272 0.16305717309488
55035.6379603703 18.12357 0.15962670619158
55035.6450421295 18.20305 0.167226358023058
55035.6521579052 18.37465 0.179531227705176
55007.5848228705 18.67707 0.205873677744352
55007.5929040855 18.78263 0.23647078530094
55007.6007240626 19.06009 0.414444368762021
55007.6086513309 18.88792 0.408403716549435
55324.6292843867 18.60863 0.210007189044823
55324.6569183219 18.59492 0.205611587330219
55524.4323725696 18.42989 0.15511698710239
55524.4484114121 18.65132 0.174118716479636
55449.4510028705 18.62988 0.143415217534223
55449.4629992706 18.33378 0.131142819784265
55449.4749961457 18.2569 0.126385011253204
55449.487017338 18.01442 0.112133286864658
55467.4981447687 18.34811 0.145302604669107
55467.5335242478 18.43906 0.152163236586022
55663.731635625 18.17846 0.136625223686214
55663.7691301042 18.35493 0.145720528177377
55695.6659345948 18.21789 0.138353704616845
55695.6779301968 18.25145 0.139649459989634
55695.7018002085 18.35744 0.143386583066372
54703.579458588 18.55688 0.177573425298951
54703.5875301852 18.67193 0.381793766964272
54703.5956098844 18.49925 0.406443625984627
54703.6533621989 18.40264 0.171318629385129
55734.7061941552 18.19397 0.155333164228254
55734.720667743 18.29081 0.17939495473557
55734.7348430556 18.64872 0.244967501031708
55734.7491348147 18.33882 0.233637411659559
55735.76352147 17.8267 0.122426956666117
55735.7777786109 18.00787 0.130646394915003
55735.7919784722 17.95622 0.128975948862388
55735.8062685997 17.97997 0.132631019417163
55769.7004848494 18.42176 0.122133164845481
55769.7104523609 18.27511 0.115872096005391
55769.7204522801 18.264 0.115617478423554
55769.7304721063 18.44466 0.124180583199357
55821.5202762846 17.78911 0.104934871547543
55821.5342993982 17.98284 0.112591056648068
55821.5484604746 17.97664 0.113122100435348
55821.5626675117 17.91075 0.110963889611609
56063.6328251272 18.38748 0.125729766011685
56063.6456022336 18.48313 0.130084601695972
56063.6584965972 18.34114 0.122512540530114
56063.6713395602 18.26049 0.118603016569473
56155.5580820254 18.56785 0.121531428342146
56155.5708138774 18.73704 0.129893954005627
56155.5835721179 18.45944 0.117006990351931
56155.5963287501 18.57803 0.122481392797519
56184.4995738543 18.28247 0.124918873819032
56184.5107549536 18.23555 0.123076123245049
56184.5221560765 18.48364 0.136422765705412
56184.5335006137 18.69182 0.149446176192421
