55821.544197 13.6247 0.056
55892.447527 13.9165 0.060
55892.440278 13.8744 0.059
55769.727614 13.9818 0.057
55769.737597 13.9654 0.057
55769.717584 13.985 0.057
55892.432999 13.8716 0.059
55821.558410 13.6143 0.056
55821.572607 13.638 0.057
55821.530050 13.6076 0.056
56152.516654 13.8361 0.056
56152.528568 13.8548 0.056
56063.677080 13.815 0.057
56129.667775 13.7692 0.056
56129.690951 13.6724 0.056
56129.679261 13.7019 0.056
56129.656437 13.8217 0.056
56389.756722 13.8131 0.060
56152.551375 13.8938 0.056
56389.747932 13.8217 0.060
56152.540010 13.8844 0.056
56389.739001 13.8745 0.061
56181.501656 13.7357 0.055
56181.491711 13.7002 0.055
56181.511541 13.7485 0.055
56181.481586 13.7067 0.055
55362.769219 13.9713 0.058
55424.491329 13.6028 0.058
55324.689465 13.6348 0.061
55394.641501 13.9663 0.060
55449.500226 13.9702 0.060
55362.808471 13.937 0.058
55394.604563 13.9363 0.060
55424.462327 13.6608 0.058
55324.666060 13.6645 0.062
55084.529084 13.7369 0.061
55084.511377 13.7048 0.060
55155.445364 13.9479 0.061
55084.537889 13.7675 0.061
55155.451723 13.9274 0.061
55155.432578 13.9663 0.061
55084.520157 13.717 0.061
55155.438934 13.9557 0.061
55013.667916 13.5994 0.060
55664.711804 13.7403 0.059
55449.509558 13.9552 0.060
55449.518974 13.9228 0.060
55449.528397 13.8748 0.059
55468.451499 13.6925 0.056
55468.476946 13.7556 0.056
55664.720030 13.6902 0.058
55664.728614 13.6654 0.058
55664.737021 13.6421 0.058
55696.732746 13.8301 0.059
55696.720298 13.7962 0.059
55744.564439 13.9498 0.060
55744.551230 13.9286 0.060
55744.577742 13.9514 0.060
55769.707579 13.9739 0.057
55696.758507 13.9012 0.059
55744.538306 13.9064 0.060
56421.717296 13.6096 0.056
56451.774266 13.5756 0.055
56421.707522 13.5963 0.056
56389.765532 13.7337 0.060
56421.697898 13.6113 0.056
56421.688288 13.6162 0.056
56451.787192 13.5868 0.056
56451.761298 13.5889 0.056
56451.800216 13.5906 0.056
56019.747713 13.6822 0.056
56063.651336 13.7379 0.056
56019.768881 13.6674 0.056
56063.638503 13.695 0.056
56063.664230 13.7793 0.057
56019.737198 13.6545 0.056
56019.758270 13.6754 0.056
55892.454731 13.9058 0.060
53860.782504 13.5482 0.054
53924.539384 13.6479 0.059
53883.684943 13.7865 0.056
53924.549253 13.6795 0.059
53924.559151 13.7076 0.059
53883.670980 13.8457 0.057
53860.798152 13.5698 0.054
53883.643136 13.8912 0.057
53883.657062 13.9043 0.057
53860.813588 13.5947 0.054
53580.660611 13.8183 0.061
53580.682466 13.8283 0.061
53580.693382 13.8562 0.062
53561.681648 13.7245 0.056
53580.671551 13.813 0.061
53561.669717 13.7385 0.056
53561.657707 13.838 0.057
53561.645630 13.8355 0.057
53701.429065 13.8442 0.065
53701.441898 13.7983 0.065
53701.448317 13.75 0.064
53832.774294 13.6088 0.060
53832.751067 13.6903 0.060
53860.767280 13.5338 0.054
53832.758808 13.6384 0.060
53830.781473 14.1629 0.107
53830.774669 13.6649 0.060
53701.435478 13.8448 0.065
53832.766483 13.6379 0.060
54187.785637 13.6022 0.063
54215.742154 13.6145 0.060
54215.730131 13.5818 0.060
54059.426254 13.8833 0.066
54215.736145 13.6069 0.060
54187.793646 13.5656 0.062
54187.769583 13.5804 0.063
54187.777607 13.5661 0.063
54059.432891 13.8513 0.065
54215.724119 13.5814 0.060
53618.576715 13.883 0.063
53651.511784 13.8984 0.068
53651.502752 13.9073 0.068
53635.420574 13.6245 0.059
53618.588520 13.8854 0.063
53635.458681 13.7375 0.060
53651.493733 13.911 0.068
53651.520783 13.8534 0.068
53635.433629 13.6514 0.059
53635.446322 13.6996 0.060
53618.564869 13.9054 0.063
53606.570512 13.8956 0.060
53606.612407 13.7145 0.058
53606.584496 13.8516 0.059
53594.619225 13.601 0.060
53594.638114 13.5485 0.060
53618.553186 13.8717 0.063
53594.628732 13.5741 0.060
53606.598453 13.8023 0.059
53594.609779 13.6459 0.060
54059.411296 13.8301 0.065
53947.594052 13.8304 0.060
54018.543583 13.656 0.062
53924.569067 13.7566 0.060
53947.564622 13.7197 0.059
53947.550205 13.6804 0.059
54018.523598 13.7016 0.063
54018.513604 13.7677 0.063
54018.533572 13.6808 0.063
53947.579949 13.7596 0.059
54059.418856 13.8329 0.065
54652.692468 13.8099 0.190
54652.664890 13.3865 0.134
54675.681444 13.5936 0.060
54703.583037 13.8069 0.061
54703.504655 13.9186 0.061
54675.662708 13.6421 0.060
54652.683326 13.5751 0.059
54675.653342 13.6716 0.060
54675.672055 13.6116 0.060
54652.673945 13.6262 0.059
54349.478822 13.5895 0.059
54273.658054 13.6791 0.062
54316.595690 13.6242 0.065
54349.457084 13.5537 0.056
54273.647991 13.7293 0.062
54349.468328 13.5633 0.056
54316.583297 13.6054 0.063
54316.589467 13.628 0.063
54316.577176 13.6036 0.062
54703.513210 13.9529 0.078
54729.521238 13.5662 0.060
54729.511900 13.5696 0.060
54729.502551 13.5744 0.060
54757.467575 13.5334 0.060
54703.599195 13.365 0.064
54703.591123 13.8111 0.070
54703.656949 13.5612 0.059
54703.521476 14.2428 0.140
54729.493128 13.5788 0.060
54363.432040 13.9284 0.064
54389.510488 13.6754 0.063
54376.489998 13.876 0.066
54376.507948 13.9293 0.068
54363.448714 13.9443 0.064
54363.440314 13.9337 0.064
54376.481059 13.8676 0.064
54363.424003 13.9152 0.064
54349.489139 13.5694 0.056
54376.499018 13.89 0.066
54389.502857 13.6173 0.062
54757.477762 13.5361 0.060
55013.632972 13.5896 0.060
54951.716817 13.5385 0.060
54951.708295 13.549 0.060
55013.656699 13.5722 0.060
54757.487930 13.5494 0.060
54757.498072 13.569 0.060
54951.699796 13.5972 0.060
55013.644111 13.5859 0.060
54951.725462 13.5435 0.059
54593.727796 13.7342 0.056
54389.525803 13.7043 0.063
54593.771181 13.8663 0.056
54390.519000 13.5885 0.057
54593.756361 13.836 0.056
54389.518141 13.6861 0.063
54390.532174 13.6075 0.057
54593.741834 13.7952 0.056
54390.505806 13.5917 0.057
54390.492593 13.5944 0.057
54242.774622 13.8789 0.059
54262.667950 13.8001 0.065
54273.637917 13.7872 0.063
54273.628250 13.8352 0.063
54242.789996 13.8865 0.059
54262.678882 13.7357 0.064
54262.646820 13.8852 0.066
54242.805413 13.9272 0.060
54242.759566 13.8219 0.059
54262.657247 13.8496 0.065
