53588.4636343521 15.026313 0.0731217226120029
53588.4719159257 15.033211 0.0733131860857298
53588.4800877546 15.060059 0.073791714049575
53588.4882465856 14.991958 0.0727221340394381
53599.4704262383 14.916881 0.0823819809082428
53599.4790617592 14.98831 0.0841195282952807
53599.487803403 14.952754 0.0835646862010411
53599.4961477892 14.971377 0.0842580590631997
53606.3784904285 14.978202 0.0666941307514708
53606.388276597 14.975161 0.066680549348258
53606.3980995603 14.272613 0.0602582977533686
53606.4079039931 14.5975 0.0629084513979958
53556.5160548498 15.082905 0.085263579024277
53556.5224048613 15.080615 0.0852184670576937
53556.5287797453 15.075032 0.0851934131996423
53556.5351105441 15.07975 0.0853471845525081
53576.5334060649 15.011396 0.0793493723732887
53576.5399404629 15.028125 0.0797671339266735
53576.5464862036 14.962089 0.0786738611330469
53627.385931007 15.127165 0.0744993125786737
53627.3958509489 15.146679 0.0748487091188251
53627.4057530904 15.075123 0.0740132303935857
53627.415693947 15.087734 0.0743122441487616
53831.6947388772 15.053344 0.0788478539947535
53831.7045330207 15.066456 0.0790809861163903
53831.7142366433 15.030746 0.0784143588262892
53831.7240577547 15.040906 0.0786017089169508
53851.5710938196 14.976704 0.0620890793549404
53851.5839404976 15.011516 0.0623345657785971
53851.5973976623 14.985953 0.0621005973489832
53851.6110096877 14.971941 0.0619770780828483
53956.4526697571 15.048281 0.0838282295454631
53956.4616521529 15.060872 0.0841972886386137
53956.4706290045 15.019521 0.0834441704765807
53956.4796031827 15.010168 0.0833757048806266
53967.4385907409 14.979499 0.0822598976787819
53967.4471238197 14.980187 0.0823564896544649
53967.4556231021 14.936249 0.0816228141148782
53967.4641745832 14.927226 0.0815689045092278
53772.7413453587 15.033114 0.0851471274063139
53772.7529346414 14.977694 0.08363615658841
53772.764453449 15.041357 0.0849456234598752
53772.775678646 15.044925 0.0848497401218104
53928.4612959839 14.97293 0.0811348738219906
53928.4698136227 15.00995 0.0821587368753666
53928.478330081 14.982624 0.0815706980070629
53928.4868185186 14.977437 0.0814667158750979
53946.486348345 15.001167 0.0742328679236504
53946.4983106018 15.00698 0.0744479971413732
53946.5103006479 15.03105 0.074908386517115
53946.5222355905 14.867935 0.072458664849668
53892.4950610187 15.074342 0.0802137049537077
53892.5047828706 15.107787 0.0808142094174613
53892.5137743057 15.057576 0.0798955238482147
53892.5224106136 15.044835 0.0796793637884536
53900.6314688308 14.993841 0.0816863457848527
53900.6404503008 14.900932 0.0798222235740962
53900.6494408335 14.98553 0.0817240283112492
53900.6584391665 15.029835 0.082786598068606
53913.533253831 14.938891 0.0800958600457423
53913.5417508797 14.946701 0.080369912502989
53913.5502632872 14.965832 0.0808101454133338
53913.5587811225 14.984493 0.0812355881586109
53806.7071954745 15.081261 0.079459220773463
53806.7154557176 15.021076 0.0782588526697815
53806.7234779631 15.129833 0.0804582881260033
53806.7309156714 15.110193 0.0800147108328249
53820.6588905208 15.032979 0.0777485978005937
53820.670168148 14.977374 0.0766528515872402
53820.6812438887 15.030779 0.0790184633127066
53820.6919501505 14.973711 0.136549663669494
53872.646260787 15.083655 0.0803725330371255
53872.6549425117 15.075542 0.0802402570569765
53872.6636870025 15.036129 0.0795252275988626
53872.6723096181 15.075315 0.0804161608861268
53877.6377673377 15.017824 0.0711605041012595
53877.649714815 15.046417 0.0716392159314812
53877.6616750462 14.993917 0.0708586467460419
53877.6737473034 15.10501 0.0726018761043391
53884.646341979 14.998521 0.0714336317990892
53884.6566537037 14.994827 0.0714165477018775
53884.6669884492 15.067931 0.0726455839491979
53884.6794970371 15.070471 0.0726851894287182
53885.5800588424 15.078408 0.0725564054260418
53885.591011609 15.086854 0.0727487280668099
53885.6019751043 15.062409 0.0724042183019889
53885.6129550925 15.055202 0.0723497581319785
53982.3939923147 15.034897 0.0831300087460726
53982.4024441318 15.006271 0.0826104650845239
53982.4109063774 14.995111 0.0824396083083536
53982.4193884145 14.997259 0.0825394027640253
53997.4002141321 14.988875 0.0844953128654758
53997.405368148 14.994726 0.0849392404676158
53997.4105096643 15.012299 0.0856863536425995
53997.4156540741 14.94116 0.0842185309944014
54202.5907473611 14.982271 0.0766731095597704
54202.6033098726 15.015708 0.0771017718150375
54202.6161576966 15.044524 0.0773295119134192
54202.6297270833 14.912064 0.0749502160915899
54212.567817905 15.044131 0.0772037021423491
54212.5770642012 15.025867 0.0768551083218992
54212.5862464933 15.033892 0.0769318867903126
54212.5954754399 15.012108 0.0766182071945389
54318.4307604861 14.978837 0.0740742069674682
54318.4389275811 14.972456 0.0738524984787718
54318.4470581017 14.940058 0.0734292796205571
54318.4552050578 14.948129 0.0735395179960247
54129.7355727429 14.97999 0.0848665074084461
54129.7445192707 15.0236 0.0857468368921732
54129.7534794446 14.970353 0.0843448821282414
54129.7624875462 14.995857 0.0848239437695258
54291.5284726272 14.860383 0.0797042014873675
54291.5370536225 14.957929 0.0818274733011008
54291.5456016321 14.842492 0.0798256749311394
54291.554155891 14.949883 0.0821370219893897
54261.4994518287 15.037874 0.0789542076998708
54261.5106619676 15.025809 0.0781249934478189
54261.522093067 15.036962 0.0793219096387181
54261.5329640857 15.033259 0.0792866902953249
54266.613126794 15.03132 0.0832657069436585
54266.6227910534 14.932173 0.0812369871576351
54266.6322282177 14.923348 0.0811404299636018
54266.6418438541 15.009444 0.0831207684286083
54274.5025815858 15.006596 0.0823139803091768
54172.7191528357 15.104563 0.0792326990638053
54172.7262560069 15.08888 0.0789911362342552
54172.7338049072 15.099052 0.0793427284447137
54172.754900625 15.069158 0.0787062246549288
54190.6036356712 14.979451 0.084860614444375
54190.6121442129 14.759924 0.0803058982884001
54190.620722315 15.025183 0.0855082330066717
54190.6293143171 14.973112 0.0842589299091958
54231.6577969675 15.072175 0.0876911249606154
54231.6685177546 15.005638 0.0865659889120599
54231.6795208335 15.079347 0.0879983099287627
54231.6903879053 15.039796 0.0876133462915332
54236.602714352 15.070714 0.0885300274942444
54236.6117453702 15.084283 0.0888678284464485
54236.6207694445 15.087315 0.0888344337090187
54236.6297932869 15.084012 0.0887608564798558
54246.5461512615 15.067755 0.0875505303466477
54246.5551826159 15.057923 0.0873411494128219
54246.5639411688 15.048303 0.0870756684972629
54246.5725295718 15.037021 0.0868678226949542
54345.4114118517 15.049654 0.0811341805277078
54347.4155748612 15.063963 0.0761901726088378
54347.4237635997 15.1064 0.106809558886684
54347.4319450464 15.101004 0.092363228538201
54347.4401157294 15.004113 0.129737002451975
54586.6586722567 14.563027 0.170193315607745
54586.6852974769 14.932888 0.100334515587172
54586.7119412267 14.933174 0.0972690924011184
54707.3980500577 15.104278 0.0882413721996434
54707.4045803933 15.120161 0.0876155162544611
54707.4176447801 15.077359 0.0749951132950678
54492.7010453471 14.9553 0.0879278758022717
54492.7066390856 14.96686 0.0871413556115468
54492.7123013308 15.02613 0.0883279396547754
54492.7179566437 15.023194 0.0880629169259436
54675.489748206 15.048211 0.0714015159091336
54675.5006803358 15.080355 0.0741897574409781
54675.5116215972 15.040492 0.0716043148134648
54675.5225743288 15.042763 0.0717430638985027
54643.5492053819 15.072657 0.0706683003374484
54643.5602031364 15.057053 0.070502173386138
54643.5711051738 15.046021 0.0704022137980285
54643.5819947105 15.045106 0.0704402965571975
54596.6491380786 15.003039 0.069086530072339
54596.6600438193 14.988028 0.0690072601058735
54596.6709896182 14.993916 0.0690848685047434
54596.6820845949 15.007968 0.0692873540886304
54616.6223712615 15.045341 0.0698017883616681
54616.6277845488 15.056186 0.0700117932642919
54616.6331704049 15.065546 0.0701147412027416
54616.6385598495 15.046365 0.0699028550842929
54928.6010613541 15.035904 0.0655004055078208
54928.6103803354 15.095016 0.0660815550508319
54928.6199112615 15.016733 0.0652401866217736
54928.6294660183 15.017274 0.0651840467991259
54940.7298587154 14.994091 0.0671685510050515
54940.7431301734 15.000739 0.0671222533524993
54940.7562959491 15.02702 0.0675126773728832
54940.7693508564 15.014489 0.0675039605300062
54947.6532129512 14.936307 0.0769898086967228
54947.6627520832 14.951544 0.0773892060429748
54947.6721070834 14.946436 0.0773379485399192
54947.6814080092 14.972641 0.0777987561574071
55045.4391703123 14.969737 0.0793962885734587
55045.4461865394 14.963196 0.079311363238832
55045.4532184141 14.965783 0.0793372935246803
55045.4602598843 14.97827 0.0796008255432226
54869.7569812383 15.046926 0.0718102758801363
54869.761306169 15.041807 0.0712694642751621
54869.7646907871 15.034082 0.0711813461740199
54869.7681701966 15.017342 0.0708867171007918
54993.6110854515 15.036135 0.0684858676227206
54993.622283229 15.016001 0.0683377306401738
54993.6335345831 15.025841 0.0684774338386283
54993.6446653356 14.993903 0.068214148943018
55011.4407395834 14.970109 0.0820304535912203
55011.4472380901 14.955593 0.0817381880576972
55011.4536641437 14.966115 0.0821097423802693
55011.4600829167 14.991127 0.0829158231715336
54908.7315783912 14.998546 0.0792933044273469
54908.7403345021 14.988619 0.0790284689024429
54908.7489964121 15.034097 0.0801546478200973
54908.757654722 15.007611 0.0795325828401438
54919.7821938891 15.01775 0.0810166752101208
54919.7913849886 15.058322 0.0789392916678538
54919.8006379978 15.026573 0.0783601635636027
54919.8099389353 15.09984 0.0812941354262283
54955.5529884142 15.031378 0.0722106932333073
54955.5649010185 15.066806 0.0727354219996557
54955.5767707988 15.07058 0.0726913099500733
54955.5886173146 15.066887 0.0726399871483255
54957.5432252893 14.973804 0.0632931037316292
54957.5576655441 14.957358 0.06307978574136
54957.571885868 14.947999 0.0629174379614937
54957.5860880325 14.938585 0.0627703109207876
54964.7026898841 15.000874 0.0681756563622832
54964.7133237383 14.98895 0.0680826835698947
54979.6153654863 15.007705 0.0831839690619891
54979.6239949769 14.959025 0.0834532155879801
54979.632755845 14.982415 0.079742172349613
54979.6415440279 14.985525 0.0797322024099991
55302.7033939354 15.077961 0.0676085859735031
55413.4049999421 15.062437 0.073909907423929
55413.4176382986 15.021929 0.0734168083688921
55247.740849734 15.017729 0.0858041867506698
55216.7195197453 15.094947 0.0842589299091958
55216.7447716321 15.079384 0.0832130494525491
55395.4793285301 15.054542 0.0818399103732099
55395.5043944099 15.079949 0.0826178254558399
55400.486990162 15.120956 0.0707047359154624
55400.5240024536 15.12469 0.0709735246510092
55354.6065391434 14.986074 0.0838252735951907
55354.6471374768 15.023826 0.0847607775828394
55365.6268135994 15.048224 0.0737028579389274
55365.6485965741 15.01626 0.0734328456800152
55274.6856130554 15.027579 0.0830087538264352
55320.5753994674 14.993494 0.0833409833813196
55320.6042602082 15.004512 0.0834717333107557
55325.6876777201 14.995954 0.073837452842053
55325.7180016898 14.967105 0.0737301866665086
55445.3830452431 15.054683 0.0750858954542009
55445.4011966321 15.035522 0.0745695872394346
55655.7042834261 15.051329 0.0743126332191362
55655.7470309143 15.061748 0.0746136973289337
55686.6243783565 14.952651 0.0672074545971374
55686.6674183219 14.977226 0.0675255900553252
55325.7309650346 14.975066 0.0740139863899092
55325.7618493172 14.992018 0.0746435426030547
55745.5424645486 14.980129 0.0687732984347129
55745.5524527778 14.9801 0.0688071709011798
55745.5624212151 14.916833 0.0680704674923112
55745.5723354862 14.966728 0.0688487147717577
55767.5044596646 15.020462 0.0696491366509885
55767.5100613887 15.022216 0.0706131962829813
55767.515722141 14.933378 0.080245444550625
55767.5213655325 15.034375 0.0733497304139361
55798.3898651041 15.09591 0.07147851920621
55798.4063570602 15.115781 0.0718267377381239
55798.4228357058 15.081791 0.071409172709735
55798.4393243054 15.114552 0.0720835612790619
56090.5940469791 15.074958 0.0709130958901518
56090.6046777082 15.06669 0.0735047931746963
56090.6153749999 15.050989 0.0762581415734645
56090.6261573609 15.042504 0.0761913290228045
56124.4684410415 15.026256 0.0667358453706679
56124.4796966783 15.008262 0.0665592084796476
56124.4910576505 15.025592 0.0667814239162297
56124.5023999767 15.04068 0.0669532878744055
56173.4285879166 14.984217 0.0651999920379028
56173.441770139 14.986321 0.0661732343954849
56173.4540747687 14.999692 0.0662159062928322
56173.4667290741 14.994229 0.0665180965336404
56366.6714363887 15.009861 0.0776773097875924
56366.7032926042 15.031434 0.0780563109216914
56366.7134257524 15.005562 0.0777187105938593
56366.7228366436 15.018509 0.0779596799570884
56395.5989318173 15.092769 0.0706716307695817
56395.6096378937 15.075283 0.072783910947212
56395.6200299654 15.099069 0.0702013453340204
56395.6312023844 15.087321 0.0698839589981963
56406.6538209723 14.9913 0.065479828508853
56406.6638275002 14.933358 0.0648571001509195
56406.6737300808 14.953768 0.065139369061005
56406.683931053 14.96702 0.0652918035767252
56416.5963671757 14.981249 0.070182291830052
56416.6067528818 14.956607 0.0714059932429098
56416.6170253819 14.976349 0.0683726562230303
56416.6273241551 14.992942 0.068399790233935
56429.6856702082 15.041535 0.0616592316352765
56429.6970172916 15.131241 0.0625273299964354
56429.7084506019 15.109275 0.0623697235791724
56429.719754051 15.117441 0.0624998000294902
56431.4551133216 15.003326 0.0617418686311945
56431.4607726853 15.008799 0.0617138979880099
56431.4664200116 15.018001 0.0617636904972111
56431.4720639815 14.993945 0.0616992227086562
56451.6330660534 15.056818 0.0669330767738843
56451.6437443517 15.038401 0.0668016348959576
56451.6545659489 15.034414 0.0668528648562048
56451.6652487729 15.027874 0.0668791994307581
56476.5178320715 15.042346 0.0690907406552163
56476.527376655 15.061499 0.0693661478195775
56476.5369842015 15.057406 0.0693822026592445
56476.5465179053 15.043795 0.0692546183570734
