53708.684260 17.0506 0.175
53708.692788 17.1731 0.184
53708.701418 17.1734 0.183
53708.710235 17.1736 0.183
53724.657599 17.2377 0.153
53724.669685 17.3018 0.157
53724.681766 17.1753 0.148
53724.693893 17.2044 0.149
53693.712433 17.3474 0.203
53693.718884 17.2358 0.191
53693.725347 17.0986 0.179
53693.731804 17.3549 0.201
53850.489704 17.2581 0.105
53850.500362 17.3292 0.110
53850.511014 17.3984 0.106
53850.521822 17.4193 0.107
54084.634373 17.3365 0.172
54084.642720 17.7534 0.201
54084.651077 17.5299 0.179
54084.659427 17.6189 0.186
53758.655651 17.4707 0.214
53758.668430 17.3955 0.213
53758.680579 17.5983 0.226
53758.692484 17.6311 0.232
53923.402140 17.2662 0.148
53923.408685 17.3794 0.156
53923.415235 17.2395 0.147
53892.419904 17.0946 0.154
53892.429845 16.9317 0.143
53892.439722 17.0765 0.152
53892.449580 17.1724 0.159
53812.694873 17.7711 0.171
53812.703560 17.6424 0.162
53812.712260 17.4236 0.148
53812.720930 17.4926 0.153
53821.597427 17.274 0.162
53821.605941 17.308 0.165
53821.614447 17.2843 0.163
53821.622920 17.1969 0.157
53858.484956 17.3769 0.172
53858.495217 17.3205 0.168
53858.505458 17.3166 0.168
53858.515730 17.2717 0.165
53874.478782 17.2474 0.165
53874.484330 17.1673 0.161
53874.489863 17.215 0.221
53874.495411 17.1357 0.237
53879.425827 17.1092 0.127
53879.436642 17.1683 0.130
53879.447492 17.1375 0.129
53879.458368 17.1421 0.129
53886.400434 17.2209 0.134
53886.411330 17.227 0.135
53886.422207 17.1473 0.131
53886.433098 17.2182 0.135
54196.534000 17.1304 0.181
54196.544174 17.1558 0.185
54196.554330 17.1603 0.186
54196.564535 17.3207 0.201
54207.481730 17.3063 0.194
54207.490205 17.3389 0.197
54207.498699 17.2078 0.185
54207.507176 17.1056 0.176
54138.708293 17.272 0.191
54138.713464 17.3332 0.197
54138.718625 17.1431 0.181
54138.723774 17.1481 0.182
54153.583982 17.1508 0.148
54153.598324 17.1915 0.151
54153.612279 17.1496 0.147
54153.626069 17.1485 0.147
54114.708119 17.4074 0.212
54114.713892 17.3246 0.204
54131.621576 17.325 0.196
54131.631601 17.2351 0.188
54131.641232 17.3993 0.203
54131.651020 17.2497 0.189
54291.387132 17.4284 0.195
54291.392234 17.3718 0.191
54291.397337 17.3302 0.187
54291.402432 17.3535 0.190
54169.614903 17.372 0.196
54169.623413 17.602 0.220
54169.631938 17.1802 0.179
54169.640494 17.418 0.201
54186.554825 17.2779 0.188
54186.565449 17.102 0.173
54186.576123 17.2998 0.191
54186.586758 17.2994 0.191
54228.441644 17.1923 0.201
54228.449874 17.0014 0.172
54228.458088 17.0681 0.189
54228.466293 17.2532 0.315
54236.470047 17.3941 0.210
54236.476440 17.4646 0.218
54236.482845 17.4665 0.224
54236.489260 17.642 0.242
54247.457832 16.9804 0.170
54247.470660 16.8321 0.159
54247.483496 17.3049 0.200
54247.496467 17.0598 0.179
54424.695376 17.0603 0.176
54424.704484 17.1397 0.181
54424.713659 17.0687 0.174
54424.722877 17.2746 0.190
54809.659743 17.1581 0.170
54809.667311 17.1911 0.167
54809.674873 17.1384 0.163
54809.682438 17.2375 0.170
54501.657113 17.0856 0.154
54501.669067 17.225 0.179
54501.679911 16.82 0.215
54511.660957 17.6839 0.152
54511.675979 17.6822 0.152
54511.690904 17.6965 0.153
54511.705789 17.4247 0.137
54521.605613 17.0733 0.140
54521.616642 16.9856 0.135
54521.627654 17.0095 0.136
54521.638568 17.1945 0.145
54472.700510 17.1286 0.145
54472.711100 17.2252 0.151
54472.721986 17.1752 0.149
54472.732211 17.3014 0.177
54528.588234 17.1661 0.125
54528.601894 17.2724 0.130
54528.615788 17.0276 0.118
54528.628980 17.2623 0.130
54535.574983 17.1983 0.174
54535.583607 17.2472 0.178
54535.592173 17.1589 0.171
54535.600724 17.2029 0.175
54588.522395 17.1329 0.125
54588.532222 17.0715 0.122
54588.542044 17.0981 0.124
54588.551820 17.1161 0.125
54598.429898 17.5859 0.176
54598.439077 17.6072 0.178
54598.448158 17.4997 0.170
54598.457323 17.56 0.175
54617.466600 17.3155 0.131
54617.473163 17.2699 0.128
54617.479643 17.1969 0.125
54617.486175 17.2976 0.130
54936.511258 17.1657 0.152
54936.520690 16.9948 0.142
54936.530117 17.2131 0.156
54936.539536 17.1585 0.152
54947.466190 17.5904 0.190
54947.477208 17.55 0.196
54947.488293 17.4913 0.260
54948.482632 17.2091 0.158
54948.488492 17.2428 0.161
54948.494478 17.2331 0.190
54948.500390 17.1591 0.155
54866.539682 17.2985 0.140
54866.548296 17.2253 0.136
54866.556970 17.1247 0.129
54866.565737 17.2833 0.137
54882.627114 17.2279 0.136
54882.640125 17.1706 0.133
54882.653013 17.0997 0.129
54882.666007 17.1522 0.132
55032.387813 17.3751 0.184
55032.391584 17.4528 0.192
55032.395354 17.7197 0.219
55032.399121 17.7167 0.219
54999.444350 17.1895 0.141
54999.457354 17.095 0.137
54999.470316 16.952 0.132
54999.483202 17.1999 0.152
54894.711323 17.2697 0.138
54894.722101 17.209 0.136
54894.732819 17.2214 0.137
54894.743622 17.26 0.140
54905.602208 17.1117 0.193
54905.612918 17.3194 0.213
54905.623632 17.1949 0.201
54905.634371 17.1733 0.199
54913.641096 17.1747 0.117
54913.646284 17.1543 0.116
54913.651495 17.2923 0.122
54913.656713 17.1358 0.116
54919.562379 17.0471 0.144
54919.570838 16.9895 0.141
54919.579268 17.0984 0.148
54919.587704 17.1789 0.154
54963.425822 17.1508 0.131
54963.436563 17.1385 0.131
54963.447299 17.2312 0.136
54963.458025 17.2436 0.137
54978.444934 17.5908 0.330
54978.453373 17.3596 0.182
54978.515032 17.1365 0.166
54978.523583 17.2565 0.175
55294.573701 17.3745 0.151
55302.565840 17.2778 0.117
55246.662199 17.5055 0.117
55253.601102 17.4682 0.157
55208.711575 17.3827 0.145
55208.736956 17.3937 0.145
55385.372653 17.2092 0.171
55385.393441 17.1583 0.170
55268.613395 17.1808 0.124
55325.497136 17.4152 0.154
55325.534362 17.75 0.181
55654.419451 17.312 0.127
55654.437304 17.2469 0.123
55603.551609 17.3487 0.150
55603.590596 17.4315 0.171
55615.626083 17.4046 0.150
55615.669101 17.263 0.141
55562.719128 17.1363 0.119
55564.665862 17.6584 0.170
55564.703285 17.7336 0.199
55648.600835 17.2657 0.124
55648.643280 17.3786 0.133
55682.433144 17.7559 0.154
55682.461844 17.6247 0.144
55708.392131 17.3327 0.126
55708.402655 17.2689 0.123
55708.413383 17.2668 0.123
55708.423964 17.3114 0.126
53741.640200 17.3691 0.130
53741.655749 17.3876 0.131
53741.687419 17.5126 0.171
55741.403845 17.0102 0.116
55741.414327 17.3262 0.132
55741.424859 17.3506 0.134
55741.435492 17.2366 0.130
56061.397630 17.6027 0.112
56061.410743 17.7673 0.119
56061.423902 17.8188 0.122
56061.437019 17.8652 0.124
56266.670988 17.1641 0.126
56266.682169 17.3269 0.134
56266.691834 17.3012 0.132
56266.701533 17.235 0.128
56297.710134 17.2899 0.156
56297.718590 17.2167 0.152
56297.727642 17.5822 0.178
56297.736216 17.2828 0.156
56357.646707 17.268 0.129
56357.658764 17.2879 0.130
56357.670822 17.1619 0.124
56357.682656 17.2653 0.130
56384.565873 17.7079 0.151
56384.580045 17.8972 0.164
56384.594387 17.7334 0.153
56384.608886 17.8373 0.161
56400.503031 17.2207 0.109
56400.517385 17.2825 0.111
56400.531658 17.1993 0.108
56400.545882 17.2003 0.109
56402.559563 17.5242 0.123
56402.570205 17.7557 0.136
56402.580931 17.7358 0.135
56402.591641 17.7187 0.134
56418.458479 17.3529 0.099
56418.467845 17.3101 0.098
56418.477229 17.2746 0.097
56418.486654 17.257 0.097
56461.373404 17.3034 0.115
56461.384675 17.3402 0.117
56461.395960 17.2991 0.115
56461.407302 17.3784 0.119
