53693.712433 10.4346 0.051
53693.718884 10.4285 0.051
53693.725347 10.4324 0.051
53693.731804 10.4408 0.051
53708.684260 10.7626 0.051
53708.692788 10.7818 0.051
53708.701418 10.7803 0.051
53708.710235 10.7743 0.051
53724.657599 11.1094 0.051
53724.669685 11.1347 0.051
53724.681766 11.1289 0.051
53724.693893 11.1324 0.051
53741.640200 11.6079 0.051
53741.655749 11.6159 0.051
53741.671371 11.6176 0.051
53741.687419 11.6301 0.052
53758.655651 12.0948 0.054
53758.668430 12.0909 0.054
53758.680579 12.1173 0.054
53758.692484 12.0881 0.054
53812.694873 12.7651 0.054
53812.703560 12.7507 0.054
53812.712260 12.8134 0.054
53812.720930 12.7803 0.054
53821.597427 12.5555 0.054
53821.605941 12.5629 0.054
53821.614447 12.5746 0.055
53821.622920 12.5663 0.055
53850.489704 11.9781 0.051
53850.500362 11.9833 0.051
53850.511014 11.9857 0.051
53850.521822 11.9682 0.051
53858.484956 11.7562 0.052
53858.495217 11.753 0.052
53858.505458 11.75 0.052
53858.515730 11.7495 0.052
53874.478782 10.9429 0.051
53874.484330 10.9338 0.051
53874.489863 10.8885 0.052
53874.495411 10.9337 0.052
53892.429845 10.2575 0.050
53892.449580 10.2661 0.050
53923.408685 10.2704 0.050
53923.415235 10.2723 0.050
53923.421774 10.2631 0.050
54084.634373 12.7178 0.055
54084.642720 12.737 0.055
54084.651077 12.7457 0.055
54084.659427 12.7369 0.055
54131.621576 10.8593 0.051
54131.631601 10.8654 0.051
54131.641232 10.8623 0.051
54131.651020 10.8602 0.051
54138.708293 10.8727 0.051
54138.713464 10.8708 0.051
54138.718625 10.8702 0.051
54138.723774 10.8779 0.051
54153.598324 10.7805 0.051
54153.612279 10.7939 0.051
54153.626069 10.7772 0.051
54169.614903 10.7494 0.051
54169.623413 10.7491 0.051
54169.631938 10.725 0.051
54169.640494 10.738 0.051
54186.554825 10.8993 0.051
54186.565449 10.9022 0.051
54186.576123 10.9012 0.051
54186.586758 10.8806 0.051
54196.534000 11.0947 0.052
54196.544174 11.0839 0.052
54196.554330 11.0776 0.052
54196.564535 11.0748 0.052
54207.481730 11.3508 0.052
54207.490205 11.3573 0.052
54207.498699 11.3566 0.052
54207.507176 11.362 0.052
54228.441644 12.0263 0.054
54228.449874 12.014 0.054
54228.458088 12.0541 0.055
54228.466293 12.0333 0.058
54236.470047 12.233 0.055
54236.476440 12.2315 0.055
54236.482845 12.2079 0.055
54236.489260 12.2335 0.055
54247.457832 12.5108 0.056
54247.470660 12.534 0.056
54247.483496 12.4864 0.056
54247.496467 12.4827 0.056
54291.387132 13.2362 0.059
54291.392234 13.2538 0.059
54291.397337 13.2263 0.059
54291.402432 13.2162 0.059
54424.695376 10.7918 0.051
54424.704484 10.8005 0.051
54424.713659 10.7867 0.051
54424.722877 10.8031 0.051
54472.700510 11.6984 0.052
54472.711100 11.6911 0.052
54472.721986 11.6961 0.052
54472.732211 11.6591 0.052
54501.657113 12.4142 0.054
54501.669067 12.4328 0.055
54501.679911 12.3983 0.059
54511.660957 12.5832 0.053
54511.675979 12.5691 0.053
54511.690904 12.5852 0.053
54511.705789 12.576 0.053
54521.605613 12.7524 0.055
54521.616642 12.7602 0.055
54521.627654 12.7589 0.055
54521.638568 12.7631 0.055
54528.588234 12.8154 0.054
54528.601894 12.8218 0.054
54528.615788 12.8138 0.054
54528.628980 12.8253 0.054
54535.574983 12.871 0.057
54535.583607 12.8825 0.057
54535.592173 12.8607 0.057
54535.600724 12.8734 0.057
54588.522395 11.8779 0.052
54588.532222 11.8868 0.052
54588.542044 11.8672 0.052
54588.551820 11.8631 0.052
54598.429898 11.3264 0.051
54598.439077 11.3373 0.051
54598.448158 11.3171 0.051
54598.457323 11.3432 0.051
54809.659743 12.2846 0.054
54809.667311 12.3378 0.054
54809.674873 12.3213 0.054
54809.682438 12.3282 0.054
54905.602208 10.3745 0.051
54919.562379 10.7569 0.051
54919.570838 10.7442 0.051
54919.579268 10.7531 0.051
54919.587704 10.732 0.051
54936.511258 11.2504 0.051
54936.520690 11.2486 0.051
54936.530117 11.2423 0.051
54936.539536 11.2411 0.051
54947.466190 11.6246 0.052
54947.477208 11.645 0.052
54947.488293 11.6787 0.054
54948.482632 11.6608 0.052
54948.488492 11.6556 0.052
54948.494478 11.7054 0.053
54948.500390 11.6492 0.052
54963.425822 12.0959 0.052
54963.436563 12.0982 0.052
54963.447299 12.0999 0.052
54963.458025 12.1019 0.052
54978.444934 12.6883 0.061
54978.453373 12.5459 0.055
54978.515032 12.5561 0.055
54978.523583 12.5822 0.055
54999.444350 12.9614 0.055
54999.457354 12.9697 0.055
54999.470316 12.9767 0.055
54999.483202 13.0036 0.056
55032.387813 13.1944 0.058
55032.391584 13.2013 0.058
55032.395354 13.1659 0.058
55032.399121 13.2198 0.058
55208.711575 12.2052 0.052
55208.736956 12.2058 0.052
55246.662199 13.0033 0.053
55253.601102 13.1853 0.056
55268.613395 13.2754 0.055
55294.573701 12.8312 0.055
55302.565840 12.598 0.052
55325.497136 11.9561 0.052
55325.534362 11.9246 0.052
55385.372653 10.6798 0.051
55385.393441 10.7033 0.051
55562.719128 12.2382 0.052
55564.665862 12.2076 0.053
55564.703285 12.1715 0.053
55603.551609 11.0039 0.051
55603.590596 11.0382 0.051
55615.669101 10.6846 0.050
55682.433144 11.3487 0.051
55682.461844 11.3664 0.051
55708.392131 12.1361 0.052
55708.402655 12.1495 0.052
55708.413383 12.1551 0.052
55708.423964 12.1286 0.052
55741.403845 12.9483 0.054
55741.414327 12.9732 0.054
55741.424859 12.972 0.054
55741.435492 12.9728 0.054
56061.397630 11.6013 0.050
56061.410743 11.5961 0.050
56061.423902 11.5981 0.050
56061.437019 11.5831 0.050
56266.670988 12.5986 0.053
56266.682169 12.6082 0.053
56266.691834 12.6049 0.053
56266.701533 12.6074 0.053
56297.710134 11.8394 0.052
56297.718590 11.827 0.052
56297.727642 11.8504 0.052
56297.736216 11.8217 0.052
56461.373404 12.695 0.052
56461.384675 12.7052 0.052
56461.395960 12.6948 0.052
56461.407302 12.6905 0.052
