55771.710099 17.0325 0.117
56050.779693 17.2312 0.143
56128.547654 17.068 0.093
55739.819536 17.212 0.122
55739.784547 17.3193 0.125
55771.742432 17.0393 0.116
55908.454163 17.2032 0.135
55811.535187 17.2472 0.139
56050.760359 17.2785 0.148
55908.461290 17.0675 0.129
56050.769864 17.1644 0.138
56050.788724 17.2381 0.146
55908.475674 17.2051 0.138
56090.812218 16.9166 0.255
55739.796194 17.2711 0.124
56090.791997 17.1636 0.276
55908.468533 17.3028 0.143
55739.807880 17.1827 0.122
56128.575964 16.9782 0.089
55771.720848 16.9329 0.113
55771.731689 16.8976 0.111
55811.511012 17.7722 0.174
56128.561810 16.9499 0.089
55450.490862 16.8845 0.105
55089.624938 17.089 0.124
55124.585704 17.6937 0.190
55098.578842 17.339 0.165
55154.522740 17.0421 0.170
55124.569110 17.7859 0.197
55154.495723 17.3234 0.382
55541.477506 17.2705 0.173
55098.587624 17.4063 0.170
55393.671348 16.364 0.090
55450.531147 17.6132 0.139
55124.594163 17.6088 0.183
55154.513722 16.8564 0.256
55155.479934 16.8427 0.116
55089.618580 17.2004 0.130
55124.577406 17.7452 0.195
55155.470926 17.005 0.122
55541.457360 17.2829 0.172
55098.561279 17.3033 0.162
55098.570071 17.1967 0.154
55155.489036 16.9905 0.124
55393.638560 16.395 0.091
55155.461800 17.0202 0.123
55154.504731 16.4063 0.377
54680.701293 15.7531 0.079
54376.576886 16.9445 0.154
54617.731524 16.9893 0.101
54391.574741 17.4038 0.193
54391.555294 17.3602 0.188
54391.565018 17.3452 0.186
54364.602823 17.3768 0.154
54376.567913 16.9262 0.152
54364.593187 16.9927 0.131
54617.745507 17.0806 0.104
54597.794166 17.4073 0.158
54364.612427 17.4939 0.163
54391.584456 17.5888 0.211
54649.728022 16.992 0.113
54617.773839 17.0482 0.101
54597.770897 17.2775 0.150
54649.705462 16.9711 0.112
54649.695073 16.916 0.110
54597.778645 17.4144 0.159
54376.585852 17.0297 0.159
54649.716040 16.9172 0.110
54376.558907 17.023 0.159
54597.786405 17.4794 0.163
53975.572957 16.4284 0.121
54005.612796 17.1527 0.164
53975.584390 16.2993 0.115
53975.549381 16.2607 0.117
53946.581008 17.0661 0.131
53884.792599 17.146 0.126
53963.752763 17.1255 0.134
54005.632353 17.0866 0.160
53884.804201 16.9629 0.117
54019.509862 16.5424 0.126
53975.561429 16.2887 0.115
53946.592049 17.235 0.139
53884.816214 16.9591 0.117
53946.614433 16.9803 0.125
54005.622377 17.1847 0.166
53963.736191 17.1623 0.136
53963.703209 17.1298 0.134
54005.603236 17.2102 0.168
53963.719673 17.2881 0.143
53864.780129 16.8048 0.130
53734.453629 16.1572 0.117
53568.588994 16.9547 0.157
53610.671121 16.656 0.150
53592.691624 16.645 0.145
53734.460396 16.0977 0.115
53645.569087 16.9484 0.181
53568.596319 17.4743 0.199
53592.675144 16.5596 0.139
53864.770156 16.8226 0.132
53610.679827 16.7294 0.155
53610.662344 16.6545 0.150
53864.789944 16.9612 0.139
53734.463809 16.1966 0.119
53864.760421 16.7344 0.128
53610.653646 16.7275 0.154
53884.781312 17.502 0.145
53568.574841 16.6074 0.136
53568.581893 16.6784 0.139
53645.560547 16.9758 0.183
53592.707151 16.746 0.152
53734.457017 16.184 0.118
53645.577607 16.8586 0.173
53592.722648 16.7496 0.153
53645.586155 16.9622 0.182
56153.633587 16.6513 0.089
56153.644291 16.6453 0.089
56481.791429 16.0627 0.083
56481.769875 16.0518 0.083
56181.596872 17.5556 0.125
56128.590153 16.8821 0.087
56278.456657 16.3928 0.087
56181.586072 17.6586 0.130
56481.780573 16.0498 0.083
56153.655079 16.6523 0.089
56153.665816 16.5807 0.088
56181.618207 17.432 0.118
56181.607523 17.3877 0.117
56481.802151 16.1248 0.084
56466.755828 16.6438 0.090
56278.479559 16.4071 0.088
56278.444754 16.4319 0.087
56278.468104 16.438 0.088
54746.461830 17.2477 0.132
54729.597995 16.6344 0.123
54734.635501 16.6502 0.119
54701.568022 16.9752 0.132
54717.560662 17.3258 0.135
54701.541582 16.8721 0.127
54717.539143 17.2617 0.125
54734.644751 16.662 0.120
54680.714242 15.8519 0.081
54717.546429 17.4607 0.136
54729.587346 16.2973 0.108
54701.550395 16.9588 0.132
54701.559221 16.9555 0.132
54680.720716 15.827 0.081
54717.553569 17.2595 0.125
54729.619250 17.4155 0.173
54680.707791 15.7778 0.080
54746.450815 17.3792 0.136
54734.626266 16.6737 0.120
54734.610058 16.6775 0.120
54729.608624 17.3675 0.168
54734.616953 16.6925 0.121
54747.420854 17.1597 0.122
54300.653959 17.0173 0.115
54036.553336 17.6096 0.204
54036.536261 17.4294 0.187
54300.642948 16.9737 0.113
54354.564628 17.1105 0.162
54019.530275 16.5258 0.126
54364.583568 17.2436 0.145
54300.665221 17.0958 0.117
54325.501803 16.61 0.109
54058.436013 17.6823 0.221
54036.561899 17.4779 0.192
54058.414483 17.3703 0.256
54247.728055 16.4956 0.135
54247.717864 16.3816 0.129
54354.577908 17.1186 0.163
54058.421686 17.4531 0.212
54019.540525 16.6767 0.133
54325.511114 16.4727 0.104
54325.520655 16.4191 0.102
54036.544814 17.6038 0.203
54019.520075 16.4681 0.123
54247.707738 16.4709 0.134
54300.632101 16.947 0.113
54354.584521 17.2526 0.173
54354.571295 17.0596 0.159
54058.428919 17.5694 0.211
54325.529973 16.4673 0.103
54747.427659 16.9865 0.114
55043.707643 17.6183 0.196
54782.483676 17.6236 0.157
55089.612222 17.1266 0.126
55043.716129 17.4956 0.184
54979.754280 17.276 0.161
54768.418512 16.779 0.114
54768.411618 16.7718 0.114
55089.605860 17.209 0.130
54977.797742 17.1961 0.156
54768.432458 16.8051 0.117
54979.745179 17.1321 0.152
54782.449599 16.6206 0.105
55043.724593 17.499 0.183
54979.736165 17.224 0.158
54747.434560 17.0996 0.119
54979.763398 17.2907 0.163
54768.425610 16.849 0.118
54977.817169 17.1118 0.153
54782.472313 16.8173 0.113
55043.733013 17.4261 0.178
54782.460927 16.6638 0.107
54747.441564 17.1385 0.121
54977.807256 17.1014 0.150
