53587.399882 17.8237 0.216
53587.408274 17.7558 0.211
53587.416768 17.6799 0.204
53587.425347 17.9551 0.236
53735.694109 17.8961 0.264
53735.701028 17.8148 0.252
53735.707948 17.8608 0.257
53735.715022 17.878 0.259
53569.448658 17.8032 0.245
53569.455937 17.8816 0.256
53569.463189 17.5572 0.218
53569.470262 17.6986 0.236
53832.622307 17.973 0.222
53832.631874 17.9547 0.220
53832.641450 17.8588 0.211
53832.651080 17.8438 0.210
53850.595219 17.8644 0.150
53850.612616 18.3285 0.186
53850.629757 18.4935 0.203
53850.646895 18.3873 0.205
53963.368566 18.1696 0.227
53963.380030 18.0627 0.217
53963.391468 17.9899 0.212
53963.402924 17.7164 0.187
54086.728122 17.8717 0.279
54086.731424 18.151 0.324
54086.734746 17.737 0.260
54086.738030 17.954 0.291
53761.708075 17.8488 0.317
53761.717384 17.5667 0.224
53761.727510 17.8102 0.256
53761.737617 17.829 0.253
53935.370021 18.0254 0.205
53935.379852 17.8809 0.192
53935.389764 17.9752 0.201
53935.399608 17.9336 0.198
53900.406275 18.042 0.251
53900.415671 17.9818 0.244
53900.425096 18.4789 0.317
53900.434542 18.4177 0.308
53813.692029 18.2603 0.208
53813.704158 18.5695 0.242
53813.716390 17.5285 0.148
53813.728615 17.8678 0.173
53821.520867 17.8908 0.220
53821.529956 17.6962 0.232
53821.539675 18.1673 0.252
53821.549476 18.1957 0.248
53858.526700 18.1435 0.246
53858.536715 17.9263 0.311
53861.523767 17.9051 0.152
53861.533041 17.8166 0.147
53861.542308 17.6856 0.138
53861.551569 17.9832 0.158
53872.474666 17.7689 0.205
53872.483192 17.888 0.218
53872.491741 17.8503 0.213
53872.500232 17.7724 0.206
53878.505560 17.948 0.222
53878.513209 17.8497 0.212
53878.520901 17.9767 0.226
53878.528627 17.9486 0.224
53886.531127 18.0452 0.193
53886.543702 18.2195 0.212
53886.556301 18.4449 0.238
53886.568932 18.1314 0.205
54196.625944 17.7594 0.247
54196.636604 18.2549 0.322
54196.647306 17.7958 0.255
54196.657984 17.9175 0.271
54206.565880 18.5399 0.361
54206.574413 18.1501 0.293
54206.583009 17.8527 0.250
54322.361479 17.7536 0.179
54322.368067 17.9116 0.194
54322.374602 18.0298 0.206
54322.381225 17.9476 0.198
54448.717577 18.3445 0.329
54448.723000 18.6237 0.380
54448.728515 18.4724 0.348
54151.730915 17.9211 0.212
54151.741934 17.9013 0.209
54151.752893 18.0451 0.225
54151.763781 18.1067 0.234
54287.455685 17.6663 0.177
54287.470174 17.8237 0.193
54287.483256 17.9775 0.210
54287.496323 18.0621 0.223
54168.667594 17.6157 0.220
54186.646185 18.2245 0.302
54186.656879 18.2333 0.304
54186.667661 17.8667 0.250
54186.678591 17.8689 0.251
54227.534023 18.7316 0.329
54227.547051 18.1372 0.235
54227.560111 18.2057 0.278
54227.573139 17.9139 0.212
54234.518265 17.7784 0.242
54234.525955 17.6385 0.226
54234.533646 17.8119 0.247
54234.541332 17.8549 0.253
54815.715586 17.7126 0.214
54815.720612 17.3765 0.182
54815.725656 17.861 0.230
54815.730745 17.9024 0.234
54831.681539 17.8616 0.206
54831.690017 17.856 0.205
54831.698531 17.6913 0.188
54831.707036 17.6554 0.185
54504.708428 17.6972 0.176
54504.720309 17.959 0.200
54504.731915 17.7491 0.181
54504.743290 17.9323 0.197
54513.590457 17.567 0.478
54525.665212 17.5265 0.194
54525.676827 17.6526 0.207
54525.688247 17.9307 0.237
54525.699486 17.8955 0.234
54488.678756 17.8734 0.206
54488.688791 17.6986 0.189
54491.601599 17.847 0.205
54491.611643 17.8434 0.204
54491.621671 17.8526 0.205
54491.631715 17.7724 0.196
54618.491483 17.6935 0.170
54618.501399 17.6819 0.170
54618.511344 17.8963 0.185
54618.521194 17.9297 0.189
54644.391212 17.8527 0.164
54644.400962 17.8567 0.164
54644.410785 17.7272 0.155
54644.420538 17.8582 0.165
54536.677227 17.8321 0.229
54536.686720 17.8276 0.229
54536.696216 17.8079 0.227
54536.705890 18.0129 0.252
54592.512502 17.7315 0.144
54592.526339 17.8493 0.147
54592.538209 17.8442 0.147
54592.550626 17.8445 0.146
54598.545348 17.9274 0.206
54598.553526 17.8316 0.196
54598.561739 17.7408 0.188
54598.569912 17.7983 0.194
54948.534465 17.8827 0.214
54948.544985 17.9024 0.229
54948.555548 17.9723 0.224
54948.566043 18.0193 0.253
55185.693317 17.7346 0.179
55185.703876 18.5895 0.593
54866.648009 17.656 0.157
54866.661642 17.9316 0.178
54866.688988 17.8736 0.173
54866.702898 17.779 0.165
54884.736313 17.9464 0.196
54884.745896 17.8659 0.189
54884.755590 17.7825 0.183
54884.765240 17.8402 0.189
55036.403274 17.9173 0.234
55036.409646 17.873 0.230
55036.416019 17.3535 0.179
55036.422402 17.6493 0.206
55000.410718 17.9534 0.340
55000.435177 18.128 0.182
55000.445052 18.0419 0.180
55000.455208 18.014 0.170
54895.730693 17.8883 0.172
54895.738774 17.9837 0.179
54895.746879 17.846 0.170
54895.754975 17.843 0.169
54905.729593 18.0482 0.309
54917.662736 17.8835 0.152
54917.675862 18.1599 0.173
54917.688933 17.8802 0.152
54917.702013 17.6953 0.141
54963.560455 17.7489 0.169
54963.571274 17.7177 0.168
54963.582073 17.7863 0.174
54963.592879 17.7736 0.173
54980.550257 17.8431 0.157
54980.558085 17.8901 0.161
54980.565942 17.8127 0.156
54980.573904 17.9383 0.165
55303.595120 18.0738 0.181
55246.703750 17.733 0.222
55214.695762 17.7037 0.206
55214.718541 17.8402 0.219
55393.381025 17.9522 0.189
55393.402765 17.673 0.167
55397.417999 17.5974 0.142
55397.448172 17.8097 0.158
55360.483461 17.9033 0.183
55360.504717 18.1151 0.207
55264.528375 17.8442 0.188
55273.552591 18.1015 0.182
55321.494090 18.6849 0.356
55321.523211 18.0582 0.255
55658.603734 17.8707 0.180
55658.646517 17.9114 0.183
55664.534154 17.908 0.185
55664.549154 18.0738 0.205
55664.564104 18.0216 0.200
55664.578978 18.1155 0.210
55675.552687 18.0204 0.200
55675.588343 18.1142 0.210
55615.691240 17.4 0.158
55615.737043 18.2067 0.238
55592.723151 18.0527 0.169
55592.755413 18.1162 0.174
55685.536232 18.3101 0.221
55685.563039 17.8167 0.177
55707.519886 18.0466 0.172
55707.528436 18.2271 0.187
55707.536887 18.1284 0.180
55707.545390 18.1834 0.186
54168.682272 17.4718 0.205
54168.715045 17.5021 0.209
54168.726216 17.2798 0.189
54168.737372 17.6179 0.223
54168.748574 18.03 0.275
55734.453240 17.8713 0.166
55734.466649 17.8395 0.165
55734.480073 17.7199 0.157
55734.493577 17.9423 0.175
55770.380588 17.9515 0.174
55770.386464 17.7414 0.159
55770.392443 17.9926 0.177
55770.398340 17.6812 0.155
55926.671233 18.0877 0.256
55926.679073 18.0724 0.252
55926.686944 17.7355 0.211
55926.694851 17.8092 0.219
56063.537819 17.824 0.149
56063.548360 17.8909 0.154
56063.559010 17.9231 0.156
56063.569666 17.7561 0.147
56152.373971 17.833 0.161
56152.380063 17.9373 0.170
56152.386102 17.8537 0.164
56152.392091 18.0412 0.178
56293.665798 17.7174 0.165
56293.674081 17.5077 0.148
56293.682467 17.8941 0.175
56293.690824 17.68 0.159
56358.675962 17.698 0.153
56358.688508 17.9265 0.169
56358.701236 17.8455 0.163
56358.714404 17.723 0.155
56369.628626 17.8401 0.145
56369.656844 17.727 0.140
56369.670963 17.767 0.142
56387.619183 17.9231 0.193
56387.626384 17.9742 0.188
56387.633521 18.2437 0.211
56387.640665 18.493 0.350
56399.531535 17.2551 0.109
56399.544299 17.2062 0.107
56399.557261 17.6895 0.128
56399.570044 17.7777 0.135
56412.499291 17.2637 0.124
56412.510123 17.5754 0.140
56412.522397 17.8432 0.163
56412.533299 17.8813 0.166
56419.490318 17.7792 0.156
56419.500568 17.906 0.165
56419.510673 17.8486 0.160
56419.520777 17.714 0.151
56441.478755 17.9559 0.151
56441.490136 17.9327 0.147
56441.501833 17.7974 0.161
56441.513328 17.8817 0.144
56464.463964 17.8842 0.146
56464.475193 18.2323 0.170
56464.486576 17.5151 0.127
56464.498017 17.5365 0.128
56494.379311 17.6365 0.148
56494.388728 17.809 0.161
56494.398227 17.9191 0.168
56494.407644 17.7073 0.154
