53600.366158 15.24 0.085
53600.373280 15.1865 0.084
53600.380427 15.3139 0.087
53600.387539 15.2668 0.086
53608.400941 15.2085 0.091
53608.410259 15.2463 0.093
53608.419601 15.3021 0.095
53608.429106 15.3313 0.096
53554.431145 15.532 0.092
53554.436982 15.5349 0.092
53554.442799 15.4829 0.090
53554.448624 15.447 0.090
53578.401654 15.4763 0.084
53578.413140 15.4989 0.085
53578.424590 15.477 0.084
53578.438873 15.4981 0.085
53832.664583 15.4751 0.083
53832.674324 15.4653 0.083
53832.684248 15.4933 0.084
53832.694190 15.5543 0.086
53847.700898 15.4783 0.065
53847.718776 15.4915 0.066
53847.736667 15.5478 0.066
53847.754586 15.5232 0.066
53854.647090 15.2241 0.079
53854.658437 15.2863 0.080
53854.669757 15.3168 0.081
53854.681095 15.3314 0.082
53963.417145 15.5027 0.081
53963.429625 15.4461 0.080
53963.442092 15.3763 0.079
53963.454582 15.2997 0.078
54096.697030 15.5588 0.101
54096.705611 15.5022 0.098
54096.714201 15.5147 0.098
54096.722777 15.5078 0.097
53772.647973 15.3807 0.090
53772.660339 15.2382 0.086
53772.672588 15.2839 0.087
53772.684756 15.2612 0.087
53737.704691 15.2484 0.089
53737.710661 15.2087 0.088
53737.716648 15.3152 0.091
53737.722604 15.2879 0.090
53943.357528 15.5155 0.091
53943.362646 15.4966 0.090
53943.367770 15.4978 0.090
53943.372913 15.4689 0.089
53900.442415 15.2105 0.082
53900.450912 15.3178 0.084
53900.459452 15.1426 0.080
53900.467943 15.2959 0.084
53914.476003 15.2381 0.083
53914.484496 15.3205 0.084
53914.493009 15.3309 0.085
53914.501513 15.3503 0.085
53804.710673 15.4498 0.084
53804.715799 15.4087 0.083
53804.720950 15.3591 0.082
53804.726071 15.3589 0.082
53819.697662 15.5085 0.084
53819.704926 15.5214 0.084
53819.712211 15.511 0.084
53819.719488 15.5115 0.084
53863.503020 15.3172 0.081
53863.513047 15.5437 0.086
53863.522191 15.34 0.081
53863.531235 15.3777 0.082
53872.559698 15.3631 0.082
53872.569147 15.316 0.081
53872.578544 15.2689 0.080
53872.588008 15.2548 0.080
53877.539633 15.4615 0.075
53877.550493 15.4206 0.075
53877.561401 15.3714 0.074
53877.572316 15.3112 0.073
53884.593761 15.2889 0.073
53884.604612 15.2194 0.072
53884.615446 15.2366 0.073
53884.626304 15.2271 0.073
53885.529565 15.5236 0.077
53885.540540 15.498 0.077
53885.551404 15.5294 0.077
53885.562273 15.4995 0.077
54201.631717 15.5386 0.083
54201.644810 15.5498 0.083
54201.657911 15.4052 0.080
54201.671032 15.3275 0.079
54206.605907 15.5689 0.095
54206.616264 15.6044 0.096
54206.626662 15.5655 0.095
54206.636921 15.5657 0.095
54325.409850 15.2122 0.075
54463.727905 15.1581 0.093
54463.733269 15.2132 0.094
54463.738625 15.1981 0.094
54463.744009 15.2204 0.094
54154.700821 15.262 0.078
54154.716504 15.3082 0.079
54154.730452 15.3067 0.079
54154.744292 15.3485 0.079
54300.418386 15.3798 0.078
54300.425024 15.4147 0.079
54300.441002 15.4541 0.079
54300.447550 15.4397 0.079
54266.498091 15.3311 0.086
54266.507501 15.2573 0.084
54266.516889 15.2254 0.083
54266.526438 15.2375 0.084
54169.702766 15.1096 0.083
54169.714443 15.0788 0.082
54169.725832 15.1903 0.085
54169.737290 15.2925 0.087
54187.514116 15.4104 0.091
54187.523522 15.5244 0.094
54187.532872 15.3955 0.091
54187.542262 15.47 0.092
54233.576504 15.3063 0.089
54233.585929 15.3664 0.090
54233.595328 15.3859 0.091
54233.604820 15.3967 0.091
54586.606769 16.8657 0.614
54690.391035 15.4349 0.075
54690.397740 15.5226 0.086
54690.404323 15.4767 0.075
54503.724341 15.5141 0.091
54503.733662 15.4221 0.089
54503.744301 15.3722 0.089
54503.753445 15.3087 0.086
54525.732105 15.5679 0.090
54525.743613 15.5505 0.089
54525.755068 15.5624 0.090
54525.766386 15.5571 0.090
54673.402708 15.5335 0.084
54673.410438 15.5376 0.085
54673.418170 15.521 0.084
54673.425913 15.49 0.084
54623.525396 15.3446 0.071
54623.531861 15.3537 0.072
54623.538314 15.3761 0.072
54623.544772 15.3898 0.072
54643.449640 15.1943 0.070
54643.460433 15.187 0.070
54643.471226 15.1486 0.069
54643.482033 15.1582 0.070
54536.722130 15.5208 0.089
54536.732480 15.5103 0.089
54536.742884 15.4648 0.088
54536.753282 15.5091 0.090
54593.600746 15.4482 0.072
54593.612808 15.3846 0.071
54593.624853 15.2896 0.070
54593.636810 15.2491 0.070
54600.512338 15.4436 0.073
54600.523515 15.4924 0.074
54600.534544 15.4099 0.073
54600.545546 15.4815 0.074
54936.686218 15.5449 0.085
54936.696402 15.5137 0.084
54936.706596 15.537 0.085
54936.716915 15.4614 0.084
54951.654305 15.3877 0.074
54951.662404 15.4323 0.075
54951.670519 15.4315 0.079
54951.678661 15.4289 0.081
54867.753553 15.2766 0.072
54867.758309 15.287 0.072
54867.762966 15.3173 0.073
54867.767755 15.3439 0.073
54890.674614 15.2244 0.080
54890.682211 15.2038 0.079
54890.689766 15.1915 0.079
54890.697371 15.177 0.078
54845.692116 15.2565 0.073
54845.703380 15.2752 0.073
54845.714720 15.2809 0.073
54845.726016 15.3416 0.074
55030.476802 15.2811 0.085
55030.484431 15.2794 0.085
55030.492019 15.276 0.085
55030.499647 15.3435 0.087
54998.542067 15.5267 0.078
54998.552856 15.5203 0.078
54998.563559 15.4908 0.078
54998.574297 15.4421 0.078
54905.779750 15.1961 0.091
54905.788574 15.1543 0.090
54905.797397 15.1407 0.089
54905.806025 15.1078 0.088
54917.716895 15.4092 0.070
54917.722086 15.4091 0.070
54917.727301 15.3467 0.069
54917.732517 15.3188 0.069
54964.525640 15.2696 0.081
54964.535924 15.2843 0.082
54964.546408 15.1571 0.079
54964.556808 15.1749 0.079
54976.483916 15.4325 0.088
54976.489038 15.4843 0.086
54976.494160 15.4503 0.085
54976.499279 15.4688 0.085
55307.625458 15.4851 0.075
55414.368327 15.1761 0.072
55414.390184 15.2188 0.072
55248.701242 15.3356 0.085
55218.687183 15.4622 0.088
55218.737145 15.5339 0.088
55385.462620 15.6582 0.092
55385.484403 15.4416 0.083
55359.517091 15.2009 0.066
55359.565036 15.1602 0.064
55264.668288 15.137 0.074
55325.556386 15.412 0.078
55325.596075 15.5001 0.079
55657.643064 15.2773 0.075
55657.682454 15.3745 0.079
55676.594484 15.131 0.068
55676.642280 15.124 0.068
55686.570161 15.2492 0.069
55686.608763 15.1752 0.068
55708.504251 15.4627 0.069
55708.513240 15.4677 0.069
55708.522261 15.4983 0.071
55708.531299 15.5188 0.070
54325.414649 15.2016 0.083
54325.423356 15.214 0.083
54325.431906 15.2464 0.084
54325.440520 15.2397 0.084
55732.470017 15.2138 0.081
55732.491256 15.3243 0.076
55732.501888 15.299 0.096
55763.375261 15.4817 0.078
55763.388635 15.4971 0.105
55763.402155 15.4096 0.084
55763.415690 15.2364 0.081
55797.404506 15.5347 0.077
55797.409780 15.5086 0.077
55797.415064 15.5112 0.077
55797.420366 15.5803 0.078
56096.432601 15.4689 0.076
56096.443275 15.4714 0.074
56096.453854 15.538 0.079
56096.464445 15.5966 0.082
56145.383456 15.167 0.069
56145.389453 15.1818 0.069
56145.395457 15.1677 0.069
56145.401505 15.1435 0.069
56362.714584 15.4912 0.075
56362.725256 15.5395 0.075
56362.735911 15.5208 0.075
56362.746734 15.5368 0.075
56367.727541 15.4519 0.064
56367.742601 15.4898 0.065
56367.757772 15.509 0.065
56367.772882 15.5197 0.065
56386.711015 15.2946 0.067
56386.720869 15.3109 0.068
56386.730925 15.3586 0.068
56386.740936 15.4248 0.069
56399.662327 15.1003 0.064
56399.675061 15.0942 0.064
56399.687991 15.1241 0.065
56399.700753 15.1417 0.065
56411.549685 15.5212 0.069
56411.560409 15.5295 0.070
56411.570369 15.5786 0.070
56411.580371 15.5355 0.070
56443.451485 15.1391 0.069
56443.461511 15.165 0.069
56443.471313 15.154 0.070
56443.481433 15.153 0.069
56475.421001 15.4082 0.068
56475.432205 15.308 0.067
56475.443470 15.2433 0.066
56475.454803 15.2552 0.066
