54742.403034 14.5037 0.069
54742.395239 14.4666 0.069
54742.418490 14.4525 0.069
54742.410737 14.4898 0.069
54730.476953 14.3718 0.063
54730.488794 14.384 0.063
54730.465138 14.3386 0.063
54730.500576 14.4012 0.063
54652.603815 14.5401 0.080
54652.594100 14.4045 0.070
54594.654758 14.411 0.066
54652.613162 14.3984 0.090
54594.647343 14.4223 0.067
54675.579146 14.21 0.264
54675.568083 14.4585 0.066
54675.556726 14.4464 0.064
54675.604011 14.3756 0.066
54534.785331 14.4308 0.072
54534.781194 14.4641 0.072
54594.640025 14.4222 0.067
54594.632689 14.4623 0.067
54756.406174 14.3108 0.069
54755.402204 14.3038 0.064
54755.430619 14.2957 0.088
54755.411684 14.3485 0.064
54756.398655 14.3146 0.068
54756.413646 14.3124 0.069
54756.421116 14.3659 0.069
54773.449082 14.3308 0.071
54773.411649 14.352 0.069
54773.433225 14.3552 0.070
53595.489672 14.3462 0.073
53595.469425 14.3111 0.073
53595.499790 14.3794 0.074
53595.479423 14.3405 0.073
53606.424079 14.4037 0.061
53568.514523 14.4555 0.072
53568.486789 14.4988 0.073
53568.535020 14.4037 0.072
53568.528026 14.3906 0.071
53568.521222 14.4793 0.073
53665.432157 14.3795 0.063
53665.420423 14.3696 0.063
53665.397037 14.4478 0.064
53665.408727 14.4096 0.064
53805.772511 14.5057 0.071
53805.760625 14.4813 0.071
53805.766571 14.4834 0.071
53805.778436 14.4779 0.070
53606.483899 14.3834 0.060
53606.443921 14.428 0.061
53606.464279 14.437 0.061
53561.600582 14.6789 0.068
53561.618877 14.4514 0.069
53561.590979 14.3738 0.068
53561.609801 14.4446 0.069
53636.422111 14.3882 0.064
53636.434758 14.4084 0.064
53636.447381 14.4478 0.067
53636.460008 14.4823 0.068
55735.720543 14.4193 0.063
55735.690718 14.3887 0.062
55735.700514 14.4155 0.062
55735.710460 14.426 0.062
55468.426644 14.3282 0.061
55445.473766 14.3914 0.065
55468.396899 14.2886 0.060
55821.491388 14.4041 0.062
55821.477323 14.4321 0.062
55821.505461 14.3742 0.062
55821.463237 14.4351 0.062
55690.755061 14.3455 0.062
55690.800475 14.3103 0.062
55659.745487 14.3824 0.064
55659.781617 14.4219 0.064
55338.804401 14.453 0.070
55397.489277 14.4149 0.064
55353.800723 14.4508 0.072
55353.754439 14.3771 0.070
55338.820649 14.4583 0.074
55397.527852 14.3826 0.064
55414.523841 14.399 0.062
55414.496958 14.3508 0.061
55445.451941 14.3352 0.064
55126.439319 14.3188 0.063
55272.768345 14.3658 0.070
55324.650586 14.3411 0.070
55324.623095 14.3476 0.070
54274.658416 14.351 0.070
54262.607520 14.322 0.072
54262.624661 14.3882 0.074
54262.633319 14.3667 0.073
54262.616048 14.3477 0.073
54534.773046 14.4238 0.072
54423.427638 14.3828 0.085
54423.424058 14.3556 0.084
54423.431211 14.2738 0.086
54423.420493 14.373 0.084
54534.777152 14.4156 0.072
54209.737386 14.4018 0.073
54209.726869 14.4226 0.073
54209.758601 14.3636 0.072
54209.747923 14.3915 0.073
54376.462909 14.3898 0.072
54376.454006 14.3833 0.072
54376.471821 14.3708 0.072
54376.445107 14.426 0.072
54316.528964 14.3737 0.071
54316.521850 14.3213 0.096
54316.514505 14.3577 0.149
54316.505368 14.4488 0.119
54274.668396 14.3655 0.070
54017.474441 14.4713 0.072
54017.482581 14.4826 0.072
54177.782831 14.3182 0.073
54017.490732 14.3984 0.071
54177.778962 14.3017 0.073
54017.466304 14.4914 0.072
54178.770718 14.4645 0.078
54178.756748 14.4626 0.078
54177.790596 14.4083 0.129
54177.786714 14.2772 0.073
54178.763738 14.4609 0.080
54178.777667 14.4814 0.077
56408.682175 14.2717 0.056
56408.698368 14.2908 0.056
56383.759329 14.316 0.061
56383.751488 14.3341 0.061
56408.728764 14.277 0.056
56408.713562 14.2763 0.056
56451.714816 14.3085 0.060
56451.702593 14.2775 0.059
56124.638165 14.3351 0.060
56124.612387 14.2765 0.059
56063.620477 14.2973 0.060
56124.625278 14.2984 0.060
56184.485786 14.3701 0.060
56242.436816 14.3512 0.060
56184.474501 14.3461 0.059
56242.428237 14.3369 0.060
56451.739142 14.3634 0.060
56451.727007 14.3026 0.060
56383.743655 14.3338 0.061
56242.445298 14.3999 0.061
56242.453804 14.3848 0.061
56383.735793 14.302 0.061
56063.599044 14.3638 0.061
56063.586524 14.3819 0.061
56063.609757 14.3294 0.061
56184.463163 14.3316 0.059
56184.451929 14.2828 0.059
56124.651273 14.3717 0.060
55084.483760 14.4261 0.068
55084.475288 14.4199 0.068
55043.688205 14.3565 0.070
55084.466819 14.3962 0.068
55126.410728 14.3361 0.063
55126.420244 14.3065 0.063
55126.429780 14.2975 0.063
55112.469053 14.4795 0.070
55032.646327 14.4395 0.070
55032.661669 14.4371 0.070
55032.653976 14.4109 0.069
55043.658789 14.2996 0.069
55043.673501 14.3303 0.069
55032.669355 14.3851 0.069
55043.680859 14.3301 0.069
55043.666144 14.3216 0.069
54773.456795 14.3886 0.070
55007.511420 14.4127 0.072
54952.724868 14.3122 0.067
54952.733595 14.2951 0.067
55112.452413 14.4756 0.070
55112.444095 14.439 0.069
55084.492283 14.4192 0.068
55112.460739 14.487 0.070
55032.638696 14.4341 0.069
55007.519633 14.3638 0.069
55007.548373 14.355 0.064
55007.535972 14.3384 0.074
55007.527805 14.3708 0.069
