53605.441048 15.4304 0.090
53605.452843 15.364 0.089
53605.465031 15.234 0.086
53605.476780 15.1777 0.085
53556.518167 15.1203 0.088
53556.524529 15.0886 0.087
53556.530885 15.0901 0.087
53556.537224 15.0928 0.087
53578.508864 15.039 0.080
53578.515440 15.046 0.081
53578.522001 15.0037 0.080
53578.528580 14.9963 0.080
53627.384625 15.0636 0.075
53627.394545 15.0165 0.074
53627.404453 15.0508 0.074
53627.414381 14.9589 0.073
53831.697293 14.9166 0.077
53831.707116 14.8933 0.077
53831.716842 14.9263 0.078
53831.726669 14.9193 0.078
53851.567337 15.0108 0.063
53851.580255 15.0487 0.063
53851.593321 15.0719 0.064
53851.607277 15.0653 0.064
53956.453516 14.9517 0.083
53956.462500 14.9997 0.084
53956.471477 15.0419 0.085
53956.480443 14.9646 0.083
53968.437607 14.8742 0.082
53968.445253 14.878 0.082
53968.452946 14.9193 0.083
53968.460638 14.9256 0.084
53928.462983 14.9332 0.081
53928.471502 14.943 0.082
53928.480019 15.0025 0.083
53928.488505 14.9729 0.082
53946.483109 14.9043 0.074
53946.495057 14.8629 0.073
53946.507063 14.8879 0.074
53946.518993 14.9199 0.075
53892.495981 14.9251 0.078
53892.505663 14.9347 0.078
53892.514676 14.9262 0.078
53892.523261 14.9071 0.078
53900.586688 15.0052 0.082
53900.596189 14.9832 0.082
53900.605759 14.9304 0.081
53900.615356 14.9523 0.081
53913.535774 14.9311 0.081
53913.544274 14.9034 0.081
53913.552809 14.9017 0.081
53913.561314 14.9438 0.082
53806.708052 15.0029 0.079
53806.716894 14.9206 0.078
53806.724458 14.9249 0.078
53806.731793 14.8889 0.077
53820.659787 15.1007 0.081
53820.671089 15.1647 0.082
53820.682692 15.2301 0.084
53820.692819 15.2038 0.157
53863.563962 15.0703 0.080
53863.575870 15.0389 0.080
53863.587469 15.0646 0.080
53863.599136 15.056 0.080
53872.647988 15.0774 0.081
53872.656642 15.0371 0.080
53872.665382 15.0249 0.080
53872.674023 14.9918 0.080
53877.640997 15.1067 0.074
53877.652960 15.213 0.076
53884.644184 14.9906 0.073
53884.654505 14.9951 0.073
53884.664828 14.9692 0.073
53884.677332 14.9464 0.072
53885.577909 14.9284 0.071
53997.398527 15.0322 0.087
54202.560608 14.8754 0.076
54202.567265 14.8818 0.076
54202.573934 14.8595 0.076
54202.580772 14.8957 0.076
54212.564472 14.8978 0.076
54212.573518 14.9424 0.077
54212.582717 14.9725 0.077
54212.591995 14.9902 0.078
54318.396019 14.9416 0.076
54318.404207 14.9486 0.075
54318.412388 14.9809 0.076
54318.420584 14.9659 0.075
54129.733883 14.8444 0.083
54129.742824 14.8818 0.084
54129.751806 14.9215 0.085
54129.760791 14.8461 0.083
54301.462508 14.9548 0.075
54301.472338 14.9538 0.075
54301.482194 14.9517 0.075
54301.492027 14.9421 0.075
54256.648677 15.0771 0.081
54256.662287 15.093 0.094
54256.697058 15.3601 0.089
54256.710642 15.5037 0.093
54265.554240 14.8756 0.080
54265.564103 14.92 0.082
54265.573967 14.912 0.081
54265.583847 14.874 0.082
54274.471453 14.9992 0.083
54274.480818 14.9826 0.083
54274.490198 14.9656 0.083
54274.499570 14.9696 0.082
54172.717528 15.1613 0.082
54172.725118 15.2484 0.084
54172.732654 15.34 0.086
54172.753826 15.4 0.088
54190.600232 14.9245 0.085
54190.608787 14.8505 0.083
54190.617315 14.9225 0.085
54190.625932 14.9569 0.085
54231.661171 14.9013 0.085
54231.672042 14.8321 0.084
54231.682926 14.8979 0.085
54231.693783 14.9272 0.086
54236.603554 15.0482 0.090
54236.612587 15.1389 0.092
54236.621614 15.0855 0.091
54236.630633 15.1119 0.091
54245.605419 15.0752 0.089
54245.613965 15.0826 0.089
54245.622525 15.0881 0.090
54245.631076 15.0364 0.089
54345.409228 15.0162 0.077
54347.413430 14.9364 0.076
54347.421608 14.9135 0.076
54347.429791 14.9343 0.083
54347.437958 14.8986 0.083
54586.655732 15.0377 0.071
54586.682351 15.0814 0.096
54586.708986 14.9222 0.083
54707.395885 15.0162 0.150
54707.402433 15.099 0.128
54707.408961 15.0454 0.150
54707.415485 14.8391 0.120
54492.700204 15.1089 0.093
54492.705798 15.0972 0.091
54492.711449 15.1815 0.093
54492.717094 15.1309 0.092
54651.514871 14.8301 0.066
54651.525642 14.8148 0.067
54651.536573 14.8385 0.073
54651.547326 14.8804 0.073
54675.485422 14.8162 0.069
54675.496364 14.8096 0.070
54675.507294 14.8158 0.070
54675.518250 14.8723 0.071
54643.545962 15.4465 0.078
54526.772820 14.8869 0.081
54526.777405 14.8788 0.081
54526.781881 14.9414 0.082
54526.786531 14.8459 0.080
54596.645790 14.879 0.069
54596.656782 14.9023 0.069
54596.667738 14.9105 0.069
54596.678786 14.8914 0.069
54616.620218 15.0653 0.071
54616.625620 15.0428 0.071
54616.631018 15.009 0.070
54616.636410 14.9907 0.070
54940.727255 15.0069 0.068
54940.740528 14.9815 0.068
54940.753662 14.9084 0.068
54940.766755 15.0145 0.068
54947.652376 15.2091 0.084
54947.661874 15.1212 0.082
54947.671267 15.0351 0.080
54947.680561 15.0343 0.080
55045.437530 15.0486 0.082
55045.444541 15.0674 0.083
55045.451570 15.0641 0.082
55045.458607 15.0152 0.081
54860.720767 15.0054 0.080
54860.730069 14.9986 0.079
54860.739463 14.9057 0.078
54860.748782 14.9366 0.078
54993.607200 14.95 0.068
54993.618325 14.9602 0.069
54993.629596 14.9677 0.069
54993.640769 14.9169 0.068
55011.474583 15.1086 0.087
55011.482176 15.1486 0.088
55011.489746 15.1233 0.088
55011.497323 15.1112 0.088
54892.733014 14.996 0.080
54892.742413 15.0579 0.081
54892.751930 15.1599 0.088
54892.761113 15.1015 0.094
54908.728954 14.9699 0.080
54908.737743 14.941 0.080
54908.746388 14.9049 0.079
54908.755064 14.9252 0.079
54919.781329 15.011 0.080
54919.790507 14.9313 0.078
54919.799804 14.9672 0.079
54919.809053 14.9313 0.079
54955.547121 14.8598 0.071
54955.559222 14.8684 0.071
54955.571151 14.8851 0.071
54955.583072 14.9157 0.071
54964.701394 15.1297 0.071
54964.712026 15.1078 0.071
54964.722645 15.1296 0.071
54964.733206 15.1228 0.071
54979.581166 14.8361 0.078
54979.590597 14.8921 0.080
54979.599956 14.844 0.079
54979.609561 14.8896 0.081
55302.698462 15.0494 0.068
55416.462041 14.782 0.068
55416.483665 14.8989 0.068
55247.740014 15.0269 0.088
55216.717415 14.9008 0.082
55216.742685 14.8771 0.081
55395.441555 14.9694 0.082
55395.472504 14.9488 0.081
55353.590552 15.2033 0.098
55353.629529 15.4447 0.106
55365.625613 15.4256 0.083
55365.647382 15.3445 0.081
55274.684651 14.895 0.083
55323.621869 15.3433 0.094
55337.575882 14.8424 0.075
55337.609650 14.866 0.074
55445.380665 15.463 0.085
55445.398802 15.3982 0.084
55655.697257 14.934 0.074
55655.739889 14.9009 0.074
55679.616208 14.9908 0.067
55679.631037 14.9321 0.067
55686.620168 14.8478 0.067
55686.663133 14.8952 0.068
55709.522909 14.9155 0.069
55709.533131 14.9931 0.070
55709.543342 15.0004 0.071
55709.553479 15.0482 0.072
55745.501356 14.9344 0.070
55745.511237 14.9967 0.070
55745.521217 15.0202 0.071
55745.531142 14.9736 0.070
55798.386938 14.9618 0.071
55798.403389 14.9484 0.071
55798.419883 14.897 0.071
55798.436410 14.9003 0.070
56076.653444 14.9425 0.069
56076.662635 14.93 0.069
56076.671912 14.9261 0.069
56076.681165 14.95 0.069
56077.545500 15.1962 0.066
56077.560588 15.0599 0.065
56077.575558 15.0885 0.064
56077.590600 14.9494 0.064
56090.591238 14.8789 0.070
56090.601841 14.9352 0.072
56090.612529 14.9677 0.076
56090.623275 15.0882 0.079
56115.444170 14.8466 0.062
56115.459225 14.8844 0.062
56115.474636 14.8664 0.062
56115.489625 14.9076 0.062
56150.427839 14.9301 0.070
56150.439288 14.9048 0.070
56150.450720 14.8635 0.069
56150.462049 14.9735 0.070
56173.426493 15.1996 0.069
56173.439655 15.3482 0.072
56173.451962 15.2384 0.070
56173.464610 15.5402 0.074
56366.665604 14.8773 0.077
56366.674958 14.8506 0.077
56366.707186 14.8196 0.076
56366.717085 14.8815 0.077
56395.592667 14.9205 0.070
56395.603182 14.9686 0.070
56395.614007 14.9712 0.071
56395.624575 15.0031 0.070
56406.647426 14.9982 0.066
56406.658818 15.0708 0.066
56406.668772 15.038 0.066
56406.678670 15.0671 0.067
56416.590228 14.9721 0.070
56416.600530 14.9722 0.073
56416.611017 14.9839 0.071
56416.621243 14.9591 0.070
56429.648941 14.942 0.065
56429.657394 14.8548 0.065
56429.665885 14.8448 0.065
56429.674445 14.8685 0.065
56446.620236 14.9981 0.067
56446.631005 14.987 0.068
56446.641975 15.0512 0.067
56446.652632 15.0629 0.068
56475.476964 15.0518 0.067
56475.488219 14.8961 0.066
56475.499698 14.8924 0.066
56475.511043 14.9033 0.066
