53593.3690698493 16.78831 0.111080698086193
53593.3826128702 16.98531 0.119270126288003
53593.396418831 17.34813 0.137247606451862
53593.409838854 17.3796 0.138207880877972
53595.4736493632 16.72696 0.159873004592708
53595.4839703936 16.73295 0.160541148609412
53595.4943459837 16.67752 0.1565284627978
53595.5046168749 16.77709 0.16383460916361
53606.4249638426 16.74503 0.100605181489584
53606.4449917129 16.73086 0.100132695459025
53606.4652239466 16.77197 0.101368900126796
53561.5902688657 17.43586 0.18438037673152
53561.5999782872 17.19029 0.163803876497932
53561.6092388774 16.94142 0.14632235210307
53561.6183353704 16.76061 0.135450388083207
53568.4880494561 16.67903 0.147803586590779
53580.5981585649 16.87269 0.138964063958645
53580.6090446296 16.77791 0.133923637709367
53580.6199689354 16.78868 0.134642954087926
53580.6308552199 16.64522 0.127087103128681
53692.4281632986 16.63149 0.165924172159773
53692.4347469678 16.62474 0.165771850361092
53649.4236879863 17.5038 0.249729525007243
53649.4332799308 17.44834 0.242660250725651
53649.4428871527 17.26133 0.227054688767618
53649.4520932638 16.65423 0.2697598807453
53664.4181552893 17.214 0.175656276403209
53664.426343889 16.88829 0.151621929323699
53664.4345093058 16.79224 0.145796528629378
53664.4426909145 16.87597 0.151336439800573
53614.418740243 16.93589 0.131047695031457
53614.4319425233 16.80022 0.123604535961044
53614.4451119908 16.64731 0.116889038047976
53614.4578814351 16.6148 0.116635528511504
53636.4227672916 16.80727 0.117071538361872
53636.4354125116 16.99801 0.129522392530991
53636.4480359837 17.35679 0.165072592967557
53636.4606679281 17.41633 0.169713739730712
53835.7441087964 16.49389 0.094222520022853
53835.758634271 16.82245 0.104179202925736
53835.7732288887 17.0292 0.11188339696708
53835.7879064235 17.36446 0.126895179860909
53851.6640098035 16.7737 0.0890239778511386
53851.6801945255 16.91361 0.0924468779167359
53851.6963476506 17.21373 0.101366621323575
53851.7125739469 17.43288 0.108994819414264
53922.4885408334 16.68914 0.119741714958682
53922.4971017246 16.71184 0.120939133034947
53945.49884419 16.73396 0.120916965100816
53945.5095281596 16.7384 0.121136908876203
53945.5199146643 16.85996 0.126913123458816
53945.5310462155 16.90634 0.129129325238745
53805.7602024192 16.72134 0.140338885102712
53805.7661468751 16.76968 0.143087243365516
53805.772087847 16.70469 0.13842892269098
53805.7780109953 16.72472 0.138773558750694
54017.4650476507 16.89481 0.156843966444003
54017.4731721526 17.12905 0.174881786423101
54017.4813158565 17.53602 0.21332317940316
54017.4894626966 17.53913 0.214025040500316
54029.4048689236 16.937459 0.132659459846676
54029.4146842244 16.81905 0.124221751892961
54029.4244969906 16.65928 0.116829184652216
53990.4837038658 17.58395 0.213341563120277
53990.4922264122 17.28319 0.184449239105457
53990.5007285878 17.08935 0.168810873571324
53990.5092261342 16.8531 0.151980067854083
54209.7281313889 17.17448 0.19183474933689
54209.7386814353 17.45035 0.218632519974743
54209.7492799886 17.53105 0.228270861750023
54209.7599307407 17.1782 0.19156099464481
54316.5028135997 16.67624 0.219411091186547
54316.5107604281 16.13784 0.458016495381972
54316.5196458331 16.1443 0.331974972569454
54316.526768102 16.77295 0.14909254115165
54296.5412622456 16.85656 0.112230318278578
54296.5496844443 16.82782 0.110977604782698
54296.5585753935 16.76704 0.108586290681446
54296.5680032986 16.69557 0.105838144529688
54262.6045750232 16.73924 0.158916451370971
54262.6130870368 16.73225 0.158551748633763
54262.6216852778 16.69402 0.155891228040493
54262.6303320254 16.64995 0.15324268090098
54274.6605440627 16.75734 0.145584094893197
54177.7793833564 16.74522 0.162025460181673
54177.7832542129 16.7282 0.16108131528617
54177.7871431365 17.03498 0.188520468492001
54178.757176493 16.86066 0.183515484203155
54178.7641614817 16.80083 0.183753120036732
54178.7711473956 16.55524 0.156104781650526
54178.7780925694 16.52878 0.152186930689439
54186.7297889932 16.97788 0.173115506646896
54186.7378633797 17.23474 0.194071789152395
54186.7459225926 17.45913 0.216251839970795
54186.7542359952 17.413 0.21117140099657
54423.4209143055 16.42646 0.207250559661279
54423.4244865511 16.69601 0.204268927001066
54423.4280607637 16.89482 0.226587136575184
54377.4367311575 16.80359 0.153522966937264
54377.4461823266 16.77882 0.151785944277623
54377.4556205325 16.71795 0.148038830414082
54377.4650350117 16.717 0.148562298515397
54346.4020891897 16.88929 0.129926746227582
54346.4109938196 16.86525 0.128614531095224
54346.4201108334 16.66592 0.119033715496172
54346.4299132987 16.70957 0.121040327553393
54652.5946336111 16.56757 0.14194013619772
54652.60431419 16.51021 0.152329359047239
54652.6136045835 16.29376 0.202112807888814
54675.5572743751 17.01879 0.13581436823467
54675.5686324537 16.88061 0.122048650359962
54675.5796847222 16.28093 0.587030545756128
54675.6236797916 16.74073 0.136953147154645
54534.7739832985 17.38622 0.202609895064078
54534.7780564932 17.26196 0.190261962022308
54534.7821431017 17.22961 0.186818309886136
54534.7862762498 17.05593 0.17170543052579
54594.6331162845 17.07482 0.145473273013672
54594.6404480554 17.26911 0.158047444664398
54594.6477837499 17.54823 0.179019398864914
54594.6551788311 17.57448 0.180805650774421
54773.4112332754 17.38894 0.188681127824993
54773.4328086457 16.94627 0.154882951065399
54773.4486650347 16.53967 0.139164087168579
54773.4563787502 16.49533 0.131501934205545
54792.4287001851 16.62232 0.144646908507316
54792.4320540276 16.89344 0.164189455722224
54792.4354166553 16.78175 0.157676258953611
54792.4387743056 16.73037 0.155614518418909
54742.3956765162 17.44081 0.18354936879507
54742.4034586457 17.16252 0.161547321325123
54742.4111676157 16.92388 0.145690169880439
54742.4189152547 16.78879 0.137687672184826
54757.3945218289 16.83368 0.145448128776512
54757.403435243 16.76248 0.14099188934834
54757.4123470487 16.68922 0.136848848944921
54757.4212986572 16.62432 0.133607819435788
54729.4076189815 17.32408 0.178061265260164
54729.4153493752 17.53394 0.196283279892739
54729.4229951502 17.41155 0.184852616813737
54729.4305999537 17.28765 0.173929702102189
54925.7465843403 16.82122 0.107293616602118
54925.7563665391 16.7092 0.102744559561596
54925.7661894791 17.713405 0.42371202206331
54925.7760344211 16.52161 0.0971805950136862
55060.4592158683 17.05577 0.126010591081519
55060.4658998032 16.99558 0.123211357044827
55060.473145104 16.88797 0.118109331569138
55060.4802473378 16.86467 0.117006990351931
55032.6429014701 17.29655 0.176999901970325
55032.6505640276 17.16592 0.166782942180294
55032.6581836456 16.97779 0.153688336337308
55032.6658868288 16.93004 0.150668200427049
55032.6736366667 16.8563 0.146219707694041
55043.6592049191 16.71311 0.141347542221866
55043.6665614468 16.75868 0.144587840012641
55043.6739186688 16.67073 0.139744695548895
55043.6812760184 16.83815 0.149010095623418
55043.6886216664 16.61533 0.135864996729672
55007.5135766204 17.22024 0.174336949660253
55007.5217859607 17.02024 0.158627205530153
55007.5299584956 16.68898 0.15102403893153
55007.5381253703 16.68967 0.137300297883465
54952.7262176272 16.88624 0.142189016976125
54952.7349846178 16.84224 0.146631873649431
54952.7440766321 16.76089 0.139275203969906
54952.7534926158 16.73666 0.13230560404007
55126.4112530323 16.71593 0.111894054600787
55126.4207707639 16.48005 0.102936959830576
55084.4676613427 16.77893 0.13550050632646
55084.4761338887 16.92684 0.144445449751601
55084.4846100231 17.09051 0.155307674678493
55084.4931306133 17.25342 0.166603445975119
55414.4976633334 16.95064 0.112284382529747
55414.5245588192 16.80239 0.106301129576569
55397.4887143751 17.68935 0.173656864624836
55397.5272414237 16.82952 0.120664451894892
55353.7603145023 17.4581 0.202516396373802
55353.8066561227 16.73383 0.148616647112114
55273.7576743864 16.77243 0.151803557712021
55324.6240383449 17.52491 0.210586739225277
55324.6515620948 17.04447 0.166189892286322
55445.4459784492 16.77293 0.120370544371499
55468.3997012268 16.81381 0.105115959952607
55468.4294879514 16.6764 0.100445418290858
55663.6839274308 17.59389 0.173264273132908
55663.7173374998 16.79854 0.122282279278195
55684.6197649188 16.70955 0.110000415384984
55684.6368704283 16.83171 0.112901374946913
55709.5795498959 16.75946 0.108584734754945
55709.5880550927 16.41378 0.0965449620898569
55709.5966199998 16.60238 0.102634503958853
55709.6051677892 16.69132 0.105772939703404
53568.5158054514 16.93501 0.164027131138728
53568.5225594097 17.15215 0.181923966336088
53568.529324942 17.32719 0.196905929985597
53568.5363192942 17.45096 0.208571613612821
54029.436728588 16.85226 0.152699542486094
54029.4444543521 16.47348 0.130005580437894
54029.4521966667 16.7086 0.143760428108032
54029.4599481133 16.64585 0.140233344951861
55007.5511162616 16.67651 0.114408190534326
55735.6949071296 16.82664 0.110518787161226
55735.7047634142 16.75176 0.108007302783415
55735.7148546645 16.97354 0.118100395843604
55735.7247854861 17.1411 0.129344610044812
55769.5958076854 16.81735 0.10121802976258
55769.6085915047 16.71618 0.0980090123640496
55769.6213622571 16.725 0.0982968558331759
55769.6341599653 16.73623 0.098682771686553
55830.4202971528 17.00709 0.12951915238988
55830.4332723031 16.88366 0.122187069308738
55830.4464318287 16.76848 0.117175126816532
55830.4595731944 16.76973 0.124450548422482
56063.5879338196 17.00838 0.114045102898734
56063.6004722569 16.80082 0.105638947603846
56063.6111826271 16.72817 0.102783391144488
56063.6218929979 16.73439 0.10259713571252
56124.6151976966 16.78227 0.10081269024373
56124.6281329168 16.95908 0.107169843123971
56124.6410264697 17.22557 0.118131688663471
56124.6541336806 17.62084 0.138320320370672
56160.3891223497 16.76925 0.109204850840419
56160.3926635762 16.6873 0.14328178989692
56160.3962919558 16.79762 0.125371529650153
56160.3999135071 16.71882 0.131299676459696
56184.4547384608 16.80598 0.0977510296609642
56184.4659950345 16.76742 0.0966414926350064
56184.4773334259 16.64165 0.0929973370356775
56184.4886200808 16.74139 0.0960009687009737
56242.4310601622 17.06687 0.112496311229631
56242.4396374536 17.47264 0.132098529265975
56242.4481187964 17.55745 0.137548557648489
56242.4566252547 17.4815 0.134515159915474
56383.7393909954 17.00723 0.119056807057229
56383.7472678009 17.15777 0.125874208480674
56383.7550972686 17.26952 0.131488182837491
56383.7629399304 17.47294 0.142733877303667
56408.6869098149 16.70335 0.0850600394749522
56408.7021616781 16.74279 0.085813362839986
56408.71735706 16.73339 0.0855504306050866
56408.7325775465 16.94389 0.0906638313445036
56451.7039872919 16.96282 0.105799278125512
56451.7162420488 16.91926 0.10454011805287
56451.7284522456 16.7733 0.099740050208271
56451.7405823496 16.76878 0.0997010835704425
