53594.7852791666 18.289666 0.32731362043252
53594.7937134953 18.219888 0.314499017319598
53594.8025884029 18.234769 0.316524765079981
53594.8115880673 18.143624 0.301139623833664
53731.5815320487 18.214832 0.292076931691481
53731.590509942 18.80893 0.40607899579887
53731.5995057869 19.092497 0.480551096075861
53731.6085043751 18.985832 0.45384600334053
53701.7014653009 18.341259 0.311185182005373
53701.7096544329 18.179061 0.286250314530143
53701.717933993 18.146395 0.282248188731572
53701.7261093517 18.208756 0.29245870291701
53670.7169068867 18.158308 0.3073607664496
53670.7255672339 18.22369 0.318649819103091
53670.734194514 18.573737 0.386263542589711
53670.7429004052 18.616819 0.397476639411784
53618.7933860067 18.767641 0.339740229221412
53618.798143426 18.53768 0.30010352261244
53618.8029797454 18.722229 0.331562089641749
53618.8076693867 18.552835 0.299640649207774
53642.7573107407 18.058607 0.163965434948968
53642.76268978 18.135238 0.170009660718947
53642.7680776157 18.23554 0.178122559904943
53642.7734116204 18.275033 0.181770604454799
53949.7806949653 18.619429 0.272864368805057
53949.7905106135 19.013699 0.33590056758941
53949.8003396876 18.543509 0.260837024881857
53949.8101514005 18.383721 0.239517554146322
54090.6444699536 18.591742 0.294438377469431
54090.6580869099 18.646974 0.305879522506451
54090.6717123147 18.827746 0.35188914496777
54090.6853203471 18.34735 0.268450528471456
54097.5330841319 18.224358 0.292267642275668
54097.5416801853 18.39723 0.319573197163811
54097.5502284259 18.470962 0.335119025330578
54097.5587249307 18.52366 0.346244850291403
53764.5163410995 18.755373 0.304903449039623
53764.5251293983 18.813799 0.313500045098847
53764.533905081 18.846935 0.321821044118079
53764.5427029859 18.735083 0.303829434697134
53817.4200135648 18.501358 0.287152458948982
53817.4268426156 18.312154 0.260598763539602
53817.4337032523 18.224244 0.249789346203241
53817.4405391204 18.556288 0.298721083065875
54059.6490970254 18.812729 0.316164545459042
54059.6640082407 18.422021 0.256063316370498
54059.6789015047 18.426954 0.258350821035264
54059.6938163079 18.458628 0.264455428255566
54067.5338040508 18.440838 0.344700667005386
54067.5443498266 18.515451 0.35661347921498
54067.5548942128 18.170286 0.297256701134327
54067.5653947337 18.538953 0.362401932623682
54022.6785554976 18.587056 0.343479281583937
54022.6851814465 18.23536 0.283593015988617
54022.6924178355 18.404897 0.311299762346314
54022.6996980902 18.528798 0.333361904143323
54031.7039271297 18.380809 0.300672096691365
54031.7104118752 18.167515 0.268748137472691
54031.7168908219 18.334947 0.293419524714409
54031.7233908332 18.628419 0.344777417480474
54039.5791425809 18.410352 0.324050512758201
54039.5898682062 18.482632 0.336472221849143
54039.6007985996 18.654499 0.369858997857967
54039.6122197455 18.203022 0.289120639139222
54007.6465220141 18.996131 0.4261886793117
54007.6550967592 18.910594 0.40462949332355
54007.6636563425 18.891376 0.39793497929353
54007.6722478705 18.786223 0.374913937612275
54200.3793883451 18.549825 0.374622627689266
54200.3878937617 18.540031 0.364900521121593
54200.3964466319 18.773592 0.460055744669789
54200.4049963888 18.337455 0.331082257825344
54441.5784456249 18.671318 0.242769927907504
54441.5838380785 18.731205 0.250722099490451
54441.5892378239 18.701795 0.246332657454546
54441.5946322455 18.350107 0.206351430671115
54172.429066794 18.484968 0.269121538328822
54172.4372378355 18.656937 0.295270756649306
54172.445418125 18.750357 0.311816850707048
54172.4535897337 19.11685 0.382306103172676
54412.6722802428 18.529021 0.341221925379565
54412.6816991206 18.416216 0.32731362043252
54412.6910822337 17.962853 0.274993870212713
54412.7005300579 18.305829 0.357121243851164
54391.6785464931 18.723046 0.373752499413791
54391.689624109 18.590346 0.346868026034586
54391.6985236343 18.172901 0.278117246836801
54391.707139942 18.439395 0.321631976840679
54361.6586142709 18.821079 0.304311378459477
54361.666903588 18.585171 0.267637117739518
54361.6751135071 18.839034 0.30615226623509
54361.683367176 19.057965 0.343783470805965
54829.5206266086 18.439561 0.199018728805771
54829.5313898612 18.392093 0.194850328207973
54829.5419635417 18.597521 0.21539405827478
54829.5526164932 18.720749 0.229253857196494
54513.4604329863 18.544977 0.362844580264892
54473.5846529744 18.297566 0.298365697923081
54473.5925892709 18.368863 0.310785141964728
54473.6005142244 18.258738 0.295763614439212
54488.465736609 18.57884 0.280540358920794
54488.47698669 18.491944 0.267895136912674
54488.4882128127 18.285849 0.241086694861041
54488.4994355785 18.235958 0.235464632822544
54529.4394127894 19.182201 0.375889558057979
54529.4475886808 18.821194 0.309593843005856
54529.4557428127 18.686797 0.28930573943916
54529.463925764 18.733678 0.298112597028952
54799.668990463 18.468989 0.233029896869177
54799.6787343519 18.134391 0.197506284342526
54799.6884982754 18.441889 0.231118073824853
54799.698288009 18.086788 0.194685579926494
54769.560521146 18.444563 0.31038656649814
54769.5697689584 18.32748 0.285936518245127
54769.5789359721 18.469932 0.30785914160994
54769.5883341433 18.996129 0.405715269180021
54719.761567766 18.19954 0.237876034858941
54719.7702554862 18.201289 0.237695758957638
54719.778939028 18.308838 0.251268550691762
54719.7873202545 18.186897 0.23599121423455
55055.7670588309 18.447511 0.297809696435704
55055.7770865277 18.170158 0.254910362197601
55055.7871631828 18.148344 0.251299016770548
55055.7972684374 18.170548 0.254087320403014
55177.6694492477 18.466666 0.190071485261131
55177.6826532291 18.523481 0.196058443078808
55177.6958265392 18.623317 0.206633148262637
55177.7089192824 18.973893 0.248013467097414
54863.5228802084 18.351534 0.337913583944479
54863.5312823841 18.757734 0.337190710783169
54863.5396871065 18.323813 0.291744090175532
54863.548090324 18.703923 0.348439993132689
54882.4285525233 18.51113 0.232571434405561
54882.4349643518 18.867885 0.280455759652355
54882.4413823034 18.732954 0.262072727549747
54882.4478007178 18.640553 0.250269454836066
54899.401875278 18.661906 0.252588671820861
54899.4082835186 19.348768 0.366898005359593
54899.4147010068 19.549011 0.41151932070053
54899.4217385533 18.858507 0.483461593257266
54911.4291081481 18.176947 0.254213419027347
54911.4341474536 18.479836 0.298975691647655
54911.4392059838 18.36016 0.280118138353642
54911.4442475002 18.287261 0.270935588458007
55152.5870400927 19.120474 0.257395715944673
55152.6009384374 18.700716 0.207553052402541
55152.614214178 18.470356 0.185844533852578
55152.6273377085 18.399158 0.179804803227894
55127.6438606946 18.647828 0.429979362151044
55127.6525716783 18.551013 0.336043211098535
55127.661924815 18.511873 0.29404901896114
55127.6716011112 18.311816 0.258849035925694
55097.7538511112 18.035892 0.236622843265818
55097.7623483103 18.386342 0.286115700915179
55097.7706835882 18.41813 0.29512337167165
55097.7789597224 18.629132 0.332389326251955
55439.6983888312 17.926955 0.189378380822448
55439.7118575233 18.417254 0.241679890691928
55439.7253450695 19.005995 0.328444667457359
55439.7387998612 18.819094 0.296856404376179
55541.6449679166 18.760958 0.351645354601928
55541.6749292479 18.197965 0.262592803035641
55205.5444781366 18.202069 0.203142374587021
55205.5699945139 18.424933 0.229808241484592
55266.4167881715 18.64621 0.271856334854601
55485.7279508448 18.225035 0.17777614653578
55485.7534329629 18.414602 0.196735481081639
55584.4749726504 18.278867 0.219733020640999
55584.5033856831 18.191068 0.209138642253952
55649.4218863887 18.707814 0.3073607664496
55649.4396806019 18.471086 0.249969061318877
55852.5751815625 18.371701 0.224573463192526
55852.5859949421 18.298962 0.215850199505263
55852.596792338 18.330117 0.21796079621756
55852.6075730785 18.652271 0.256321673816629
55919.5915746413 18.702557 0.225704757226932
55919.6057195257 18.269369 0.184208603031321
55919.620080266 18.407027 0.197105385662793
55919.6342796645 18.214781 0.180591146530855
56010.4288103239 18.373278 0.179825906759697
56010.4371449075 18.293839 0.173628723509145
56010.4455032175 18.203154 0.167292399441929
56010.4539149998 18.612069 0.206633148262637
56219.7019257409 19.287104 0.281904165579007
56219.7164370719 18.708767 0.209069656428645
56219.7307456018 18.123158 0.158496960057319
56219.7450037965 18.643347 0.200871861741412
56300.514015081 18.378537 0.25396141010479
56300.5202018983 18.167304 0.229507441779811
56300.5262663659 18.168509 0.227188835445367
56300.5323664929 18.047315 0.214025040500316
56375.4318454978 18.323075 0.200298069887375
56375.4414134608 18.185972 0.187931125604268
56375.4509339584 18.469466 0.217101029600392
56375.4607321294 18.557121 0.227390496966052
