55891.513709 17.6269 0.161
56243.475204 17.7859 0.161
55765.758351 17.9811 0.165
56165.656894 17.7912 0.135
55830.661237 17.5153 0.132
55830.639897 17.5507 0.135
55891.501737 17.791 0.175
56146.729675 17.5654 0.135
55830.650560 17.5801 0.138
56067.765511 17.8823 0.173
56067.776303 18.0403 0.186
56146.695205 17.5303 0.133
56067.743652 17.7858 0.167
56165.622859 17.6405 0.126
55891.525587 18.0085 0.195
55830.671924 17.6543 0.139
56243.487995 17.8192 0.163
56243.511815 17.7549 0.161
56146.718276 17.5648 0.135
56243.499873 17.9716 0.176
56165.634190 17.6535 0.126
56146.706803 17.583 0.137
55891.489880 17.8168 0.173
56067.754747 18.0119 0.184
56165.645518 17.638 0.128
53670.458019 17.7931 0.256
53876.763268 17.604 0.188
53876.818897 17.7698 0.218
53877.783180 17.931 0.215
53627.476670 17.7997 0.195
53627.466873 17.8031 0.196
53876.781603 17.8719 0.225
53876.827331 17.8065 0.201
53592.683998 18.0323 0.281
53877.791054 17.7972 0.200
53609.726932 17.5485 0.227
53609.701189 17.6071 0.232
53877.775234 17.8368 0.205
53609.709776 17.6459 0.237
53592.731032 18.1694 0.303
53643.495746 17.7382 0.256
53643.485443 17.6084 0.239
53876.754112 17.8181 0.208
53627.457049 17.8213 0.199
53592.715403 17.9746 0.274
53592.699980 17.8753 0.260
53670.466931 17.8255 0.260
53609.718341 17.616 0.233
53876.772507 17.8282 0.254
53876.802211 18.0398 0.349
53643.466787 17.5666 0.235
53728.485085 17.7557 0.254
53728.500359 17.6598 0.255
53876.810542 17.9723 0.265
53670.448996 17.6161 0.234
53670.439547 17.8783 0.267
53643.475978 17.573 0.276
53627.486498 18.0117 0.216
53728.495281 18.0331 0.305
53889.790084 17.9064 0.174
54006.653681 17.8426 0.229
54006.644292 17.8979 0.234
53972.720766 17.6179 0.197
53877.799021 18.0305 0.225
53990.712930 17.7721 0.223
53946.672718 17.8396 0.181
53946.658643 17.878 0.184
53990.730527 17.7429 0.223
53962.720884 18.0721 0.201
54006.663020 17.9064 0.237
53962.707190 18.1221 0.205
54006.634897 17.7346 0.215
54017.531346 17.9021 0.231
53972.697405 17.8111 0.218
53972.709085 17.8009 0.217
53962.734627 18.5181 0.251
53962.748401 18.0674 0.201
53889.779407 17.9602 0.179
53972.685758 17.8682 0.223
53946.631220 17.9877 0.194
53889.768798 17.8148 0.167
53990.704210 17.862 0.232
53889.800967 18.0719 0.187
53990.721742 18.0222 0.255
54017.522814 17.8227 0.223
53946.644740 18.0064 0.196
54719.516668 17.9131 0.166
54730.518465 17.6889 0.187
54617.796583 17.7448 0.149
54747.520184 17.95 0.169
54704.625084 17.706 0.150
54704.634465 17.8063 0.157
54617.803523 17.7326 0.148
54730.527071 17.5646 0.177
54647.807471 17.6445 0.144
54730.535904 17.7026 0.189
54704.605204 17.7558 0.154
54719.506620 17.8085 0.158
54747.493305 18.3746 0.208
54680.787088 18.0701 0.187
54704.615312 17.7071 0.150
54647.766136 17.665 0.147
54719.521688 17.7963 0.157
54719.511637 17.9669 0.169
54680.747799 17.937 0.175
54680.760895 17.9567 0.176
54747.508646 18.7324 0.249
54617.810540 17.5328 0.137
54680.773985 17.9252 0.174
54730.544861 17.6472 0.183
54617.817682 17.8026 0.153
54647.780566 17.6247 0.143
54647.794126 17.5496 0.139
54847.453565 17.5827 0.188
54979.820465 17.6408 0.154
54763.611144 18.1513 0.205
54782.499844 18.1366 0.198
54847.443509 17.591 0.186
55045.694133 17.8306 0.170
54782.511053 18.1006 0.196
54763.593646 17.9693 0.187
54847.450213 17.7803 0.206
54747.531509 18.4719 0.218
55098.616700 17.777 0.202
54979.796279 17.7637 0.164
54763.602419 18.1728 0.207
55090.538233 17.6328 0.155
55045.683089 17.7985 0.168
54847.446862 17.5376 0.183
54782.522341 17.567 0.154
55044.811632 18.2301 0.209
55090.518039 17.5587 0.150
54782.533605 17.7562 0.168
54979.784562 17.9296 0.176
54979.808246 17.7567 0.162
55045.657085 17.7716 0.167
54763.619868 18.1891 0.210
55044.802042 18.2058 0.207
55090.529732 17.6592 0.156
55044.792498 18.0404 0.191
55044.821255 17.8328 0.175
55045.671233 17.7347 0.163
54361.584841 17.6118 0.164
54431.467667 17.8197 0.228
54473.465555 17.7253 0.236
54361.566354 17.5736 0.162
54413.513193 18.0216 0.255
54473.460472 17.6169 0.221
54324.626037 17.8247 0.177
54413.504627 17.8921 0.238
54473.463025 17.6108 0.222
54324.615352 17.9401 0.188
54377.544528 17.9455 0.244
54361.556980 17.5161 0.157
54431.474528 17.9373 0.242
54347.787449 17.6454 0.173
54347.765707 17.6361 0.176
54390.555118 17.8881 0.164
54361.575574 17.4826 0.155
54431.488257 17.8306 0.230
54473.457901 17.7032 0.231
54390.576194 17.9516 0.168
54390.565643 18.1728 0.188
54377.574522 17.8265 0.230
54377.564572 18.046 0.258
54413.496079 17.9132 0.240
54431.481367 17.8931 0.237
54413.521741 17.9624 0.248
54390.586719 17.7839 0.156
54347.754846 17.8071 0.183
54347.776572 18.0756 0.211
54111.462504 17.7956 0.260
54246.781482 17.9941 0.268
54297.751245 17.5894 0.159
54047.479832 17.8653 0.234
54047.490078 17.5487 0.201
54078.441783 17.9783 0.240
54058.458925 17.8388 0.299
54032.489511 17.9641 0.250
54017.539860 17.8464 0.226
54297.715093 17.5646 0.158
54047.469575 17.927 0.242
54246.764287 17.9346 0.263
54032.478868 17.9413 0.290
54047.459296 17.8092 0.228
54032.464363 17.8852 0.306
54297.739280 17.6023 0.160
54078.463470 17.8165 0.212
54246.772943 17.7463 0.237
54017.548380 18.0654 0.252
54324.604872 18.014 0.195
54297.727194 17.6813 0.166
54058.465779 17.8357 0.237
54078.430920 18.0029 0.252
54324.594509 17.9206 0.186
54058.452068 17.745 0.242
54111.454765 17.8526 0.264
54111.439287 17.354 0.201
54078.452629 17.9355 0.226
54111.447023 17.9536 0.277
54032.453171 17.9208 0.444
54246.755756 17.9291 0.262
54058.445217 17.7712 0.266
55174.451961 17.8657 0.170
55126.528620 17.7427 0.156
55765.719291 17.9227 0.160
55112.667911 17.7334 0.175
55738.793030 17.9047 0.159
55174.445488 17.8857 0.171
55098.625902 17.6162 0.188
55486.455278 17.7079 0.148
55542.499646 17.9791 0.250
55174.458467 17.9386 0.176
55486.423605 17.5901 0.139
55542.482438 18.0447 0.260
55112.679131 17.9458 0.194
55126.549815 17.8399 0.164
55112.656586 17.7593 0.176
55738.748669 17.8874 0.160
55456.615781 18.6629 0.294
55126.539224 17.6726 0.159
55765.732435 17.8948 0.160
55174.464821 17.9517 0.178
55098.635151 17.8597 0.211
55112.690375 18.012 0.201
55738.763258 17.935 0.164
55738.777820 17.9777 0.163
55126.560412 17.7826 0.161
55765.745441 17.9276 0.159
