53708.6863871642 16.775513 0.106809558886684
53708.6949272455 16.721062 0.104640150109877
53708.7035783447 16.79338 0.107010177422362
53708.7124317132 16.706754 0.103673014947342
53724.6570619559 16.825846 0.0936135723293782
53724.6691427082 16.78636 0.0920883846835908
53724.6812245832 16.752296 0.0909594566542148
53724.6933310302 16.79341 0.0919662579019469
53693.712865729 16.954076 0.115580712245864
53693.7193071294 16.82405 0.109772142322681
53693.725769919 16.90552 0.112354832624159
53693.732226933 16.934404 0.113450091837183
53850.5293593633 16.992015 0.0815915211975873
53850.5433223148 17.00314 0.0840503305437774
53850.5573127548 16.91262 0.0800987461470144
53850.5712824537 16.913685 0.0805108118607553
54084.6349161919 17.040154 0.10964983489855
54084.6432596874 16.933348 0.0985669227930605
54084.6516195024 16.979762 0.0998245530540255
54084.6599659952 16.905063 0.0970739928678968
53758.6573450693 16.818394 0.109808132270719
53758.6704789933 16.695201 0.104007927396503
53758.6822155902 16.846909 0.109358723766911
53758.6943417361 16.78586 0.107813303171254
53923.4026777316 16.895126 0.0922320598718131
53923.4092241437 16.877407 0.0919493823733495
53923.4157741088 16.848349 0.0913150561721966
53923.4223190509 17.033583 0.0993071136284507
53892.4228470602 16.894025 0.0999860575143201
53892.4327735418 16.978501 0.103140916602957
53892.4426574075 16.97643 0.10281985834121
53892.4525139003 16.86677 0.0993474183910074
53812.6959464122 16.901702 0.0877928656464004
53812.7046360648 16.958781 0.0895992772062991
53812.7133398494 16.98971 0.090589576817878
53812.7220017361 17.948644 0.126502928659796
53812.7220017361 17.363944 0.102215076748764
53821.600383368 16.750691 0.0939991858750817
53821.6089059144 16.796073 0.0953674383810582
53821.6173759724 16.794415 0.0953708267021604
53821.625850185 16.789806 0.0953048866267997
53858.4862403704 16.921199 0.1001133700454
53858.4964816204 17.821904 0.140299275453875
53858.4964816204 17.671204 0.131868365899927
53858.506728646 16.952345 0.101425892768074
53858.5169931596 16.932907 0.100876006169248
53874.4036296645 16.648856 0.141302338147124
53874.408753588 16.796329 0.117490389824959
53874.4138841435 17.970368 0.203615951484244
53874.4138841435 17.689568 0.178081690986055
53874.4190251736 16.829738 0.12058887123471
53879.4295688425 16.916462 0.0873267549809349
53879.440403854 16.896894 0.0868688586658417
53879.4512635996 17.711121 0.112781587688291
53879.4512635996 17.733321 0.113696398949585
53879.4621312153 16.963198 0.0886268225001471
53886.3998906366 16.771888 0.0845497985158381
53886.4107871414 16.782785 0.0848329896690997
53886.4216676969 16.846977 0.0864839923676853
53886.4325601966 16.867962 0.087057849660107
54196.5352701388 16.779224 0.108081979264067
54196.5454312965 16.743509 0.107141932810838
54196.5555964929 16.858966 0.112126110987358
54196.5658066088 16.838628 0.111246519751853
54207.4821517478 16.87971 0.110359307295873
54207.4906416551 16.859526 0.109528124402287
54207.4991258794 16.863309 0.10967587849848
54207.5075980785 16.855741 0.109333013838566
54153.6434633331 16.66694 0.0902619199343609
54153.6570787961 16.71662 0.0906625277559266
54153.6706707524 16.726331 0.0910199960134213
54153.6842887616 16.734348 0.0914593607270853
54114.7085748959 16.826383 0.111641174315369
54114.7143862268 16.843903 0.112770556120434
54131.6229484604 16.956646 0.114020047550095
54131.6328914237 17.097029 0.11990300910613
54131.6431687848 16.941804 0.113656458671133
54131.6523963424 16.864488 0.110738664529446
54291.3896795257 16.72406 0.100739609675355
54291.3947908335 16.710572 0.100334515587172
54291.3998896295 16.657 0.0987138436488915
54291.4049726968 16.697438 0.100130547898085
54169.6187147802 16.661923 0.101032322195375
54169.6272100114 16.656481 0.100849322046828
54169.6357451735 16.647878 0.100708681374357
54186.5577558448 16.827095 0.107184544717583
54186.5684055557 16.685139 0.102133561873203
54186.5790760994 16.874334 0.109184086063742
54186.5897197916 16.840019 0.107981448439815
54228.4421863658 16.783396 0.112228516307015
54228.4504163312 16.802485 0.10854892232861
54228.4586262731 16.857672 0.116792900936638
54228.4668380558 17.728232 0.260734828622716
54228.4668380558 17.644232 0.249610021533416
54236.472136574 16.850812 0.112450882186966
54236.4785465395 16.852386 0.112846020588651
54236.4849690047 16.862187 0.12721670262199
54236.491368449 16.781705 0.115556230528041
54247.4574085997 16.815226 0.109445702244481
54247.4702348841 16.848206 0.111104815778551
54247.4830699886 17.801386 0.164367886296496
54247.4830699886 17.409086 0.138647099243454
54247.4960403821 16.783938 0.10928166593646
54424.6958105207 16.734985 0.106123272725898
54424.7049062384 16.775701 0.10751922632045
54424.7140761457 16.640152 0.10182561849093
54424.7272603239 16.728255 0.103996385294218
54809.659328669 16.673315 0.0984705533515194
54809.6668942363 16.576459 0.0932668828412863
54809.6744477662 16.709594 0.0971917514022584
54809.6820207407 16.760682 0.0985758889536241
54501.65765581 16.731329 0.0955102160534364
54501.6696060416 16.694278 0.101611589329375
54501.6804531133 16.779677 0.115306537925953
54511.6616141087 16.704066 0.0794689767264337
54511.6766336573 16.713771 0.0796923965772984
54511.691563866 16.709117 0.079743731005803
54511.706447882 16.700496 0.0796945707779039
54521.6061602198 16.867201 0.0935335712824112
54521.617250463 16.879371 0.0937956354767097
54521.6282027429 16.951457 0.0959415528011577
54521.6391052431 16.953756 0.0950817183907055
54472.7011270137 16.774874 0.0920099274485436
54472.7117696758 16.820884 0.0929259313439616
54472.7225822453 16.811393 0.0931327368814621
54472.732766435 16.851368 0.0993102115983669
54528.5888978935 16.850461 0.0833193754309747
54528.6026206364 16.857464 0.0834725576853828
54528.6164424651 16.865126 0.0833222280533137
54528.6296389237 16.814556 0.0826585636021629
54535.5754100463 16.703246 0.0995657933018091
54535.584030972 16.73642 0.100810469851476
54535.5925984375 16.641391 0.0976784690293492
54535.6011464467 16.627289 0.0974953794656261
54589.5183277661 16.825761 0.0835729781937389
54598.4294771298 16.974747 0.096967962486241
54598.4386524769 16.989599 0.0975123847934744
54598.4477346527 16.981509 0.0975171109409402
54598.4569005209 16.78262 0.0917286715197818
54617.4671419212 16.768504 0.080940854625299
54617.4737016666 16.724746 0.0802243846500797
54617.4801846761 16.703117 0.0798803891994139
54617.486713287 16.663885 0.0792476731471354
54936.5116738311 16.71665 0.0924064461477239
54936.5211068286 16.76407 0.0937979717558418
54936.5305337037 16.779942 0.094361672344968
54936.5399594099 16.718145 0.0925825564446525
54947.4657299306 16.79157 0.0958571141165529
54947.4767919329 16.770461 0.0976803746638341
54947.4878760415 16.697856 0.118466909522669
54866.5390985995 16.755795 0.0846535675086166
54866.547764109 16.726307 0.0837738689031156
54866.5563851618 17.588253 0.109139421929478
54866.5563851618 17.733353 0.115023089951379
54866.5651996294 16.778463 0.0846477592415556
54882.6265350347 16.930101 0.0888455567780764
54882.6395929512 16.899005 0.0881367531364229
54882.6524768979 16.919711 0.0885173964002676
54882.6654639701 16.980983 0.0902472603170295
54839.6592475462 16.759691 0.0943039660081113
54839.6696912271 16.958501 0.100454141773156
54839.6801996181 16.959204 0.100346448834188
54839.6950655786 16.891861 0.0963319431262029
55032.3873971875 16.79893 0.100503275460015
55032.3911670024 16.838598 0.101993685421167
55032.3949369329 16.859288 0.102834464450531
55032.3987038659 16.918788 0.105196902414384
54999.4455358451 16.732777 0.0870363880546494
54999.4584552082 16.703639 0.0870243628075336
54999.4713824419 16.757166 0.0899342156486117
54999.4842674304 16.733128 0.0913911442994611
54894.7107831827 16.888384 0.0876236582319768
54894.7215684373 16.859606 0.0871988596532407
54894.7322860882 16.816768 0.0867389917214029
54894.7430672916 16.894411 0.0896902407975214
54905.602746794 16.903574 0.119503790314103
54905.6134600579 17.004571 0.124362135945808
54905.6241700696 16.922924 0.120426186068022
54905.6349010416 16.913585 0.121164205943993
54913.640449236 16.898187 0.0806562700450654
54913.6456347339 16.889021 0.0805492635833373
54913.6508418749 16.84664 0.079698918780503
54919.5619638773 16.986796 0.100495625483993
54919.5704207869 16.86885 0.0967375936554429
54919.5788510881 16.886692 0.0973092796997194
54919.58727919 16.889898 0.0977156721818607
54963.4252906828 16.848996 0.0868916447381628
54963.4360313774 16.840614 0.0868001816377151
54963.4467662731 16.860246 0.0873262216279986
54963.4574927199 16.905389 0.0884360919817219
54978.4445111111 16.614816 0.0945407341744721
54978.4529513658 16.639397 0.0949686255695887
55302.5666523266 16.700081 0.0757879495074009
55246.6613267246 16.704173 0.0714109075539778
55253.6016750578 16.957188 0.0934470441348466
55208.7121263077 17.567707 0.109497386875186
55208.7121263077 17.728707 0.116095800341489
55208.7374854167 16.958997 0.0897501302720871
55385.3721559492 16.813975 0.105263215088049
55385.3929235187 16.889995 0.113633657247633
55267.6133903358 16.747819 0.087847834131093
55327.4934372104 16.866457 0.0833626224415787
55327.5357682522 16.889854 0.0845929082175902
55511.7384225229 16.835178 0.105228006373693
55511.7499404514 16.853129 0.104773764100986
55654.4187282178 17.708214 0.10617254226155
55654.4187282178 17.603514 0.10244949394349
55654.4365778587 16.868873 0.08204196476822
55603.5521889119 16.815843 0.0896311796258203
55603.5911927894 16.904564 0.0915883319148001
55615.6266602082 16.714859 0.0860176440004908
55615.6696898728 16.754001 0.0869295223600275
55562.7199361807 16.729504 0.0796248920832663
55564.6664441549 16.879592 0.0905772328600901
55564.7038768404 17.728182 0.122192206935773
55564.7038768404 17.745182 0.122996853103806
55682.433836331 16.826618 0.0813981935732609
55682.4625448378 16.810095 0.0811720734151445
55708.392823866 16.704264 0.0783504118495071
55708.4033535531 16.725046 0.0787966088053171
55708.4140820949 16.707696 0.0785455398493671
55708.4246634029 16.690045 0.0783467923323201
53741.6394265394 16.914062 0.0824048501372932
53741.6549779053 16.968693 0.0837646177814944
53741.6705744096 16.896652 0.0821201988836348
53741.6865775349 16.999758 0.0945642512201274
54151.6347743633 16.801645 0.109196862627162
54151.6436302547 16.846532 0.115393570169123
54151.6524139235 16.608853 0.168454302836547
55741.4031386458 16.974793 0.0863883772491849
55741.4136200578 16.905632 0.0851102022416134
55741.424152396 16.920348 0.0857665713602343
55741.4347809258 16.915714 0.0861361136362118
56061.3966892129 16.71484 0.0694635201467529
56061.409796088 16.716817 0.0694912671786918
56061.4229067709 16.727365 0.0696451089870314
56061.4360712846 16.75271 0.0700190889850031
