53588.434982 15.5321 0.081
53588.443188 15.5945 0.082
53588.451223 15.6393 0.083
53588.459179 15.5747 0.082
53605.409638 15.5962 0.090
53605.416398 15.6226 0.091
53605.423082 15.5528 0.090
53605.429736 15.5606 0.090
53556.519431 15.5893 0.097
53556.525793 15.6114 0.098
53556.532159 15.6144 0.098
53556.538491 15.583 0.097
53576.508554 15.6316 0.092
53576.515114 15.5894 0.091
53576.521660 15.8057 0.097
53576.528215 15.8449 0.099
53831.598069 15.635 0.090
53831.605930 15.6369 0.090
53831.613893 15.6335 0.090
53831.622120 15.6125 0.089
53851.515972 15.5483 0.073
53851.529537 15.5656 0.073
53851.544027 15.556 0.073
53851.558892 15.5678 0.073
53959.454792 15.533 0.083
53959.463502 15.6247 0.085
53959.472192 15.6097 0.085
53959.480889 15.5534 0.084
53975.422531 15.6387 0.099
53975.431064 15.5664 0.098
53975.439601 15.6159 0.099
53975.448115 15.5764 0.099
53919.498707 15.6395 0.097
53919.507691 15.6322 0.098
53919.516729 15.6608 0.098
53919.525786 15.623 0.096
53928.427680 15.6634 0.096
53928.436166 15.6932 0.097
53928.444695 15.629 0.095
53928.453238 15.6842 0.097
53946.429256 15.6025 0.084
53946.440713 15.5801 0.083
53946.452173 15.5802 0.084
53946.463629 15.558 0.083
53900.516602 15.5574 0.092
53900.526951 15.5385 0.092
53900.557296 15.5119 0.091
53900.567890 15.5149 0.092
53913.497817 15.6289 0.095
53913.506370 15.6723 0.096
53913.514956 15.6134 0.094
53913.523504 15.6241 0.095
53804.684115 15.6652 0.092
53804.690232 15.6272 0.091
53804.696868 15.601 0.090
53804.702892 15.611 0.090
53820.661463 15.5078 0.086
53820.672810 15.5631 0.087
53863.562700 16.0384 0.102
53863.574598 16.0319 0.102
53863.586210 15.7766 0.094
53863.597864 15.6504 0.091
53872.599777 15.5385 0.088
53872.609484 15.5413 0.088
53872.619172 15.5571 0.089
53872.628884 15.5799 0.090
53877.587382 15.6039 0.080
53877.598311 15.6458 0.081
53877.609227 15.6664 0.081
53877.620391 15.6574 0.081
54000.381946 15.5526 0.098
54000.385803 15.5429 0.098
54000.389678 15.5306 0.098
54000.393548 15.5434 0.098
54206.648468 15.5034 0.096
54206.658474 15.531 0.097
54206.668607 15.5629 0.098
54206.678798 15.528 0.097
54323.439743 15.5522 0.083
54323.450718 15.5894 0.084
54323.461620 15.5985 0.084
54323.472515 15.5804 0.084
54155.744974 15.5538 0.099
54155.753949 15.5645 0.099
54155.762102 15.5077 0.097
54155.770122 15.5649 0.099
54119.730880 15.6239 0.101
54119.739501 15.5676 0.099
54119.748204 15.6018 0.100
54119.756961 15.682 0.102
54285.546857 15.5354 0.082
54285.555044 15.5069 0.082
54285.563338 15.624 0.085
54285.571539 15.5014 0.082
54297.492436 15.5524 0.083
54297.502773 15.5585 0.083
54297.513104 15.5826 0.084
54297.523487 15.5514 0.083
54256.642744 15.5521 0.089
54256.656321 15.6016 0.090
54256.669931 15.4902 0.092
54256.704707 15.5793 0.092
54262.503159 15.549 0.073
54262.513843 15.576 0.073
54262.524531 15.5579 0.073
54262.535309 15.5734 0.074
54262.545987 15.5691 0.074
54265.505707 15.5721 0.070
54265.516408 15.5783 0.070
54265.527111 15.5678 0.070
54265.537812 15.554 0.069
54274.472721 15.5899 0.095
54274.482078 15.5879 0.095
54274.491458 15.5727 0.094
54274.500834 15.6283 0.096
54174.637567 15.5797 0.086
54174.650553 15.5756 0.086
54174.663782 15.5621 0.086
54174.677171 15.5718 0.086
54187.693347 15.5862 0.099
54187.704576 15.618 0.100
54187.715688 15.6462 0.101
54187.726791 15.5624 0.098
54227.726519 16.0891 0.103
54231.659899 15.512 0.098
54231.670717 15.5174 0.098
54231.681641 15.4833 0.097
54231.692503 15.5304 0.099
54236.573268 15.5679 0.101
54236.581819 15.5803 0.101
54236.590376 15.5592 0.101
54236.598899 15.5884 0.101
54245.604165 15.6425 0.101
54245.612698 15.6588 0.102
54245.621254 15.6949 0.103
54245.629802 15.8216 0.108
54344.399949 15.6386 0.086
54344.409777 15.6498 0.086
54344.419582 15.6502 0.086
54344.429398 15.574 0.085
54681.444735 15.5461 0.078
54681.452633 15.5541 0.078
54681.460519 15.5723 0.078
54681.468434 15.5617 0.078
54681.476327 15.5936 0.079
54491.686050 15.5784 0.089
54491.696755 15.6842 0.091
54491.707511 15.6638 0.090
54491.718223 15.6546 0.090
54650.463550 16.1213 0.082
54650.471603 16.1273 0.083
54650.479661 16.0594 0.081
54650.487784 15.913 0.078
54627.554067 15.5626 0.072
54627.560718 15.5794 0.072
54627.567353 15.5497 0.072
54627.574062 15.5455 0.072
54643.541043 15.5472 0.077
54643.551987 15.5376 0.077
54643.562983 15.5953 0.078
54643.573880 15.6133 0.079
54526.735354 15.5904 0.095
54526.744326 15.6303 0.096
54526.753129 15.6245 0.096
54526.761593 15.6366 0.096
54596.640906 16.0495 0.086
54596.651918 16.092 0.088
54596.662826 16.0165 0.086
54596.673777 15.8321 0.083
54614.648407 15.6359 0.074
54614.660323 15.6302 0.074
54614.672245 15.6144 0.074
54614.684176 15.5895 0.074
54721.385903 15.5253 0.080
54721.391318 15.4806 0.079
54721.396698 15.5667 0.081
54721.402105 15.5735 0.081
54928.560493 15.594 0.075
54928.568427 15.6838 0.076
54928.576415 15.6659 0.076
54928.584330 15.6679 0.077
54937.653094 15.6616 0.091
54947.615661 15.7601 0.094
54947.624155 15.8399 0.096
54947.632629 16.0439 0.103
54947.641064 16.1149 0.105
54860.714916 15.6409 0.090
54860.724190 15.6761 0.091
54860.733526 15.6757 0.091
54860.742882 15.6533 0.090
55022.496644 15.5656 0.076
55022.510371 15.5571 0.076
55022.524114 15.5239 0.075
55022.537921 15.5094 0.075
54993.532602 15.5295 0.074
54993.544414 15.5659 0.075
54993.556245 15.6103 0.075
54993.568055 15.6076 0.076
55004.508816 15.6319 0.091
55004.522604 15.6415 0.094
55004.536472 15.6334 0.096
55004.550347 15.5659 0.096
54892.684421 15.6386 0.093
54892.691325 15.6648 0.094
54892.698377 15.6334 0.096
54892.705565 15.6609 0.091
54906.783738 15.6154 0.090
54906.790581 15.5279 0.088
54906.797471 15.5495 0.089
54906.804285 15.6587 0.091
54919.738670 15.5681 0.088
54919.747189 15.5643 0.088
54919.755707 15.5932 0.089
54919.764195 15.61 0.089
54955.603089 15.5972 0.080
54955.613873 15.5887 0.080
54955.624656 15.5573 0.079
54955.635450 15.5476 0.079
54964.652205 15.5644 0.080
54964.663732 15.55 0.080
54964.675318 15.603 0.082
54964.686884 15.5967 0.082
55301.725095 15.5 0.072
55413.466115 15.9761 0.111
55413.484195 15.6295 0.094
55247.733198 15.549 0.098
55216.713643 15.8692 0.103
55216.738910 16.0811 0.110
55381.542228 15.5507 0.083
55381.575188 15.5245 0.083
55353.579538 15.5557 0.102
55353.618311 15.5919 0.105
55360.626438 15.5532 0.076
55360.652018 15.5126 0.076
55272.671496 15.5242 0.093
55326.603937 15.4737 0.108
55654.610021 15.5842 0.072
55654.636520 15.5456 0.072
55675.667517 15.5886 0.077
55675.716717 15.5028 0.077
55718.513956 15.6169 0.078
55718.528114 15.5756 0.079
55718.542318 15.523 0.084
55718.570062 15.6256 0.093
55634.738960 15.6253 0.085
55634.783228 15.588 0.084
54227.730712 15.9168 0.098
54937.707636 15.6189 0.090
54937.717844 15.6184 0.090
54937.728045 15.5889 0.089
54937.738335 15.6132 0.090
55742.531022 15.5714 0.092
55742.541041 15.6342 0.082
55742.551031 15.5795 0.079
55742.561016 15.5185 0.077
55774.449544 15.5845 0.074
55774.462225 15.6015 0.074
55774.475041 15.5917 0.074
55774.487797 15.5589 0.074
55798.379404 15.5843 0.079
55798.395737 15.645 0.080
55798.412218 15.6067 0.079
55798.428745 15.6454 0.080
56028.709451 15.8112 0.072
56028.723418 16.0459 0.076
56028.737588 16.1689 0.078
56028.751868 16.0749 0.076
56076.537024 15.6902 0.085
56076.545356 15.7546 0.086
56076.553855 15.8605 0.089
56076.562220 16.1009 0.095
56077.533331 15.6477 0.070
56077.548337 15.682 0.070
56077.563413 15.6492 0.070
56077.578354 15.6556 0.070
56090.543266 15.6186 0.076
56090.554555 15.6316 0.076
56090.565930 15.6365 0.077
56090.577321 15.5836 0.077
56115.431868 16.0414 0.073
56115.446998 16.1184 0.074
56115.462241 15.9783 0.072
56115.477477 15.663 0.068
56148.432360 15.6773 0.073
56148.442630 15.6765 0.073
56148.452607 15.6962 0.073
56148.462594 15.6482 0.073
56181.400144 15.5803 0.078
56181.407307 15.6091 0.079
56181.414408 15.6082 0.080
56181.421772 15.5787 0.080
56364.759760 15.7509 0.093
56364.765474 15.8337 0.095
56364.771214 15.9442 0.113
56364.777011 14.9698 0.140
56386.759430 15.6121 0.073
56386.772282 15.5837 0.073
56386.785207 15.6223 0.073
56386.798043 15.6646 0.074
56400.619605 15.6267 0.072
56400.632511 15.6908 0.072
56400.645429 15.9178 0.078
56400.658330 16.0797 0.079
56411.694904 15.6187 0.073
56411.705591 15.6107 0.074
56411.716600 15.6377 0.073
56411.727262 15.4407 0.100
56415.522556 15.6398 0.112
56415.528562 15.6483 0.158
56415.563763 15.6398 0.079
56415.570020 15.6153 0.078
56415.576270 15.6497 0.079
56415.582339 15.6966 0.080
56432.557283 15.5817 0.073
56432.564535 15.5615 0.073
56432.571687 15.5733 0.074
56432.578910 15.5094 0.077
56446.573268 15.6785 0.073
56446.584771 15.6286 0.073
56446.596224 15.5883 0.073
56446.607613 15.6096 0.073
56475.470693 15.6491 0.073
56475.481906 15.6654 0.073
56475.493327 15.6084 0.074
56475.504666 15.6326 0.073
