53587.371780 16.9967 0.144
53587.380201 17.0256 0.146
53587.388381 17.0719 0.150
53587.396534 16.9862 0.145
53729.684059 16.9536 0.159
53729.691839 16.9194 0.156
53729.699637 16.9648 0.159
53729.707455 16.8024 0.148
53569.423734 16.5922 0.136
53569.430569 16.8132 0.150
53569.437615 16.7417 0.146
53569.444465 16.7456 0.147
53832.589582 17.1132 0.148
53832.598143 16.9041 0.135
53850.592517 16.6498 0.095
53850.609932 16.7887 0.099
53850.627050 16.8158 0.100
53850.644190 16.814 0.103
54086.695579 16.8825 0.162
54086.704136 16.7898 0.155
54086.712956 16.9083 0.162
54086.721584 16.8522 0.158
53760.732730 17.078 0.173
53760.741526 17.1011 0.174
53760.750145 17.023 0.169
53760.758708 17.1042 0.175
53924.453513 16.6391 0.112
53924.461699 17.0923 0.134
53924.469876 17.0278 0.132
53924.478052 16.9567 0.129
53945.385979 16.8637 0.124
53945.394691 16.9533 0.129
53945.403407 16.8777 0.126
53945.412113 16.8763 0.126
53900.407113 16.6139 0.129
53900.416520 16.5819 0.127
53900.425942 16.6923 0.133
53900.435384 16.6946 0.133
53813.687137 16.8916 0.114
53813.699273 17.0401 0.121
53813.711485 17.0197 0.120
53813.723603 16.9998 0.119
53821.523961 16.9278 0.136
53821.533342 17.0159 0.142
53821.543309 16.9334 0.136
53821.552860 17.0109 0.141
53858.529670 16.7198 0.193
53861.495425 17.1004 0.110
53861.503428 17.0107 0.106
53861.511380 17.0404 0.107
53861.519322 16.9233 0.103
53862.566710 16.946 0.104
53862.574648 17.0655 0.109
53862.582602 17.0351 0.108
53862.590542 16.818 0.100
53872.476344 17.0513 0.146
53872.484876 17.025 0.144
53872.493417 17.0337 0.145
53872.501919 17.0446 0.146
53878.507239 17.0668 0.146
53878.514916 16.9877 0.142
53878.522614 17.0593 0.146
53878.530311 16.87 0.135
53886.490096 16.6065 0.105
53886.502153 16.5863 0.104
53886.514394 16.5773 0.104
53886.526441 16.5553 0.104
54196.629315 16.6633 0.145
54196.640017 16.7464 0.152
54196.650683 16.7047 0.149
54196.661360 16.8839 0.162
54207.568341 17.0631 0.169
54207.576866 16.8341 0.152
54207.585410 16.8474 0.154
54207.593935 16.7956 0.151
54448.683339 16.7234 0.149
54448.692485 16.7281 0.148
54448.701869 16.6776 0.145
54448.711103 16.7383 0.147
54150.727638 16.6817 0.167
54150.738517 16.7173 0.135
54150.749373 16.7047 0.121
54150.760244 16.7597 0.124
54287.452425 16.7223 0.118
54287.465517 16.7166 0.119
54287.479991 16.799 0.124
54287.493082 16.8296 0.127
54267.434489 16.6729 0.135
54267.441187 16.6328 0.133
54267.447873 16.5706 0.130
54267.454476 16.5953 0.131
54168.671851 16.9 0.155
54186.649156 16.5455 0.134
54186.659847 16.7056 0.143
54186.670691 16.7021 0.143
54186.681613 16.7412 0.146
54233.498945 17.0614 0.170
54233.508277 17.0892 0.173
54233.517676 16.9774 0.164
54233.527139 16.954 0.162
54686.367378 16.9178 0.137
54686.372531 16.8889 0.135
54686.377664 16.813 0.132
54686.382811 16.9095 0.138
54815.686029 16.6208 0.131
54815.693748 16.6248 0.131
54815.701480 16.6797 0.133
54815.709198 16.7826 0.138
54504.712960 16.9916 0.129
54504.724704 17.0756 0.133
54504.736229 17.0214 0.130
54504.747593 17.113 0.135
54513.585841 16.9364 0.143
54513.609731 16.9622 0.147
54525.628992 16.8392 0.172
54525.638376 16.912 0.177
54525.647730 16.9531 0.181
54525.656796 16.8601 0.174
54487.648078 16.6141 0.118
54487.659290 17.1873 0.147
54487.670654 16.8652 0.129
54487.682486 16.9744 0.134
54650.369598 17.0726 0.118
54650.381678 17.011 0.116
54650.393645 17.0307 0.117
54650.405763 17.0201 0.117
54662.447034 17.0755 0.123
54662.452429 16.9582 0.118
54662.457885 16.992 0.120
54662.463282 17.0702 0.124
54535.656311 16.8982 0.149
54535.665205 17.103 0.164
54535.674165 16.962 0.155
54535.683111 16.9135 0.152
54588.570996 16.6519 0.103
54588.581865 16.7363 0.106
54588.592750 16.7537 0.107
54588.603660 16.8016 0.109
54598.542400 16.6274 0.116
54598.550559 16.5738 0.114
54598.558751 16.7183 0.120
54598.566936 16.7137 0.120
54616.518902 17.0662 0.116
54616.528767 17.0612 0.117
54616.538615 17.0198 0.115
54616.548502 17.1029 0.119
54936.589809 17.1033 0.145
54936.598191 17.1256 0.146
54936.606650 16.9668 0.137
54936.615211 17.089 0.145
54948.531068 16.7035 0.125
54948.541660 16.6615 0.124
54948.552214 16.7534 0.128
54948.562709 16.824 0.132
55185.689088 16.728 0.114
55185.699646 16.5583 0.177
55185.710242 16.8275 0.125
54866.628353 16.6794 0.106
54866.657692 16.7999 0.110
54866.684535 16.8539 0.112
54866.699119 16.8801 0.113
55036.401611 16.7693 0.137
55036.407976 16.6725 0.132
55036.414357 16.7779 0.138
55036.420730 16.5689 0.127
55000.409429 17.1824 0.154
55000.433886 16.8328 0.107
55000.443760 16.7408 0.108
55000.453917 16.6906 0.100
54895.662763 16.9808 0.116
54895.676185 16.9793 0.116
54895.689600 17.0179 0.118
54895.703029 16.962 0.116
54905.688500 16.9803 0.177
54905.699292 16.7258 0.158
54905.710088 16.7771 0.162
54905.720853 16.6878 0.156
54915.705219 16.6542 0.097
54915.718298 16.6233 0.096
54915.731394 16.6178 0.096
54915.744462 16.6656 0.098
54963.523578 16.8275 0.114
54963.534869 16.7973 0.113
54963.546194 16.7411 0.111
54963.557527 16.8965 0.118
54980.500497 16.7056 0.099
54980.514297 16.6415 0.097
54980.527992 16.6225 0.097
54980.541788 16.5844 0.096
55294.606031 16.7133 0.104
55304.588336 16.7623 0.113
55236.647443 16.9503 0.124
55211.736604 16.9719 0.147
55211.757312 16.8997 0.320
55217.666678 16.5502 0.125
55217.696947 16.7094 0.132
55389.414643 16.9252 0.165
55264.524867 16.9139 0.125
55326.471619 17.0335 0.156
55326.500348 16.9191 0.149
55338.451562 16.9743 0.129
55338.486882 16.976 0.130
55658.595961 16.9884 0.121
55658.638672 17.1021 0.132
55675.511954 16.555 0.108
55675.547979 16.694 0.113
55615.682411 16.5603 0.106
55615.728090 16.6536 0.112
55592.721741 16.9483 0.108
55651.631447 16.6463 0.093
55651.646334 16.6713 0.094
55685.488101 16.5748 0.106
55685.523559 16.7094 0.111
55707.518504 16.7194 0.101
55707.527032 16.7219 0.101
55707.535485 16.6505 0.099
55707.543986 16.6547 0.099
54168.719302 17.1481 0.174
54168.730459 16.984 0.162
54168.741623 17.0091 0.165
54168.752829 16.9698 0.163
55389.452524 17.0896 0.146
55389.467219 16.987 0.187
55734.449520 17.0676 0.123
55734.463032 17.0463 0.118
55734.476545 16.9756 0.115
55734.489970 16.959 0.115
55770.377069 16.8849 0.111
55770.382941 16.9677 0.115
55770.388874 16.9725 0.115
55770.394806 17.0319 0.118
56042.539950 16.6069 0.082
56042.549336 16.6227 0.082
56042.558753 16.7151 0.085
56042.568186 16.6609 0.084
56063.490760 16.8101 0.088
56063.504862 16.7075 0.086
56063.518912 16.6604 0.085
56063.533054 16.5668 0.083
56293.629880 17.0485 0.126
56293.638215 16.8975 0.117
56293.646595 16.7274 0.109
56293.654984 16.8886 0.115
56358.673569 16.6552 0.101
56358.686071 16.6732 0.102
56358.698754 16.7496 0.105
56358.711998 16.7592 0.105
56369.624424 16.9294 0.126
56369.638499 16.4639 0.228
56369.652620 16.8005 0.100
56369.666738 16.6392 0.093
56387.616816 16.7639 0.122
56387.623987 16.8213 0.114
56387.631133 16.9275 0.118
56387.638279 16.9366 0.159
56399.525710 16.9642 0.098
56399.538566 16.954 0.098
56399.551630 16.8451 0.095
56399.564405 16.7438 0.092
56412.494454 16.6634 0.100
56412.505319 16.7798 0.103
56412.516292 16.6974 0.101
56412.528498 16.89 0.111
56419.488001 16.8576 0.107
56419.498163 16.7482 0.103
56419.508318 16.7554 0.104
56419.518373 16.7092 0.102
56451.533227 16.9264 0.104
56451.543824 16.8184 0.098
56451.554578 16.7489 0.097
56451.565203 16.6551 0.095
56481.433769 16.9362 0.109
56481.443288 16.9857 0.111
56481.452898 16.9226 0.109
56481.462485 16.7697 0.104
