54392.726124 17.8641 0.271
54287.350272 17.5711 0.211
54261.350231 17.4853 0.177
54287.369637 17.6322 0.220
54261.366604 17.7175 0.198
54287.363195 17.5635 0.212
54261.358410 17.6018 0.187
54287.356778 17.7537 0.232
54392.734681 18.0081 0.289
54392.743247 18.0457 0.292
54392.751849 17.7685 0.251
54423.683320 17.9312 0.266
54423.673842 18.0165 0.293
54423.702299 17.8332 0.250
54423.692809 17.8708 0.257
54492.635085 17.5008 0.210
54492.610955 17.4975 0.210
54463.659197 17.8168 0.286
54463.638616 17.6006 0.256
54492.623132 17.4321 0.207
54463.670805 17.5606 0.250
54463.648666 17.4355 0.235
54184.434038 17.5057 0.173
54196.497513 17.9639 0.273
54185.626527 18.0066 0.229
54185.600307 17.8005 0.204
54184.428661 17.7332 0.194
54185.613414 17.7411 0.199
54184.423429 17.6306 0.186
54185.587194 17.8196 0.204
54208.497489 17.8157 0.254
54208.514509 17.8666 0.260
54208.488966 17.8406 0.256
54196.522968 18.0361 0.285
54196.506009 17.6702 0.234
54196.514488 17.7652 0.246
54208.506015 17.702 0.239
54245.396910 17.31 0.196
54245.405934 17.3429 0.199
54245.378640 17.6277 0.229
54226.481801 17.5404 0.177
54226.495812 17.6179 0.184
54226.509815 17.723 0.195
54245.387727 17.3797 0.203
54226.467777 17.7037 0.191
54510.654655 17.8944 0.193
54525.546140 17.7085 0.221
54510.667709 17.9624 0.199
54510.641589 17.8272 0.187
54492.647688 17.5697 0.217
54525.555203 17.7698 0.228
54510.628542 17.8359 0.187
56421.486570 17.644 0.149
56421.495002 17.6646 0.151
56421.478201 17.6182 0.147
55657.531394 17.729 0.178
55676.425862 17.4909 0.155
55696.438649 17.8328 0.181
55648.546485 18.0586 0.174
55657.557971 17.567 0.167
55696.448802 17.9655 0.193
55676.461463 17.7232 0.174
56063.447995 17.9014 0.184
55736.361856 17.6431 0.147
55736.378798 17.7821 0.157
55736.367497 17.6561 0.148
55736.373126 17.7667 0.155
56063.434699 17.7558 0.170
55696.469355 17.6002 0.164
56421.469863 17.6122 0.146
56383.572185 17.5883 0.145
56383.560239 17.5496 0.142
56383.534746 17.6027 0.146
56383.548258 17.8805 0.164
56357.582267 17.8749 0.169
56063.459928 17.9306 0.187
56277.726572 17.8386 0.274
56277.691679 17.5251 0.146
56277.704898 17.5596 0.147
56301.728392 17.8621 0.147
56277.714776 17.4909 0.153
56063.471866 17.7885 0.174
56357.553659 17.9088 0.171
56301.744187 17.8003 0.144
56357.563253 17.8171 0.163
56301.738911 17.1036 0.110
56301.733641 17.6263 0.133
56357.572749 17.964 0.175
55567.670543 17.6786 0.167
55518.714190 17.7265 0.211
55327.432919 17.6778 0.175
55361.359783 18.0184 0.198
55361.389029 17.9105 0.189
55567.648690 17.8617 0.181
55518.731479 17.5944 0.198
55162.706811 17.7474 0.204
55162.698303 17.6709 0.197
55294.472278 17.7893 0.189
55162.689887 17.7059 0.201
55244.650443 17.5003 0.136
55266.573535 17.5665 0.143
55302.472229 17.7787 0.159
54944.492261 17.5412 0.149
54944.470884 17.4803 0.145
54944.502957 17.6355 0.156
54944.481570 17.5408 0.149
54965.399316 17.8796 0.217
54965.410247 17.8727 0.217
54919.503923 17.7356 0.201
54936.489441 17.6845 0.194
54919.494265 17.871 0.215
54919.513581 17.8655 0.215
54936.481059 17.6144 0.187
54936.472678 17.5537 0.181
54936.464267 17.686 0.193
55162.681540 17.6841 0.199
55128.760379 17.4774 0.239
55128.753669 17.6134 0.334
54999.363906 17.6801 0.169
54999.383352 17.704 0.173
55128.740309 17.5756 0.359
54999.373642 17.7625 0.176
54977.463341 18.2984 0.391
54977.449091 17.6752 0.210
54977.456222 17.9211 0.239
54999.354296 17.5894 0.162
54965.431922 17.6321 0.193
54977.441983 17.7488 0.216
54965.421083 17.7895 0.208
55633.536858 17.9611 0.198
55633.502890 17.9691 0.199
55592.687765 17.6609 0.144
55602.667539 16.12 0.086
55602.701641 17.6576 0.148
55592.649468 17.6594 0.144
54114.671476 17.5831 0.229
54062.688283 17.8971 0.201
54114.664532 17.752 0.249
54062.645772 17.8536 0.200
54114.657276 17.3221 0.201
54062.674104 17.69 0.183
54062.659947 17.726 0.187
53848.475739 17.9558 0.155
53848.491716 17.8283 0.147
53858.425324 17.8865 0.218
53858.416797 17.8085 0.209
53858.442436 17.716 0.200
53858.433870 17.5513 0.186
53848.523608 18.1465 0.172
53894.400214 18.1332 0.254
53882.382317 17.4948 0.183
53882.391668 17.5306 0.187
53894.413946 18.131 0.265
53882.401010 17.4037 0.211
53894.393405 18.0808 0.245
53882.410378 17.8013 0.379
53894.407029 17.8101 0.223
53756.704961 17.7739 0.168
53738.616561 17.6506 0.232
53756.673161 17.7308 0.164
53738.637215 17.7875 0.345
53756.689123 17.8618 0.174
53738.623361 17.6179 0.300
53738.630284 17.6685 0.252
53756.720917 17.6588 0.160
53704.655649 17.428 0.215
53704.667724 17.3416 0.315
53722.729043 17.643 0.221
53722.723394 17.2945 0.186
53722.717748 17.4961 0.205
53704.661670 17.5617 0.230
53722.734626 17.7524 0.232
53704.649631 17.5022 0.223
54168.554078 17.6858 0.232
54168.533628 17.4181 0.204
54184.418149 17.7098 0.191
54139.669883 17.7851 0.201
54139.683068 17.7316 0.197
54168.564289 17.6841 0.232
54139.663290 17.7294 0.194
54168.543904 17.5521 0.217
53773.557463 18.1889 0.301
53773.567075 18.1311 0.292
53773.587182 18.6399 0.388
53818.572112 17.8737 0.215
53818.555031 17.9494 0.222
53818.580620 17.9097 0.220
53818.563602 17.8666 0.214
54589.473734 17.5808 0.131
54589.454004 17.5722 0.130
54525.563990 17.8113 0.234
54589.460576 17.5209 0.128
54525.572799 17.8062 0.233
54589.467135 17.5702 0.130
54905.578895 17.4102 0.144
54912.541447 17.7216 0.164
54912.530742 17.7225 0.164
54912.520049 17.8503 0.173
54912.552132 17.5163 0.150
54919.484619 17.7144 0.199
54864.676060 17.925 0.182
54864.688975 17.9242 0.184
54884.569580 17.5329 0.150
54884.592725 17.4424 0.144
54884.581155 17.9705 0.183
54884.604305 17.5665 0.152
54894.629681 18.0838 0.172
54905.568158 17.6876 0.162
54905.557453 17.2752 0.136
54894.634864 17.8765 0.158
54894.645271 17.8653 0.159
54894.640063 17.9259 0.162
54905.546708 17.5075 0.150
54773.752354 17.8103 0.213
54801.666335 17.4969 0.270
54832.710243 17.804 0.140
54832.706859 17.7179 0.155
54801.695736 17.5859 0.213
54801.676013 17.5587 0.221
54801.685900 17.5632 0.227
54616.391889 17.9579 0.173
54773.746515 17.7039 0.203
54616.377730 18.0118 0.177
54616.398952 17.8274 0.163
54616.384826 17.939 0.171
54773.740639 17.5676 0.191
54773.734810 17.7098 0.205
54832.724279 17.8191 0.141
54832.719631 17.8135 0.142
54832.714962 17.6767 0.133
54864.663165 17.9756 0.183
54864.650283 17.8642 0.174
