53606.444992 17.2816 0.122
53606.465224 17.3548 0.125
53606.424964 17.2591 0.121
53595.504617 17.1347 0.194
53593.409839 17.0736 0.123
53595.483970 17.2638 0.207
53595.494346 17.1595 0.196
53595.473649 17.179 0.197
53593.396419 17.1422 0.127
53593.382613 16.9898 0.120
53593.369070 17.0169 0.122
53580.619969 16.8657 0.139
53580.630855 16.8819 0.141
53580.609045 16.8983 0.141
53614.457881 16.9115 0.131
53614.445112 16.9649 0.133
53614.418740 17.0142 0.135
53614.431943 17.1219 0.141
53636.435413 17.261 0.144
53636.460668 17.106 0.149
53636.448036 17.1857 0.154
53636.422767 17.2424 0.139
53561.590269 17.152 0.162
53561.599978 17.2758 0.171
53561.609239 17.1425 0.160
53568.488049 17.1059 0.178
53561.618335 17.249 0.168
53568.536319 16.9932 0.167
53568.529325 16.9111 0.161
53580.598159 16.8879 0.140
53568.522559 16.9461 0.165
53568.515805 17.0686 0.174
55414.524559 17.1959 0.123
55445.445978 17.077 0.136
55414.497663 17.1625 0.122
55397.527241 17.2535 0.142
55043.688622 17.186 0.174
55060.473145 17.1973 0.133
55060.459216 17.0781 0.127
55043.681276 17.2933 0.183
55060.465900 17.0693 0.127
55084.493131 16.8927 0.143
55126.420771 17.0723 0.128
55273.757674 17.1492 0.179
55126.411253 17.1557 0.132
55663.717337 17.1547 0.140
55468.429488 17.4223 0.131
55663.683927 17.4316 0.161
55468.399701 17.2583 0.124
55060.480247 17.1841 0.132
55084.476134 16.9955 0.148
55084.484610 16.8536 0.140
55084.467661 17.0073 0.149
55397.488714 17.2285 0.141
55324.651562 16.902 0.156
55353.806656 17.4073 0.202
55324.624038 16.9861 0.162
55353.760315 17.0934 0.171
55709.596620 17.329 0.134
55684.636870 17.3388 0.138
55684.619765 17.2649 0.137
55709.579550 17.2661 0.131
55709.588055 17.3369 0.135
54594.633116 17.2301 0.156
54534.786276 16.9731 0.166
54594.640448 17.0616 0.145
54594.647784 17.0832 0.146
54742.395677 17.0894 0.156
54742.411168 17.1617 0.161
54742.403459 17.14 0.159
54729.430600 17.265 0.172
54729.422995 17.3108 0.176
54346.420111 17.1017 0.142
54316.526768 16.8378 0.153
54346.402089 17.2825 0.154
54346.429913 17.2678 0.153
54346.410994 17.1897 0.147
54652.604314 17.2507 0.215
54675.557274 17.2421 0.150
54652.594634 17.6367 0.234
54594.655179 16.9761 0.139
54652.613605 17.5176 0.391
54729.407619 17.2355 0.171
54729.415349 17.2339 0.170
54675.623680 17.271 0.173
54675.568632 17.2919 0.144
54534.782143 16.9402 0.163
54534.773983 17.134 0.180
54423.431639 16.5923 0.260
54423.428061 17.2279 0.267
54423.420914 17.0402 0.281
54423.424487 17.2279 0.267
54534.778056 17.0238 0.171
54377.436731 17.1998 0.183
54377.465035 17.2739 0.191
54377.446182 17.3411 0.197
54377.455621 17.1974 0.184
54925.776034 17.3951 0.134
54952.734985 16.8873 0.149
54952.753493 16.945 0.144
54952.726218 16.7531 0.134
54952.744077 16.9571 0.151
54773.432809 17.3525 0.187
54773.411233 17.375 0.187
54773.456379 17.4621 0.203
54792.428700 16.9023 0.164
54773.448665 17.7802 0.249
54757.421299 17.0538 0.161
55007.521786 17.2748 0.178
55007.551116 17.2375 0.143
55007.529958 17.1868 0.190
55007.513577 17.3112 0.182
54757.412347 17.0095 0.157
54757.394522 16.9284 0.152
54757.403435 16.9556 0.154
54742.418915 17.142 0.160
55043.666561 17.281 0.182
55043.673919 17.2468 0.180
55043.659205 17.2899 0.182
55032.673637 17.2219 0.172
54925.766189 17.2273 0.314
54792.432054 16.8316 0.160
54792.438774 16.8832 0.166
54925.756367 17.3758 0.132
54792.435417 16.8944 0.166
54925.746584 17.3257 0.130
55032.658184 17.0463 0.158
55032.665887 17.0373 0.158
55032.650564 17.0958 0.162
55007.538125 17.2171 0.173
55032.642901 17.1173 0.163
53851.680195 17.1342 0.099
53835.773229 17.1347 0.116
53851.664010 17.1409 0.100
53835.787906 16.991 0.110
53990.500729 17.1696 0.175
54017.465048 17.3434 0.193
53990.509226 17.1632 0.174
53990.492226 17.2572 0.182
53664.434509 17.3109 0.185
53692.428163 17.242 0.222
53664.442691 17.3317 0.187
53692.434747 17.2138 0.221
53805.760202 17.1757 0.171
53990.483704 17.3181 0.187
53945.531046 17.2831 0.151
53945.509528 17.2095 0.146
53945.519915 17.2441 0.149
53945.498844 17.3362 0.154
53922.497102 17.3327 0.155
53851.696348 17.2582 0.103
53922.488541 17.2048 0.147
53851.712574 17.1273 0.098
53649.442887 17.3083 0.234
53649.452093 16.7891 0.291
53664.426344 17.4212 0.194
53664.418155 17.3244 0.186
53649.433280 17.3475 0.232
53649.423688 17.3598 0.233
53835.758634 17.0375 0.112
53805.778011 17.1589 0.167
53835.744109 17.2712 0.124
53805.766147 17.2166 0.175
53805.772088 17.2979 0.180
56242.431060 17.1215 0.114
56184.477333 17.1342 0.110
56242.448119 17.0054 0.111
56242.439637 17.1154 0.115
56184.488620 16.9957 0.105
56451.703987 16.91 0.104
56451.728452 16.9862 0.107
56451.716242 16.9212 0.105
56451.740582 17.0273 0.109
56383.747268 17.4079 0.138
56383.755097 17.3873 0.136
56242.456625 16.9988 0.112
56383.739391 17.2649 0.131
56408.717357 17.0926 0.095
56408.732578 17.0468 0.093
56383.762940 17.4813 0.141
56408.686910 17.2378 0.099
56408.702162 17.1198 0.095
55830.459573 17.4002 0.161
56063.587934 17.0633 0.117
56063.611183 17.1295 0.119
56063.600472 17.1352 0.119
55769.621362 16.9903 0.108
55769.595808 17.0188 0.108
55735.724785 17.0351 0.124
55769.608592 16.9629 0.106
56184.465995 17.0353 0.106
56184.454738 17.0243 0.105
56160.396292 17.2576 0.152
56160.399914 17.0632 0.152
55735.694907 17.1843 0.126
55735.704763 17.2133 0.128
55735.714855 17.1671 0.127
55709.605168 17.2171 0.128
55769.634160 17.05 0.110
55830.420297 17.2405 0.142
55830.433272 17.4481 0.152
55830.446432 17.3403 0.146
56160.392664 17.115 0.173
56160.389122 17.0642 0.122
56124.641026 17.0781 0.112
56124.654134 17.0736 0.111
56124.628133 17.0707 0.112
56124.615198 17.0638 0.111
56063.621893 17.1627 0.119
54262.621685 17.0724 0.186
54209.749280 17.1465 0.189
54262.604575 17.1614 0.193
54209.759931 17.1907 0.193
54262.613087 17.1672 0.193
54209.728131 17.2194 0.196
54186.745923 17.1147 0.183
54186.754236 17.3046 0.200
54209.738681 17.2669 0.199
54186.737863 17.1703 0.188
54186.729789 17.2248 0.194
54178.771147 17.2738 0.219
54178.778093 17.2251 0.211
54178.764161 17.2752 0.232
54178.757176 17.2976 0.227
54029.459948 17.2043 0.180
54029.424497 17.3664 0.155
54177.791019 17.3486 0.330
54177.779383 17.2518 0.206
54177.783254 17.5862 0.243
54177.787143 17.1777 0.202
54029.414684 17.2332 0.146
54029.452197 17.1622 0.176
54296.541262 16.9348 0.116
54274.660544 17.2386 0.180
54296.549684 16.9896 0.118
54262.630332 16.9408 0.174
54316.510760 16.1381 0.459
54296.568003 16.9984 0.118
54316.502814 16.9931 0.258
54296.558575 16.997 0.118
54316.519646 16.8198 0.484
54029.436729 17.1276 0.173
54017.473172 17.2176 0.182
54029.404869 18.1275 0.220
54017.489463 17.2117 0.183
54017.481316 17.3481 0.194
54029.444454 17.1256 0.173
54029.395054 17.4028 0.156
