53708.686815 14.4565 0.072
53708.695344 14.4443 0.072
53708.704016 14.4471 0.072
53708.712864 14.4286 0.071
53724.655448 14.4146 0.065
53724.667533 14.3941 0.065
53724.679604 14.3596 0.065
53724.691692 14.3293 0.064
53850.442944 14.3998 0.071
53850.456129 14.3903 0.064
53850.469218 14.4177 0.066
53850.482287 14.4625 0.063
53739.726788 14.3365 0.065
53758.658250 14.3955 0.075
53758.671151 14.3463 0.070
53758.682731 14.3094 0.070
53758.694851 14.3747 0.071
53924.368846 14.3662 0.064
53924.378676 14.3481 0.064
53924.388485 14.4077 0.064
53924.398296 14.4277 0.064
53892.422431 14.3374 0.066
53892.432358 14.305 0.066
53892.442240 14.3247 0.066
53892.452096 14.364 0.067
53908.429121 14.3952 0.064
53908.435644 14.4038 0.064
53908.442174 14.4377 0.065
53908.448712 14.4555 0.065
53812.695415 14.3841 0.063
53812.704103 14.3813 0.063
53812.712807 14.3946 0.063
53812.721469 14.3929 0.063
53821.599967 14.4479 0.067
53821.608483 14.4779 0.067
53821.616959 14.4736 0.067
53821.625427 14.463 0.067
53858.485817 14.295 0.065
53858.496064 14.3306 0.066
53858.506305 14.3787 0.067
53858.516570 14.3676 0.066
53874.481315 14.5489 0.077
53874.486850 14.4296 0.068
53874.492391 14.4958 0.078
53874.497932 14.4746 0.082
53879.429037 14.415 0.062
53879.439874 14.3872 0.062
53879.450719 14.3657 0.062
53879.461592 14.3549 0.062
53886.398280 14.3283 0.062
53886.409161 14.3 0.062
53886.420057 14.3033 0.062
53886.430945 14.3031 0.062
54064.686069 14.389 0.069
54064.700976 14.3488 0.071
54064.715862 14.3929 0.066
54064.730737 14.4302 0.066
54196.535691 14.284 0.070
54196.545851 14.3202 0.070
54196.556014 14.3561 0.071
54196.566231 14.3382 0.071
54207.482568 14.4109 0.071
54207.491059 14.4164 0.071
54207.499543 14.4387 0.071
54207.508021 14.4021 0.071
54153.638602 14.3681 0.065
54153.652220 14.3639 0.066
54153.665809 14.3696 0.065
54153.679411 14.356 0.065
54114.708997 14.2972 0.071
54131.623365 14.2853 0.069
54131.633309 14.3151 0.070
54131.643586 14.3292 0.070
54131.652827 14.3688 0.071
54291.387555 14.4166 0.070
54291.392654 14.3995 0.070
54291.397758 14.3696 0.069
54291.402855 14.3836 0.070
54168.620891 14.3934 0.071
54168.632081 14.3847 0.071
54168.643295 14.4362 0.071
54168.654517 14.4543 0.072
54186.557340 14.303 0.069
54186.567977 14.2702 0.069
54186.578652 14.2884 0.069
54186.589303 14.2829 0.069
54228.439488 14.3158 0.069
54228.447720 14.3521 0.071
54228.455936 14.3466 0.077
54228.464143 14.3502 0.077
54236.471723 14.2473 0.070
54236.478128 14.2547 0.070
54236.484550 14.235 0.073
54236.490949 14.2429 0.071
54247.456982 14.4539 0.072
54247.469810 14.4548 0.072
54247.482649 14.4282 0.072
54247.495506 14.3814 0.072
54423.719163 14.3008 0.070
54423.727288 14.3094 0.070
54423.735443 14.3182 0.070
54423.743675 14.3663 0.070
54809.658919 14.4511 0.070
54809.666483 14.4741 0.069
54809.674032 14.4439 0.069
54809.681611 14.4712 0.069
54501.653869 14.4169 0.067
54501.664749 14.4054 0.068
54501.676670 14.4011 0.068
54511.627924 14.3678 0.061
54511.634671 14.363 0.061
54511.641432 14.3283 0.061
54511.648073 14.3394 0.061
54521.602235 14.2963 0.064
54521.613329 14.2987 0.064
54521.624350 14.2744 0.064
54521.635323 14.2598 0.064
54472.698612 14.3447 0.065
54472.709353 14.3719 0.065
54472.720177 14.395 0.065
54472.730447 14.4126 0.066
54528.584229 14.277 0.061
54528.597539 14.2906 0.061
54528.611853 14.3175 0.061
54528.625042 14.3503 0.061
54535.572393 14.3654 0.069
54535.580990 14.3981 0.069
54535.589612 14.4218 0.070
54535.598184 14.4239 0.070
54589.517797 14.2865 0.061
54589.525976 14.2889 0.061
54589.534188 14.2796 0.061
54589.542354 14.2764 0.061
54598.427274 14.402 0.065
54598.436530 14.42 0.065
54598.445618 14.4422 0.065
54598.454785 14.4556 0.066
54616.444498 14.42 0.061
54616.454334 14.4166 0.061
54616.464230 14.4267 0.061
54616.474092 14.4287 0.062
54936.508758 14.4545 0.067
54936.518180 14.4308 0.066
54936.527614 14.4141 0.066
54936.537027 14.4125 0.066
54947.465320 14.296 0.065
54947.476380 14.3016 0.067
54947.487461 14.288 0.073
54948.481807 14.4079 0.067
54948.487665 14.4038 0.067
54948.493650 14.4062 0.067
54948.499562 14.4298 0.067
54866.538573 14.4837 0.063
54866.547237 14.4626 0.063
54866.555854 14.453 0.063
54866.564673 14.4136 0.063
54839.654554 14.3957 0.066
54839.664942 14.3965 0.066
54839.675404 14.4303 0.067
54839.690107 14.4368 0.066
55032.386987 14.4362 0.069
55032.390756 14.4159 0.069
55032.394528 14.4226 0.069
55032.398293 14.42 0.069
54999.443818 14.3252 0.063
54999.456822 14.3525 0.064
54999.469784 14.3659 0.064
54999.482668 14.3972 0.066
54894.708103 14.3834 0.062
54894.718885 14.3545 0.062
54894.729606 14.3141 0.063
54894.740392 14.2859 0.065
54905.599003 14.3721 0.073
54905.609722 14.3362 0.073
54905.620435 14.3313 0.073
54905.631174 14.3369 0.073
54913.639805 14.4094 0.060
54913.644992 14.3882 0.060
54913.650199 14.3881 0.060
54913.655403 14.3619 0.060
54919.561546 14.378 0.066
54919.570002 14.3869 0.066
54919.578436 14.4124 0.066
54919.586868 14.4334 0.067
54963.424765 14.332 0.062
54963.435499 14.3471 0.062
54963.446238 14.3507 0.062
54963.456960 14.3628 0.062
54978.444095 14.3752 0.105
54978.452531 14.3616 0.070
54978.514199 14.4322 0.069
54978.522740 14.4493 0.069
55294.535502 14.2763 0.064
55302.564208 14.301 0.059
55246.658667 14.3026 0.057
55253.598683 14.3807 0.064
55205.728727 14.4338 0.061
55385.370683 14.3427 0.068
55361.444238 14.4328 0.064
55267.612245 14.4383 0.064
55328.412102 14.4345 0.064
55328.440581 14.3905 0.064
55511.737005 14.3609 0.069
55511.748467 14.3887 0.069
55654.415084 14.4184 0.061
55654.432881 14.4495 0.061
55680.492973 14.4145 0.062
55680.514205 14.438 0.062
55615.622563 14.4423 0.064
55615.665528 14.3648 0.063
55562.662831 14.3988 0.061
55562.706415 14.4414 0.063
55590.681124 14.4455 0.061
55590.723889 14.3392 0.060
55648.599431 14.4037 0.061
55648.641860 14.4583 0.062
55696.497417 14.4071 0.063
55696.508193 14.4183 0.064
55696.529658 14.3668 0.063
54151.640584 14.3331 0.071
54151.649296 15.2463 0.194
54151.658053 14.1108 0.123
55741.402446 14.2713 0.061
55741.412925 14.2887 0.061
55741.423456 14.3391 0.061
55741.434072 14.3679 0.062
56061.390158 14.326 0.057
56061.403248 14.3018 0.057
56061.416382 14.3048 0.057
56061.429511 14.2748 0.056
56243.713694 14.3814 0.060
56243.722130 14.3606 0.060
56243.730658 14.3321 0.059
56243.739206 14.325 0.059
56274.712045 14.2818 0.064
56274.720445 14.2865 0.062
56274.729274 14.2677 0.062
56274.739199 14.2933 0.063
56357.644347 14.2366 0.060
56357.656353 14.2555 0.060
56357.668430 14.2517 0.060
56357.680291 14.2853 0.061
56384.559981 14.4159 0.061
56384.575348 14.4068 0.061
56384.589682 14.3708 0.061
56384.604105 14.3523 0.061
56400.497417 14.3986 0.059
56400.511714 14.3946 0.059
56400.525973 14.3707 0.059
56400.540206 14.3554 0.059
56402.485896 14.272 0.060
56402.494996 14.2795 0.060
56402.504036 14.31 0.060
56402.513684 14.2981 0.060
56418.451002 14.2553 0.056
56418.460360 14.299 0.056
56418.469722 14.3093 0.056
56418.479109 14.3487 0.056
56459.428125 14.4068 0.062
56459.437669 14.3852 0.062
56459.447275 14.3541 0.062
56459.456866 14.3345 0.061
