56242.446011 15.4523 0.072
56242.437527 15.476 0.072
56242.428953 15.526 0.072
56408.712611 15.2394 0.063
56408.681221 15.2739 0.063
56383.759933 15.4501 0.074
56408.697420 15.2386 0.063
56184.475215 15.5012 0.070
56184.486501 15.4823 0.070
56184.452638 15.5301 0.070
56184.463877 15.5339 0.070
56383.744264 15.5713 0.076
56383.752081 15.4909 0.074
56383.736387 15.5364 0.075
56242.454515 15.3971 0.071
56408.727810 15.2352 0.063
56451.701886 15.2719 0.068
56451.714106 15.3158 0.068
56451.726293 15.3723 0.069
56451.738427 15.4039 0.070
55032.605322 15.3514 0.085
55032.620665 15.4024 0.086
55032.612949 15.3999 0.086
55032.628437 15.4213 0.087
55126.418665 15.437 0.077
55084.491453 15.5059 0.087
55126.409129 15.4381 0.077
55126.428201 15.5133 0.078
55273.756247 15.32 0.088
55126.437739 15.5457 0.079
55324.623564 15.3919 0.089
55043.670042 15.2866 0.086
55043.677393 15.2952 0.086
55043.655313 15.4024 0.088
55043.662690 15.3715 0.088
55007.527388 15.5116 0.090
55007.519216 15.4672 0.089
55032.597619 15.3871 0.086
55007.535554 15.5913 0.094
55084.465998 15.4578 0.086
55084.474463 15.4535 0.086
55084.482938 15.4609 0.086
55043.684740 15.2804 0.085
55353.753849 15.2695 0.086
55324.651068 15.5242 0.092
55353.800134 15.354 0.089
55397.484513 15.2091 0.074
54377.445766 15.5119 0.094
54377.464620 15.4749 0.093
54377.455202 15.5578 0.096
54423.423154 15.4154 0.117
54423.426728 15.3961 0.116
54423.419592 15.3969 0.116
54534.772621 15.4927 0.094
54534.776724 15.5386 0.095
54729.421207 15.4015 0.086
54729.413554 15.3449 0.085
54729.405815 15.3698 0.085
54675.576990 15.5324 0.094
54274.660975 15.1797 0.084
54274.670935 15.1645 0.084
54274.690790 15.2664 0.086
54274.680835 15.1901 0.084
54534.784875 15.5484 0.095
54594.638328 15.1717 0.077
54594.630989 15.1712 0.077
54534.780740 15.5674 0.096
54594.653067 15.1879 0.077
54675.554455 15.4536 0.083
54594.645654 15.1863 0.077
54675.565844 15.4571 0.078
54316.502039 15.5912 0.134
54316.526341 15.3971 0.090
54316.519226 15.642 0.300
54316.510341 15.6225 0.270
54377.436315 15.4593 0.093
53561.606469 15.3766 0.085
53561.587082 15.5287 0.083
53561.615383 15.3684 0.084
53561.596919 15.5631 0.083
53568.488481 15.534 0.095
53568.529843 15.6302 0.098
53568.516230 15.6434 0.098
53568.536742 15.6342 0.098
53568.522990 15.626 0.098
54209.739105 15.5555 0.098
54209.749705 15.5853 0.100
54209.760365 15.5843 0.099
54262.604156 15.53 0.099
54262.629914 15.5763 0.101
54262.621255 15.5027 0.099
54262.612668 15.5393 0.100
53990.484126 15.3961 0.089
53865.699055 15.4371 0.085
53865.671993 15.5996 0.089
53865.690090 15.4451 0.085
53865.681059 15.5676 0.088
54209.728553 15.4916 0.097
54178.757621 15.5981 0.108
54178.764579 15.572 0.114
54017.489882 15.3276 0.089
54178.778513 15.6183 0.106
54178.771585 15.5243 0.104
53990.492642 15.3502 0.088
54017.481733 15.2863 0.087
54017.465465 15.2052 0.085
54017.473589 15.2781 0.087
56063.610466 15.2375 0.069
56063.621178 15.2485 0.069
56124.613096 15.2718 0.068
56063.599752 15.1937 0.069
56063.587221 15.2001 0.069
55849.463268 15.3072 0.074
56124.638886 15.328 0.069
56124.651997 15.4383 0.070
56124.625999 15.2935 0.069
55735.711170 15.2717 0.071
55735.721254 15.2804 0.072
55735.701235 15.3157 0.072
55769.606450 15.3804 0.069
55769.619250 15.4648 0.070
55769.593724 15.3109 0.069
55468.427358 15.2817 0.070
55690.755772 15.2185 0.071
55735.691422 15.3688 0.073
55468.397593 15.2148 0.069
55849.432655 15.1912 0.072
55849.442759 15.1837 0.072
55769.632045 15.4701 0.071
55849.452826 15.2932 0.074
54755.415039 15.4402 0.080
54756.393839 15.4644 0.089
54755.405569 15.4127 0.079
54755.424521 15.2685 0.080
54756.401361 15.5378 0.091
54756.416302 15.5381 0.092
54756.408842 15.4638 0.089
54757.401668 15.4231 0.088
54757.392766 15.431 0.088
54773.452927 15.6277 0.097
54952.733138 15.1586 0.080
54952.742213 15.1246 0.079
54952.724446 15.16 0.080
54773.437071 15.6747 0.096
54757.419526 15.5027 0.090
54773.429356 15.6137 0.094
54773.407791 15.5499 0.093
54757.410584 15.4618 0.089
54742.391267 15.447 0.086
54729.428833 15.4371 0.087
54742.399016 15.4541 0.086
55007.511004 15.5959 0.094
54952.751461 15.1959 0.081
55007.547841 15.4693 0.079
54742.406759 15.5063 0.088
54755.396096 15.4707 0.079
54755.388633 16.2283 0.107
54742.414438 15.4276 0.086
