53757.634372 15.3678 0.074
53814.445991 14.9377 0.068
53757.666244 15.0707 0.070
53847.372994 14.947 0.067
53757.650309 15.2338 0.072
53814.435773 14.9397 0.068
53701.706994 14.9309 0.079
53683.715008 14.9115 0.075
53701.715270 14.9412 0.079
53668.748975 14.9073 0.074
53683.724978 14.9273 0.076
53683.734689 14.9533 0.076
53683.744158 15 0.079
54055.701720 14.9658 0.078
54055.719051 14.9819 0.078
54007.746882 14.9396 0.077
54055.727506 14.955 0.078
54066.612154 15.0336 0.157
54007.756807 14.9354 0.077
54055.710319 14.9793 0.078
53588.824011 15.2023 0.075
53588.821375 15.604 0.080
53588.826639 14.9699 0.070
53588.818530 15.0404 0.073
53668.731155 14.9202 0.074
53668.739922 14.9002 0.074
53668.722086 14.9199 0.074
53717.641200 15.0214 0.079
53717.653168 15.0081 0.079
53717.665338 15.0074 0.079
53717.677394 14.986 0.078
53701.731786 14.9204 0.079
53757.617556 15.3191 0.073
53701.723465 14.9301 0.079
54007.727174 14.945 0.077
53883.367817 14.9513 0.076
53861.413751 15.0424 0.070
53883.378478 14.924 0.076
53883.371408 14.9737 0.076
54007.737032 14.9344 0.077
53883.374947 14.9608 0.076
53861.390680 15.3035 0.073
53847.383962 14.9525 0.067
53861.406065 15.0762 0.070
53861.398373 15.2141 0.072
53847.394964 14.9701 0.068
53847.405915 14.9972 0.068
54940.422809 14.9646 0.068
54926.468369 14.9557 0.065
54926.484009 14.9314 0.064
54907.511665 14.9262 0.073
54926.476190 14.9768 0.065
54926.491830 14.9624 0.065
54940.431335 14.9495 0.068
55326.419613 14.9675 0.079
55248.515687 14.9784 0.078
55326.406873 14.9776 0.079
55543.708257 14.9488 0.077
55543.673684 14.9534 0.076
55170.707477 14.9618 0.068
54887.507389 14.9407 0.067
54887.513812 14.9531 0.067
54830.633751 14.9552 0.075
54830.626450 14.9637 0.075
54830.641106 14.9533 0.075
54742.711803 14.9596 0.075
54742.721079 14.9535 0.074
54742.730422 14.9594 0.074
54782.733147 14.9357 0.075
54782.704737 14.9423 0.075
54782.724272 14.9547 0.075
54782.714811 14.9595 0.075
55170.695256 14.9776 0.068
55102.760685 15.2274 0.074
55170.670547 14.9889 0.068
55170.682883 14.9964 0.069
55102.766815 15.137 0.073
55102.773075 15.0745 0.072
54907.482494 14.9677 0.074
54887.520224 14.9573 0.068
54907.492229 14.9458 0.073
54887.526636 14.9658 0.068
54907.501949 14.9589 0.074
54955.440346 14.9959 0.077
54940.448501 14.9604 0.068
54955.436968 14.9889 0.077
54955.430209 14.9671 0.076
54940.439855 14.9787 0.068
55102.754750 15.3106 0.076
54955.433585 14.9971 0.077
55587.613540 14.9969 0.067
55574.685605 14.9203 0.071
55626.554037 14.9955 0.066
55574.657296 14.95 0.070
55587.647746 15.0451 0.068
55626.509046 15.0214 0.066
56063.384063 14.9509 0.069
56063.391232 14.9343 0.069
56243.651751 14.9395 0.063
56063.376787 14.9314 0.068
56063.398464 14.944 0.069
56367.552156 14.9915 0.064
56398.472581 14.9525 0.066
56367.539542 15.0091 0.064
56281.645766 14.9347 0.067
56367.577767 14.9667 0.066
56367.565024 14.9947 0.065
56398.479925 14.952 0.066
56029.399815 15.3541 0.068
56029.387799 15.209 0.066
55658.454341 14.9414 0.072
56029.375940 15.0497 0.065
55658.413517 14.9461 0.069
56029.411818 15.3665 0.068
56281.605154 14.9563 0.067
56243.677378 14.92 0.063
56243.690477 14.9209 0.063
56243.664465 14.9405 0.063
56281.632489 14.9561 0.067
56281.618916 14.9466 0.067
56398.487197 14.9511 0.066
56398.494612 14.9449 0.067
54417.670472 15.2934 0.076
54417.701381 14.984 0.071
54417.685777 15.0829 0.072
54417.654782 15.3944 0.077
54377.730259 14.9575 0.079
54113.586550 14.9215 0.086
54076.670965 15.0138 0.083
54076.662417 14.9423 0.081
54076.679505 15.0369 0.084
54113.571793 14.9764 0.084
54066.626056 14.795 0.149
54113.579108 14.9608 0.084
54066.619129 14.8599 0.159
54113.594089 14.9918 0.093
54521.586689 14.9505 0.072
54521.576042 14.9573 0.072
54521.565433 14.9734 0.072
54488.588945 14.9924 0.073
54592.429036 15.259 0.088
54592.423932 14.6712 0.090
54521.554802 14.9531 0.072
54178.499274 15.0586 0.084
54178.471202 14.9681 0.081
54178.480556 15.0398 0.083
54199.460259 14.9681 0.073
54199.448795 14.9657 0.073
54178.489943 15.0334 0.083
54377.721573 14.9745 0.079
54228.382753 14.9617 0.083
54199.483183 14.9622 0.073
54377.704221 14.945 0.079
54199.471714 14.9482 0.073
54228.376335 14.9093 0.086
54377.712860 14.9838 0.080
54228.389205 14.9489 0.086
54160.552282 14.9673 0.081
54139.593407 15.007 0.073
54139.609990 14.9835 0.073
54139.598944 15.0046 0.073
54160.577834 14.929 0.081
54139.604473 14.9693 0.073
54160.560796 14.9227 0.081
54160.569310 14.9777 0.082
54742.702625 14.9598 0.075
54593.418205 14.9817 0.073
54593.412901 14.9469 0.072
54592.434147 15.1854 0.087
54593.407607 14.9511 0.072
54593.423505 14.9839 0.073
