53704.650900 10.8833 0.051
53704.656920 10.8875 0.051
53704.662943 10.8673 0.051
53704.669004 10.8843 0.051
53722.717334 10.6968 0.051
53722.722972 10.6599 0.051
53722.728621 10.6616 0.051
53722.734208 10.6917 0.051
53738.616979 10.8071 0.051
53738.623778 10.7676 0.051
53738.630701 10.8105 0.051
53738.637630 10.7902 0.052
53756.676496 10.8219 0.050
53756.692422 10.8243 0.050
53756.708239 10.8201 0.050
53756.724216 10.8358 0.050
53773.557047 10.911 0.051
53773.566255 10.8191 0.051
53773.577023 10.9009 0.051
53773.586759 10.9107 0.051
53813.512733 11.2415 0.051
53813.527053 11.2385 0.051
53813.541258 11.2399 0.051
53813.555510 11.241 0.051
53821.565870 11.3092 0.051
53821.573971 11.2881 0.051
53821.582053 11.3027 0.051
53821.590146 11.3008 0.051
53848.479034 11.5222 0.051
53848.495016 11.5353 0.051
53848.510974 11.5336 0.051
53848.526917 11.5259 0.051
53858.417213 11.6736 0.052
53858.425741 11.6787 0.052
53858.434294 11.6711 0.052
53858.442862 11.6711 0.052
53876.423676 11.8405 0.052
53876.432189 11.8286 0.052
53876.440696 11.833 0.053
53876.449209 11.831 0.053
53882.417680 11.8474 0.056
53882.426224 11.8991 0.053
53882.434734 11.9046 0.053
53882.443255 11.8942 0.053
53894.393821 12.0744 0.053
53894.400632 12.0621 0.053
53894.407448 12.0679 0.053
53894.414363 12.0449 0.053
54063.685241 12.7025 0.055
54063.698939 12.7191 0.055
54063.712763 12.7143 0.055
54063.726492 12.7324 0.055
54114.650037 12.0038 0.054
54114.657706 12.0148 0.054
54114.664954 12.0103 0.054
54114.671900 11.9883 0.054
54125.635277 11.4083 0.051
54125.650047 11.4065 0.051
54125.664575 11.4158 0.051
54125.678352 11.3902 0.051
54131.663264 11.1918 0.052
54131.671805 11.1947 0.052
54131.680349 11.1882 0.052
54131.688926 11.1912 0.052
54139.663822 10.8707 0.051
54139.670421 10.8967 0.051
54139.677012 11.0759 0.056
54139.683604 10.8862 0.051
54168.533212 10.3444 0.051
54168.543485 10.3471 0.051
54168.553655 10.3355 0.051
54168.563872 10.338 0.051
54184.419902 10.1613 0.050
54184.425124 10.1688 0.050
54184.430403 10.1681 0.050
54184.435845 10.1712 0.050
54185.590975 10.1219 0.050
54185.604097 10.1143 0.050
54185.617193 10.1077 0.050
54185.630309 10.0984 0.050
54196.497097 10.1341 0.050
54196.505592 10.1352 0.050
54196.514071 10.1166 0.050
54196.522550 10.1277 0.050
54208.527392 10.1956 0.051
54208.536007 10.1812 0.051
54208.544709 10.1921 0.051
54208.553326 10.1908 0.051
54247.399597 10.4714 0.051
54247.410289 10.4669 0.051
54247.420995 10.4734 0.051
54247.431766 10.4648 0.051
54261.350768 10.6103 0.051
54261.358944 10.6153 0.051
54261.367140 10.6096 0.051
54261.375314 10.6166 0.051
54287.353240 10.9669 0.051
54287.359741 10.9626 0.051
54287.366162 10.9652 0.051
54287.372693 10.9631 0.051
54393.755006 12.5968 0.056
54393.756794 12.6011 0.056
54393.758602 12.6088 0.056
54393.760414 12.6026 0.056
54423.675183 13.0794 0.059
54423.684677 13.0915 0.059
54423.694156 13.1134 0.059
54423.703648 13.1017 0.059
54466.696383 13.1983 0.059
54466.705568 13.2123 0.060
54466.714388 13.2007 0.059
54466.723051 13.1977 0.059
54492.611379 13.0596 0.058
54492.623550 13.0693 0.059
54492.635519 13.0616 0.058
54492.648117 13.0624 0.058
54510.631251 12.9049 0.055
54510.644282 12.9044 0.055
54510.657359 12.9013 0.055
54510.670398 12.9077 0.055
54525.546556 12.919 0.057
54525.555621 12.9307 0.057
54525.564407 12.91 0.057
54525.573216 12.9473 0.057
54535.533998 13.0283 0.058
54535.542718 13.0189 0.058
54535.551424 13.0135 0.058
54535.559970 13.0152 0.058
54588.456910 11.2568 0.051
54588.463480 11.2526 0.051
54588.470036 11.2354 0.051
54588.476579 11.2497 0.051
54589.454656 11.1879 0.050
54589.461224 11.1984 0.050
54589.467795 11.189 0.050
54589.474385 11.1845 0.050
54600.458407 10.9087 0.050
54600.470781 10.8857 0.050
54600.481664 10.8978 0.050
54600.492558 10.8986 0.050
54616.407104 10.8151 0.050
54616.413661 10.8209 0.050
54616.420247 10.8105 0.050
54616.426804 10.8114 0.050
54773.737722 12.0163 0.053
54773.743568 12.0474 0.053
54773.749432 12.0215 0.053
54773.755277 12.023 0.053
54801.697449 12.4096 0.055
54801.704197 12.4232 0.055
54801.710932 12.4588 0.056
54833.704648 12.8737 0.053
54835.595702 12.9846 0.056
54835.598279 12.9865 0.056
54835.607094 12.9979 0.056
54835.615953 13.0016 0.056
54835.625091 12.9934 0.056
54865.697566 13.522 0.059
54865.705234 13.508 0.059
54865.712950 13.522 0.059
54865.720504 13.5387 0.059
54882.528036 13.7487 0.058
54882.544259 13.7415 0.058
54893.539447 13.9293 0.062
54893.541733 13.9681 0.063
54893.544006 13.959 0.063
54893.546225 13.9583 0.063
54905.550439 13.9682 0.059
54905.561191 13.9598 0.059
54905.571895 13.9392 0.059
54905.582636 13.9463 0.059
54912.520574 14.0233 0.060
54912.531268 14.0292 0.060
54912.541977 14.0218 0.060
54912.552664 14.0406 0.060
54919.515660 13.989 0.063
54919.524041 13.9941 0.063
54919.532455 14.0027 0.063
54919.540851 13.9944 0.063
54922.504787 14.0736 0.058
54922.513975 14.082 0.058
54922.523210 14.0842 0.058
54922.532422 14.0659 0.059
54936.464676 13.9124 0.062
54944.475689 13.8101 0.058
54944.486358 13.8279 0.058
54965.406494 13.559 0.060
54965.417333 13.5679 0.060
54965.428166 13.5682 0.060
54965.439069 13.5703 0.060
54977.442394 13.5201 0.060
54977.449502 13.5275 0.060
54977.456639 13.5341 0.060
54977.463758 13.7603 0.070
54999.355880 13.3578 0.056
54999.365502 13.3525 0.056
54999.375233 13.3723 0.057
54999.384951 13.3537 0.057
55127.742334 11.1132 0.051
55127.747394 11.1101 0.051
55127.752466 11.0684 0.051
55127.757609 11.1331 0.051
55162.683600 11.419 0.052
55162.691956 11.4251 0.052
55162.700411 11.4183 0.052
55162.709022 11.417 0.052
55244.653673 12.2055 0.052
55267.561112 12.4779 0.053
55294.494050 12.848 0.055
55302.474325 12.971 0.054
55327.433504 13.305 0.057
55327.468766 13.2885 0.057
55361.360995 13.533 0.057
55518.714664 10.6148 0.051
55518.731969 10.619 0.051
55560.718043 10.8023 0.050
55560.739218 10.7954 0.050
55591.676177 11.0079 0.050
55591.701041 11.0047 0.050
55602.672456 11.133 0.051
55602.706617 11.0985 0.050
55633.507784 11.4185 0.051
55633.541571 11.4215 0.051
55648.568801 11.4921 0.051
55648.587893 11.502 0.051
55657.535479 11.509 0.051
55657.562214 11.5205 0.051
55676.431171 11.7505 0.052
55676.466762 11.7661 0.052
55696.440385 11.948 0.052
55696.450572 11.9522 0.052
55696.471123 11.943 0.052
55736.381749 12.5246 0.053
55736.390171 12.5221 0.053
55736.398621 12.5134 0.053
55736.407099 12.4901 0.053
56059.437873 11.1612 0.050
56059.451917 11.149 0.050
56059.466001 11.1513 0.050
56059.480103 11.1523 0.050
56090.377607 11.4706 0.051
56090.388144 11.4644 0.051
56090.398753 11.4762 0.051
56090.409360 11.4675 0.051
56277.692288 13.5209 0.056
56277.705511 13.5209 0.056
56277.716328 13.4936 0.057
56277.727178 13.4484 0.057
56357.556667 12.8628 0.054
56357.566240 12.8631 0.054
56357.575671 12.873 0.054
56357.585268 12.8583 0.054
56383.536500 12.2433 0.052
56383.550075 12.2473 0.052
56383.562014 12.2441 0.052
56383.573963 12.2492 0.052
56421.477600 10.7747 0.050
56421.485954 10.7833 0.050
56421.494398 10.7648 0.050
56421.502935 10.7619 0.050
