53724.660286 17.3785 0.161
53724.672375 17.5268 0.171
53724.684458 17.4716 0.166
53724.696579 17.3861 0.159
53693.717109 16.8139 0.156
53693.723554 17.1146 0.178
53693.730020 17.5124 0.215
53850.538567 17.2638 0.120
53850.552581 17.1088 0.112
53850.566568 17.0428 0.108
53850.580540 16.9607 0.106
54084.672143 17.1302 0.147
54084.682194 17.1858 0.150
54084.702249 17.3964 0.164
53741.647162 17.2336 0.122
53741.662747 16.9017 0.108
53741.678604 16.8089 0.108
53741.694771 17.3756 0.399
53764.641645 17.1731 0.203
53764.654254 17.3537 0.221
53764.666206 17.338 0.219
53764.678255 17.3702 0.222
53923.407000 16.5866 0.111
53923.413543 16.9618 0.130
53923.420088 16.8269 0.122
53923.426639 17.2716 0.147
53812.699178 17.4312 0.144
53812.707865 17.378 0.142
53812.716559 17.2649 0.136
53812.725225 17.3737 0.142
53821.485055 17.3019 0.161
53821.493893 17.1937 0.153
53821.503330 17.1831 0.153
53821.512875 17.2783 0.166
53858.487080 17.09 0.149
53858.497319 17.1559 0.153
53858.507575 17.1578 0.153
53858.517828 17.068 0.148
53874.404461 17.1828 0.263
53874.409588 17.434 0.223
53874.414731 17.4337 0.230
53874.419867 17.5444 0.208
53879.482103 17.2505 0.133
53879.491104 17.2476 0.133
53879.500114 17.2268 0.132
53886.437845 17.4299 0.145
53886.448396 17.3111 0.138
53886.458970 17.1356 0.129
53886.469540 17.107 0.128
54196.583851 17.1462 0.182
54196.595310 17.3232 0.199
54196.606792 17.2166 0.189
54196.618305 17.0031 0.171
54448.643626 17.3882 0.203
54448.652300 17.2042 0.663
54448.670400 17.5119 0.211
54150.640856 17.2965 0.197
54150.650287 17.4674 0.223
54150.659523 17.2758 0.206
54150.668322 17.4163 0.212
54287.406909 16.9434 0.129
54287.416755 16.8302 0.124
54287.426715 16.8416 0.125
54287.436611 16.8524 0.126
54169.617867 17.0421 0.165
54169.626366 16.916 0.156
54169.634905 17.2101 0.179
54169.643461 17.0438 0.166
54186.600595 17.3596 0.194
54186.611331 17.2994 0.189
54186.622049 17.6037 0.220
54186.632753 17.529 0.212
54228.444892 17.3953 0.194
54228.453107 17.4233 0.197
54228.461315 17.2976 0.254
54228.469542 17.5413 0.319
54236.517425 17.0933 0.179
54236.521727 17.1452 0.185
54236.526033 17.0672 0.178
54236.530339 16.8208 0.159
54247.461666 17.0365 0.171
54247.474466 17.2754 0.192
54247.487326 17.2063 0.187
54247.500299 17.2937 0.196
54426.716359 17.5721 0.221
54426.723426 17.5529 0.229
54426.730550 17.5182 0.212
54426.737640 17.5725 0.216
54511.761894 17.217 0.143
54521.646556 17.5516 0.168
54521.657740 17.6543 0.176
54521.668907 17.5097 0.165
54521.680113 17.4107 0.204
54525.595527 17.0095 0.163
54525.614053 16.9887 0.162
54660.360173 16.5425 0.107
54660.368843 15.9196 0.084
54660.377534 16.8932 0.114
54660.386224 17.0597 0.122
54632.438225 17.4381 0.138
54632.448176 17.363 0.135
54632.458220 17.4916 0.142
54632.468295 17.4463 0.140
54535.605929 17.5421 0.202
54535.614621 17.4798 0.197
54535.623192 17.7423 0.224
54535.631770 17.5975 0.209
54589.564384 17.0413 0.119
54589.572554 16.9845 0.117
54589.580726 16.7958 0.110
54589.588902 16.7532 0.108
54598.466556 18.1376 0.227
54936.573849 17.7097 0.194
54866.543391 16.5279 0.103
54866.552016 16.717 0.110
54866.560868 17.552 0.152
54866.569574 17.2108 0.132
54883.720012 18.0049 0.186
54883.732915 17.7464 0.165
54883.745853 17.425 0.145
55032.402446 16.9535 0.150
55032.407062 16.8457 0.144
55032.411681 16.9329 0.149
55032.416304 16.9886 0.153
54894.716183 17.1999 0.132
54894.726902 17.1335 0.129
54894.737659 17.0311 0.124
54894.748449 16.967 0.122
54905.640677 17.2577 0.203
54905.651463 17.1209 0.191
54914.573083 17.3105 0.128
54914.604296 17.2353 0.146
54919.592309 17.5085 0.176
54919.600925 17.495 0.174
54919.609586 17.4628 0.172
54919.618214 17.4275 0.170
54963.462914 17.5325 0.152
54978.457360 17.5921 0.202
54978.518806 16.9736 0.176
54978.527449 16.7655 0.138
54979.435068 17.281 0.130
54979.448910 17.3247 0.139
54979.462612 17.4602 0.129
55297.562959 17.2436 0.349
55307.444021 17.3706 0.156
55237.606571 17.2701 0.142
55253.606994 18.0543 0.207
55380.407457 17.8184 0.184
55380.425470 17.5875 0.184
55391.383834 17.4133 0.152
55362.456849 17.6668 0.163
55362.478539 17.4321 0.151
55327.541409 17.1594 0.122
55621.748972 17.4081 0.121
55648.607140 17.3577 0.129
55690.459141 16.8107 0.102
55690.510130 17.5263 0.135
54426.716359 17.4762 0.206
54426.723426 17.5096 0.219
54426.730550 17.5182 0.212
54426.737640 17.5725 0.216
54979.495881 17.4852 0.132
54979.516938 17.4022 0.128
54979.530816 17.4636 0.132
54979.544869 17.4637 0.133
55391.397869 17.1742 0.139
55676.574547 17.2597 0.125
55655.534628 17.1986 0.137
55655.654658 17.5705 0.168
55742.419494 17.0602 0.136
55742.427772 17.3731 0.151
55742.436161 17.165 0.139
55742.444423 17.2443 0.201
56061.491110 17.6871 0.118
56357.650896 17.5261 0.142
56357.662997 17.5078 0.144
56357.674972 17.5419 0.145
56357.686884 17.5202 0.144
56368.595136 17.0015 0.089
56368.613862 17.1063 0.091
56368.632690 16.983 0.089
56368.651505 17.0793 0.092
56384.572321 17.4838 0.136
56384.586605 17.4317 0.134
56384.600940 17.4539 0.135
56384.615652 17.6348 0.145
56402.567356 17.5775 0.126
56402.578050 17.5507 0.124
56402.588770 17.5672 0.126
56402.599624 17.565 0.127
56418.524922 17.4738 0.105
56459.437038 17.5406 0.146
56459.446669 17.3941 0.138
56459.456256 17.2566 0.130
56459.465728 17.3926 0.138
