53597.5404108448 18.373888 0.31004610556688
53597.5497154167 18.453071 0.324760401775709
53597.5601149422 18.562369 0.345238916999181
53597.5702165278 18.504929 0.331562089641749
53561.7481514006 18.409585 0.190875714566133
53561.7651682524 18.752244 0.229646116762462
53561.7801097571 18.54419 0.207890812324655
53561.7951972918 18.793055 0.236319011609296
53691.4955726272 18.121375 0.283505678461243
53691.5006698032 18.090195 0.282033034373412
53691.5057409025 17.742242 0.23464438538552
53691.5113711457 19.174887 0.519203782186967
53651.5361465739 18.972362 0.52279353269798
53651.5443148149 18.545259 0.41151932070053
53651.5524485648 18.549221 0.41316557082991
53651.5606440047 19.31388 0.645167692979379
53665.5008986922 18.543073 0.270821137872182
53665.512820104 18.863804 0.324243668937179
53665.5247292475 19.029823 0.356782507807727
53614.5501478471 18.704128 0.170925885737766
53614.5666949766 19.084752 0.217353938825332
53614.5832863658 18.824738 0.222488531743262
53614.5998815511 18.539858 0.180623266743775
53636.6240074191 18.948215 0.31914132426466
53636.6373533912 18.366165 0.238237839088866
53636.6507142939 18.464161 0.253116391241603
53636.6640805787 18.225363 0.226078465322798
53854.7354832293 18.643467 0.321569044098063
53854.7419329399 18.393606 0.280118138353642
53854.748392523 18.294896 0.266249272254903
53854.7549261806 18.441134 0.286475070724519
53972.6169246064 18.861842 0.390554997825443
53972.6285961109 18.537269 0.32685111052401
54084.4440335647 18.041597 0.288337798467902
54084.448042859 17.955908 0.277541560348567
54084.4520435996 17.838274 0.261762159684753
54084.456042824 17.688271 0.244125866662396
53922.6414319095 18.491708 0.255613081837961
53934.5873645139 19.196396 0.372601079010067
53934.5988590857 18.493324 0.255516915998696
53934.6108686808 18.575723 0.266321776428251
53934.6231780439 18.068183 0.213839633196529
53883.7458576275 18.300389 0.180217799454931
53883.7629825811 18.240188 0.174910626633505
53883.7801104513 18.473929 0.195375028342761
53883.7972359027 18.253439 0.175841928175392
54055.4040936806 18.21132 0.282420657941845
54055.4081451042 19.000819 0.44040605919064
54055.4124001271 18.593393 0.350916886845098
54055.4165148611 18.062602 0.26385368591492
54016.4663864352 18.672896 0.365171110134944
54016.4834451854 19.03119 0.444712334672381
54021.4681727664 18.569443 0.342873187578375
54021.4775863194 19.013244 0.441014248734172
54021.4870249882 18.973159 0.431120425716431
54021.496425463 19.076555 0.45818550353629
53990.5727303933 18.490785 0.322962106405879
53990.581256759 18.684216 0.35891463361078
53990.589779074 17.88016 0.234126949785175
53990.59836147 18.565488 0.338422235333736
54005.5649348378 18.328168 0.298771957360503
54005.5738969791 18.331744 0.300155084861214
54005.5833306715 18.238329 0.286295213585753
54005.592193044 18.3487 0.304580086452916
54209.7681457523 18.452619 0.367816158540079
54209.7775026967 18.554446 0.420872071577215
54209.7963642941 19.167367 0.83405195881564
54320.6384270022 18.50013 0.214922116744038
54320.6436604167 18.276933 0.192518166503701
54320.6489394329 18.331033 0.198011128835235
54320.6542313079 18.032502 0.171669321235564
54261.7062264582 18.37211 0.225180420472834
54261.7186163891 18.589657 0.254118829749551
54261.7310547106 18.757422 0.284338540206257
54261.743742118 18.742029 0.297256701134327
54243.7064134952 18.957997 0.303509360728066
54243.7247265739 19.107845 0.326917071709993
54243.7430549304 19.261392 0.356107732782629
54243.7618643286 18.829944 0.280202425007233
54417.4564647568 18.55048 0.270516659755215
54417.4667889932 18.445459 0.256808203439916
54417.4771032753 18.901451 0.32877946447849
54417.4874150115 18.603681 0.280837024278645
54377.5111780671 18.369316 0.313091367978159
54377.5201508563 19.107983 0.475804081920659
54377.529105243 19.139376 0.487017957441194
54377.5380837151 18.387847 0.319018252944252
54389.5393904049 18.334537 0.307692762386504
54389.5478428008 19.144847 0.484442412047511
54389.5562656942 18.39402 0.317855739712029
54389.5647728473 18.658976 0.370892426571605
54350.4809641435 18.793137 0.386052407255142
54350.4886806367 18.945577 0.421678125145008
54350.4966909026 19.392674 0.545280384557757
54350.5050324189 18.281385 0.291554390179404
54682.5554645718 17.990961 0.176264536162222
54682.5695118751 18.102622 0.18527057877671
54682.5841432177 18.186269 0.192836276583179
54682.5991745717 18.32279 0.205988667720439
54706.5926399422 18.629466 0.241490661372618
54706.5992175117 18.869782 0.274318164542678
54706.6057735416 18.759962 0.259584997853148
54706.6123161572 18.750088 0.258949031351556
54624.6924541782 18.558166 0.19000813173657
54624.707865185 18.385726 0.174632551375738
54624.7234242362 18.376736 0.173694408288052
54624.7400020718 18.561902 0.189315781554332
54645.5978171757 18.242213 0.244854774633752
54645.6088033679 18.074204 0.223672490538906
54645.6199640973 18.488387 0.276684588057984
54587.8050404512 18.890235 0.274595803194631
54587.8072621757 18.65494 0.243127426923051
54587.8095136574 18.563297 0.231781695698597
54587.8117662845 18.878397 0.272747484386885
54595.7214926506 18.754178 0.365532764933252
54595.7327304745 18.571182 0.302872136788619
54595.7441309143 18.360395 0.264136353224682
54595.7553297222 18.66285 0.37530332896457
54782.4050186807 18.307188 0.221509788988587
54782.4146166202 18.201075 0.211922987265013
54782.4242323842 18.105561 0.200993334159844
54782.433847338 17.922898 0.184162890307907
54747.3960733335 18.610799 0.236268501922769
54718.4028720371 18.356621 0.212701324333807
54718.4084901968 18.899466 0.277132502595513
54718.4141015164 18.477744 0.221675431628892
54718.4197197915 18.834184 0.266140609962742
54728.5681921413 18.918351 0.398279693724482
54733.516584375 18.46975 0.153657663811025
54733.5272184606 18.190742 0.1364306819409
54733.5378592592 18.20275 0.137336816065892
54733.5484916088 17.991254 0.126185551690902
55044.6025790394 18.575364 0.23946490530583
55044.6126119446 18.745726 0.258284615582906
55044.6225795717 18.183255 0.181781548353088
55044.6325598148 18.388113 0.200043073587552
55061.5010741437 19.00185 0.311529271675579
55061.5086027891 18.743418 0.27116489823344
55061.5161960069 18.63479 0.255902243838608
55061.5238502314 18.549193 0.24457364321003
54952.7631253937 18.671529 0.350112456827139
54952.7708770718 18.694082 0.34234532130251
54952.778605729 18.629624 0.311644218290139
54952.7863805556 18.994956 0.381385281041957
55148.4400286342 18.512558 0.197765396356037
55148.4497043517 18.887973 0.239675705404501
55148.459387014 18.823665 0.234520869586073
55148.4690732638 18.908295 0.24491111388221
55118.4312685765 18.460302 0.217725253616775
55118.4398275809 18.637331 0.23808257163587
55118.4483294096 18.626853 0.236546776795387
55118.4568051966 18.675867 0.242989736273718
55084.5805292131 19.123486 0.414958965500453
55084.5905508913 18.725962 0.356529043235564
55084.6006010418 18.944615 0.404990530525643
55084.6106499305 18.537191 0.322200118395644
55094.5032340858 18.387522 0.283200631993951
55094.5123826965 18.493989 0.303190262999491
55421.6095867939 18.675035 0.264490954497701
55421.6448193868 18.713145 0.267306471496391
55394.7511039004 18.515492 0.249312014062398
55394.7936369558 18.921654 0.310557193917812
55330.7243051967 18.488618 0.256645718495619
55330.7603876041 18.59107 0.268748137472691
55506.5056093866 18.997826 0.338567949178155
55456.4738588774 18.998634 0.271817782414849
55456.5166911919 18.462164 0.209588866399196
55691.7959977776 19.04369 0.41303830066135
55691.79947603 18.929152 0.387005065424483
55691.8066161225 18.47754 0.301661587212293
55743.6211953008 18.812297 0.257822559895908
55743.6340291322 18.410811 0.210199817055077
55743.6470337965 18.702822 0.242879756312999
55743.6600042012 18.994982 0.279112408454247
55771.5986401043 18.664791 0.240577955126937
55771.6105787498 18.879249 0.268934645127267
55771.6259146412 18.308266 0.201282788816607
55771.6373430905 18.589048 0.231212524128992
55796.6146740741 18.263485 0.200599407872837
55796.6277543288 18.074714 0.183651154065439
55796.6409272803 18.296744 0.205041972529148
55796.6541151735 18.055501 0.183121676184674
55824.5150077776 18.139102 0.196877487195785
55824.5274670487 18.112842 0.194207643155767
55824.5398623147 18.033403 0.186472001121706
55824.552332697 18.059871 0.189793244869091
55851.4876780091 18.474338 0.173516307778051
55851.502731713 18.559192 0.178543330516449
55851.5177857639 18.482108 0.183020861243502
55851.5328681711 18.394882 0.187190851744295
56037.7451511459 18.229083 0.203869972912897
56037.7543711807 18.18026 0.198549377345927
56037.7634175927 18.131237 0.192822990735577
56037.7724383101 18.031093 0.183470332508666
56077.663580567 18.315896 0.196834852210399
56077.6742329512 18.67854 0.233979762918114
56077.6849837036 18.438849 0.208094312092766
56077.6956762498 18.461553 0.215167117098883
56131.684200521 18.084728 0.283418419990537
56131.6955849769 18.392911 0.326390485684817
56131.7070239697 18.010453 0.297306852627094
56154.6207797107 18.628664 0.192876168004678
56154.6490426044 18.204035 0.158895725757884
56154.663213183 18.087107 0.150989472387667
56174.4873409954 19.074318 0.243986447828698
56174.498887963 18.956426 0.233345193742502
56174.5100670949 18.859121 0.222028718249339
56174.5208053587 18.624106 0.197722136100428
56219.45993397 18.876125 0.239491225301344
56219.474031852 18.807164 0.231781695698597
56219.4881847108 18.46193 0.214940927387181
56219.5023142014 18.819625 0.259753138024546
56249.4178401966 18.930562 0.231118073824853
56249.4341966089 18.461777 0.185165798690342
56249.4667016667 19.13418 0.262836567839555
56402.7429140511 18.049375 0.150897424574541
56402.7543584722 17.92264 0.142411616282373
56402.7659573032 18.154014 0.156600565013825
56402.7776821757 18.17846 0.157993259073142
56479.5444424539 17.944227 0.164220440113584
56479.5535033448 18.064011 0.173236347079603
56479.562409699 18.100834 0.175705067414376
56479.5713478937 18.274779 0.189970154346907
