53723.627164 13.7845 0.063
53723.634893 13.8249 0.064
53723.642600 13.8617 0.064
53723.650355 13.8892 0.064
53704.673313 13.677 0.064
53704.680194 13.6994 0.065
53704.687081 13.7576 0.064
53704.693982 13.7555 0.066
53849.473287 13.8635 0.058
53849.485354 13.9266 0.059
53849.497438 13.9885 0.059
53849.509469 14.0482 0.060
53850.385633 13.6264 0.064
53850.396674 13.6748 0.059
53850.407951 13.6927 0.059
54081.725495 13.7234 0.060
54081.729923 13.6913 0.060
54081.734473 13.698 0.060
54081.739191 13.677 0.059
53773.558825 14.4598 0.072
53773.568601 14.32 0.070
53773.578947 14.2084 0.069
53773.588599 14.1593 0.068
53738.618657 13.7111 0.065
53738.625458 13.6146 0.064
53738.632387 13.7543 0.065
53738.639313 13.6173 0.067
53756.679116 14.0183 0.060
53756.695041 14.0729 0.060
53756.710973 14.2799 0.061
53756.726845 14.0308 0.060
53892.390097 13.776 0.061
53892.397587 13.7657 0.061
53892.405063 13.8298 0.062
53892.412558 13.8241 0.062
53813.518170 13.818 0.058
53813.532434 13.7698 0.058
53813.546676 13.7298 0.058
53813.560906 13.6981 0.057
53821.568826 13.7347 0.060
53821.576931 13.7654 0.061
53821.585006 13.7934 0.061
53821.593098 13.8151 0.061
53859.459029 14.104 0.064
53859.469293 14.1963 0.065
53859.479542 14.4937 0.068
53859.489848 14.5755 0.069
53876.427048 13.7751 0.061
53876.435563 13.7504 0.061
53876.444083 13.7324 0.061
53876.452586 13.7188 0.061
53882.421044 13.2725 0.064
53882.429609 13.7167 0.061
53882.438104 13.7405 0.061
53882.446637 13.7653 0.061
54062.701573 14.0732 0.064
54062.711425 14.0184 0.063
54062.721315 13.953 0.063
54062.731204 13.8951 0.062
54038.725078 13.7241 0.065
54038.733555 13.7163 0.065
54038.742070 13.741 0.071
54038.750570 13.6944 0.064
54197.494683 13.864 0.065
54197.504979 13.8109 0.065
54197.515289 13.7863 0.064
54197.525600 13.8629 0.065
54212.416863 13.6929 0.059
54212.427471 13.6783 0.059
54212.438018 13.7127 0.060
54212.448535 13.6997 0.060
54140.733995 14.3078 0.071
54140.739145 14.2348 0.070
54140.744297 14.1841 0.070
54140.749443 14.1503 0.070
54114.652107 13.9276 0.066
54114.659603 13.8891 0.066
54114.666663 13.8435 0.065
54114.673669 13.8265 0.065
54125.637631 14.0145 0.061
54125.652275 13.9203 0.061
54125.666752 13.8432 0.060
54125.680512 13.7979 0.060
54131.664120 13.783 0.064
54131.672663 13.8175 0.064
54131.681207 13.8453 0.065
54131.689768 13.8494 0.065
54291.355176 13.9441 0.064
54291.359406 13.9032 0.064
54291.363650 14.0174 0.065
54291.367913 13.8621 0.064
54261.385591 14.275 0.065
54261.403014 14.2223 0.065
54261.411738 14.0373 0.063
54168.537417 14.2502 0.069
54168.547678 14.1493 0.068
54168.557869 14.3573 0.070
54168.568058 14.0962 0.067
54184.422188 13.8942 0.061
54184.427428 13.8665 0.061
54184.432798 13.8473 0.061
54184.438204 13.8232 0.061
54185.596379 13.6776 0.060
54185.609503 13.6818 0.060
54185.622612 13.7121 0.060
54185.635722 13.7026 0.060
54240.417471 14.138 0.063
54240.426173 14.3708 0.065
54240.434910 14.509 0.067
54240.443620 14.5926 0.068
54245.426716 13.6876 0.063
54245.435242 13.7032 0.064
54245.443764 13.6985 0.064
54408.703872 13.6966 0.063
54408.712698 13.7017 0.063
54408.721539 13.7056 0.063
54408.730366 13.7396 0.063
54423.676942 13.0622 0.072
54423.686447 14.0471 0.088
54423.695939 13.9373 0.066
54423.705415 13.8971 0.065
54506.640706 13.7019 0.060
54506.650531 13.6905 0.059
54506.660435 13.6792 0.059
54506.670257 13.6889 0.060
54510.633412 14.3884 0.064
54510.646457 14.4479 0.065
54510.659510 14.2794 0.063
54510.672553 14.1635 0.062
54466.697310 13.9568 0.065
54466.706490 13.8057 0.064
54466.715307 13.8986 0.065
54466.723973 13.7354 0.063
54477.574433 14.2382 0.069
54477.585390 14.3511 0.071
54477.596503 14.4615 0.072
54477.608775 13.9386 0.158
54526.537790 13.7753 0.062
54526.546837 13.7487 0.062
54526.555666 13.7364 0.062
54526.564379 13.7198 0.062
54534.511052 13.8245 0.063
54588.460164 13.6969 0.057
54588.466724 13.6796 0.057
54588.473275 13.6712 0.057
54588.479823 13.6827 0.057
54602.439079 14.2262 0.060
54602.445670 14.0088 0.059
54602.452208 13.9805 0.059
54602.458821 13.9443 0.058
54614.420783 14.1972 0.062
54614.430080 14.3783 0.088
54614.438532 14.6911 0.072
54614.459918 14.3508 0.064
54922.506075 14.2046 0.058
54922.515267 14.1135 0.058
54922.524500 14.1387 0.059
54922.533713 13.988 0.059
54938.457880 13.6746 0.057
54938.468634 13.6752 0.057
54938.479319 13.6603 0.057
54938.490013 13.6747 0.057
54869.580407 14.0294 0.069
54869.584882 13.9972 0.068
54869.589412 13.953 0.068
54869.594134 13.9227 0.067
54882.530331 13.9068 0.059
54882.546575 14.1591 0.061
54882.561663 14.3202 0.062
54882.575651 14.4926 0.064
54839.597954 14.0516 0.060
54839.611329 14.0947 0.060
54839.624796 14.1408 0.060
54839.638396 14.1246 0.060
54857.723064 13.7187 0.058
54857.733817 13.7431 0.058
54857.744542 13.7769 0.058
54857.755474 13.8176 0.058
54999.356937 13.7197 0.058
54999.366604 13.7417 0.058
54999.376291 13.7711 0.059
54999.386209 13.8012 0.059
54893.548690 14.034 0.063
54893.550985 13.9812 0.063
54893.553236 14.0162 0.073
54893.555454 14.3903 0.122
54908.552971 13.6749 0.060
54908.561374 13.6651 0.060
54908.569790 13.6757 0.060
54908.578254 13.6948 0.060
54915.547940 14.0126 0.060
54915.555980 14.0405 0.060
54915.563994 14.1351 0.061
54915.572056 14.4082 0.063
54966.439363 14.0521 0.063
54966.449478 14.1528 0.064
54966.459643 14.4582 0.068
54966.469725 14.5789 0.150
54977.471903 14.5068 0.070
54977.477371 14.5883 0.071
54977.482887 14.3267 0.073
54977.488360 14.5069 0.114
55162.684430 13.756 0.061
55162.692781 13.7698 0.061
55162.701236 13.7707 0.061
55162.709872 13.8099 0.061
55294.496378 14.1802 0.063
55302.477121 13.6911 0.057
55561.728018 13.6773 0.058
55561.749297 13.6562 0.058
55237.562661 13.6817 0.058
55253.539464 14.1411 0.062
55205.654001 13.8074 0.059
55205.703450 14.0383 0.061
55360.412957 14.0486 0.061
55360.439495 14.2777 0.063
55267.562497 13.9093 0.058
55328.364986 13.7252 0.059
55328.393293 13.7718 0.059
55657.537813 13.9747 0.061
55657.564598 13.8281 0.060
55673.419037 13.72 0.057
55673.470052 13.6864 0.057
55615.566996 14.2355 0.062
55615.602640 13.9379 0.060
55588.674904 14.0322 0.057
55588.711917 14.3677 0.059
55645.501244 13.8696 0.059
55645.536979 13.7628 0.058
55696.442712 13.7772 0.059
55696.452945 13.7509 0.059
55696.473462 13.7466 0.059
54534.521881 13.7023 0.062
54534.531228 13.7931 0.063
54534.540561 13.7324 0.062
54534.549705 13.751 0.063
54966.491545 14.5317 0.069
54966.501686 14.2446 0.066
54966.511878 14.1822 0.065
54966.522029 14.0494 0.064
55736.384553 13.7027 0.057
55736.392969 13.6981 0.057
55736.401438 13.7011 0.057
55736.409925 13.7219 0.057
56001.521716 13.7246 0.057
56001.533491 13.7563 0.058
56001.545835 13.8906 0.059
56001.558065 13.9036 0.059
56029.440150 14.4899 0.057
56029.453467 14.3296 0.057
56029.466757 14.5154 0.057
56029.479943 14.1924 0.056
56059.439736 13.7768 0.055
56059.453784 13.7298 0.054
56059.467880 13.7017 0.054
56059.481977 13.6855 0.054
56090.379004 13.7719 0.057
56090.389545 13.7267 0.057
56090.400154 13.7334 0.057
56090.410762 13.7001 0.057
56298.718666 13.7498 0.057
56298.727114 13.7358 0.057
56298.735555 13.7274 0.057
56298.743968 13.7203 0.057
56357.557856 13.7266 0.057
56357.567409 13.6923 0.057
56357.576867 13.6925 0.057
56357.586448 13.6836 0.057
56383.540091 14.5992 0.063
56383.553676 14.6092 0.063
56383.565566 14.5089 0.062
56383.577535 14.4072 0.061
56406.417077 13.6707 0.055
56406.425656 13.6593 0.055
56406.434257 13.6697 0.055
56406.442666 13.6806 0.055
56426.449883 13.775 0.056
56426.456994 13.7885 0.056
56426.464088 13.8461 0.056
56426.471165 14.0013 0.057
