53594.779173935 14.480509 0.0731672901202463
53594.7876412386 14.485868 0.073222493431442
53594.7961619214 14.547223 0.0741376472677003
53594.8049487501 14.655191 0.0759769118766868
53712.6787379976 14.404728 0.0647067992461367
53712.6847895025 14.420015 0.0648845995384002
53712.690821447 14.44113 0.0651094263128585
53712.6968654282 14.444092 0.0651966414238196
53734.5926484374 14.453484 0.0706114758891085
53734.5994792475 14.468087 0.0709749027413856
53734.6063046294 14.557258 0.0722580368465268
53734.6131320835 14.598362 0.0729452541114608
53693.6818527432 14.413952 0.0699204467214446
53693.6944600695 14.411739 0.0699842754726327
53693.6986738771 14.419118 0.0700865199070708
53693.7028469212 14.404304 0.0699277874949565
53655.7208955786 14.748597 0.0720908635745942
53655.7274618866 14.778308 0.0726417971940592
53655.7340148497 14.880047 0.0741978276041428
53655.7405372453 14.903958 0.0746323147961001
53670.6674415974 14.486105 0.07343641300509
53670.6761027893 14.489062 0.0734726927858634
53670.6847534489 14.4225 0.0725542830180756
53670.6936096877 14.437202 0.0727432374435816
53617.7783292939 14.406719 0.0724383311803243
53617.7851882178 14.423011 0.0726122100408193
53617.7919929281 14.428287 0.0727262845842912
53617.798835139 14.47857 0.0743584054756364
53959.7705153702 14.488827 0.0644305448758998
53959.7816323382 14.441506 0.0639512322756536
53959.7932589352 14.441795 0.063906201197277
53959.8049750002 14.420654 0.0637331825311473
54079.644868067 14.824152 0.0709582424791411
54079.6586810993 14.620413 0.0678747034945113
54079.6724817362 14.47077 0.0664382208982713
54079.6862427895 14.49278 0.0667527301342944
54084.547987072 14.475226 0.0709095382661168
54084.5574115046 14.469891 0.0707861511133601
54084.5668028357 14.474416 0.0711198020346545
54084.5761620949 14.452244 0.0707039340499149
53756.5422459724 14.482508 0.0660203270700242
53756.5531917014 14.433224 0.0654840071799944
53756.5641504051 14.412321 0.0653148210539487
53756.5751214931 14.392566 0.0652113661459761
53941.7900494213 14.510787 0.0713016920540694
53941.7959185067 14.510003 0.0728163693172276
53941.8020149192 14.490542 0.0717146406656954
53941.8080202431 14.459958 0.0708873995223305
53818.4191453011 14.486798 0.0675339677723644
53818.4259498149 14.477199 0.0674929877803128
53818.432801759 14.446743 0.067293812546278
53818.4396353934 14.4522 0.0674158987428543
54059.6414941899 14.423008 0.0650577834322094
54059.6564251967 14.45145 0.0653749704162977
54059.6713195141 14.470019 0.0656574504174488
54059.6862264467 14.572262 0.0668766113585483
54067.5356090974 14.505001 0.0727349237003785
54067.5462874073 14.463796 0.071945546993703
54067.5570187151 14.446698 0.0718494401705963
54067.567212396 14.494439 0.0723234397480474
54021.6422889933 14.6192 0.071782099273262
54021.6702379861 14.492295 0.0699062727642846
54021.6794727199 14.456826 0.069388978294361
54022.6412135648 14.508085 0.0706464842868245
54022.6506932058 14.476536 0.0702195553783269
54022.6606361807 14.46981 0.0701361545354222
54022.6703039121 14.447374 0.0697763768269483
54039.5817257754 14.671754 0.07392599420231
54039.5924573146 14.827699 0.076517283467805
54039.6034436111 14.909597 0.0780544081374684
54039.6154456829 14.819501 0.0762825994907654
54004.5958278474 14.863578 0.0768430970493316
54004.6051660531 14.871166 0.0763384696105056
54004.6145520487 14.763191 0.0746273067632765
54004.623911088 14.64501 0.0729542576588675
54199.375870729 14.564337 0.073422507940983
54199.3822916897 14.500424 0.0726194347850688
54199.3887162382 14.504048 0.0727349237003785
54199.3951905558 14.525102 0.0731872810618427
54109.584177176 14.627746 0.0682022239140815
54109.5977862617 14.813465 0.0708465455480317
54109.6110095717 14.979012 0.0735067684177376
54109.6242634375 14.812224 0.0712545294051481
54126.5216194908 14.419559 0.065001502052025
54126.5346676735 14.439458 0.0653256573360163
54126.5477123843 14.423476 0.0652682011220811
54126.5607775808 14.453115 0.0657139874517095
54172.3971175347 14.489106 0.0659364631396694
54172.4052863657 14.504891 0.066202591221779
54172.4134349539 14.489114 0.0660086328135576
54172.421611655 14.491795 0.06606453929296
54412.6399189352 14.882143 0.07918281537521
54412.6489447455 14.787265 0.0780386587953175
54412.6579115164 14.66347 0.0736262194165624
54412.6669949653 14.534475 0.0716748438152253
54423.6232919446 14.567767 0.0664074874527776
54423.6345502432 14.622252 0.0663589907904512
54423.6457617707 14.761915 0.0680598311431252
54423.6570233102 14.897337 0.0700438644783976
54393.5993158563 14.472311 0.0709150129390656
54393.6085208335 14.451163 0.070688969093494
54393.6187486459 14.455435 0.070628166497774
54393.6296561227 14.491096 0.0711182609181908
54358.7274611113 14.538065 0.0650891725308163
54358.761498854 14.487702 0.0646174112026786
54358.7737166784 14.47061 0.064424652548317
54358.7858390044 14.441852 0.0641766170914908
54830.590577257 14.480624 0.0680085081039308
54830.6000593288 14.484319 0.0682103709317852
54830.6095646645 14.48125 0.0681534202156651
54830.6190855207 14.464443 0.0680815098095835
54506.4981441783 14.481632 0.0698618240126149
54506.5056707293 14.477859 0.069360879811002
54506.5132060881 14.498613 0.0697047643434036
54506.5207372803 14.471798 0.0695151395175396
54473.5709959722 14.777703 0.0750408240291922
54473.578954375 14.685382 0.0736393167491945
54473.5868763194 14.593504 0.0723665438198219
54473.5948065973 14.543209 0.0718314259653747
54488.4606931252 14.825954 0.0698814013624232
54488.471961956 14.622548 0.0673596824193824
54488.4832037152 14.551449 0.066559687587084
54488.4944224306 14.513898 0.0661651397459269
54794.6293867938 14.463161 0.062634938367495
54794.6390375001 14.445945 0.0625025006579297
54794.6486996757 14.443968 0.0624787895890154
54794.6583497105 14.44332 0.0625138234467682
54768.5952019215 14.468112 0.0623582395072142
54768.6006934492 14.51839 0.0619770399067388
54768.6060504861 14.513213 0.0615810111348082
54768.6115701388 14.488725 0.060972589674178
54718.7298724651 14.494042 0.062008983746284
54718.7436732175 14.623204 0.0630830107039523
54718.7579442477 14.832458 0.0650950554929014
54718.7723766319 14.897039 0.0657315873951886
54926.3792772917 14.524549 0.063408397490258
54926.383525949 14.4931 0.0631446712304006
54926.3878203239 14.52604 0.063424677973086
54926.3920802083 14.490316 0.0631667311216175
55055.7266697918 14.49736 0.0689981572917644
55055.7366840627 14.515052 0.0691107157369099
55055.746690347 14.505364 0.068871023088478
55055.7567898032 14.51749 0.0689791093429926
54863.5191469674 14.470394 0.076644902158711
54863.5275415044 14.476826 0.0678682304405688
54863.5359339469 14.452044 0.0674870996631063
54863.5443461921 14.455502 0.067475698208918
54883.4461218403 14.507919 0.0634056802144709
54883.4525624886 14.519276 0.0634293872883432
54883.4589939816 14.525582 0.0635100713146315
54883.465419699 14.536253 0.0636010906226684
54854.5516232406 14.618588 0.0674516859540637
54898.4318932523 14.918246 0.0840687790818542
54898.4404330556 14.821733 0.0822082825814185
54898.4489734261 14.718587 0.0802525793916426
54898.4575198148 14.611905 0.0783131496494067
54911.4253720023 14.47277 0.0682502322862028
54911.4304027545 14.467692 0.0683134233685875
54911.4354450811 14.452298 0.0682324693781035
54911.4404985068 14.482917 0.0686130267718227
55145.6979085535 14.459763 0.0580303749689672
55145.7094042592 14.493332 0.0582249133103275
55145.7210926737 14.511733 0.0583754530015498
55145.7325782987 14.600304 0.0589719511593428
55163.5893096876 14.512041 0.0605620018998246
55163.6029994561 14.497157 0.0604714623672326
55163.616749294 14.484154 0.060537742329046
55163.6303951967 14.497789 0.060706293904291
55113.7014814699 14.498875 0.0641171939392365
55113.7129440624 14.491362 0.0640453649682458
55113.7244179975 14.486222 0.064031930939726
55113.7357455208 14.471312 0.0638903898470078
55094.6843786111 14.677441 0.0701001197446266
55094.693762303 14.802175 0.0733357672398682
55094.7033395257 14.924679 0.0765353932402661
55094.713017442 14.857524 0.0725392864620515
55438.7716852433 14.549442 0.069340523447189
55438.7923377661 14.52501 0.0689241816206101
55541.6412054977 14.616617 0.0697359457103313
55541.6711520256 14.492744 0.0689415790682983
55560.5478490046 14.699866 0.0661581866126374
55560.5689889467 14.936233 0.0690481775735034
55242.4815872686 14.602683 0.0701758650335469
55205.5418221294 14.613598 0.0645037515963067
55205.5667272569 14.485349 0.0636032860216924
55265.4113034373 14.471562 0.0642075852414445
55504.7098717013 14.561343 0.0620035887118996
55504.7481520021 14.461091 0.0613137966719407
55486.7436265278 14.513914 0.0621155208858424
55486.7692072572 14.491535 0.0632295284168489
55655.4109882407 14.540251 0.0704010501020486
55655.4250757058 14.502928 0.0704082909878355
55615.4371970253 14.514829 0.061096759367709
55615.4709241203 14.673388 0.0626039505012918
55584.4697134257 14.464927 0.0638568663348092
55584.4980587382 14.509876 0.0642400080309456
55809.6357362849 14.835904 0.0742326758165344
55809.6453021529 14.937814 0.0759011644428503
55809.655176493 14.897718 0.074669248029101
55809.6649279168 14.750829 0.0721722026270495
55864.7081416203 14.476579 0.0575373679660683
55864.7222135766 14.487661 0.0576501211963036
55864.7363755787 14.590384 0.0582722797913852
55864.7505286806 14.76523 0.0593836684229872
55928.5068039466 14.491118 0.0636934589092725
55928.519899942 14.468725 0.0635172643224494
55928.5332152662 14.492904 0.063789680061507
55928.5464319792 14.533506 0.0641625056187099
55963.4446575114 14.534373 0.0605770240636268
55963.4586643054 14.529722 0.0605136059997131
55963.4728639353 14.512299 0.0604667775908572
55963.486976412 14.508973 0.0604494414911442
56019.4244483565 14.503434 0.0635236088577278
56019.4296961227 14.501442 0.0635559908349519
56019.4350107987 14.509212 0.0637083506230417
56019.4403236229 14.565508 0.0642789223806012
56219.694023935 14.466399 0.0596794987076242
56219.7085449769 14.470556 0.0596197132653194
56219.7229623146 14.43807 0.0593577864522557
56219.7371823148 14.456012 0.0594415539572335
56247.634911065 14.573629 0.0574705077266421
56247.6462479513 14.795101 0.0588001978486638
56247.6577792941 14.9597 0.202609895064078
56247.669061794 14.889495 0.152621654259654
56255.5990673842 14.893188 0.0630091531903296
56255.6132968635 14.664424 0.0612015812164466
56255.6274419677 14.53022 0.0603197170697975
56255.6416267826 14.522713 0.060289398004794
56293.5528053125 14.492069 0.0628530708397565
56293.5617670138 14.467076 0.0625675367519355
56293.570753125 14.448703 0.0624386754373225
56293.5798779051 14.438463 0.0623494479218684
56382.4074829281 14.51403 0.0617556344131611
56382.4146495257 14.517332 0.0618123240963653
56382.4219459952 14.596508 0.0626212983658724
56382.4292617822 14.67326 0.0634687438742715
