53708.6885011808 16.370666 0.12766372674571
53708.6970328127 16.498274 0.133908883960614
53708.7057411225 16.466957 0.132067055109632
53708.7145991434 16.390063 0.127749582088993
53724.6597485417 16.440186 0.110217464226142
53724.6718362151 16.356633 0.106834181272455
53724.6839195024 16.364879 0.10655326210845
53724.6960413312 16.27986 0.10358345086982
53693.717535081 16.445692 0.133813142950323
53693.7239831944 16.428051 0.132538738309641
53693.7304432291 16.377162 0.129597023679466
53693.7369481713 16.288526 0.124517019316092
53850.5392262501 16.420517 0.08981395690356
53850.5532397799 16.373648 0.0878952593081122
53850.5672226738 16.312527 0.0863202996508906
53850.5812008217 16.353499 0.0873049229443532
54084.67269103 16.313628 0.106685383199296
54084.6827356252 16.28134 0.105080971530891
54084.6927542938 16.341659 0.107246389504395
54084.7027877779 16.438408 0.110709803549313
53740.6771123495 16.34572 0.0900169597296016
53740.6898613197 16.409504 0.0914497950280444
53740.7026747686 16.429975 0.0918303023260167
53740.7157026852 16.531049 0.0946855507793421
53760.6960613077 16.63099 0.141171548986201
53760.7059154861 16.574664 0.138282800544118
53760.7156870255 16.487942 0.134086332614706
53760.7252407406 16.549368 0.137930337343889
53923.407537824 16.590645 0.111364630003306
53923.4140816899 16.559167 0.110576111992658
53923.4206266203 16.226244 0.0989174690493155
53923.4271768751 16.441927 0.1080880878201
53903.449676632 16.224294 0.0974077532091905
53903.4605878587 16.281883 0.099944498879223
53903.4716682872 16.361628 0.102737287898668
53903.4839316318 16.410436 0.104703550983167
53813.6379534258 16.406168 0.0972541589858918
53813.6488030669 16.343954 0.0954710173088886
53813.6596832406 16.36689 0.0963657991812383
53813.6705715396 16.439133 0.0985748917051844
53821.4884310185 16.432991 0.113325916570624
53821.4973352083 16.46217 0.114584701372532
53821.5069881945 16.50488 0.116420057885373
53821.5168324422 16.535435 0.121627099205932
53859.5033396298 16.452831 0.115133302895668
53859.5135872338 16.493766 0.116769454214644
53859.5239048728 16.502143 0.117361685427379
53859.5342028357 16.501825 0.117407425559237
53873.4864390047 16.270066 0.109177698299512
53873.4950118979 16.310597 0.110697929639327
53873.5035236228 16.343069 0.112185350455382
53873.5120122686 16.584066 0.175016492465901
53878.4758488775 16.332293 0.11029079164877
53878.4843705903 16.288641 0.108876276603306
53878.4928971065 16.368292 0.111885170758176
53878.5014954164 16.339034 0.111180753151577
53886.4383836691 16.369236 0.0975152208107705
53886.4489355441 16.50499 0.101613891323901
53886.4595083217 16.591225 0.105240187302666
53886.4700786457 16.50854 0.102457869163407
54195.5028890047 16.409628 0.127758795741256
54195.514826609 16.257159 0.120327071910196
54195.526770706 16.325554 0.123301848183256
54195.5386586573 16.359567 0.125006065195821
54209.5442530091 16.361109 0.127559784134199
54209.5527467361 16.328839 0.125946678088313
54209.5612463659 16.305539 0.124944163254831
54209.5697720253 16.331906 0.126127124136035
54448.6440499655 16.274096 0.124172354691752
54448.6527241321 16.198657 0.120625417145036
54448.6618689235 16.311373 0.124384216258338
54448.6709029397 16.347273 0.125565905734635
54150.6412929284 16.479739 0.137098063775025
54150.6507218864 16.445412 0.139588979637005
54150.6599463077 16.381818 0.137418108126519
54150.6687510532 16.435831 0.135923506834618
54120.6585015625 16.451241 0.0981460790329996
54120.6697511807 16.590966 0.102565843191971
54120.6812543979 16.502289 0.0996558882234928
54120.6928570372 16.350991 0.0948051742277824
54287.4063611343 16.29603 0.101401936377315
54287.4162140507 16.263113 0.100584320627966
54287.4261680208 16.240986 0.100232825027135
54287.4360690857 16.298469 0.102491404921447
54169.6199676042 16.384781 0.125488581555944
54169.6284808914 16.494107 0.131007011606641
54169.6370193057 16.483333 0.130690000059009
54169.6455835185 16.509577 0.132443174969876
54182.5440194677 16.441952 0.110810110313317
54182.5530281481 16.462066 0.111565619644446
54182.5618699188 16.529443 0.114230886706242
54182.5706065972 16.575846 0.11593405372733
54226.5307950233 16.43643 0.110433048971471
54226.544785602 16.376568 0.108290460240733
54226.558813565 16.45851 0.111784111075805
54226.5728928126 16.466765 0.113079293435378
54241.5458524767 16.353528 0.109107568849497
54241.5556725231 16.363286 0.109762338054406
54241.5656195488 16.359556 0.110008665441912
54241.5755261807 16.51024 0.117136235579102
54426.7167807521 16.327781 0.127682107831933
54426.7238489582 16.292968 0.122859940319541
54426.7309741086 16.370282 0.123807096665377
54426.7380639582 16.336458 0.121596852750762
54810.6691551387 16.273515 0.117681255757954
54810.6780517708 16.299704 0.11835172405404
54810.6869222454 16.38879 0.122074235337907
54810.695847477 16.367944 0.120912039488901
54505.650997685 16.296212 0.117342100706302
54505.6608798841 16.237409 0.114879485272936
54505.6704329976 16.276578 0.1164137447118
54505.6798782639 16.290269 0.116805702177749
54512.6355846644 16.399199 0.0933115677347642
54512.6528134605 16.442762 0.0946700400677835
54512.6698099536 16.559972 0.0983618174866672
54512.6868287845 16.447178 0.0949644805575219
54478.6763303123 16.581969 0.137860252204093
54478.6879291434 16.518187 0.132869957028304
54478.6999800579 16.434276 0.128269534136421
54478.7130059029 16.400001 0.125793241417004
54661.3632811573 16.398666 0.0976651323322733
54661.3731589699 16.349245 0.0963390661703115
54661.3829859607 16.341557 0.0962209898344925
54661.3928100695 16.297205 0.0951552587143968
54632.4393058103 16.450674 0.0965936182686444
54632.4492490161 16.498894 0.0981246316284181
54632.4592983564 16.448015 0.0968323391340283
54632.4693751391 16.51501 0.0990557094428764
54526.6088417826 16.273419 0.115258079893027
54526.6186703934 16.273636 0.115326752986198
54526.6285279516 16.33385 0.118055748400606
54526.6380571296 16.349632 0.11862803658949
54534.6001720602 16.464967 0.125833697229962
54534.6093031943 16.533785 0.129444700331599
54534.6183411574 16.517551 0.128319488705185
54534.6274078127 16.350517 0.120579135701699
54589.5638409839 16.493075 0.0985848566173971
54589.5720085418 16.482026 0.0983559045962811
54589.5801880322 16.432117 0.0969909641778321
54589.5883574421 16.439718 0.0973683034343997
54598.4661304976 16.396879 0.107444778235726
54598.4751416088 16.381592 0.107061329275866
54598.4842051507 16.294129 0.10402974697488
54598.493156308 16.418518 0.108645577223154
54614.4694113773 16.330918 0.102019476548548
54614.4777428354 16.337087 0.0922399178554339
54614.4859877201 16.331008 0.0925069698862296
54617.4947148613 16.432934 0.0947485462317253
54617.5006917128 16.394605 0.0937691815122305
54617.506683148 16.372129 0.0932411833279725
54617.5126978471 16.326209 0.0921295207175836
54922.6073401507 16.399536 0.124065603141762
54922.615710382 16.417422 0.135454239755286
54922.6240757524 16.322208 0.111018794633786
54922.6324426156 16.324239 0.111532301470132
54938.5632026736 16.441201 0.0965557638737195
54938.571988889 16.465676 0.0973823830051309
54938.5809003357 16.355173 0.094175571947491
54938.5895363195 16.379924 0.0952223613566579
54949.4764416781 16.37855 0.114285317511284
54949.4846125925 16.425683 0.117361685427379
54949.4927508566 16.440033 0.104047734259436
54949.5008367016 16.453328 0.1313715270119
55184.709611435 16.54127 0.102733651479855
55184.7150316667 16.409543 0.0984735275237744
55184.720410347 16.418873 0.0983096332231898
55184.7257139119 16.378413 0.0973195717528675
54867.5674468866 16.282742 0.0956936452154778
54867.5806647567 16.310157 0.0963782862807287
54867.5939982641 16.31295 0.0958927606290636
54867.6077636113 16.440472 0.099628610147172
54883.7065665973 16.527534 0.101428175052496
54883.7194791436 16.543411 0.102223362910243
54883.7323829979 16.438233 0.0990047770955192
54883.7453130093 16.396174 0.0981431525030216
54855.7298765741 16.364116 0.0952097615430715
54855.7412691433 16.332509 0.0943576591573853
54855.7527088309 16.340184 0.0950192667901232
54855.7640546411 16.315494 0.0939559396757927
54894.7156508449 16.348571 0.0967194254808783
54894.7263696529 16.336788 0.0965927174375096
54894.7371186805 16.310987 0.0960781318398648
54894.7479086807 16.334318 0.0976737045695423
54907.5683598034 16.364002 0.0945569502149654
54907.5792526966 16.404971 0.095835411273844
54907.5900261458 16.480449 0.0981412025148639
54907.6008292246 16.611753 0.102614002137374
54915.6187641899 16.431465 0.0901602145702231
54915.6317953587 16.473594 0.0913272639962322
54915.6448437733 16.538974 0.0932926205432394
54915.6578858219 16.472548 0.0917411682073864
54964.4879524073 16.475911 0.0920784707784086
54964.4985109143 16.522923 0.0935235973112631
54964.5090956943 16.523769 0.0936282247233215
54964.5197731944 16.530048 0.0944719722832267
54975.4403056945 16.388346 0.0997453216272517
54975.4488807987 16.268995 0.122112653699948
54975.457430081 16.404627 0.125028607317535
54975.4659787845 16.66655 0.156319376026406
55297.5636538196 16.511989 0.283943132638786
55307.4446078935 16.292259 0.102699745346228
55237.6088015856 16.328533 0.0995950847422513
55253.6076027197 16.222672 0.0987078252403069
55208.7183605786 16.454974 0.101061476929823
55208.743458692 16.374454 0.0982723028448912
55392.3616191205 16.455656 0.103754059253089
55362.4574468634 16.427444 0.101177373233799
55362.4791335533 16.537461 0.106526065585295
55267.6163195022 16.289425 0.0999221576553982
55327.4997239121 16.561554 0.0984893955023407
55327.5421100462 16.481788 0.0966577788023195
55654.448451111 16.562787 0.0968570111430292
55654.4750922917 16.418459 0.0921444348352425
55673.4870590971 16.314249 0.0877517632006324
55673.525348646 16.354295 0.0888256572223075
55603.5574879628 16.359913 0.10183259374499
55603.596585602 16.489473 0.113548339692733
55564.6752143982 16.376326 0.10261882559684
55564.712802419 16.42016 0.117342100706302
55718.4441514121 16.443882 0.0927817537053487
55718.4547275117 16.380948 0.0912156965325949
55718.4653448149 16.304282 0.0899899612093077
55718.4759676734 16.287201 0.0901938356613005
55621.7481483912 16.380788 0.0858850333749758
55621.7776843632 16.560132 0.0912467289136963
55647.6341060534 16.442514 0.0934058371943899
55647.6769156944 16.301531 0.0901697235539788
55684.5292128356 16.482973 0.095523870529283
55684.5589035534 16.483298 0.0959075594600416
54426.7167807521 16.330439 0.125374378696966
54426.7238489582 16.283649 0.12025235899243
54426.7309741086 16.370282 0.123807096665377
54426.7380639582 16.336458 0.121596852750762
55738.4039099882 16.581541 0.108833741244823
55738.4157012962 16.527928 0.107144871855293
55738.4275070718 16.446777 0.104306238848615
55738.4392718752 16.341787 0.100909406281889
56001.6356774539 16.408498 0.0881524576916204
56001.6469839121 16.346076 0.0868419709836989
56001.6583665277 16.307197 0.0861524064237094
56001.6697526158 16.413224 0.147883632334984
56028.5725798382 16.39028 0.0886378051032255
56028.5861874072 16.327526 0.0876562679315103
56028.5996814467 16.342024 0.0884206777757573
56028.6132221295 16.378737 0.0894576728664993
56043.4832418518 16.4133 0.0875981595799143
56043.493768067 16.387964 0.0870840616103642
56043.5044603821 16.482791 0.0893160600280202
56043.5151194677 16.564822 0.0917009298665381
56061.450821389 16.545295 0.0813822676135789
56061.4639093867 16.431721 0.0792063875220236
56061.4770490048 16.374386 0.0781784128699991
56061.4901677892 16.32636 0.0773558630594436
56266.674661736 16.48343 0.0995595210141884
56266.6858085995 16.325055 0.0942097756272363
56266.6954744095 16.364888 0.0951535845929819
56266.7051808448 16.368972 0.0948842471726918
56297.715453264 16.624694 0.119459245338083
56297.7243014119 16.564351 0.116669482203068
56297.733110428 16.515093 0.114328160435146
56297.7411503123 16.379024 0.108694049848987
56357.6502918867 16.487282 0.0977452907634369
56357.6623934028 16.543207 0.0998924037884298
56357.6743607754 16.540376 0.0997274047503675
56357.6862880904 16.462313 0.0976384832452363
56384.5717320023 16.452694 0.09474444930882
56384.585995405 16.556833 0.0979722303657464
56384.6003373959 16.533626 0.0972373728876521
56384.6150850812 16.446662 0.0947239780693157
56400.5088630904 16.363829 0.0838586613916704
56400.5231109838 16.428884 0.0855106004143261
56400.5373476388 16.489054 0.0869648910354081
56400.5515264234 16.569535 0.0890886375459035
56402.5680651389 16.34304 0.0840019583375714
56402.5787752777 16.34575 0.0841229767051709
56402.589469896 16.403751 0.0856638527242253
56402.6003447453 16.39293 0.0856418634567739
56418.4958545831 16.414591 0.0768381980095361
56418.5052359607 16.336888 0.0755494496371101
56418.5145741669 16.350499 0.0758809023770949
56418.5239753472 16.33939 0.0761239960051351
56459.4364491669 16.529237 0.1001133700454
56459.4460517475 16.479077 0.0985589594342253
56459.4556609145 16.500599 0.0989478837388961
56459.4651308451 16.307468 0.0932411833279725
