53942.4734911226 18.498534 0.359777590912434
53942.4797977201 18.304194 0.311932103969849
53942.4864116317 18.675394 0.382511587804065
53942.4929514585 18.613953 0.369952617534642
53865.6715327428 18.115085 0.254656258518696
53865.6806150229 19.009007 0.413548070009352
53865.6895893288 18.743184 0.35493548785374
53865.6985313773 18.5277 0.315388116395892
54017.4629435187 18.811178 0.419937007172352
54017.4710593402 18.95718 0.458354656295976
54017.4873538196 18.711146 0.40248184571854
53989.4484042941 17.725282 0.280837024278645
53990.4803511921 18.680455 0.379662707937394
54316.501533345 18.465272 0.426744482659398
54316.5258571875 18.542694 0.360733630343374
54274.6614688655 18.394643 0.324243668937179
54274.6714401852 18.510008 0.346322579633369
54274.6812846644 18.479612 0.343707368972171
54274.691224618 18.003312 0.267233154753403
54236.6415960534 18.036868 0.374235207836157
54236.6484702664 17.834658 0.272204015285868
54236.6553692591 18.146882 0.320566660286433
54236.662254132 18.104466 0.317369879847009
54377.4358825117 18.526931 0.364810445413153
54377.4453309026 18.464631 0.35377408136746
54377.4547669098 18.392708 0.340627055606925
54377.4641853242 18.434276 0.349154006912165
54697.5103637038 17.807668 0.209328750146414
54697.5192442477 18.162095 0.250661600171751
54697.5281408794 17.961575 0.226012380264503
54697.5370047569 17.569904 0.187154693407426
54705.4162950115 18.067728 0.134004888233195
54705.4190498609 18.01411 0.131034131205567
54705.4219260072 18.031552 0.131868365899927
54705.4249943057 18.004681 0.130535950898849
54705.428071273 17.870064 0.123620691057093
54644.6728769676 18.261906 0.204654287199277
54644.6844188427 18.701485 0.256515954803661
54644.6959198611 18.308403 0.210480992980105
54644.7076054975 18.45916 0.228021491775353
54594.6301317938 18.471769 0.282939945523811
54594.637484051 18.010163 0.222362839145384
54594.6448121063 18.674469 0.313675678975866
54594.6522262848 18.472643 0.281732622775478
54757.3904435417 18.039799 0.258020272550232
54757.3993555789 18.465468 0.3243726360806
54757.4082651736 18.269173 0.291839068474473
54757.4172141321 18.120788 0.270859272111913
54729.4030223956 18.232761 0.279446463145011
54729.4107574072 18.438576 0.311932103969849
54729.4184483333 18.39296 0.303031086701363
54729.4260783681 18.271169 0.284118668203496
55069.4787420255 18.514354 0.324114867941574
55069.4853789701 18.630831 0.345779533461296
55069.4920052548 18.261403 0.2828965620417
55069.4986180092 18.448784 0.313149643876514
55032.5946328474 17.862795 0.230180133106996
55032.6023741203 17.98795 0.245221715631674
55032.6100234838 18.159167 0.268971995124656
55032.6176755095 18.093836 0.260158014408025
55032.6254696759 18.122371 0.264242580249222
54954.6044303239 17.711926 0.177593657633374
55123.4379719445 18.055373 0.197563765099832
55123.4485604283 17.94279 0.187529455311693
55123.4591886113 17.998009 0.19274332236933
55123.4698092709 18.213462 0.21688775270497
55084.4651743287 17.886551 0.224400981302351
55084.4736353012 18.288491 0.276643984551029
55397.480879595 17.9892 0.199565905950894
55397.5192775694 18.071628 0.208247345917317
55353.7526768288 18.654949 0.38344003434448
55273.7552808911 18.27604 0.317794887930056
55330.605439757 18.350726 0.257888410256832
55330.6445899769 18.312269 0.24949069098399
55468.395480926 18.533692 0.21800013309044
55660.7136737501 18.418227 0.342571276746374
55660.7374296297 18.098304 0.364181700727175
55735.6865006712 18.07385 0.18438037673152
55735.697023773 18.214197 0.199225202101102
55735.706941632 18.213947 0.200373267737769
55735.7169555555 18.327645 0.214565607492597
55769.5874156946 18.326211 0.186033220592776
55769.6000456944 18.339737 0.187130598222892
55769.6128772105 18.360903 0.189278256074639
55769.6256487615 18.524368 0.205123037476234
55805.5313043636 18.311058 0.22087155214122
55805.5447861226 18.215442 0.211100255608089
55805.5583851389 18.139903 0.203505131888332
55805.5720791896 18.475311 0.242195791911132
55849.4273023494 17.96173 0.183222675797212
55849.4374013427 17.81759 0.170651019280335
55849.4474678123 17.87624 0.176018417216224
55849.4576060535 17.952183 0.184794812541253
56065.5961837614 18.402943 0.203822267770321
56065.6079012271 18.258895 0.192677011361361
56065.6193583681 18.507097 0.21778406142208
56065.6308031365 18.311655 0.204799390759099
56102.6029246644 17.918521 0.159430628306474
56102.6157687845 17.794717 0.151997755125477
56102.6287356018 18.091176 0.17281003040711
56124.6102720488 17.888385 0.153860510454334
56124.6231484724 18.050716 0.16584394106814
56124.636038889 17.89595 0.154845118573501
56124.6491472687 17.972152 0.160519678754646
56184.4484419328 18.083253 0.15938173444246
56184.4596416665 18.156106 0.165143642458169
56184.4709569098 18.14399 0.164336805388159
56184.482265903 18.197276 0.168615290065939
56242.4246873496 17.626881 0.140308072789376
56242.4332757637 17.462971 0.132042590034716
56242.4417677432 17.574744 0.139164087168579
56242.4502569561 17.543761 0.138508491120051
56383.733992639 18.554883 0.2372341190159
56383.741809722 18.353545 0.213950823405542
56383.7496606018 18.564305 0.237362077457023
56383.7575088195 18.534808 0.233151010675852
