53600.392776 16.6463 0.138
53600.399338 16.6254 0.137
53600.406006 16.5131 0.131
53600.412779 16.3768 0.125
53608.408997 16.7017 0.157
53608.418323 16.6366 0.154
53608.427839 16.7619 0.164
53608.437182 16.7508 0.165
53554.464422 16.6166 0.134
53554.470970 16.6867 0.138
53554.477545 16.659 0.136
53554.484119 16.6147 0.134
53578.449412 16.8279 0.132
53578.456952 16.8704 0.135
53578.464501 16.7974 0.131
53578.472051 16.7385 0.129
53832.668462 16.7167 0.125
53832.678268 16.7064 0.124
53832.688160 16.6985 0.124
53832.698190 16.7236 0.125
53851.506717 16.8464 0.100
53851.520081 16.7035 0.096
53851.533750 16.6887 0.095
53851.548355 16.7026 0.095
53963.418768 16.6345 0.114
53963.431233 16.6759 0.116
53963.443709 16.6454 0.116
53963.456199 16.6647 0.117
54096.696186 16.735 0.157
54096.704766 16.7319 0.156
54096.713349 16.7062 0.152
54096.721925 16.7102 0.151
53774.641496 16.8394 0.157
53774.647050 16.6952 0.148
53774.652182 16.8407 0.157
53774.657359 16.7755 0.153
53737.684467 16.647 0.149
53737.689568 16.804 0.158
53737.694666 16.693 0.150
53737.699757 16.7215 0.152
53943.359631 16.7014 0.137
53943.364749 16.7102 0.137
53943.369880 16.7208 0.138
53943.375020 16.7286 0.138
53900.483889 16.6992 0.133
53900.492463 16.6525 0.131
53900.501040 16.7226 0.135
53900.509605 16.6684 0.132
53915.522931 16.7675 0.140
53915.530420 16.7698 0.140
53915.537972 16.7672 0.141
53915.545537 16.8012 0.143
53804.713200 16.7693 0.129
53804.718348 16.743 0.128
53804.723467 16.735 0.128
53804.728601 16.7205 0.128
53819.614999 16.7171 0.084
53819.637489 16.7287 0.084
53819.659506 16.7261 0.084
53819.681076 16.7499 0.084
53859.647143 16.6963 0.126
53859.657537 16.6675 0.125
53859.668031 16.6997 0.127
53859.678458 16.6984 0.127
53872.563515 16.6392 0.124
53872.572956 16.5813 0.121
53872.582359 16.6236 0.123
53872.591808 16.6489 0.124
53877.544480 16.7771 0.110
53877.555344 16.8639 0.113
53877.566302 16.9516 0.117
53877.577212 17.134 0.125
53884.596457 16.6659 0.107
53884.607304 16.7173 0.110
53884.618137 16.6843 0.108
53884.629017 16.7408 0.111
53885.532268 17.3211 0.137
53885.543236 17.1365 0.127
53885.554095 17.0189 0.122
53885.564976 16.8456 0.114
54201.636576 16.7918 0.124
54201.649670 16.7354 0.122
54201.662786 16.7337 0.122
54201.675898 16.7288 0.122
54207.599632 16.6636 0.142
54207.609238 16.6563 0.141
54207.618806 16.6884 0.143
54207.628391 16.6733 0.143
54322.393996 16.7097 0.114
54322.404915 16.7618 0.117
54322.415882 16.7731 0.117
54322.426827 16.9241 0.125
54154.754916 16.7869 0.125
54154.761601 16.7548 0.123
54154.768249 16.7391 0.123
54154.774871 16.8018 0.126
54130.729098 16.7595 0.146
54130.735318 16.7194 0.144
54130.741639 16.7436 0.145
54130.747983 16.74 0.145
54285.474391 16.7349 0.116
54285.483104 16.7197 0.116
54285.491826 16.8134 0.120
54285.500568 16.7443 0.117
54300.457873 16.644 0.114
54300.464436 16.7278 0.118
54300.470982 16.7181 0.118
54300.477526 16.6743 0.118
54267.514575 16.7206 0.138
54267.522648 16.7073 0.137
54267.530873 16.6927 0.136
54267.538894 16.6457 0.134
54169.708288 16.7652 0.145
54169.719914 16.7883 0.146
54169.731309 16.7751 0.146
54169.742987 16.7472 0.144
54182.750324 16.6614 0.121
54182.760326 16.6776 0.122
54182.770299 16.6947 0.122
54182.780283 16.7274 0.124
54190.542682 16.5856 0.136
54190.550336 16.5856 0.136
54190.558061 16.707 0.143
54190.565804 16.5907 0.135
54234.574680 16.8252 0.152
54234.583323 16.9541 0.161
54234.592963 16.888 0.157
54234.604450 16.8535 0.155
54242.542161 16.9614 0.144
54242.552443 16.9402 0.151
54242.562545 16.8842 0.131
54242.572457 16.8657 0.134
54586.553421 16.4103 0.217
54586.553948 16.495 0.235
54704.378321 16.686 0.106
54704.384819 16.6185 0.104
54704.391301 16.5711 0.103
54704.397802 16.6179 0.105
54509.729861 16.734 0.118
54509.743575 16.6831 0.115
54509.756092 16.6993 0.116
54509.768332 16.6751 0.115
54477.696351 16.7719 0.158
54477.705273 16.6743 0.150
54477.714335 16.6384 0.146
54477.723205 16.7437 0.151
54677.453419 16.7453 0.107
54677.463227 16.7338 0.107
54677.473044 16.6869 0.106
54677.482858 16.7567 0.109
54627.517701 16.6945 0.103
54627.525856 16.6788 0.103
54627.534009 16.7133 0.104
54627.542165 16.7213 0.104
54645.501563 16.736 0.123
54645.512002 16.6618 0.120
54645.522474 16.6472 0.120
54645.532791 16.7041 0.123
54526.690654 17.3752 0.182
54526.700461 17.0685 0.158
54526.710278 16.8911 0.146
54526.719906 16.9374 0.149
54534.721966 16.7219 0.138
54588.645713 16.7203 0.106
54588.658775 16.7699 0.108
54588.671874 16.6821 0.105
54590.579126 16.7496 0.106
54590.587477 16.7817 0.107
54590.595803 16.752 0.106
54590.604074 16.7634 0.106
54595.592584 16.759 0.122
54595.601594 16.8047 0.123
54595.610704 16.7598 0.121
54595.619749 16.7767 0.123
54614.609322 16.6897 0.103
54614.614234 16.6628 0.102
54614.619154 16.7189 0.104
54614.624087 16.7251 0.105
54922.669337 16.6878 0.108
54922.681193 16.6907 0.112
54922.693075 16.5447 0.145
54922.704934 16.653 0.117
54939.707759 16.7357 0.108
54939.720868 16.6852 0.106
54939.733867 16.6627 0.106
54939.746832 16.6704 0.107
55058.416653 16.6217 0.105
55058.420857 16.6832 0.108
55058.425072 16.7222 0.110
55058.429285 16.6109 0.106
54869.607887 16.6489 0.160
54869.619867 16.7167 0.164
54869.631691 16.6179 0.156
54869.643624 16.7085 0.161
54890.677553 16.7441 0.129
54890.685126 16.7566 0.129
54890.692679 16.7542 0.129
54890.700332 16.7846 0.130
54844.711888 16.6393 0.106
54844.722685 16.7493 0.109
54844.733482 16.5914 0.103
54844.744258 16.6826 0.106
55030.478057 16.6964 0.136
55030.485680 16.6221 0.132
55030.493284 16.6886 0.136
55030.500896 16.7881 0.144
54908.689064 16.695 0.127
54908.697507 16.7267 0.129
54908.705939 16.6416 0.125
54908.714590 16.701 0.128
54955.453127 16.7181 0.129
54955.465828 16.785 0.132
54955.475263 16.7556 0.131
54955.484854 16.7507 0.131
54974.599956 16.8303 0.105
54974.610426 16.7565 0.102
54974.620915 16.7403 0.102
54974.631410 16.7334 0.102
55294.743437 16.8559 0.114
55307.626876 16.7467 0.106
55414.371304 16.625 0.106
55414.393277 16.7318 0.112
55220.678869 16.738 0.141
55220.703798 16.7273 0.208
55385.461442 16.7342 0.192
55355.495977 16.7699 0.142
55365.551031 16.6263 0.108
55365.579959 16.6642 0.111
55263.694314 16.7568 0.115
55264.669498 16.8064 0.121
55326.550420 16.7901 0.141
55657.723828 16.7519 0.113
55657.758085 16.7446 0.107
55674.588957 16.6972 0.113
55674.632529 16.7548 0.116
55649.776695 16.689 0.114
55649.792720 16.7306 0.116
55706.476663 16.6956 0.110
55706.488557 16.7684 0.113
55706.500474 16.753 0.112
55706.512322 16.7564 0.112
54586.563981 16.7782 0.205
54534.733734 16.7247 0.139
54534.743403 16.7225 0.139
54534.752109 16.7773 0.143
54534.760900 16.6719 0.136
55731.493092 16.709 0.112
55731.505477 16.7288 0.113
55731.517835 16.6483 0.110
55731.530383 16.7211 0.114
55763.378194 16.7466 0.114
55763.391577 16.806 0.203
55763.405109 16.7693 0.163
55763.418630 16.6958 0.134
55799.403013 16.6586 0.105
55799.410072 16.6906 0.107
55799.417187 16.783 0.111
55799.424248 16.7815 0.111
55980.656504 16.7694 0.097
55980.658920 16.7729 0.097
55980.661280 16.7434 0.096
55980.663667 16.7697 0.096
56004.692489 16.7203 0.105
56004.702006 16.7971 0.109
56004.711605 16.7386 0.107
56004.721195 16.7793 0.109
56008.724559 16.7615 0.109
56008.735737 16.8026 0.110
56008.746836 16.7459 0.108
56008.758160 16.8011 0.110
56019.682807 16.7965 0.109
56019.692142 16.7949 0.109
56019.701604 16.7738 0.108
56019.711415 16.7625 0.108
56036.644409 16.7242 0.097
56036.658619 16.7493 0.098
56036.672778 16.7481 0.097
56036.686895 16.7765 0.107
56048.469603 16.7743 0.098
56048.480096 16.6788 0.095
56048.490708 16.7514 0.097
56048.501315 16.7416 0.096
56058.580446 16.6505 0.097
56058.594427 16.6882 0.097
56058.607188 16.6852 0.098
56058.619946 16.7204 0.099
56061.587640 16.7008 0.096
56061.598277 16.6762 0.096
56061.608871 16.7236 0.097
56061.619481 16.6988 0.096
56068.503192 16.7468 0.098
56068.513885 16.783 0.099
56068.524730 16.7565 0.098
56068.535587 16.7361 0.098
56074.482784 16.7457 0.116
56074.493458 16.6742 0.117
56074.504134 16.7161 0.120
56074.514815 16.7779 0.121
56101.530625 16.7497 0.103
56101.542551 16.7392 0.101
56101.554590 16.759 0.101
56101.566722 16.6528 0.098
56145.407734 16.9266 0.109
56145.420805 16.9268 0.108
56145.432908 16.9155 0.108
56145.444968 16.8514 0.106
56296.701369 16.746 0.108
56296.710976 16.7394 0.107
56296.720990 16.7128 0.106
56296.730593 16.7314 0.106
56362.716337 16.7284 0.104
56362.727041 16.665 0.103
56362.737675 16.762 0.105
56362.748519 16.7706 0.106
56376.634800 16.7096 0.103
56376.649755 16.6324 0.099
56376.664697 16.6219 0.099
56376.679514 16.6258 0.105
56393.518242 16.7512 0.102
56393.527922 16.7727 0.102
56393.537783 16.734 0.101
56393.547600 16.7163 0.100
56404.532085 16.6322 0.090
56404.542941 16.6989 0.092
56404.553888 16.6821 0.091
56404.564888 16.7008 0.092
56414.615372 16.7705 0.082
56414.629522 16.7339 0.081
56414.643685 16.7255 0.081
56414.657853 16.7478 0.082
56429.560062 17.1446 0.104
56429.570658 17.3695 0.113
56429.581381 17.3894 0.114
56429.591962 17.3891 0.114
56459.522744 16.642 0.096
56459.533363 16.6352 0.100
56459.544138 16.6955 0.125
56459.554797 16.6756 0.114
56495.411506 16.7288 0.102
56495.420431 16.607 0.099
56495.429438 16.599 0.099
56495.438452 16.668 0.101
