53561.5877787382 19.135903 0.297457440032825
53561.5975197917 18.511062 0.214378720535878
53561.6070346641 18.350384 0.197062590701308
53568.5167220372 18.31015 0.22087155214122
53568.5234173147 18.644425 0.262245743525994
53568.5302925694 18.682856 0.266867489436928
53568.5373409606 18.720214 0.272320198377527
53942.4739147454 18.734429 0.280879484199633
53942.4802152199 18.972177 0.296756567858855
53942.4868404629 18.386419 0.220239016887022
53942.493368148 18.559753 0.240019458108059
53865.6710998725 19.345985 0.32877946447849
53865.6801744096 18.788091 0.243680575912129
53865.6891575234 18.81061 0.246103528487268
53865.6981082523 18.87722 0.254339706425766
53881.6601946644 18.794107 0.248130669179264
53881.6719124188 18.863962 0.261041757355218
54017.4633589235 17.859603 0.172653382871211
54017.47147625 18.007977 0.185387236074544
54017.4796322339 17.828455 0.170988163188999
54017.4877853241 18.156063 0.200418428300327
53990.4807670602 18.538887 0.235689861906738
53990.4892945831 18.964201 0.293661174157135
53990.4977797453 18.8276 0.273844156016648
53990.5062888657 18.574048 0.239175991666062
54316.5010347107 17.933592 0.415993448348156
54316.5094324883 17.88539 0.252557740444997
54316.5254356364 17.962288 0.181053383640713
54274.6618895947 18.94666 0.291270508197625
54274.6718634722 18.824983 0.273098560438853
54274.6817099072 18.986104 0.300000475327178
54169.7543986805 18.768394 0.293661174157135
54169.7615664351 18.725997 0.284912563956068
54236.6420148147 18.08468 0.281689781871336
54236.6488965626 18.135554 0.216079418999689
54423.4186854052 18.237894 0.308192699078134
54423.4293921759 19.00959 0.510851872344853
54377.4354515971 18.328642 0.219773368931514
54377.4449018405 18.295871 0.216849042607688
54377.4543437498 18.313698 0.218871158582223
54377.4637607757 18.524035 0.244265528245965
54705.417209514 18.567812 0.121370990607268
54705.4200644791 18.466397 0.116829184652216
54705.422975706 18.556109 0.120833371008356
54705.4259875114 18.537126 0.119886365282004
54706.4941514353 18.596164 0.124653180325489
54644.6734223613 18.713675 0.177512756536807
54644.6849662038 18.848208 0.189869000303141
54644.6965439585 18.938002 0.197765396356037
54644.708137928 19.026866 0.207958578589822
54535.7630072452 18.346361 0.228978211936715
54535.7675192246 18.540437 0.252681562473694
54535.7720324767 18.257455 0.218434278344338
54535.7765652893 18.499094 0.246792874061852
54594.6305621412 18.575106 0.203441890391199
54757.3914264582 18.070811 0.179995020968463
54757.4003295718 18.110121 0.180217799454931
54757.409239757 18.237768 0.195319585325944
54757.4181819909 18.10389 0.183662472085117
54729.4044538193 18.741709 0.245960649034557
54729.4122009838 18.859738 0.261144314492694
54729.4198679516 18.872012 0.262211121301977
54729.4274867593 18.962832 0.274278568008034
55069.4791536109 18.596568 0.226943094051948
55069.4857904745 18.657729 0.234200650121873
55069.4924165045 18.657226 0.23471858797526
55069.4990292594 18.446126 0.210851854065755
55032.5950554397 18.668827 0.236749792731541
55032.602794618 18.696884 0.240604650889798
55032.6104436341 18.918199 0.26889731055359
55032.6180946181 18.950387 0.274318164542678
55032.6258901736 18.876516 0.264278021164628
54954.6049555787 19.236628 0.260973463143776
54954.6154051619 19.293185 0.258849035925694
54954.6259003589 19.135084 0.237798719163755
54954.6364242593 18.962467 0.217023403430415
55123.4426994445 18.295793 0.155409714433787
55123.4533066782 18.065601 0.141239141648261
55123.4639326618 18.045563 0.140683968161271
55123.4745525117 18.037169 0.140737337171431
55084.4655855672 18.768113 0.239728488213399
55084.474052095 18.449168 0.204109045651211
55084.4825276506 18.739098 0.2372341190159
55084.4910389815 18.865579 0.253459633883962
55397.4839070253 18.725874 0.198011128835235
55397.5223382176 18.806489 0.20646728477406
55353.753263426 19.098228 0.321254834374235
55273.7557654052 18.746998 0.272165316385893
55330.6095362036 18.82527 0.223311008927264
55468.39829875 18.155056 0.1306933559966
55468.4280806019 18.163976 0.131187077003445
54706.5012800694 18.668578 0.128363263279982
54706.5021552197 18.644849 0.12718953345106
54706.503030139 18.5934 0.124664322495332
54706.5039050579 18.770339 0.133769044672318
54706.5047800811 18.593002 0.124708927770902
54706.5093962383 18.572512 0.123907519058851
54706.5102726505 18.430994 0.117398708940449
54706.5111487271 18.695448 0.130143987809202
54706.5120245717 18.782541 0.134899936983238
54706.5129020373 18.714657 0.131214337540175
55735.6921256598 18.490276 0.158806044160228
55735.7019449192 18.575581 0.165532317701313
55735.711881169 18.994697 0.20375871013421
55735.7219751969 18.504998 0.166052823959307
55769.5923117244 18.409299 0.138203724027831
55769.6050237849 18.40117 0.137634416981867
55769.6178129281 18.321776 0.133302087536501
55769.6306081017 18.370424 0.136029069848215
55805.5412585647 18.649015 0.180366824926936
55805.554854109 18.866481 0.200478690379234
55805.5685538193 18.77022 0.192188610766624
55805.5822965973 18.8157 0.196934386086768
55849.4314360763 18.423215 0.158757820022055
55849.4415414352 18.171809 0.143234249056582
55849.4516113773 18.377047 0.156943022850044
55849.4617449767 18.31337 0.153725178264931
56065.5997483682 18.498207 0.151516832875633
56065.6114741553 18.431096 0.147675839314291
56065.6229112845 18.444041 0.147792921839383
56065.6344065162 18.520635 0.168420481378147
56108.4712959145 18.859273 0.185130908551919
56108.4775959261 18.691391 0.170837053493151
56108.4839384145 18.634374 0.16594023542711
56108.4914091782 19.071416 0.207536214274746
56124.6138008911 18.632474 0.153346049324895
56124.6267199073 18.575906 0.149797270197991
56124.6396097456 18.460902 0.142757334634215
56124.6527191665 18.472446 0.143818260107387
56184.4533465163 18.981291 0.169913726148418
56184.4645908101 18.887958 0.16307229035128
56184.4759290855 19.077214 0.178040847394647
56184.4872152776 18.9674 0.169800591870589
