53588.470533 17.1992 0.138
53588.478698 17.1933 0.139
53588.486747 17.2062 0.139
53588.494917 17.1964 0.139
53606.382909 17.1224 0.114
53606.392706 17.0746 0.112
53606.402515 17.174 0.116
53606.412324 17.1791 0.116
53554.529797 17.2473 0.181
53554.536697 17.2062 0.177
53554.543589 17.2141 0.178
53561.523308 17.3026 0.172
53561.529476 17.3053 0.172
53561.535745 17.206 0.165
53561.541803 17.446 0.164
53562.426498 17.1704 0.160
53562.434618 17.2465 0.166
53562.442591 17.2185 0.165
53562.450472 17.2171 0.180
53576.538794 17.3419 0.173
53576.545338 17.2826 0.169
53576.551900 17.2511 0.167
53576.558454 17.7935 0.216
53646.395341 17.7291 0.297
53646.400482 17.4138 0.254
53646.405626 17.4961 0.265
53646.410770 17.4945 0.267
53627.424385 17.357 0.172
53627.429770 17.1927 0.160
53627.438008 17.2614 0.165
53831.652506 17.5945 0.188
53831.664148 17.5205 0.182
53831.675153 17.478 0.178
53831.685841 17.3953 0.171
53851.574741 17.4402 0.107
53851.587557 17.5128 0.110
53851.601268 17.4906 0.109
53851.614821 17.485 0.109
53957.431921 17.405 0.191
53957.441463 17.181 0.172
53957.450900 17.2358 0.177
53957.460363 17.392 0.191
53968.440954 17.3452 0.189
53968.448630 17.5049 0.204
53968.456307 17.4401 0.199
53968.464005 17.3916 0.194
53920.579310 17.1929 0.173
53920.587134 17.5261 0.204
53920.594906 17.4097 0.191
53920.602663 17.2657 0.175
53928.503332 17.0612 0.162
53928.512737 17.1351 0.167
53928.522147 17.0996 0.164
53928.531601 17.3151 0.182
53946.490663 17.5993 0.172
53946.502647 17.4767 0.163
53946.514608 17.5187 0.166
53946.526569 17.4789 0.164
53892.499081 17.4485 0.179
53892.508428 17.4071 0.176
53892.517226 17.3377 0.171
53892.525860 17.3813 0.175
53900.634849 17.3858 0.186
53900.643860 17.1403 0.167
53900.652869 17.3475 0.184
53900.661859 17.5551 0.204
53818.736186 17.4519 0.174
53818.745529 17.3682 0.167
53818.754587 17.4208 0.171
53818.763328 17.4503 0.174
53872.649673 17.5062 0.184
53872.658418 17.3865 0.174
53872.667076 17.2582 0.164
53872.675736 17.4947 0.184
53877.692888 17.5861 0.155
53877.704286 17.4482 0.147
53877.715730 17.2715 0.136
53877.726980 17.4068 0.145
53885.618304 17.3746 0.126
53885.630207 17.2746 0.121
53885.642181 17.2055 0.118
53885.654097 17.1571 0.116
53997.421020 17.2717 0.191
53997.426301 17.4673 0.211
53997.431605 17.5513 0.222
53997.436939 17.4848 0.216
54202.595698 17.2591 0.158
54202.608601 17.4006 0.168
54212.571189 17.3337 0.161
54212.580416 17.4009 0.166
54212.589711 17.4978 0.174
54212.598902 17.5187 0.175
54316.404066 17.4301 0.193
54316.410208 17.5062 0.201
54316.416304 17.5959 0.211
54316.422373 17.5419 0.205
54261.506539 17.2867 0.164
54261.517960 17.3369 0.169
54261.528826 17.4784 0.184
54261.539618 17.4178 0.174
54266.615755 17.4987 0.201
54266.625342 17.2946 0.183
54266.634809 17.3159 0.185
54266.644409 17.3063 0.185
54274.506963 17.7089 0.221
54274.515842 17.4363 0.194
54274.524701 17.4445 0.195
54274.533582 17.3217 0.184
54188.679281 17.5789 0.221
54188.688084 17.4945 0.211
54188.697111 17.4618 0.209
54188.706772 17.45 0.206
54189.706564 17.5464 0.218
54189.715803 17.8358 0.253
54189.725056 17.8523 0.255
54189.734267 17.4496 0.208
54236.716283 17.8167 0.342
54236.721923 17.1645 0.211
54236.727631 17.3378 0.247
54246.549832 17.4612 0.213
54378.401635 17.2718 0.199
54378.406033 17.1737 0.191
54378.410437 17.3533 0.210
54378.414843 17.2789 0.204
54348.408871 17.3767 0.157
54348.417046 17.2395 0.147
54348.425213 17.2833 0.150
54348.433383 17.2024 0.146
54586.670329 17.4324 0.211
54586.696961 17.1688 0.169
54492.704874 17.2149 0.197
54492.710515 17.2357 0.199
54492.716167 17.1642 0.191
54492.721794 17.2693 0.201
54673.460218 17.1641 0.163
54673.468291 17.1607 0.153
54673.476374 17.1933 0.156
54673.484454 17.1671 0.154
54530.649929 17.5438 0.175
54530.656587 17.5322 0.174
54530.663188 17.6206 0.180
54530.669811 17.5024 0.171
54592.616284 17.0864 0.142
54592.624849 17.108 0.143
54592.633413 17.1501 0.146
54592.641963 17.0509 0.200
54925.579183 17.197 0.121
54925.585779 17.2228 0.123
54925.592388 17.2382 0.124
54925.600366 17.2576 0.128
54940.735174 17.4939 0.131
54940.748381 17.468 0.131
54940.761493 17.4871 0.131
54940.774624 17.1478 0.115
55032.507387 17.2371 0.168
55032.514506 17.1515 0.162
55032.521603 17.2681 0.172
55032.528692 17.2185 0.168
55032.535783 17.2105 0.168
54998.618761 17.3838 0.134
54998.626656 17.5086 0.142
54998.634668 17.3613 0.134
54998.642662 17.4029 0.140
55011.506762 17.2317 0.184
55011.512663 17.1663 0.179
55011.518564 17.3637 0.198
55011.524460 17.1758 0.182
54910.660387 17.222 0.162
54910.668757 17.2034 0.161
54910.677177 17.3054 0.168
54910.685651 17.1986 0.160
54953.632184 17.3878 0.141
54953.642609 17.2559 0.134
54953.652887 17.1656 0.129
54953.663094 17.1014 0.126
54979.623516 17.6207 0.226
54979.632291 17.4874 0.190
55302.708275 17.3308 0.123
55242.722557 17.2798 0.176
55395.484149 17.4089 0.186
55355.589609 17.3707 0.160
55275.675732 17.5743 0.214
55323.661743 17.3809 0.191
55323.690536 17.5593 0.211
55445.414812 17.6952 0.180
55445.432864 17.4943 0.164
55655.755425 17.4456 0.158
55655.798163 17.5554 0.168
55714.579185 17.2506 0.126
55714.592019 17.2152 0.124
55714.605018 17.207 0.124
55714.617987 17.34 0.131
55632.709516 17.5624 0.172
55632.754013 17.2206 0.180
55685.702368 17.5923 0.166
55696.604948 17.4458 0.153
55696.619980 17.3863 0.149
55696.650061 17.4666 0.155
55737.600709 17.5721 0.144
55737.607058 17.5015 0.139
55737.613542 17.4294 0.137
55737.619903 17.6488 0.150
55746.521964 17.2609 0.126
55746.535084 17.2521 0.125
55746.548305 17.1407 0.139
55746.561651 17.4236 0.135
55775.445043 17.4514 0.147
55775.455671 17.4242 0.145
55775.466361 17.4182 0.144
55775.477022 17.2812 0.136
55806.414959 17.4835 0.149
55806.423710 17.3725 0.143
55806.432589 17.5458 0.154
55806.441437 17.588 0.158
56030.746435 17.389 0.145
56030.758155 17.2829 0.138
56030.770030 17.2627 0.137
56030.781906 17.1635 0.133
56075.571688 17.3796 0.130
56075.582653 17.3235 0.126
56075.593372 17.4207 0.130
56075.604060 17.228 0.121
56088.531782 17.2113 0.134
56088.541849 17.141 0.131
56088.552158 17.1276 0.130
56088.562422 17.2781 0.139
56106.385040 17.2191 0.140
56106.397412 17.3074 0.146
56106.408371 17.154 0.136
56106.419365 17.2236 0.141
56126.433456 17.4196 0.126
56126.442705 17.3638 0.124
56126.451987 17.3718 0.125
56126.461188 17.3804 0.126
56173.436804 17.7562 0.142
56173.449131 17.4879 0.127
56173.461803 17.567 0.131
56173.473906 17.3146 0.121
56366.728439 17.1573 0.153
56366.739912 17.2025 0.156
56366.749707 17.2586 0.160
56366.759438 17.334 0.166
56400.672755 17.1682 0.108
56400.681324 17.1197 0.106
56400.690049 17.1134 0.106
56400.698792 17.0756 0.105
56406.696819 17.2272 0.112
56406.710465 17.4929 0.125
56406.723323 17.53 0.127
56406.736111 17.7824 0.141
56423.665017 17.4178 0.103
56423.679173 17.5717 0.109
56423.693370 17.5536 0.109
56423.707577 17.5985 0.111
56445.602793 17.3199 0.117
56445.613487 17.3223 0.118
56445.623479 17.4527 0.123
56445.633361 17.5384 0.128
56475.524248 17.3581 0.126
56475.536944 17.599 0.136
56475.549695 17.7481 0.141
56475.562490 18.0821 0.160
