53593.3721722687 17.852143 0.174498840726095
53593.3859230324 17.710948 0.162560893817335
53593.3995166898 17.782624 0.167524237975561
53593.4129431017 17.840194 0.171552152427994
53606.4388697106 18.138609 0.177160259377891
53606.4596589003 18.104167 0.17432743878086
53606.4791579629 18.087441 0.172920900400656
53606.4982949537 18.089534 0.173310852368349
53568.5394927661 17.899501 0.265383712876033
53568.5473073727 18.119606 0.297306852627094
53568.5550512152 18.2987 0.32797759717429
53568.5623192128 18.960852 0.474869855661007
53580.6041080672 17.90953 0.226943094051948
53580.6150039816 17.9023 0.226232906300456
53580.6259166785 17.895337 0.22581447134315
53580.6368063772 18.130178 0.254751461539927
53692.4321229632 17.727407 0.286430075353963
53692.438730058 17.659305 0.277377725730904
53692.4453266781 17.794041 0.301976032519106
53692.4519354167 17.922294 0.324437174799297
53692.4586578935 17.791118 0.303456107444931
53651.4392450463 17.806925 0.289259428354621
53651.4487160185 17.704743 0.274120362845197
53651.4580098844 17.740065 0.279613933391149
53651.4674322337 17.706717 0.275433725327536
53664.4240971063 17.967917 0.256873278207201
53664.4322730554 17.869415 0.244545582354431
53664.4404347222 17.935444 0.253397118299984
53664.4486442707 18.049944 0.269046741431086
53614.4267390625 17.96676 0.210024683269022
53614.4399288309 18.093167 0.223289793716139
53614.4528658682 18.093278 0.22316268502779
53614.4655303008 18.099206 0.235264978258893
53636.4307032175 17.796741 0.181770604454799
53636.4433497105 17.874786 0.211260434285388
53636.4559550577 17.954807 0.221592568181021
53636.4686046642 17.908995 0.217023403430415
53835.7513333912 18.037969 0.172680991193753
53835.7658819443 18.027738 0.170333698495564
53835.7805294212 18.302318 0.193169476144288
53835.7954043516 18.115649 0.177837112205421
53922.491319919 17.90366 0.22087155214122
53936.48183897 17.879295 0.200720350573065
53936.4927534028 17.865491 0.198959869442606
53936.5036782408 17.961631 0.208383690618532
53936.5149672222 17.727744 0.186080494773334
53945.5052928124 17.648182 0.180827142839269
53945.5157999192 17.462893 0.165763843758658
53945.5267339004 17.545674 0.171768681329542
53805.7853606363 18.077984 0.266685214972598
53805.7886914468 17.840482 0.23486720983693
53805.792028044 17.787829 0.228703603528414
53860.7052038312 18.006854 0.138199562535458
53860.7187913773 17.978943 0.137328698844831
53860.7326111226 17.867099 0.13047586094886
53860.7466629283 17.979245 0.137089994889453
53881.6614948378 17.930991 0.239018846181671
53881.6732103705 17.772436 0.222698521267716
53881.6855570024 18.118614 0.333431689445928
53881.6980333218 18.078703 0.348123990890093
54018.4638430324 17.955465 0.270516659755215
54018.4735576391 17.919843 0.266068252700556
54018.4832780326 17.957586 0.270516659755215
54018.4929985415 17.765184 0.246476194614787
53990.4820195368 18.096836 0.280667386261182
53990.4905485647 18.060672 0.274834440886353
53990.4990370834 18.160281 0.290893248741338
53990.5075399537 18.067117 0.276643984551029
54005.4801165743 17.664525 0.226742659660665
54005.4898034028 17.855175 0.250843221602472
54005.4997064352 17.939909 0.262453816526824
54005.5097149188 17.848946 0.250812922218336
54199.7223614234 17.239164 0.138820035031903
54199.735625822 18.431715 0.24111356342094
54199.7489270371 17.795844 0.176353425668213
54206.6905520951 17.969311 0.292602234575015
54206.6995665624 17.774066 0.261693299791537
54206.7085987271 17.661772 0.245448365380499
54206.7175274307 17.971333 0.28815450569206
54316.5349259257 18.116117 0.302766320376602
54316.5427440509 17.924516 0.265168628711983
54316.5499336805 18.264539 0.320629050121398
54296.5475297336 17.708053 0.15960566191223
54296.5561658101 17.654113 0.155794501540968
54296.5654895486 17.719995 0.160462457502375
54296.574466389 17.601059 0.151938811936889
54260.5730552198 18.061036 0.257494034492185
54260.5818524305 17.738682 0.215754917898032
54260.5907024192 17.743443 0.214248202402409
54260.5996635184 17.958886 0.2372341190159
54274.663147859 17.925976 0.255709366317435
54274.6731228937 17.780438 0.238263748456467
54274.6829869213 18.132561 0.287697757045972
54274.6929189006 17.922331 0.258450239725005
54169.7597766665 18.300032 0.350192670017171
54169.7669477776 18.169205 0.323921912187598
54169.7741837037 18.340001 0.35336188499501
54169.7813582753 17.32355 0.20686607659266
54236.6695846181 17.648967 0.249699630663816
54236.6756239698 17.633719 0.247984190594314
54236.6817076506 17.742007 0.263081010512281
54377.4341781714 17.852799 0.25580575037786
54377.4436117477 17.958293 0.270592678241827
54377.45307044 17.926354 0.266685214972598
54377.4624909374 17.921096 0.266576032588181
54388.4895683333 17.837252 0.256873278207201
54388.4964315511 17.915433 0.267932058868436
54388.503256817 18.13218 0.301504728603592
54388.5100915624 17.935465 0.272475353766102
54346.4084877083 18.069049 0.224508735766242
54346.4175005439 17.932436 0.209554122837917
54346.4270951273 17.926674 0.209294143301483
54346.4368468979 17.970633 0.21430410485754
54358.3945616204 17.856667 0.202578710327804
54358.4040745949 17.859862 0.198461774962267
54358.4130679863 17.74989 0.190952895157138
54358.4220255092 17.873323 0.236698984829843
54677.5693290974 17.752311 0.166522076951736
54677.5775915627 17.70994 0.163490036664429
54677.5859375927 17.927363 0.180923988573466
54677.5941339699 17.809025 0.171077263809578
54622.6656795484 18.092711 0.192044183739788
54622.6815218288 18.058061 0.189755408081041
54622.6975045139 18.01166 0.201757938271006
54622.7129593864 18.147895 0.234892018205309
54644.6816141089 17.985829 0.182320302589325
54644.6931172106 17.914947 0.17667069710454
54644.7047925461 17.979508 0.182419839755244
54644.7163253934 17.978836 0.183054450217157
54535.7655890623 17.768151 0.25729751992152
54535.7701097221 17.788771 0.259517829078683
54535.7746280671 17.845954 0.266903991088963
54535.7791376157 17.822122 0.262592803035641
54589.7170412499 17.945119 0.182320302589325
54589.7312041898 18.023326 0.188966477906743
54589.745701273 18.088933 0.194836585310439
54589.761013553 17.958823 0.183054450217157
54599.6562911923 18.101069 0.164915087398236
54614.7580094445 17.956044 0.178132786654265
54614.7711508102 17.922826 0.175656276403209
54614.7842480787 18.11384 0.192162324208807
54614.7973897918 18.12347 0.193289891481016
54792.4423337036 17.41648 0.209346055192177
54792.446487222 17.695161 0.241598733547117
54792.4506534721 17.870053 0.267673933899907
54792.4548204166 17.802525 0.265347827571314
54740.4093904281 17.277392 0.162396637808049
54740.421855602 17.250984 0.146771938775337
54740.4336288543 17.432202 0.159367779311349
54740.4453566205 17.345177 0.144230392062287
54757.3971358218 18.042683 0.26053080562794
54757.4060525924 17.827666 0.233199513424236
54757.4149899768 17.913462 0.244097961823236
54757.4239290856 17.906496 0.243763884277638
54729.4577721876 17.555143 0.199239972854071
54729.4657048957 17.540634 0.197996641537418
54729.4736579863 17.540453 0.198783610276118
54729.4816344443 17.630015 0.207468885050801
54944.707379815 17.503803 0.134899936983238
54944.720430428 17.5141 0.135239136302687
54944.7335005904 17.661396 0.14652843399719
54944.7465999074 17.691827 0.145563920771862
55057.477452361 17.989458 0.191444056933543
55057.4858676158 18.175158 0.209450001769884
55035.6267248729 17.938301 0.274675272960593
55035.6337980555 17.904716 0.248660168100919
55035.640875301 17.94572 0.254466183047712
55035.6479583217 18.096724 0.277541560348567
54986.5612543286 17.988182 0.214640510726818
54986.5687686228 17.828247 0.197736549901436
54986.5764096528 18.025145 0.217373438932365
54986.5839340161 18.072704 0.229877827949677
55004.6639730789 17.808344 0.284162605258547
55004.6802338891 17.901565 0.308415646783943
55004.6966306943 17.694421 0.301923556239625
54954.6467136573 17.887719 0.188966477906743
54954.6576026157 17.875733 0.186950220425462
54954.6683862498 17.897872 0.188175945546268
54954.6792289121 17.781378 0.177290910888227
55127.4297424189 17.796689 0.235040978104577
55127.4367734722 17.639044 0.202205718810561
55127.4438298728 17.670752 0.205578899659133
55127.4509718173 17.439184 0.18465632466794
55084.4697712615 18.005128 0.24116732797876
55084.4782463542 17.83644 0.222341903540397
55084.4867741202 18.030327 0.245960649034557
55084.4952325464 17.866697 0.226809410082081
55414.5047588659 17.884765 0.165572156800364
55414.5310883563 17.991359 0.174024122403987
55380.5778318866 18.330569 0.252125787451226
55380.6046245832 17.694708 0.173115506646896
55397.4911109954 17.985791 0.201634974899384
55397.5296915164 18.201518 0.224100117846493
55353.6985098032 17.861667 0.314086561709874
55353.7348014816 18.231284 0.391538994029271
55362.7620379053 18.162085 0.18818821851799
55273.7643810186 17.705453 0.238575311986249
55330.6148604862 17.877349 0.206450725742785
55330.6542084026 17.903641 0.206318366151932
55449.4481395603 18.058812 0.183798503108513
55449.460155648 18.093369 0.223120361324494
55449.4721460416 17.965572 0.187882291629807
55449.4842107406 17.974876 0.176195504791632
55468.4032040395 17.990211 0.170228376912969
55468.4330312501 18.100571 0.178946677577529
55663.6856695139 18.323516 0.250691844312874
55663.7191280788 18.17084 0.228429998488591
55684.6502750002 17.452327 0.145147636239837
55684.6954628475 17.594473 0.152514051928962
55709.581661898 18.203399 0.202050952648833
55709.590188044 17.765447 0.164166237768012
55709.5987579397 17.800731 0.166766595913737
55709.6072896299 17.876817 0.172865438001387
54029.4413847916 17.924152 0.257461249106996
54029.4491301041 18.136106 0.288613386315801
54029.4568707986 17.979025 0.265168628711983
54029.4646112501 18.063523 0.279991829489848
55734.7019551041 17.940766 0.227144092574873
55734.7163895716 17.725698 0.230017196529621
55734.7305949767 17.70909 0.260802946131394
55734.7448458796 17.939791 0.338058697139898
55735.7593496645 18.126525 0.233199513424236
55735.7735673379 18.039758 0.224293387628857
55765.5253643751 17.983348 0.177180339933096
55765.5338913308 18.078942 0.185317215359416
55765.5427230325 17.879642 0.169135722886039
55765.552101516 17.837534 0.16590008972713
55795.4772737152 17.819174 0.174251443372843
55795.4891116666 17.938649 0.184598723288886
55795.5010108566 18.121835 0.207502540966254
55795.5129153705 17.980917 0.209432669424421
55830.4250011575 18.023651 0.203457699603389
55830.4380837153 17.798376 0.182441984420694
55830.4511643057 18.005058 0.20100853141335
55830.4643105324 18.260945 0.229069984299521
56059.7813525694 18.170897 0.151885831695931
56059.796425486 18.746377 0.199048183987019
56124.6186966783 18.028406 0.166085037112402
56124.6317044677 17.998074 0.163865361848769
56124.644580081 18.222148 0.181781548353088
56124.6577021064 18.010546 0.165080480021855
56154.5228561806 17.886578 0.16875126450947
56154.5317514236 17.874746 0.168117102728514
56154.5406414699 17.868781 0.187178798818649
56154.5497246874 18.052232 0.182408767454126
56184.4972072109 17.968646 0.177613903788659
56184.5084059029 17.91848 0.17395801450717
56184.5197205669 18.123805 0.192320211975759
56184.5311088543 18.114171 0.192201754504455
56383.770120081 17.958579 0.178687768647575
56383.77788103 17.751943 0.162188410101738
56383.7856729976 17.813097 0.166375958193567
56383.793445521 17.678039 0.156430328609593
56408.6954236804 17.512852 0.110464955941376
56408.7107160534 17.59863 0.113624163975308
56408.7259080787 17.770131 0.120786759233021
56408.7411495256 17.442528 0.107200724748446
56451.7112331827 17.965466 0.158881919600555
56451.7234356137 17.79579 0.148001315934149
56451.7355654862 17.784557 0.147569690767544
56451.7477374886 18.090766 0.169878890970177
56486.5827111226 17.946706 0.227457854402728
56486.5915591551 18.008086 0.237387688394928
56486.6007611343 17.6783 0.249074385667286
56486.609707419 17.942562 0.255388860908256
