53722.678066 17.1633 0.187
53722.689169 17.3317 0.200
53722.699685 17.2543 0.193
53722.709439 17.2915 0.196
53773.508164 17.5404 0.229
53773.516720 17.5183 0.227
53773.525291 17.5902 0.235
53773.534171 17.4521 0.219
53774.589374 17.5554 0.229
53774.598515 17.4183 0.215
53774.607340 17.4807 0.223
53774.621414 17.2783 0.202
53882.384445 17.2689 0.174
53882.393786 17.3027 0.177
53882.403126 17.2911 0.204
53882.412493 17.3387 0.247
54197.453919 17.5683 0.238
54114.609029 17.1564 0.193
54114.617936 17.2836 0.206
54114.626989 17.3561 0.213
54114.635226 17.1363 0.193
54245.380831 17.2546 0.203
54245.389846 17.4454 0.223
54245.399023 17.3854 0.218
54245.408053 17.0447 0.185
54423.668892 17.4584 0.288
54423.678362 17.4512 0.219
54423.687841 17.4055 0.215
54423.697330 17.1749 0.190
54818.656551 17.4272 0.161
54818.669169 17.6365 0.177
54818.682105 17.4508 0.161
54818.695127 17.254 0.146
54477.566237 17.0293 0.179
54477.577201 17.1976 0.193
54477.588161 17.2046 0.197
54477.599282 17.0964 0.185
54526.529721 17.1267 0.174
54526.538769 17.1731 0.179
54526.547814 17.1393 0.175
54526.556640 17.1727 0.178
54534.512085 17.1501 0.181
54595.459918 17.2195 0.159
54595.468073 17.2045 0.159
54595.476209 17.2018 0.159
54595.484377 17.1818 0.158
54761.724841 17.4798 0.216
54761.731896 17.354 0.201
54761.738982 17.4983 0.217
54761.746054 17.5354 0.211
54923.468950 17.1956 0.164
54923.477238 17.1439 0.160
54923.485771 17.1478 0.161
54923.493987 17.1755 0.163
54859.559728 17.3788 0.180
54859.566932 17.3025 0.174
54859.574312 17.2198 0.168
54859.581786 17.1565 0.164
54908.517181 17.1978 0.168
54908.525141 17.1514 0.164
54908.533139 17.2519 0.172
54908.541138 17.1892 0.168
54967.366549 17.4011 0.185
54967.374547 17.3364 0.179
54967.382639 17.1625 0.324
54977.413220 17.3095 0.185
54977.419479 17.3396 0.191
54977.425763 17.2954 0.185
54977.432048 17.4498 0.203
55244.597637 17.2755 0.149
55334.362345 17.4853 0.213
55334.385151 17.5329 0.218
55657.452677 17.4651 0.144
55657.494990 17.4905 0.147
55675.449554 17.345 0.139
55675.481154 17.3928 0.143
55602.548817 17.0784 0.171
55602.579290 17.164 0.175
55567.604121 17.4431 0.161
55567.633162 17.2912 0.152
55644.482590 17.1509 0.138
55644.514562 17.1353 0.200
55696.382035 17.5275 0.163
55696.394324 17.5411 0.166
55696.419190 17.6998 0.180
54197.456864 17.5867 0.241
54197.466245 17.4361 0.222
54197.475622 17.4716 0.227
54197.484977 17.6122 0.244
54534.513341 17.1162 0.178
54534.522877 17.1886 0.183
54534.532199 17.28 0.192
54534.541542 17.1709 0.182
56063.424154 17.1769 0.140
56063.435905 17.2079 0.142
56063.449174 17.1769 0.140
56063.461157 17.1728 0.140
56279.634193 17.3148 0.142
56279.650492 17.3177 0.143
56279.661030 17.3771 0.146
56279.670974 17.2977 0.141
56357.511353 17.1314 0.130
56357.521239 17.0842 0.127
56357.530901 17.0964 0.128
56357.540417 17.1126 0.129
56383.482038 17.3375 0.135
56383.493803 17.4821 0.143
56383.505842 17.5254 0.146
56383.519740 17.2978 0.136
