53592.434359 14.4221 0.068
53592.446002 14.4269 0.068
53592.457525 14.525 0.069
53592.469174 14.6465 0.071
53597.472371 14.3953 0.070
53597.479344 14.3679 0.070
53597.486470 14.3534 0.070
53597.493678 14.3978 0.070
53606.621251 14.3891 0.067
53606.637756 14.3692 0.067
53606.654231 14.3601 0.067
53606.670679 14.3738 0.068
53561.653956 14.5841 0.062
53561.665964 14.4741 0.061
53561.677788 14.4154 0.061
53561.689780 14.3903 0.061
53580.705269 14.5862 0.070
53580.712970 14.513 0.069
53580.720699 14.4854 0.068
53580.728453 14.4404 0.068
53692.476768 14.8954 0.087
53692.481856 14.8704 0.087
53692.486959 14.7827 0.085
53692.492049 14.6792 0.082
53645.471668 14.3671 0.076
53645.480191 14.3643 0.076
53645.491156 14.41 0.077
53645.504565 14.4012 0.077
53665.450255 14.4109 0.065
53665.462199 14.3936 0.065
53665.474124 14.4064 0.065
53665.486011 14.4247 0.066
53619.436548 14.3717 0.068
53619.446592 14.3642 0.068
53619.456650 14.3689 0.068
53619.467318 14.3601 0.068
53635.514917 14.4144 0.071
53635.523629 14.4391 0.071
53635.532327 14.4433 0.071
53635.541042 14.434 0.071
53836.796083 14.4254 0.066
53836.799325 14.4165 0.064
53836.802578 14.4569 0.068
53836.805838 14.2236 0.287
53854.730387 14.7491 0.072
53854.736837 14.6771 0.071
53854.743290 14.6461 0.071
53854.749748 14.5601 0.070
53973.579680 14.3893 0.070
53973.588022 14.3942 0.070
53973.596383 14.3984 0.070
53973.604740 14.3959 0.070
53924.545379 14.484 0.067
53924.555258 14.4192 0.066
53924.565171 14.4464 0.066
53924.575080 14.4521 0.067
53947.556242 14.37 0.064
53947.570956 14.354 0.064
53947.585842 14.3635 0.064
53947.599920 14.3705 0.064
53883.646450 14.43 0.061
53883.660363 14.3952 0.060
53883.674278 14.4176 0.061
53883.688246 14.4227 0.061
54059.417434 14.3903 0.075
54059.424201 14.3655 0.072
54059.431495 14.3774 0.072
54059.438145 14.3873 0.072
54016.459574 14.8351 0.077
54016.468083 14.7705 0.076
54016.476588 14.7522 0.076
54016.485151 14.6989 0.075
54021.469883 14.3935 0.070
54021.479296 14.3984 0.070
54021.488727 14.4297 0.071
54021.498115 14.4029 0.071
53990.574433 14.3861 0.070
53990.582957 14.3845 0.070
53990.591490 14.3809 0.070
53990.600095 14.4263 0.071
53994.466686 14.4432 0.093
53994.474283 14.2373 0.077
53994.481931 14.3544 0.099
53994.489580 14.2331 0.092
54005.529937 14.384 0.070
54005.538675 14.3571 0.070
54005.547697 14.3922 0.070
54005.556606 14.3539 0.070
54209.762321 14.3552 0.072
54209.771729 14.2825 0.106
54209.781089 14.3397 0.075
54209.790501 14.4385 0.082
54316.572781 14.4187 0.074
54316.579031 14.4025 0.072
54316.585129 14.4261 0.073
54316.591305 14.3804 0.072
54296.593011 14.3809 0.062
54296.606439 14.412 0.062
54296.619289 14.505 0.063
54296.632847 14.5914 0.063
54260.777339 14.3694 0.063
54260.790334 14.3879 0.064
54260.803389 14.3815 0.064
54260.816365 14.3769 0.064
54273.662116 14.4825 0.073
54273.675261 14.3908 0.070
54273.688830 14.351 0.113
54273.701568 14.3751 0.074
54274.706234 14.3935 0.070
54274.717955 14.3593 0.069
54274.729709 14.3899 0.070
54274.741317 14.3785 0.070
54242.820215 14.3716 0.064
54242.830926 14.3478 0.063
54242.841357 14.3793 0.064
54242.851653 14.3489 0.064
54377.473779 14.4101 0.071
54377.482714 14.4493 0.071
54377.491689 14.528 0.073
54377.500619 14.6607 0.075
54389.507042 14.4174 0.071
54389.514689 14.4031 0.071
54389.522336 14.4083 0.071
54389.530032 14.3916 0.071
54390.497181 14.4127 0.062
54390.510383 14.4054 0.062
54390.523562 14.3979 0.062
54390.536763 14.435 0.063
54349.503420 14.3757 0.065
54349.514962 14.3769 0.065
54349.526184 14.38 0.065
54349.537503 14.4024 0.065
54360.469164 14.4278 0.065
54360.481018 14.4726 0.066
54360.492345 14.5388 0.066
54360.503515 14.6457 0.068
54681.656867 14.3404 0.062
54681.660929 14.3383 0.062
54681.664987 14.3346 0.062
54681.669044 14.3336 0.062
54706.461364 14.3586 0.057
54706.462239 14.3536 0.057
54706.463113 14.3664 0.057
54706.463987 14.3635 0.057
54706.464862 14.3471 0.057
54624.620567 14.3935 0.059
54624.633746 14.3972 0.059
54624.647043 14.3991 0.059
54624.660573 14.396 0.059
54645.591503 14.3698 0.066
54645.602420 14.3619 0.066
54645.613721 14.3792 0.066
54593.735681 14.4051 0.060
54593.750155 14.3919 0.059
54593.764640 14.4155 0.059
54593.779587 14.395 0.059
54757.470632 14.3454 0.068
54757.480815 14.3144 0.068
54757.490991 14.3314 0.068
54757.501121 14.3471 0.068
54717.385093 14.3722 0.062
54717.389405 14.4044 0.063
54717.393717 14.3775 0.062
54717.398028 14.3726 0.062
54728.498653 14.3408 0.068
54728.507612 14.3283 0.068
54728.516623 14.3218 0.067
54728.525591 14.3374 0.068
54739.423644 14.3539 0.061
54739.432025 14.3494 0.062
54739.440298 14.3595 0.062
54739.448468 14.3596 0.061
54944.765524 14.4105 0.063
54944.776362 14.3849 0.063
54944.787226 14.4172 0.063
54944.798101 14.414 0.064
54951.732894 14.3378 0.068
54951.741499 14.3571 0.068
54951.750221 14.3797 0.071
54951.758855 14.3645 0.069
55044.559065 14.5101 0.062
55044.569384 14.6072 0.063
55044.579385 14.6787 0.064
55044.589438 14.7517 0.066
55060.524800 14.5721 0.061
55060.536562 14.6713 0.062
55060.547432 14.8385 0.064
55060.558154 15.0131 0.065
55004.734095 14.3651 0.086
55004.748125 14.3844 0.086
55004.762168 14.3292 0.083
55004.775963 14.4507 0.083
55118.400916 14.3978 0.063
55118.407420 14.372 0.062
55118.413832 14.3829 0.062
55118.420267 14.3685 0.062
55127.493151 14.5779 0.071
55127.501856 14.6532 0.072
55127.510686 14.8008 0.074
55127.519423 14.9433 0.076
55084.515072 14.3806 0.067
55084.523916 14.3654 0.067
55084.532804 14.3943 0.068
55084.541644 14.3694 0.067
55092.391094 14.3997 0.063
55092.397581 14.408 0.063
55092.404058 14.4031 0.063
55092.410609 14.4074 0.063
55418.697995 14.3881 0.064
55418.716352 14.4105 0.074
55394.650606 14.3394 0.064
55330.670489 14.3991 0.065
55330.709996 14.43 0.065
55506.463937 14.3635 0.061
55506.489396 14.363 0.062
55449.507776 14.6173 0.067
55449.517217 14.559 0.066
55449.526650 14.5012 0.065
55466.438795 14.6255 0.067
55466.465661 14.7355 0.080
55664.717100 14.388 0.065
55664.725530 14.4036 0.065
55664.734015 14.4099 0.065
55664.742414 14.4505 0.065
55691.750153 14.3753 0.068
55691.761267 14.3664 0.068
55691.784001 14.3812 0.069
54706.467882 14.3592 0.057
54706.468756 14.3492 0.057
54706.469631 14.3461 0.057
54706.470507 14.3613 0.057
54706.471383 14.3691 0.057
55743.574957 14.8109 0.066
55743.583465 14.9011 0.067
55743.592006 15.0476 0.069
55743.600764 15.1528 0.070
55770.519592 14.4387 0.060
55770.532414 14.442 0.060
55770.545355 14.4226 0.060
55770.558704 14.4129 0.060
55796.565123 14.3772 0.062
55796.577049 14.3625 0.062
55796.588985 14.3743 0.062
55796.601058 14.4063 0.063
55830.487361 14.3707 0.061
55830.501491 14.3932 0.061
55830.515656 14.3931 0.061
55830.529851 14.3908 0.061
55851.423536 14.3903 0.058
55851.438551 14.3986 0.058
55851.453563 14.3626 0.058
55851.468602 14.3958 0.058
56036.741352 14.6217 0.068
56036.750369 14.8899 0.109
56036.759373 14.4663 0.066
56036.768376 14.4964 0.066
56069.710649 14.5579 0.065
56069.719519 14.4721 0.064
56069.728616 14.4615 0.064
56069.737603 14.3999 0.063
56097.780236 14.3601 0.060
56097.791729 14.3569 0.060
56097.803210 14.3695 0.060
56097.814738 14.3793 0.060
56129.704785 14.3984 0.060
56129.717089 14.4184 0.060
56129.729656 14.4371 0.061
56129.742020 14.4184 0.061
56154.568424 14.3452 0.061
56154.578298 14.3444 0.061
56154.587698 14.3515 0.061
56154.597179 14.3949 0.061
56181.485148 14.7036 0.062
56181.495241 14.5774 0.061
56181.505186 14.4837 0.060
56181.515084 14.4235 0.060
56394.732123 14.8875 0.067
56394.739852 14.7595 0.065
56394.747699 14.6649 0.064
56394.755562 14.585 0.064
56426.676141 14.7316 0.065
56426.682146 14.633 0.064
56426.688120 14.6124 0.064
56426.694158 14.5561 0.063
56464.694132 14.4493 0.060
56464.709108 14.6013 0.061
56464.723433 14.705 0.062
56464.737978 14.8926 0.064
56464.769352 15.1485 0.067
56478.691274 14.7017 0.064
56478.700836 14.6337 0.063
56478.710389 14.5781 0.063
56478.720007 14.5202 0.062
