53599.666942 15.5755 0.092
53599.675458 15.4801 0.089
53599.684285 15.4071 0.087
53599.693240 15.3537 0.086
53709.523229 15.3559 0.088
53709.533426 15.3133 0.087
53709.543640 15.3503 0.088
53709.553882 15.3527 0.088
53724.541441 15.6714 0.096
53724.550267 15.5704 0.093
53724.558900 15.5515 0.093
53724.567523 15.5569 0.093
53581.757305 15.3206 0.089
53581.765715 15.2918 0.089
53581.774166 15.3233 0.089
53581.782670 15.3691 0.091
53693.611434 15.5312 0.092
53693.620411 15.455 0.090
53693.629370 15.4196 0.089
53693.638330 15.4222 0.089
53655.497945 15.3654 0.079
53655.509425 15.3188 0.079
53655.520902 15.3056 0.078
53655.532657 15.2595 0.077
53670.591995 15.3316 0.092
53670.600841 15.381 0.093
53670.609516 15.3798 0.093
53670.618176 15.3375 0.092
53618.665541 15.7123 0.090
53618.681386 15.6793 0.090
53618.697551 15.7055 0.091
53618.713251 15.6653 0.117
53642.686230 15.5481 0.100
53642.693974 15.5318 0.100
53642.701623 15.581 0.101
53642.709303 15.5598 0.100
53950.788484 15.6111 0.097
53950.796435 15.6396 0.103
53950.804282 15.7068 0.383
53950.812210 15.6538 0.101
54077.537797 15.6505 0.103
54077.546360 15.7263 0.105
54077.554913 15.6658 0.102
54077.563466 15.6696 0.102
54085.488267 15.5809 0.093
54085.497613 15.5424 0.093
54085.507004 15.528 0.092
54085.516357 15.4168 0.089
53742.472857 15.6624 0.097
53742.480170 15.7538 0.100
53742.487494 15.6373 0.096
53765.432980 15.5263 0.082
53765.441151 15.5643 0.083
53765.449324 15.5462 0.082
53765.457491 15.5814 0.083
54053.535719 15.2527 0.092
54053.542552 15.2738 0.084
54053.549224 15.2704 0.084
54053.555960 15.2688 0.084
54058.476257 15.6505 0.095
54058.485152 15.6607 0.095
54058.493655 15.6148 0.094
54058.501919 15.5331 0.092
54010.687983 15.366 0.086
54010.697631 15.3826 0.086
54010.707338 15.3432 0.085
54010.717144 15.3291 0.085
54020.652045 15.6642 0.093
54020.662408 15.6783 0.094
54020.672718 15.5834 0.091
54020.683163 15.6005 0.092
54038.475825 15.3228 0.086
54038.482271 15.2975 0.086
54038.488783 15.2942 0.086
54038.495333 15.2907 0.086
53994.729834 15.2596 0.422
53994.740294 15.5826 0.191
53994.750797 15.5558 0.107
53997.584199 15.611 0.092
53997.595680 15.6197 0.093
53997.607433 15.652 0.093
53997.620103 15.6127 0.092
54319.721953 15.6817 0.092
54319.733631 15.6844 0.092
54319.745337 15.7368 0.093
54319.757940 15.6974 0.092
54335.726116 15.2123 0.094
54335.735493 15.3301 0.076
54335.744718 15.3309 0.076
54335.753833 15.3392 0.077
54441.523420 15.2645 0.076
54441.536485 15.2676 0.076
54441.549485 15.3027 0.076
54441.562505 15.3211 0.077
54120.436031 15.4173 0.079
54120.448642 15.4016 0.079
54120.461232 15.3958 0.078
54120.473835 15.3311 0.078
54413.603690 15.6459 0.094
54413.612708 15.6487 0.095
54413.621723 15.6945 0.096
54413.630735 15.6854 0.096
54424.477821 15.6525 0.098
54424.486854 15.645 0.098
54424.496226 15.6556 0.099
54424.505376 15.5185 0.095
54389.649431 15.294 0.084
54389.658050 15.2994 0.084
54389.666682 15.281 0.084
54389.675364 15.283 0.084
54830.499889 15.3354 0.081
54830.508261 15.3022 0.081
54830.516685 15.3097 0.081
54830.525079 15.3128 0.081
54505.465881 15.6921 0.097
54505.469861 15.5948 0.094
54505.473858 15.5931 0.094
54505.477852 15.6609 0.097
54472.528095 15.3864 0.079
54472.536823 15.3772 0.079
54472.545496 15.466 0.081
54472.554170 15.45 0.081
54663.815563 15.5585 0.084
54663.819360 15.6557 0.086
54663.823202 15.5881 0.084
54663.827073 15.5282 0.082
54782.547565 15.6341 0.079
54782.559792 15.6129 0.078
54782.571860 15.5551 0.077
54782.583802 15.5525 0.078
54800.514420 15.6465 0.088
54800.526018 15.6624 0.088
54800.537631 15.6337 0.088
54800.549237 15.6649 0.089
54764.616024 15.3587 0.078
54764.626910 15.3298 0.077
54764.637835 15.3267 0.078
54764.648726 15.2765 0.078
54716.700827 15.6019 0.076
54716.705458 15.5957 0.075
54716.710040 15.5663 0.075
54716.714674 15.5188 0.074
54716.719260 15.5322 0.074
54737.725565 15.3183 0.064
54737.739623 15.3488 0.065
54737.753711 15.3547 0.065
54737.767717 15.3879 0.065
55070.624346 15.3326 0.080
55070.634671 15.3441 0.080
55070.645028 15.3843 0.081
55070.655482 15.413 0.081
55170.519446 15.5716 0.077
55170.528506 15.5341 0.076
55170.537583 15.5084 0.076
55170.546645 15.4343 0.075
54862.478361 15.5759 0.088
54862.482149 15.5343 0.087
54862.485939 15.5283 0.087
54862.489724 15.5394 0.087
55035.721956 15.3574 0.075
55035.732627 15.3693 0.075
55035.743366 15.3998 0.075
55035.754153 15.4267 0.076
55105.684576 15.6224 0.077
55105.698222 15.5698 0.077
55105.711949 15.5872 0.077
55105.725805 15.6387 0.078
55124.615079 15.3595 0.079
55124.625174 15.3811 0.080
55124.635334 15.4331 0.081
55124.645515 15.4124 0.081
55090.668452 15.3546 0.073
55090.680786 15.3332 0.073
55090.692870 15.32 0.073
55090.704756 15.2898 0.072
55437.727189 15.4509 0.087
55437.757424 15.5173 0.089
55543.448837 15.3513 0.083
55543.466052 15.3283 0.084
55558.507963 15.4626 0.068
55558.532566 15.3775 0.068
55205.455810 15.4641 0.076
55205.477623 15.388 0.075
55589.447111 15.5106 0.079
55589.464766 15.4538 0.078
55799.616693 15.4073 0.073
55799.626118 15.3769 0.072
55799.635653 15.4064 0.073
55799.645221 15.3481 0.072
55833.717954 15.6944 0.080
55833.729765 15.6687 0.079
55833.741672 15.6558 0.079
55833.753543 15.6688 0.079
55891.548338 15.4766 0.076
55891.561003 15.5076 0.077
55891.573480 15.5339 0.077
55891.585958 15.5508 0.078
55980.430560 15.4271 0.070
55980.436856 15.4487 0.070
55980.443175 15.4494 0.071
55980.449531 15.47 0.071
56163.614927 15.4822 0.069
56163.620531 15.2777 0.140
56163.626178 15.5292 0.068
56163.631791 15.5073 0.068
56216.565768 15.6171 0.075
56216.576365 15.6208 0.083
56216.587231 15.6934 0.074
56216.598008 15.6856 0.073
56245.561528 15.3149 0.067
56245.575482 15.3192 0.068
56245.589746 15.3172 0.071
56245.603949 15.3497 0.082
56273.492448 15.6573 0.071
56273.503094 15.6806 0.071
56273.513760 15.6172 0.070
56273.524482 15.5852 0.070
