53605.441692 16.1096 0.111
53605.453484 16.1931 0.115
53605.465576 16.0973 0.112
53605.477324 16.2122 0.117
53556.541406 16.1125 0.121
53556.548250 16.0819 0.120
53556.555093 16.0204 0.118
53556.561898 16.0719 0.120
53578.509406 16.4806 0.126
53578.515986 16.4588 0.125
53578.522550 16.335 0.120
53578.529119 16.292 0.118
53627.383966 16.1165 0.098
53627.393884 16.1781 0.101
53627.403799 16.1033 0.098
53627.413721 16.1131 0.099
53831.654079 16.1155 0.109
53831.665584 16.0842 0.108
53831.676483 16.0235 0.106
53831.687108 16.0199 0.106
53851.568299 16.1601 0.078
53851.581236 16.2365 0.079
53851.594336 16.3849 0.082
53851.608235 16.48 0.084
53956.455620 16.5123 0.139
53956.464594 16.5094 0.139
53956.473581 16.2602 0.125
53956.482561 16.1641 0.121
53920.574625 16.1116 0.117
53920.582450 16.144 0.120
53920.590224 15.7006 0.103
53920.597995 16.0681 0.116
53921.381944 16.8892 0.118
53921.385919 17.0198 0.124
53928.464254 16.0915 0.117
53928.472764 16.202 0.121
53928.481277 16.0419 0.114
53928.489767 16.1129 0.117
53946.483649 16.1482 0.103
53946.495600 16.1336 0.103
53946.507605 16.1028 0.102
53946.519539 16.052 0.100
53892.500469 16.1173 0.110
53892.509789 16.0742 0.109
53892.518497 16.0729 0.109
53892.527137 16.0603 0.109
53900.587117 16.1419 0.117
53900.596621 16.1121 0.116
53806.710893 16.0894 0.108
53806.719106 16.0511 0.107
53806.726677 16.0421 0.106
53806.734033 16.0555 0.107
53820.664361 16.0655 0.106
53820.675602 16.0323 0.105
53820.686595 16.1136 0.134
53872.650984 16.8858 0.150
53872.659755 16.7076 0.138
53872.668383 16.4671 0.127
53872.677015 16.2797 0.118
53877.643729 16.4533 0.106
53877.655697 16.4641 0.107
53877.667730 16.3876 0.104
53877.679777 16.3089 0.102
53884.644727 16.5457 0.111
53884.655044 16.6736 0.117
53884.665374 16.8378 0.125
53884.677881 16.6027 0.114
53885.577366 16.0718 0.095
53885.588304 16.0565 0.094
53885.599263 16.0894 0.095
53885.610234 16.1334 0.097
53997.398955 16.0969 0.123
53997.404105 16.1034 0.124
53997.409246 16.1523 0.127
53997.414387 16.1611 0.128
54202.560068 16.2452 0.114
54202.566726 16.1759 0.111
54202.573388 16.0613 0.106
54202.580218 16.0554 0.106
54212.565034 16.2663 0.113
54212.574127 16.233 0.111
54212.583333 16.1231 0.107
54212.592561 16.036 0.104
54318.395480 16.4412 0.116
54318.403667 16.2868 0.109
54318.411849 16.2543 0.112
54318.420042 16.1684 0.106
54155.693832 16.0458 0.105
54155.705098 16.0557 0.106
54295.452387 16.1189 0.127
54295.457141 15.997 0.114
54295.461988 16.1221 0.129
54295.466738 16.0101 0.118
54301.463049 16.0418 0.100
54301.472877 16.0395 0.100
54301.482733 16.07 0.101
54301.492566 15.9811 0.099
54256.649215 16.2965 0.118
54256.662830 15.9551 0.114
54256.697600 16.1041 0.112
54256.711183 16.0348 0.109
54265.553814 16.0961 0.117
54265.563678 16.0983 0.118
54265.573547 16.0925 0.117
54265.583420 16.1317 0.119
54173.667867 15.9398 0.101
54188.638203 15.6034 0.104
54188.645947 15.751 0.109
54188.653893 15.8768 0.116
54188.662413 15.7875 0.112
54189.705266 15.8506 0.112
54189.714526 15.8599 0.113
54189.723714 15.8217 0.114
54189.733013 15.9753 0.118
54236.604402 16.3812 0.143
54236.613431 16.3177 0.139
54236.622452 16.2113 0.133
54236.631480 16.1487 0.130
54245.605841 16.3391 0.138
54245.614390 16.2526 0.133
54245.622950 16.2198 0.131
54245.631499 16.0999 0.125
54347.412887 16.4604 0.118
54347.421070 16.6023 0.126
54347.429254 16.8572 0.143
54347.437420 16.9485 0.205
54586.656457 16.0408 0.090
54586.683075 16.1076 0.122
54586.709711 15.9808 0.105
54707.395342 16.4468 0.182
54707.401895 16.4101 0.188
54707.408423 15.9967 0.244
54707.414947 16.5864 0.526
54491.691082 16.5252 0.128
54491.701790 16.4542 0.124
54491.712555 16.2225 0.114
54491.723269 16.2233 0.113
54675.485965 16.0024 0.092
54675.496903 15.9825 0.092
54675.507834 15.9194 0.128
54675.518794 16.0327 0.094
54644.528482 16.0701 0.092
54526.773300 16.0898 0.117
54526.777849 16.1217 0.119
54526.782375 16.0507 0.116
54526.786966 16.1039 0.118
54592.615038 16.0433 0.103
54592.623586 16.0553 0.103
54592.632137 15.9896 0.101
54592.640700 15.9851 0.101
54599.527100 16.3208 0.099
54599.535784 16.2787 0.098
54599.544887 16.1695 0.094
54599.553882 16.0998 0.092
54616.620762 16.0636 0.091
54616.626161 16.0359 0.090
54616.631556 16.0335 0.090
54616.636950 16.0595 0.091
54925.575280 16.0586 0.088
54925.581843 16.0673 0.088
54925.588437 16.0587 0.088
54940.727908 16.4254 0.095
54940.741184 16.3818 0.095
54940.754342 16.2749 0.092
54940.767403 16.1777 0.089
55045.437119 15.9569 0.108
55045.444130 16.0343 0.110
55045.451159 16.0776 0.113
55045.458196 15.9861 0.108
54860.721183 15.9886 0.106
54860.730509 15.9895 0.105
54860.739880 16.0462 0.107
54860.749198 15.9079 0.102
54993.606552 16.1539 0.090
54993.617676 16.0607 0.088
54993.628948 16.0215 0.087
54993.640113 15.9599 0.086
55011.475006 16.1463 0.121
55011.482593 16.146 0.122
55011.490164 16.2248 0.127
55011.497740 16.2336 0.128
54892.732488 15.9722 0.106
54892.741768 15.9646 0.106
54892.751484 15.9063 0.111
54892.760690 15.6912 0.193
54910.653870 16.1109 0.112
54910.662159 16.2204 0.116
54910.670549 16.2988 0.120
54910.678978 16.3805 0.123
54955.546525 15.9639 0.092
54966.682962 16.0439 0.111
54979.580745 16.016 0.109
54979.590177 15.9899 0.109
54979.599536 15.9857 0.110
54979.609141 16.0136 0.113
55302.699293 16.5093 0.094
55416.461319 16.0949 0.088
55416.482932 16.26 0.091
55223.706139 16.1245 0.105
55223.733077 16.0117 0.098
55395.442043 16.2234 0.118
55400.484114 16.661 0.107
55353.589993 16.0665 0.129
55353.628929 16.0427 0.127
55365.625010 16.0652 0.095
55365.646770 16.1191 0.098
55275.671413 16.2074 0.120
55323.622343 16.1757 0.120
55323.649667 16.1612 0.119
55337.576491 16.1214 0.102
55337.610240 16.13 0.101
55445.381254 16.1131 0.100
55655.697846 16.1051 0.097
55655.740492 16.0526 0.096
55679.615316 16.9204 0.106
55679.630206 16.8762 0.105
55722.511859 16.0819 0.088
55722.524627 16.0622 0.087
55722.537559 16.1045 0.089
55722.550348 16.0779 0.087
55685.653103 16.4315 0.108
55685.685179 16.2266 0.101
55709.523600 16.0905 0.088
55709.533853 16.1402 0.089
55709.544044 16.1789 0.089
55709.554180 16.1038 0.089
55745.502052 16.1825 0.089
55745.512101 16.0683 0.088
55745.521926 16.1204 0.088
55745.531844 16.1182 0.089
55775.439178 16.5101 0.107
55775.449796 16.5045 0.105
55775.460414 16.5294 0.106
55775.471118 16.4047 0.101
55798.386348 16.1195 0.092
55798.402792 16.1778 0.094
55798.419286 16.0825 0.093
55798.435801 16.2201 0.094
56046.727563 16.0667 0.084
56046.739634 16.0697 0.085
56046.751950 16.0104 0.084
56046.764148 16.0903 0.085
56066.605011 16.5014 0.106
56066.614573 16.3663 0.101
56066.624064 16.2853 0.099
56066.633642 16.2553 0.097
56076.652747 16.2483 0.091
56076.661913 16.1709 0.090
56076.671188 16.1222 0.089
56076.680451 16.0941 0.088
56077.546439 16.1612 0.079
56077.561526 16.1743 0.079
56077.576500 16.3033 0.083
56077.591547 16.6506 0.090
56090.590535 16.1839 0.094
56090.601126 16.1837 0.096
56090.611854 16.3109 0.108
56090.622555 16.6583 0.124
56115.443179 16.1451 0.075
56115.458274 16.1063 0.074
56115.473686 16.0116 0.074
56115.488713 16.1599 0.076
56150.427251 16.5099 0.099
56150.438671 16.268 0.094
56150.450111 16.2735 0.093
56150.461482 16.1348 0.090
56173.425786 16.5232 0.091
56366.666067 16.0789 0.105
56366.675437 16.0789 0.105
56366.707745 16.1947 0.109
56366.717581 16.2472 0.111
56395.593280 16.118 0.090
56395.603763 16.1101 0.088
56395.614589 16.1036 0.090
56395.625271 16.1853 0.090
56405.629771 16.1225 0.083
56405.642432 16.1155 0.083
56405.654893 16.1045 0.083
56405.667112 16.1442 0.083
56432.460274 16.185 0.086
56432.471721 16.1752 0.085
56432.483181 16.2281 0.087
56432.495052 16.3123 0.088
56446.620937 16.191 0.084
56446.631798 16.1369 0.083
56446.642675 16.1562 0.082
56446.653344 16.0918 0.082
