53722.710714 18.7792 0.413
53704.647944 18.6463 0.415
53704.653951 18.876 0.476
53704.659977 18.8166 0.465
53848.469168 18.8268 0.240
53848.485117 18.9269 0.253
53774.596202 18.6723 0.402
53774.605144 18.8527 0.446
53774.628010 18.3017 0.328
53742.703623 17.8678 0.159
53742.718420 18.248 0.189
53742.733223 18.047 0.172
53742.748025 18.4213 0.206
53756.670547 19.004 0.317
53756.686489 19.1229 0.339
53756.702342 18.9841 0.314
53756.718270 18.2657 0.216
53894.395082 18.5337 0.319
53894.401910 18.8576 0.385
53894.408734 19.0685 0.442
53818.557579 18.4821 0.300
53818.566127 18.8954 0.376
53818.574639 18.8705 0.372
53818.583151 19.1387 0.436
53859.457766 18.6034 0.323
53859.468033 18.6061 0.324
53859.478286 18.0309 0.240
53859.488591 18.4255 0.295
53882.383165 18.1849 0.262
53882.392514 18.0322 0.245
53882.401857 18.1872 0.321
53882.411223 17.6196 0.292
54062.640286 18.3905 0.268
54062.654501 18.318 0.255
54062.668685 18.1513 0.233
54062.682864 18.1432 0.231
54038.723819 18.5954 0.420
54038.732303 19.0621 0.536
54038.740816 18.5369 0.509
54038.749311 19.2785 0.637
54197.458120 18.8125 0.443
54197.467499 18.5333 0.380
54197.476879 18.3421 0.341
54197.486232 18.7848 0.438
54212.407074 19.0299 0.381
54212.418003 19.0273 0.383
54212.428624 19.3175 0.451
54212.439159 19.0074 0.379
54463.641148 18.8818 0.529
54463.651367 19.422 0.729
54139.661132 19.0183 0.389
54139.674318 18.3146 0.267
54114.610435 18.4154 0.357
54114.619446 18.6671 0.414
54114.628403 18.5968 0.395
54114.636512 18.4596 0.368
54287.349427 18.9232 0.444
54287.355875 19.0169 0.471
54287.362357 18.8148 0.422
54261.348061 18.7935 0.351
54261.364428 18.7208 0.339
54261.372625 19.031 0.405
54181.581588 18.1414 0.245
54181.591382 18.4367 0.287
54181.601204 18.2508 0.260
54181.611028 18.3491 0.276
54245.379551 18.6186 0.396
54245.388577 18.8243 0.446
54245.397752 19.0769 0.518
54423.682396 18.5275 0.373
54423.691885 19.0702 0.509
54423.701378 18.5048 0.363
54393.735483 18.977 0.507
54393.740954 18.8068 0.456
54393.746394 19.3024 0.603
54393.751798 18.8147 0.453
54818.660376 17.8551 0.188
54818.673074 18.3231 0.237
54818.686150 18.4194 0.245
54818.699089 18.4669 0.250
54510.626375 18.412 0.256
54510.639432 18.7041 0.298
54510.652505 18.4132 0.256
54510.665539 18.437 0.259
54477.570364 18.3795 0.348
54477.581352 18.9916 0.485
54477.592437 18.6507 0.400
54477.603637 18.2229 0.322
54526.532760 18.5024 0.336
54526.541850 18.6603 0.367
54526.550786 18.9959 0.444
54526.559592 18.6279 0.361
54599.405600 19.0339 0.258
54599.411622 18.7961 0.228
54599.417566 18.9324 0.245
54599.423512 18.9543 0.247
54614.384935 18.5112 0.266
54614.393112 18.5918 0.259
54614.401268 18.47 0.253
54614.409421 18.5975 0.304
54762.748895 19.0221 0.446
54762.752097 19.1054 0.468
54762.755275 18.9177 0.419
54923.471857 18.1873 0.254
54923.480397 18.4149 0.288
54923.488678 18.3383 0.275
54923.496891 18.4204 0.290
54942.452111 18.7803 0.277
54942.460141 18.8872 0.293
54942.468169 18.6771 0.263
54942.476210 18.7553 0.273
54884.568505 18.0421 0.192
54884.580090 18.4863 0.239
54884.591660 18.2949 0.218
54884.603235 18.3181 0.222
54859.562813 18.7841 0.355
54859.570131 18.6956 0.338
54859.577558 18.7795 0.357
54859.584925 18.8568 0.373
54999.353234 18.9589 0.329
54908.520078 18.3918 0.290
54908.528050 18.6812 0.340
54908.536056 18.7609 0.352
54908.544050 18.6888 0.340
54967.442459 18.2155 0.269
54977.417772 18.3615 0.304
54977.424055 18.4089 0.328
54977.430338 18.0025 0.261
54977.436623 18.1092 0.310
55162.680714 18.7041 0.343
55162.689050 18.7203 0.346
55162.697445 18.4213 0.294
55162.705923 19.0258 0.409
55294.469930 18.5476 0.288
55302.469431 18.0832 0.188
55244.649153 18.4923 0.219
55368.368782 18.4636 0.258
55368.390422 17.9652 0.203
55266.566511 18.5262 0.231
55334.365631 18.7002 0.387
55334.388488 18.2218 0.297
55657.462478 18.3762 0.213
55657.504836 18.5575 0.234
55675.454441 18.1418 0.190
55675.486079 18.1322 0.192
55602.594410 19.0839 0.457
55602.617490 19.109 0.463
55592.645257 17.886 0.163
55592.683529 18.3128 0.199
55644.486626 18.3048 0.228
55644.542937 18.3728 0.240
55696.436283 18.7656 0.299
55696.466972 18.4722 0.257
54534.517608 18.8679 0.424
54534.526930 18.609 0.366
54534.536403 18.222 0.297
54534.545586 18.7665 0.401
55736.359052 18.5814 0.233
55736.364672 18.637 0.238
55736.370323 18.5138 0.227
55736.375966 18.3813 0.212
56063.430594 19.8207 0.526
56063.443769 19.3461 0.397
56063.455730 18.5589 0.261
56063.467732 18.3777 0.237
56279.642257 18.746 0.264
56279.655067 18.5331 0.237
56279.665285 18.9015 0.287
56279.675355 18.5826 0.244
56357.552483 18.0281 0.183
56357.562060 18.0029 0.184
56357.571569 17.9023 0.173
56357.581080 18.2982 0.212
56383.490252 18.1608 0.186
56383.502215 18.2672 0.196
56383.514103 18.107 0.180
56383.528131 18.1914 0.196
56406.409302 18.7921 0.225
56406.417788 18.6865 0.212
56406.426367 18.5448 0.199
56406.434967 19.2897 0.292
56426.444872 18.5021 0.195
56426.452065 18.4364 0.187
56426.459146 18.4792 0.193
56426.466217 18.7518 0.222
