53593.378596 15.1832 0.072
53593.392212 15.1616 0.071
53593.405832 15.2256 0.072
53593.421697 15.2469 0.073
53606.510660 15.4366 0.079
53606.524927 15.465 0.080
53606.538891 15.4289 0.079
53606.552819 15.5056 0.080
53568.540586 15.0281 0.083
53568.548298 15.0385 0.083
53568.555990 14.9292 0.081
53568.563329 14.9277 0.081
53580.656297 15.0033 0.076
53580.667191 15.0576 0.077
53580.678124 15.1518 0.079
53580.689041 15.1391 0.079
53694.428738 15.3431 0.093
53694.435155 15.3304 0.093
53694.441579 15.379 0.095
53694.448015 15.4004 0.096
53651.440143 15.3607 0.099
53651.449597 15.3973 0.100
53651.458882 15.4197 0.101
53651.468286 15.4034 0.101
53668.432781 15.4458 0.088
53668.444239 15.431 0.088
53668.455721 15.4668 0.089
53668.467169 15.4054 0.090
53614.477678 14.903 0.074
53614.491981 14.9234 0.074
53614.515312 14.9713 0.072
53614.529178 15.0352 0.075
53622.456053 15.4124 0.099
53622.464312 15.3951 0.099
53622.472335 15.3692 0.098
53622.480087 15.39 0.098
53851.716862 15.2931 0.070
53851.730191 15.3189 0.070
53851.743584 15.3525 0.070
53851.756997 15.3982 0.071
53936.593437 14.9702 0.072
53936.603814 14.9349 0.072
53936.614001 14.9284 0.072
53936.623950 14.998 0.073
53936.633837 15.0099 0.073
53945.545816 15.39 0.079
53945.560833 15.3779 0.079
53821.753367 15.2511 0.082
53821.758523 15.2946 0.083
53821.763679 15.2654 0.082
53821.768796 15.319 0.084
53882.655804 15.2857 0.083
53882.665534 15.3224 0.083
53882.675411 15.3181 0.084
53882.685355 15.3493 0.084
54018.469574 15.2408 0.087
54018.479285 15.285 0.089
54018.489021 15.263 0.088
54018.498718 15.2905 0.089
54034.419777 15.2748 0.088
54034.428290 15.2812 0.088
54034.436788 15.3008 0.090
54034.445297 15.328 0.090
53990.539788 15.4735 0.092
53990.548315 15.5089 0.093
53990.556860 15.5142 0.093
53990.565415 15.5336 0.094
53994.464605 15.4693 0.127
54005.483061 15.3724 0.089
54005.492873 15.4141 0.090
54005.502758 15.4055 0.090
54005.512820 15.4862 0.093
54199.714283 15.4109 0.077
54206.694128 15.1671 0.089
54206.703123 15.1836 0.089
54206.712159 15.1942 0.089
54206.721112 15.2369 0.090
54316.535792 15.3627 0.090
54316.543593 15.3723 0.091
54316.550784 15.4312 0.093
54316.557903 15.544 0.146
54296.584603 15.1498 0.070
54296.598203 15.1918 0.071
54296.611635 15.217 0.071
54296.625344 15.2424 0.072
54260.643561 15.2217 0.081
54260.652726 15.0842 0.079
54260.662186 15.0494 0.078
54260.671611 14.9535 0.076
54273.622396 15.4691 0.091
54273.631800 15.4464 0.091
54273.641545 15.4368 0.090
54273.651335 15.3796 0.089
54187.739799 15.0053 0.086
54187.746422 15.0073 0.085
54187.753147 14.9916 0.085
54187.759885 15.0118 0.085
54236.670416 15.2045 0.091
54236.676473 15.2092 0.090
54236.682540 15.2555 0.092
54236.688587 15.3841 0.117
54377.433335 15.3396 0.090
54377.442767 15.3798 0.091
54377.452220 15.3866 0.091
54377.461639 15.4274 0.093
54388.490403 15.2795 0.089
54388.497268 15.3445 0.090
54388.504095 15.3035 0.090
54388.510926 15.3595 0.091
54346.536175 15.4557 0.076
54346.546124 15.4691 0.076
54346.556125 15.4778 0.076
54346.570454 15.4984 0.077
54358.591906 15.4777 0.082
54358.600081 15.507 0.083
54358.608237 15.4896 0.083
54358.616403 15.485 0.083
54677.574764 14.9251 0.068
54677.583063 14.9228 0.068
54677.591345 14.9515 0.068
54677.599580 14.9272 0.068
54623.634436 15.2458 0.073
54623.655665 15.2792 0.073
54644.721250 14.951 0.068
54644.732300 14.9942 0.069
54644.743320 15.018 0.069
54644.754472 15.0938 0.070
54589.722541 15.1386 0.071
54589.736995 15.1754 0.071
54589.751695 15.2194 0.072
54589.766876 15.2409 0.072
54599.662869 15.4474 0.070
54599.676166 15.4346 0.070
54599.689413 15.3556 0.069
54599.702907 15.2317 0.067
54740.413383 15.1915 0.078
54740.425112 15.0777 0.074
54740.436879 15.0013 0.074
54740.448825 14.9714 0.069
54757.428974 14.9362 0.078
54757.437775 14.9877 0.079
54757.446620 15.0052 0.079
54757.455468 15.0798 0.081
54758.434977 15.0487 0.080
54758.443777 15.0862 0.081
54758.452617 15.1542 0.083
54758.461465 15.1493 0.083
54729.461742 15.1333 0.080
54729.469672 15.1413 0.081
54729.477632 15.1771 0.082
54729.485621 15.2281 0.083
54944.712558 14.9442 0.066
54944.725612 14.9751 0.066
54944.738697 15.0316 0.067
54944.751804 15.0862 0.067
55057.509898 15.2393 0.073
55057.518493 15.2675 0.074
55057.526791 15.3333 0.075
55057.534993 15.3417 0.075
55035.657368 15.1381 0.083
55035.664869 15.1654 0.083
55035.672379 15.2387 0.084
55035.679883 15.2643 0.086
55004.669329 15.0196 0.088
55004.685512 15.1187 0.094
55004.701880 15.2134 0.102
55004.717984 15.1793 0.108
54954.652189 15.4366 0.078
54954.662964 15.4746 0.078
54954.673754 15.4365 0.078
54954.684562 15.4986 0.079
55127.432201 15.0151 0.077
55127.439240 14.9244 0.075
55127.446320 14.9655 0.076
55127.453509 14.9437 0.076
55084.472307 15.0208 0.077
55084.480772 15.0656 0.078
55084.489296 15.0998 0.079
55084.497759 15.1234 0.079
55421.569352 14.9971 0.078
55380.583648 15.1486 0.074
55380.611041 15.2399 0.075
55362.766360 15.423 0.072
55362.805562 15.4821 0.073
55330.661018 15.0782 0.074
55330.700365 14.9433 0.072
55449.453823 15.5228 0.075
55449.465813 15.5441 0.098
55449.477819 15.542 0.075
55449.489831 15.5079 0.074
55468.448712 15.0544 0.067
55468.474121 14.9872 0.066
55663.690327 15.255 0.077
55663.723864 15.3696 0.078
55684.658740 15.5073 0.076
55684.704054 15.245 0.071
55696.667762 15.5072 0.074
55696.679774 15.5573 0.075
55696.704138 15.5583 0.075
54623.700657 15.4525 0.067
55734.709138 15.2983 0.084
55734.723464 15.46 0.094
55734.737701 15.5017 0.102
55734.751991 15.6176 0.113
55735.766447 15.5828 0.084
55735.780628 15.6054 0.084
55735.794811 15.583 0.084
55735.809102 15.494 0.083
55765.529618 14.9904 0.067
55765.538248 15.016 0.068
55765.547302 15.0302 0.068
55765.557059 15.0612 0.068
55795.481379 15.0127 0.069
55795.493307 14.9446 0.069
55795.505147 15.0046 0.071
55795.517052 15.0593 0.073
55830.430874 15.243 0.074
55830.443993 15.2883 0.075
55830.457116 15.3427 0.076
55830.470240 15.4905 0.088
55861.398088 15.3153 0.071
55861.405157 15.3281 0.072
55861.412220 15.3519 0.072
55861.419268 15.3526 0.071
56065.681239 15.4048 0.081
56065.691270 15.4711 0.075
56065.701359 15.4666 0.079
56065.711431 15.459 0.078
56097.681573 15.5727 0.276
56097.692245 15.4602 0.183
56097.702935 15.4271 0.126
56097.713670 15.2454 0.100
56129.620452 15.4199 0.075
56129.628799 15.3611 0.074
56129.637258 15.2738 0.073
56129.645987 15.1744 0.071
56154.524621 15.1387 0.069
56154.533507 15.1715 0.070
56154.542419 15.2296 0.070
56154.551497 15.1932 0.071
56184.501905 15.2077 0.070
56184.513120 15.2118 0.071
56184.524534 15.2735 0.071
56184.535904 15.2819 0.072
56390.717939 15.3369 0.079
56390.728613 15.3823 0.078
56390.739288 15.2653 0.079
56390.749965 15.368 0.075
56421.645088 15.2797 0.072
56421.654040 15.2523 0.072
56421.663156 15.2793 0.072
56421.672332 15.3107 0.072
56451.755654 15.4396 0.074
56451.768534 15.4169 0.070
56451.781478 15.3469 0.071
56451.794523 15.2216 0.070
56486.585622 15.5732 0.085
56486.594742 15.5114 0.089
56486.603704 15.4803 0.106
56486.612611 15.475 0.092
