53554.499585 11.9819 0.053
53554.505403 11.9781 0.053
53554.511219 11.9981 0.053
53554.517041 11.9727 0.053
53561.497352 12.1572 0.055
53561.502859 12.1596 0.055
53561.508443 12.1458 0.055
53561.514099 12.1641 0.055
53578.478731 12.3878 0.054
53578.484747 12.3905 0.054
53578.490758 12.4149 0.054
53578.496767 12.399 0.054
53598.388967 12.2106 0.054
53598.396751 12.1626 0.054
53598.404640 12.2121 0.054
53598.412639 12.2491 0.054
53613.393024 11.9773 0.055
53613.401183 11.9915 0.055
53613.409370 12.005 0.055
53613.417530 11.9963 0.055
53774.685254 12.129 0.054
53774.696901 12.1359 0.054
53774.708557 12.1423 0.055
53774.720239 12.1199 0.054
53804.660801 11.7266 0.052
53804.666592 11.7174 0.052
53804.673167 11.7249 0.052
53804.679347 11.7338 0.052
53819.617855 11.6291 0.050
53819.640220 11.6255 0.050
53819.662157 11.6284 0.050
53819.683735 11.6241 0.050
53831.554992 11.839 0.052
53831.564368 11.8182 0.052
53831.573873 11.815 0.052
53831.583618 11.824 0.052
53851.511376 12.1751 0.052
53851.524878 12.1731 0.052
53859.648408 12.2916 0.054
53859.658847 12.2758 0.054
53859.669317 12.2826 0.054
53859.679740 12.287 0.054
53872.562241 12.5831 0.055
53872.571680 12.5833 0.055
53872.581090 12.5812 0.054
53872.590545 12.5643 0.054
53877.590086 12.6021 0.053
53877.601046 12.6175 0.053
53885.570719 12.6127 0.053
53885.581831 12.6097 0.053
53885.592797 12.6081 0.053
53885.603765 12.5899 0.053
53900.482617 12.3602 0.054
53900.491180 12.359 0.054
53900.499757 12.3603 0.054
53900.508325 12.3561 0.054
53914.509416 11.9004 0.053
53914.517916 11.9074 0.053
53914.526473 11.9054 0.053
53914.534998 11.8986 0.053
53919.432270 11.7811 0.053
53919.440823 11.7893 0.053
53919.449344 11.7934 0.053
53919.457853 11.7765 0.053
53928.389919 11.705 0.052
53928.398601 11.7092 0.052
53928.407158 11.7262 0.053
53944.459898 11.7008 0.052
53944.474185 11.7034 0.052
53963.427921 11.591 0.052
53963.440399 11.5787 0.052
53963.452885 11.5903 0.052
53963.465368 11.5997 0.052
54107.728039 12.0246 0.055
54107.733999 11.9256 0.054
54130.727831 11.8072 0.053
54130.734035 11.803 0.053
54130.740363 11.805 0.053
54130.746699 11.8061 0.053
54155.684009 12.228 0.053
54155.695049 12.2303 0.053
54155.706303 12.2276 0.053
54155.718039 12.2168 0.053
54182.755757 12.8171 0.055
54182.765776 12.7958 0.055
54182.775744 12.8003 0.055
54190.543930 12.5843 0.056
54190.551588 12.5968 0.056
54190.559326 12.5998 0.056
54190.567064 12.6068 0.056
54201.691498 12.1327 0.053
54201.703453 12.1307 0.053
54201.715393 12.1354 0.053
54201.727348 12.1205 0.053
54207.637258 11.8628 0.053
54207.645799 11.856 0.053
54207.654458 11.8629 0.053
54207.663180 11.8402 0.053
54234.575946 11.6754 0.053
54234.584580 11.674 0.053
54234.594400 11.6625 0.053
54234.606447 11.6787 0.053
54242.583916 11.8496 0.056
54242.593856 11.6973 0.053
54242.603683 11.851 0.056
54242.613498 11.8244 0.053
54260.524191 11.7587 0.052
54260.535068 11.7428 0.052
54260.545942 11.7585 0.052
54260.556810 11.759 0.052
54267.560722 11.6852 0.053
54267.569312 11.6744 0.053
54267.577966 11.6796 0.053
54267.586632 11.6644 0.053
54285.481413 11.8342 0.052
54285.490134 11.8336 0.052
54285.498865 11.8308 0.052
54285.507607 11.8358 0.052
54301.391195 12.2324 0.053
54301.397782 12.2234 0.053
54301.404441 12.2294 0.053
54301.410991 12.2395 0.053
54322.399989 12.6942 0.054
54322.410949 12.6917 0.054
54322.421883 12.7058 0.054
54322.432864 12.7048 0.054
54355.385905 11.9637 0.053
54355.392350 11.9489 0.053
54355.399272 11.9491 0.054
54355.419775 11.942 0.054
54477.701694 12.2725 0.055
54477.710735 12.2744 0.055
54477.719634 12.2827 0.055
54477.728536 12.2926 0.055
54512.708703 11.7752 0.051
54512.723643 11.7794 0.051
54512.739608 11.7657 0.051
54512.755062 11.7752 0.051
54526.726123 11.659 0.052
54526.737390 11.6694 0.052
54526.746273 11.656 0.052
54526.755004 11.6657 0.052
54534.725937 11.6205 0.052
54534.737585 11.624 0.052
54534.747293 11.6292 0.052
54534.756023 11.618 0.052
54534.764888 11.6287 0.052
54586.645638 12.1592 0.056
54587.672375 12.1942 0.052
54587.683835 12.2009 0.052
54587.695282 12.2016 0.052
54587.706718 12.1901 0.052
54595.632832 12.1946 0.053
54595.643187 12.2018 0.053
54595.653505 12.1976 0.053
54595.663867 12.1926 0.053
54615.587446 12.4247 0.052
54615.591905 12.4318 0.052
54615.596315 12.4174 0.052
54615.600724 12.4321 0.052
54627.549466 12.3486 0.052
54627.556110 12.3436 0.052
54627.562762 12.3402 0.052
54627.569387 12.3276 0.052
54645.538466 11.8221 0.052
54645.547196 11.8082 0.052
54645.555872 11.8181 0.052
54645.564564 11.8201 0.052
54680.418525 11.7946 0.051
54680.428342 11.7683 0.052
54680.438148 11.7822 0.056
54680.459242 11.8454 0.054
54710.383276 12.1086 0.052
54710.391588 12.1081 0.052
54710.399754 12.1056 0.052
54710.407917 12.1089 0.052
54844.716697 12.1681 0.052
54844.727501 12.1746 0.052
54844.738301 12.1728 0.052
54844.749085 12.1807 0.052
54869.660426 12.3312 0.056
54869.673798 12.3314 0.056
54896.718071 12.4188 0.053
54896.724744 12.4153 0.053
54896.731410 12.405 0.053
54896.737996 12.4134 0.053
54909.638562 12.25 0.053
54909.647607 12.2515 0.053
54909.656613 12.2571 0.054
54909.665609 12.2539 0.053
54922.677377 11.9791 0.052
54922.689238 11.985 0.054
54922.701116 11.9701 0.052
54922.712946 11.9719 0.054
54939.715923 11.7019 0.051
54939.728984 11.6951 0.051
54939.741962 11.7058 0.051
54939.754942 11.6839 0.051
54954.567357 11.7718 0.052
54954.575244 11.7756 0.052
54954.582963 11.7627 0.052
54954.590635 11.7828 0.052
54975.555903 11.8913 0.053
54975.565018 12.0428 0.052
54975.574151 12.0509 0.052
54975.583249 12.071 0.053
54993.494001 12.352 0.054
54993.501555 12.3363 0.054
54993.509271 12.3363 0.054
54993.516895 12.3349 0.054
55001.533032 12.4439 0.054
55004.501709 12.438 0.054
55004.515469 12.4162 0.054
55004.529341 12.4276 0.054
55004.543215 12.4123 0.055
55031.463260 12.5265 0.055
55031.471647 12.5113 0.055
55031.480098 12.5223 0.055
55031.488506 12.5202 0.055
55057.414783 11.8824 0.052
55057.423236 11.8873 0.052
55057.431704 11.8803 0.052
55057.440169 11.8952 0.052
55220.714527 11.6392 0.053
55220.744319 11.6357 0.052
55236.755786 11.754 0.053
55263.700795 11.9083 0.052
55294.749783 12.2305 0.052
55326.596906 12.0169 0.053
55326.634007 12.0302 0.053
55355.550776 11.699 0.052
55355.582937 11.6574 0.052
55365.558731 11.6777 0.051
55365.587843 11.6566 0.051
55381.489991 11.6953 0.052
55381.526336 11.7309 0.052
55414.394626 12.1069 0.052
55414.423962 12.0939 0.052
55653.752040 11.637 0.051
55653.803482 11.622 0.051
55680.641589 11.8578 0.052
55680.667353 11.877 0.052
55706.526962 12.1373 0.052
55706.535487 12.1278 0.052
55706.544012 12.1405 0.052
55706.552556 12.1464 0.052
55731.499550 12.3865 0.053
55731.511950 12.3705 0.053
55731.524391 12.3888 0.053
55731.536895 12.3632 0.053
55763.385685 12.2226 0.055
55763.399217 12.2742 0.057
55763.412725 12.2255 0.053
55763.426260 12.2428 0.060
55799.431878 11.4424 0.051
55799.438947 11.4304 0.051
55799.446046 11.4309 0.051
55799.453119 11.4374 0.051
56004.697770 12.0183 0.052
56004.707366 12.0304 0.052
56004.717035 12.0318 0.052
56004.726618 12.0096 0.052
56019.691563 12.0552 0.052
56019.701016 12.0242 0.052
56019.710823 12.0647 0.052
56019.720360 12.018 0.052
56037.649007 12.0463 0.051
56037.661816 12.0571 0.051
56037.674667 12.0462 0.051
56037.687480 12.0675 0.051
56048.607143 12.0434 0.051
56048.619348 12.0675 0.051
56048.631665 12.066 0.051
56048.643985 12.0715 0.051
56058.636077 11.9785 0.051
56058.648794 11.9882 0.051
56058.661658 11.9969 0.051
56058.674496 11.9844 0.051
56068.561864 11.7531 0.051
56068.572419 11.7665 0.051
56068.583146 11.7658 0.051
56068.593879 11.7648 0.051
56074.568795 11.6759 0.051
56074.579366 11.6798 0.051
56074.590035 11.6835 0.051
56074.600871 11.6382 0.051
56092.545279 11.6765 0.051
56092.553643 11.6905 0.051
56092.562029 11.7012 0.051
56092.570620 11.6541 0.051
56145.419013 12.0474 0.052
56145.431075 12.0503 0.052
56145.443152 12.0173 0.052
56145.455109 12.0191 0.052
56364.556000 11.7947 0.052
56364.566103 11.8097 0.052
56364.576301 11.7854 0.052
56364.586450 11.7982 0.052
56376.641367 11.759 0.051
56376.656345 11.7702 0.051
56376.671196 11.773 0.051
56376.685994 11.7492 0.052
56393.629294 11.8614 0.051
56393.638298 11.8586 0.051
56393.647245 11.8677 0.051
56393.656220 11.8832 0.051
56404.578583 11.8984 0.051
56404.589760 11.885 0.051
56404.600514 11.8773 0.051
56404.611188 11.8546 0.051
56419.532547 11.814 0.051
56419.541601 11.8169 0.051
56419.550669 11.8073 0.051
56419.559759 11.8196 0.051
56446.519646 11.8347 0.051
56446.531068 11.8279 0.051
56446.542616 11.8426 0.051
56446.554339 11.8403 0.051
56495.450346 11.9942 0.052
56495.459360 12.0268 0.052
56495.469428 12.0241 0.052
56495.478400 12.025 0.052
