53554.550204 12.4973 0.055
53578.532260 12.0274 0.053
53578.539300 12.039 0.053
53578.546318 12.0086 0.053
53578.553337 12.0453 0.053
53600.452898 11.6521 0.053
53600.459999 11.6633 0.053
53600.466981 11.6185 0.053
53600.474062 11.6113 0.053
53633.433521 10.2911 0.051
53633.439030 10.2826 0.051
53633.444550 10.263 0.051
53633.450064 10.2843 0.051
53646.397451 10.1012 0.051
53646.402592 10.1211 0.051
53646.407738 10.1039 0.051
53646.412889 10.1062 0.051
53872.686599 12.2463 0.054
53872.695199 12.2425 0.054
53877.692318 11.9348 0.052
53877.703729 11.9227 0.052
53877.715187 11.9181 0.052
53877.726423 11.9135 0.052
53885.622906 11.7572 0.051
53892.498535 11.6836 0.052
53892.507912 11.6845 0.052
53892.516800 11.6772 0.052
53892.525438 11.6954 0.052
53900.634426 11.5589 0.052
53900.643436 11.5175 0.052
53900.652441 11.53 0.052
53900.661426 11.5408 0.052
53919.580903 11.0409 0.052
53919.592283 11.0263 0.051
53919.603700 11.0126 0.051
53919.615148 11.009 0.052
53928.503754 10.8432 0.051
53928.513162 10.8731 0.051
53928.522572 10.8413 0.051
53928.532018 10.8305 0.051
53957.431492 10.0622 0.050
53957.441038 10.0642 0.050
53957.450476 10.0343 0.050
53957.459938 10.0589 0.050
53968.440538 9.9633 0.050
54188.679775 12.7846 0.057
54188.688589 12.7236 0.057
54188.697665 12.761 0.057
54188.707206 12.7495 0.057
54236.716700 12.1505 0.062
54236.722365 12.4324 0.059
54236.728074 12.3706 0.059
54236.733770 12.1018 0.084
54246.549341 12.1076 0.054
54246.558246 12.1085 0.054
54246.566935 12.109 0.054
54246.575520 12.1113 0.054
54261.507796 11.5303 0.052
54261.519092 11.5374 0.052
54261.529942 11.5158 0.052
54261.540780 11.5338 0.052
54266.615254 11.2468 0.052
54266.624916 11.2545 0.052
54266.634374 11.2499 0.052
54266.643965 11.2388 0.052
54274.508728 10.9053 0.051
54274.517610 10.8927 0.051
54274.526474 10.893 0.051
54316.405400 10.4743 0.051
54316.411475 10.4766 0.051
54316.417573 10.4805 0.051
54316.423637 10.4724 0.051
54348.413740 10.7738 0.051
54348.421900 10.7717 0.051
54348.430062 10.7639 0.051
54348.438234 10.7504 0.051
54349.387611 10.8256 0.051
54349.395763 10.8185 0.051
54349.403912 10.8198 0.051
54349.412095 10.8134 0.051
54378.403836 11.241 0.052
54378.408235 11.2449 0.052
54378.412637 11.2329 0.052
54378.417063 11.2393 0.052
54530.652695 12.294 0.053
54530.659286 12.312 0.054
54530.665878 12.3057 0.053
54641.578513 10.2447 0.050
54641.587531 10.2588 0.050
54641.596535 10.2468 0.050
54641.605576 10.2502 0.050
54673.461495 10.6184 0.051
54673.469555 10.631 0.051
54673.477643 10.6198 0.051
54673.485723 10.6119 0.051
54910.693430 11.017 0.051
54910.702242 11.0211 0.051
54910.711237 11.0119 0.051
54910.720443 11.0048 0.051
54949.666564 10.0768 0.050
54949.682530 10.1038 0.055
54953.671492 10.0263 0.050
54953.682334 10.0329 0.050
54953.693152 10.0384 0.050
54953.704027 10.0232 0.050
54979.656382 10.149 0.050
54979.667764 10.1506 0.050
54979.679339 10.1457 0.050
54979.690838 10.1234 0.050
54998.622057 10.4681 0.050
54998.629936 10.4575 0.050
55012.393492 10.7211 0.051
55012.399049 10.7158 0.051
55012.404706 10.7269 0.051
55012.410389 10.7182 0.051
55032.511173 11.1468 0.051
55032.518259 11.1575 0.051
55032.525352 11.1552 0.051
55032.532442 11.1418 0.051
55032.539545 11.1309 0.051
55242.725450 11.1549 0.052
55275.679581 10.4213 0.051
55302.799948 10.6491 0.050
55323.665550 10.7569 0.051
55323.694354 10.7231 0.051
55355.594282 11.2206 0.051
55355.622817 11.2095 0.051
55395.484626 11.8186 0.053
55632.713721 10.3371 0.050
55632.767231 10.3415 0.053
55655.759557 10.4935 0.050
55655.802301 10.4952 0.050
55685.705300 10.8341 0.051
55685.746176 10.8089 0.051
55696.605592 11.0727 0.051
55696.620570 11.0719 0.051
55696.650654 11.0672 0.051
55714.584119 11.4436 0.051
55714.597147 11.439 0.051
55714.610000 11.4141 0.051
55714.622964 11.4358 0.051
55737.601403 11.7792 0.051
55737.607768 11.7842 0.051
55737.614254 11.7573 0.051
55737.620611 11.77 0.051
55746.525469 11.9503 0.051
55746.538595 11.9559 0.052
55746.551851 11.9349 0.052
55746.565180 11.9723 0.053
55775.491886 12.2157 0.052
55775.501886 12.2515 0.052
55775.511901 12.2317 0.053
55775.521964 12.2185 0.053
55806.419034 12.2319 0.052
55806.427839 12.2507 0.052
55806.436695 12.2137 0.052
55806.445586 12.2246 0.052
56030.750495 11.3351 0.051
56030.762297 11.3155 0.051
56030.774143 11.346 0.051
56030.786105 11.3394 0.051
56075.573779 12.0925 0.052
56075.584785 12.0369 0.052
56075.595514 12.0468 0.052
56075.606193 12.0471 0.052
56088.537695 12.1989 0.052
56088.547926 12.18 0.052
56088.558204 12.1796 0.052
56088.568428 12.1825 0.052
56097.526203 12.2319 0.053
56097.538851 12.201 0.053
56097.551597 12.1789 0.054
56097.564295 12.2104 0.055
56106.385649 12.342 0.053
56106.398013 12.4088 0.053
56106.408974 12.3486 0.053
56106.419968 12.377 0.053
56126.468933 12.3708 0.052
56126.476004 12.3903 0.052
56126.483105 12.3718 0.052
56126.490183 12.3458 0.052
56166.452347 12.1333 0.052
56166.462877 12.1415 0.052
56166.473484 12.1223 0.052
56166.484249 12.0969 0.052
56366.733490 11.4723 0.052
56366.743382 11.5187 0.052
56366.753096 11.4677 0.052
56366.762855 11.497 0.052
56400.676265 11.9474 0.051
56400.685052 11.967 0.051
56400.693642 11.9337 0.051
56400.702373 11.9514 0.051
56406.703195 12.089 0.051
56406.716861 12.0777 0.051
56406.729732 12.1098 0.051
56406.742536 12.0918 0.051
56423.665947 12.2942 0.051
56423.680114 12.3292 0.051
56423.694309 12.3063 0.051
56423.708517 12.3083 0.051
56445.603907 12.501 0.052
56445.614195 12.495 0.052
56445.624177 12.4865 0.052
56445.634056 12.4912 0.052
56475.527756 12.1327 0.052
56475.540473 12.0852 0.052
56475.553251 12.0445 0.051
56475.566030 12.0287 0.051
