53587.436333 12.9648 0.056
53587.442498 12.935 0.056
53587.448666 12.8867 0.056
53587.455004 12.9258 0.056
53729.716272 12.8787 0.057
53729.721398 12.8569 0.057
53729.726533 12.9029 0.057
53729.731673 12.9924 0.058
53554.399040 13.2993 0.059
53554.406938 13.3081 0.059
53554.414449 13.3088 0.059
53554.422045 13.3166 0.059
53569.453648 13.209 0.059
53569.460883 13.1345 0.059
53569.467842 13.1564 0.059
53569.475240 13.0947 0.059
53832.625269 12.9831 0.056
53832.634843 12.9966 0.056
53832.644434 12.999 0.056
53832.654171 13.0858 0.056
53850.602749 13.199 0.054
53850.619870 13.2455 0.054
53850.637009 13.2429 0.054
53850.654191 13.2774 0.054
53964.374541 12.8942 0.055
53964.382712 12.928 0.056
53964.390857 12.9217 0.056
53964.399035 12.9052 0.056
54086.730151 13.0983 0.060
54086.733429 13.0355 0.059
54086.736753 13.0264 0.059
54086.740058 13.0432 0.059
53761.712015 13.13 0.059
53761.722140 13.1444 0.060
53761.732339 13.185 0.059
53761.741835 13.24 0.060
53764.743807 13.285 0.057
53764.757550 13.2673 0.057
53935.414578 12.9004 0.055
53935.425490 12.8851 0.055
53935.436407 12.8743 0.055
53935.447330 12.8975 0.055
53936.384467 12.9125 0.055
53936.395345 12.9025 0.055
53936.406186 12.8715 0.055
53936.417045 12.877 0.055
53900.409218 13.2277 0.058
53900.418619 13.2559 0.058
53900.428059 13.283 0.058
53900.437483 13.2821 0.058
53806.615572 13.0544 0.056
53806.625126 13.0813 0.056
53806.634634 13.1164 0.057
53806.644159 13.166 0.057
53820.737633 13.265 0.058
53820.742794 13.2895 0.058
53820.748009 13.2408 0.058
53820.753329 13.2497 0.060
53859.606393 12.8971 0.056
53859.615437 12.9235 0.056
53859.624481 12.9387 0.056
53859.633535 12.946 0.056
53872.514999 13.1845 0.057
53872.524186 13.1034 0.057
53872.533363 13.0227 0.056
53872.542596 12.9246 0.056
53878.543813 13.0259 0.055
53878.554656 13.062 0.055
53878.565559 13.1104 0.055
53878.576477 13.1491 0.055
54195.661640 13.1652 0.059
54195.671016 13.1271 0.059
54195.680418 13.1905 0.059
54195.689837 13.2437 0.060
54209.648515 13.1629 0.059
54209.655012 13.1677 0.059
54209.661467 13.2032 0.059
54209.667967 13.2073 0.060
54324.381891 12.8625 0.055
54324.391367 12.8954 0.056
54324.401029 12.8829 0.056
54324.410511 12.9144 0.056
54448.720244 12.9816 0.058
54448.725738 12.9334 0.058
54448.731234 12.8169 0.058
54448.736725 13.3881 0.090
54154.645796 13.2309 0.057
54154.657114 13.2497 0.057
54154.668524 13.2432 0.057
54154.680208 13.2619 0.057
54125.693783 13.2568 0.057
54125.707163 13.2669 0.057
54125.721081 13.2662 0.057
54125.735061 13.2482 0.056
54298.390813 12.8375 0.055
54298.399623 12.8393 0.055
54298.408372 12.8582 0.055
54298.417139 12.8565 0.055
54273.428552 13.0988 0.058
54273.436245 13.1319 0.058
54273.443913 13.1561 0.058
54273.451621 13.1845 0.058
54168.673951 13.2339 0.059
54182.613199 13.1008 0.056
54182.628295 13.1326 0.056
54182.643432 13.2059 0.057
54182.658185 13.1992 0.057
54189.614212 12.832 0.057
54189.622787 12.8276 0.057
54189.631389 12.9071 0.057
54189.639992 12.8438 0.057
54227.469232 12.9076 0.055
54227.481190 12.9373 0.056
54227.492753 12.9748 0.056
54227.523601 13.0604 0.056
54240.638977 13.2082 0.057
54240.652039 13.221 0.057
54240.665177 13.2306 0.057
54240.678272 13.2706 0.058
54681.365569 13.2198 0.057
54681.377118 13.2387 0.057
54681.386103 13.2381 0.057
54681.395117 13.2575 0.057
54505.704031 12.8531 0.056
54505.716317 12.8799 0.057
54505.728606 12.85 0.056
54505.740570 12.8265 0.056
54487.694365 13.2595 0.057
54487.705756 13.2609 0.057
54487.717420 13.2495 0.057
54487.729299 13.23 0.057
54645.445400 12.9013 0.055
54645.454305 12.9334 0.056
54645.462943 12.9539 0.056
54645.471504 12.9786 0.056
54526.651351 13.0383 0.057
54526.661043 13.0737 0.057
54526.670627 13.0672 0.057
54526.679985 13.1136 0.058
54533.693470 12.9081 0.057
54533.703862 12.9217 0.057
54533.714256 12.9211 0.057
54533.724697 12.8927 0.057
54589.604972 13.2367 0.054
54589.611581 13.2156 0.054
54589.618152 13.2254 0.054
54589.624734 13.1935 0.054
54597.561459 12.8488 0.054
54597.573340 12.9161 0.054
54597.585207 12.8989 0.054
54597.597072 12.9092 0.054
54614.563468 13.0435 0.054
54614.575750 13.0593 0.054
54614.587385 13.1232 0.055
54614.598986 13.1314 0.055
54939.629066 12.828 0.054
54939.640420 12.8552 0.054
54939.651689 12.855 0.054
54939.663204 12.8977 0.054
54949.517803 13.1481 0.061
54949.530078 13.2186 0.065
54949.539868 13.2238 0.064
54949.549690 13.2157 0.057
55057.369882 13.0984 0.055
55057.374094 13.057 0.055
55057.378307 13.0202 0.055
55057.382617 12.9833 0.055
55185.697519 12.8239 0.063
55185.708111 12.9533 0.057
54867.688979 12.8834 0.054
54867.700782 12.8686 0.054
54867.713586 12.8592 0.054
54867.726354 12.8729 0.054
54884.738691 13.1074 0.056
54884.748299 13.1299 0.056
54884.757995 13.1555 0.056
54884.767657 13.1861 0.056
54844.664502 12.953 0.054
54844.675227 12.97 0.054
54844.686054 13.0119 0.054
54844.696863 13.0488 0.055
55031.430235 12.8577 0.056
55031.437829 12.8663 0.056
55031.445414 12.8935 0.056
55031.453018 12.94 0.057
55000.469507 12.8669 0.053
55000.481291 12.853 0.053
55000.493128 12.8394 0.053
55000.504877 12.8512 0.053
54895.733352 12.9346 0.054
54895.741464 12.9468 0.054
54895.749563 12.9517 0.054
54895.757815 12.9762 0.054
54908.635648 13.076 0.057
54908.645068 12.9831 0.056
54908.654495 12.9215 0.056
54908.664008 12.8938 0.056
54919.638558 13.2213 0.057
54919.647145 13.2136 0.057
54919.655588 13.2186 0.057
54919.664062 13.2027 0.057
54968.585690 12.8614 0.054
54968.592173 12.8646 0.053
54968.598657 12.8592 0.053
54968.605172 12.8686 0.054
55294.665615 12.933 0.057
55303.602153 13.253 0.055
55248.626676 13.25 0.059
55217.672535 13.1435 0.058
55217.702889 13.2511 0.058
55393.440347 13.3144 0.055
55397.425811 13.2842 0.055
55360.518680 13.1095 0.055
55360.540015 13.142 0.056
55264.590220 13.3107 0.057
55326.507877 13.0581 0.057
55326.536524 12.8951 0.057
55338.511093 13.2902 0.057
55338.546426 13.0806 0.056
55653.669981 12.8986 0.053
55653.731749 13.0369 0.054
55664.540699 13.2623 0.056
55664.555668 13.3013 0.056
55664.570564 13.3173 0.056
55664.585553 13.317 0.056
55674.511389 12.9137 0.054
55674.562553 13.041 0.054
55615.757138 13.292 0.056
55615.782230 13.2927 0.056
55592.728978 13.1663 0.054
55592.761098 12.8855 0.053
55706.414757 12.9338 0.055
55706.425664 12.9312 0.055
55706.436468 12.9762 0.055
55706.447353 13.0109 0.055
54168.721415 13.2003 0.059
54168.732591 13.1628 0.059
54168.743742 13.0586 0.058
54168.754941 12.9781 0.058
55739.458302 13.3123 0.055
55739.466792 13.3162 0.055
55739.475339 13.3161 0.055
55739.483873 13.3135 0.055
55770.400446 13.2643 0.055
55770.406318 13.292 0.055
55770.412203 13.2915 0.055
55770.418130 13.2427 0.055
55961.748852 13.3144 0.055
55961.758365 13.3208 0.055
55961.767869 13.3063 0.055
55961.777375 13.3191 0.055
56008.715083 12.9166 0.054
56008.726122 12.9195 0.054
56008.737309 12.9381 0.054
56008.748421 12.8903 0.054
56019.606161 13.1374 0.055
56019.615504 13.1493 0.055
56019.625019 13.2089 0.055
56019.634430 13.2142 0.055
56036.577923 13.263 0.054
56036.591978 13.3024 0.054
56036.606139 13.2814 0.054
56036.620350 13.3165 0.054
56046.530473 12.9396 0.054
56046.540072 12.9545 0.054
56046.549763 12.9632 0.054
56046.559470 12.9722 0.054
56075.516228 12.9499 0.055
56075.525652 12.9631 0.055
56075.536423 12.9976 0.055
56075.545997 13.0178 0.055
56104.445178 12.8916 0.053
56104.456387 12.8704 0.053
56104.475314 12.7443 0.057
56104.486636 12.9607 0.056
56109.476844 13.2663 0.053
56109.492837 13.2967 0.053
56109.509009 13.3089 0.053
56109.525142 13.3176 0.054
56152.403111 13.1542 0.053
56152.409468 13.1608 0.054
56152.415849 13.1679 0.054
56152.422224 13.1974 0.054
56293.671094 13.1839 0.055
56293.679503 13.1862 0.055
56293.687842 13.2081 0.055
56293.696341 13.2397 0.055
56358.682451 12.9428 0.054
56358.695105 12.9925 0.054
56358.708034 13.0262 0.054
56358.721398 13.0297 0.054
56375.643100 12.9899 0.054
56375.655079 13.0456 0.054
56375.667010 13.0635 0.054
56375.678981 13.1159 0.054
56387.472809 13.2925 0.055
56387.483495 13.2993 0.055
56387.494275 13.2703 0.056
56387.505202 13.2412 0.055
56399.595423 12.9632 0.053
56399.608105 12.9295 0.053
56399.620810 12.9558 0.053
56399.633539 12.8876 0.053
56412.558732 13.2463 0.055
56412.569524 13.237 0.055
56412.580298 13.1987 0.055
56412.591114 13.1313 0.054
56422.576030 13.2311 0.055
56422.585056 13.2492 0.055
56422.594109 13.2602 0.055
56422.603109 13.2686 0.055
56451.541690 13.2364 0.054
56451.552327 13.285 0.054
56451.563075 13.2703 0.054
56451.573731 13.2863 0.054
56485.431913 13.2758 0.055
56485.443028 13.2684 0.055
56485.453949 13.2783 0.055
56485.465004 13.2772 0.059
