53556.577765 13.9731 0.067
53556.585685 13.9631 0.066
53556.593504 13.9623 0.066
53556.601298 13.9694 0.066
53580.599776 13.8062 0.062
53580.610670 13.8254 0.062
53580.621584 13.8117 0.062
53580.632473 13.799 0.062
53593.370619 14.0519 0.060
53593.384268 14.0766 0.060
53593.397977 14.0516 0.060
53593.411391 14.0357 0.060
53606.433324 14.3854 0.061
53606.453477 14.4008 0.061
53606.473549 14.3952 0.061
53606.492826 14.3903 0.061
53614.427450 14.6632 0.069
53614.440583 14.6782 0.069
53614.453592 14.6343 0.068
53614.466240 14.6122 0.068
53636.431362 15.0171 0.072
53636.444004 14.8876 0.074
53636.456615 14.8186 0.073
53636.469264 14.8108 0.073
53664.424639 14.4728 0.072
53664.432812 14.5154 0.072
53664.440979 14.4402 0.071
53664.449190 14.4573 0.072
53692.431701 13.9006 0.070
53692.438307 13.9228 0.070
53692.444898 13.8905 0.070
53692.451515 13.8889 0.070
53692.458235 13.9154 0.071
53806.749791 14.0946 0.066
53806.757866 14.0542 0.073
53806.765854 14.1403 0.083
53821.734976 13.7825 0.062
53821.738932 13.8124 0.063
53821.742901 13.7873 0.062
53821.746893 13.7913 0.062
53850.684564 14.1794 0.057
53850.696248 14.1777 0.057
53850.707906 14.1881 0.057
53850.719595 14.196 0.057
53881.663233 14.9053 0.077
53881.674936 14.9344 0.078
53881.687417 14.92 0.088
53881.699921 14.8095 0.092
53922.489627 14.5856 0.068
53936.477532 14.2575 0.064
53936.488412 14.2281 0.064
53936.499331 14.2446 0.064
53936.510452 14.2461 0.064
53945.500604 14.1921 0.064
53945.511217 14.1966 0.064
53945.522199 14.204 0.064
53945.532801 14.1927 0.064
53959.490727 14.028 0.060
53959.500769 14.0313 0.060
53959.510750 14.0123 0.060
53959.520842 14.0116 0.059
53973.485731 14.3106 0.070
53973.495639 14.3172 0.070
53973.505572 14.2856 0.070
53973.515462 14.3079 0.070
53989.446709 14.7668 0.148
53990.478657 14.7331 0.076
53990.487176 14.7707 0.077
53990.495679 14.7561 0.077
53990.504169 14.7011 0.076
53994.423418 14.7364 0.077
53994.431927 14.8224 0.079
53994.440471 14.7657 0.078
53994.449020 14.8577 0.082
54005.449689 14.7462 0.077
54005.458738 14.7753 0.078
54005.467541 14.7529 0.077
54005.476313 14.7222 0.077
54018.463421 14.7262 0.078
54018.473134 14.7447 0.078
54018.482849 14.725 0.078
54018.492578 14.6974 0.078
54029.400447 14.7301 0.069
54029.410268 14.7277 0.069
54029.420079 14.7466 0.070
54029.440962 14.7522 0.077
54029.448706 14.7788 0.077
54029.456449 14.7449 0.077
54029.464187 14.7167 0.077
54169.758422 14.9773 0.086
54169.765602 14.8857 0.083
54169.772815 15.0045 0.086
54169.780013 14.9489 0.085
54199.707704 14.185 0.063
54199.721052 14.3167 0.064
54199.734316 14.1638 0.062
54199.747623 14.1607 0.062
54206.689195 14.0744 0.070
54206.698216 14.0654 0.069
54206.707223 14.0865 0.069
54206.716186 14.0804 0.069
54236.643277 13.9667 0.072
54236.650162 14.0753 0.070
54236.657071 14.0596 0.070
54236.663948 14.0352 0.070
54260.572492 14.3517 0.069
54260.581290 14.3492 0.069
54260.590160 14.3294 0.068
54260.599124 14.3388 0.068
54274.664036 14.58 0.074
54274.673974 14.579 0.074
54274.683842 14.5652 0.074
54274.693774 14.5192 0.074
54291.570258 14.9131 0.081
54291.579444 14.9359 0.082
54291.588645 14.9609 0.084
54291.598218 14.9672 0.085
54316.499510 14.5215 0.083
54316.508018 14.6168 0.095
54316.517010 14.5303 0.090
54316.524083 14.6212 0.086
54333.540574 13.8671 0.061
54333.551535 13.88 0.061
54333.562423 13.8594 0.061
54333.573295 13.8685 0.062
54344.525192 13.896 0.061
54344.533860 13.9043 0.061
54344.542534 13.8969 0.061
54344.551178 13.9065 0.061
54356.417209 13.9699 0.062
54356.427276 14.0205 0.063
54356.437304 13.9943 0.063
54356.447189 13.9724 0.062
54362.410143 14.0827 0.068
54362.418415 14.129 0.069
54362.426675 14.0571 0.068
54362.434885 14.0301 0.068
54377.431228 14.2484 0.070
54377.440635 14.243 0.070
54377.450102 14.2174 0.070
54377.459525 14.2303 0.070
54388.492122 14.3116 0.071
54388.498951 14.3483 0.072
54388.505791 14.3113 0.072
54388.512622 14.3066 0.072
54535.765149 14.5692 0.076
54535.769649 14.5762 0.077
54535.774203 14.5636 0.076
54535.778709 14.5604 0.076
54589.715955 14.0303 0.060
54589.730102 14.0249 0.060
54589.744575 14.0261 0.060
54589.759656 14.0388 0.060
54599.654977 13.9858 0.058
54599.668250 13.9937 0.058
54599.681518 13.9579 0.057
54599.694782 13.9603 0.057
54614.757469 13.9553 0.059
54614.770601 13.9344 0.059
54614.783697 13.9757 0.059
54614.796850 13.9732 0.059
54622.665018 14.0752 0.060
54622.680925 14.0468 0.060
54622.696896 14.0884 0.062
54622.712394 14.1106 0.063
54644.678318 14.5148 0.064
54644.689860 14.5073 0.064
54644.701506 14.4859 0.064
54644.713070 14.5297 0.064
54677.569880 14.5421 0.065
54677.578132 14.5584 0.065
54677.586476 14.5099 0.064
54677.594678 14.5386 0.065
54704.437524 14.3716 0.063
54704.445326 14.3827 0.063
54704.453210 14.3851 0.063
54704.461078 14.4089 0.063
54729.408542 14.0776 0.066
54729.416239 14.0688 0.066
54729.423879 14.0544 0.065
54729.431451 14.05 0.065
54740.406644 13.8879 0.062
54740.420169 13.8348 0.061
54740.431952 13.8938 0.063
54740.443655 13.8391 0.059
54757.395364 13.9497 0.065
54757.404280 13.9617 0.065
54757.413200 13.9545 0.065
54757.422145 13.9682 0.065
54792.441919 14.5094 0.075
54792.446070 14.4822 0.074
54792.450236 14.4849 0.075
54792.454401 14.4693 0.075
54925.749812 14.5687 0.063
54925.759617 14.509 0.064
54925.769472 14.5871 0.064
54925.779293 14.5702 0.063
54954.611045 14.3463 0.065
54954.621471 14.3331 0.064
54954.631999 14.2402 0.063
54954.642552 14.2798 0.063
54986.560196 13.9696 0.062
54986.567707 13.9617 0.062
54986.575347 13.9574 0.062
54986.582867 13.9731 0.065
55035.626308 14.4553 0.071
55035.633381 14.5171 0.073
55035.640458 14.4671 0.072
55035.647542 14.494 0.072
55057.473086 14.5896 0.066
55057.481449 14.6061 0.066
55057.489722 14.5861 0.066
55057.497907 14.5709 0.066
55083.489860 14.3059 0.058
55083.506585 14.3132 0.058
55083.523340 14.3099 0.058
55083.540098 14.3327 0.058
55115.414869 13.8627 0.061
55115.420667 13.9061 0.063
55115.426487 14.1748 0.098
55115.432316 13.8507 0.068
55127.428103 13.8974 0.064
55127.435130 13.9188 0.064
55127.442186 13.8943 0.063
55127.449328 13.9234 0.064
55275.755067 14.246 0.065
55330.613668 14.4089 0.066
55330.652999 14.3955 0.066
55362.598508 13.8045 0.073
55362.633253 13.8859 0.058
55381.620721 14.1069 0.060
55381.651248 14.051 0.060
55397.487517 14.3143 0.063
55397.526021 14.3024 0.064
55414.499975 14.0719 0.059
55421.566670 13.9087 0.056
55421.596148 13.9149 0.056
55445.484146 14.179 0.063
55445.505932 14.1676 0.063
55487.434500 13.9763 0.061
55487.464575 13.9373 0.061
55663.682759 14.1055 0.063
55663.716179 14.0841 0.062
55684.621240 14.1639 0.061
55684.638282 14.1288 0.061
55709.582370 13.8364 0.058
55734.702666 13.8412 0.062
55734.717112 13.8294 0.064
55734.731310 13.8021 0.067
55734.745572 13.8298 0.070
55735.760055 13.8173 0.061
55735.774283 13.8312 0.061
55735.788439 13.7605 0.061
55735.802720 13.7973 0.061
55765.523959 14.3561 0.062
55765.532465 14.4367 0.062
55765.541274 14.3978 0.062
55765.550646 14.343 0.062
55795.477854 14.3173 0.063
55795.489707 14.3436 0.063
55795.501609 14.2941 0.063
55795.513483 14.2995 0.063
55830.421457 14.0073 0.061
55830.434476 13.998 0.061
55830.447633 13.9871 0.061
55830.460769 14.0109 0.063
56059.760653 14.5503 0.059
56059.775696 14.5595 0.059
56059.790771 14.5879 0.060
56059.805870 14.5534 0.059
56108.476192 13.7634 0.057
56108.482527 13.7855 0.058
56108.490003 13.7283 0.058
56108.501204 13.7726 0.058
56150.518629 14.106 0.060
56150.527299 14.0982 0.060
56150.535756 14.0476 0.060
56150.544130 14.0841 0.060
56182.501577 14.5161 0.064
56182.512801 14.4885 0.064
56182.524066 14.5232 0.064
56182.535399 14.5308 0.064
56213.430397 14.2766 0.060
56213.441003 14.3271 0.060
56213.451641 14.2973 0.060
56213.462232 14.2819 0.060
56383.770708 14.0691 0.060
56383.778471 14.1086 0.060
56383.786267 14.0882 0.060
56383.794018 14.1025 0.060
56415.764627 14.5914 0.068
56415.774027 14.5495 0.065
56415.782181 14.6185 0.071
56415.789937 14.614 0.073
56451.706912 14.6068 0.062
56451.719112 14.6094 0.062
56451.731309 14.5331 0.062
56451.743442 14.589 0.062
56486.580780 13.93 0.063
56486.589583 13.9206 0.062
56486.598769 13.8782 0.066
56486.607749 13.83 0.063
