53588.436413 12.1069 0.052
53588.444509 12.1604 0.052
53588.452543 12.0828 0.052
53588.460500 12.083 0.052
53605.410825 12.1176 0.053
53605.417476 12.095 0.053
53605.424164 12.1676 0.053
53605.430830 12.1173 0.053
53613.426554 12.0854 0.055
53613.435132 12.1014 0.055
53613.443736 12.0861 0.055
53613.452315 12.0865 0.057
53556.546131 12.0751 0.054
53556.552992 12.0648 0.054
53556.559784 12.0992 0.054
53556.566640 12.0674 0.054
53576.509631 12.0998 0.053
53576.516192 12.0853 0.053
53576.522737 12.0794 0.053
53576.529295 12.075 0.053
53831.594794 12.0001 0.053
53831.602742 12.0197 0.053
53831.610627 12.0048 0.053
53831.618577 12.0106 0.053
53845.655626 12.0091 0.053
53845.665186 12.0194 0.053
53845.674718 12.0144 0.053
53845.684223 12.0111 0.053
53959.453177 12.0418 0.052
53959.461886 12.0342 0.052
53959.470573 12.1047 0.053
53959.479275 12.0829 0.053
53975.425504 11.9945 0.054
53975.434039 11.9826 0.054
53975.442550 11.9873 0.054
53975.451104 12.0026 0.054
53774.687711 12.0376 0.054
53774.699148 12.061 0.054
53774.710765 12.0851 0.054
53774.722569 12.058 0.054
53919.434006 12.0008 0.053
53919.442515 12.0222 0.053
53919.451045 12.0201 0.054
53919.459557 12.0092 0.054
53928.431452 12.0106 0.053
53928.439980 11.9951 0.053
53928.448505 11.9863 0.053
53928.457038 11.9921 0.053
53946.390536 12.0037 0.052
53946.401722 12.0402 0.052
53946.412888 12.0133 0.052
53946.424062 12.0087 0.052
53889.488200 12.0224 0.052
53889.499038 12.0446 0.052
53889.509795 12.0427 0.052
53889.520399 12.0402 0.052
53900.518739 12.3173 0.054
53900.529087 12.2819 0.054
53900.559425 12.1224 0.054
53900.570018 12.087 0.053
53914.511937 12.0083 0.053
53914.520443 12.0142 0.053
53914.529006 12.0191 0.053
53914.537535 12.0186 0.053
53804.687350 11.9826 0.053
53804.693991 11.9976 0.053
53804.700518 11.9925 0.053
53804.706169 11.9919 0.053
53820.667144 12.0327 0.053
53820.678447 12.0618 0.055
53820.689277 11.9233 0.058
53820.699319 11.9927 0.054
53859.651000 12.2752 0.054
53859.661486 12.3454 0.054
53859.671849 12.3965 0.054
53859.682328 12.4476 0.054
53873.600405 12.1845 0.053
53873.610276 12.147 0.053
53873.620156 12.0987 0.053
53873.630053 12.0043 0.053
53878.589451 12.0008 0.053
53878.599339 11.9974 0.053
53878.609213 12.0059 0.053
53878.619072 12.0125 0.053
54199.767806 12.008 0.053
54199.774477 12.0052 0.053
54199.781125 12.0102 0.053
54199.787778 12.031 0.053
54209.679729 11.9997 0.054
54209.690443 11.9907 0.054
54209.701168 11.9926 0.054
54209.711882 12.058 0.054
54323.435955 12.017 0.052
54323.446842 12.0148 0.052
54323.457836 12.0212 0.052
54323.468723 12.0421 0.052
54155.688963 12.0048 0.053
54155.700150 12.0131 0.053
54155.711570 12.0119 0.053
54155.723326 12.0125 0.053
54131.699646 12.0102 0.054
54131.709093 12.0013 0.054
54131.739541 11.9935 0.054
54131.749094 11.9891 0.054
54285.518558 12.0386 0.052
54285.526863 12.0815 0.052
54285.535056 12.1097 0.052
54285.543275 12.1796 0.053
54297.489188 12.0091 0.052
54297.499529 12.0006 0.052
54297.509859 12.0034 0.052
54297.520240 12.0175 0.052
54256.641111 11.9592 0.053
54256.654699 11.9674 0.053
54256.668317 11.9496 0.053
54256.703093 11.9849 0.053
54265.551718 12.3264 0.054
54265.561557 12.3995 0.055
54265.571440 12.444 0.056
54265.581308 12.4271 0.056
54173.662901 11.9672 0.052
54173.673096 11.9644 0.052
54173.683361 11.9581 0.052
54173.693820 11.9518 0.052
54181.721585 11.9988 0.053
54181.732749 11.9967 0.053
54181.743875 11.9744 0.053
54181.755017 11.9855 0.053
54187.596652 11.9848 0.054
54187.607824 11.9959 0.054
54187.619240 11.9961 0.054
54187.631082 12.0375 0.058
54226.705273 11.9929 0.053
54226.714139 11.9971 0.053
54226.722918 12.0105 0.053
54226.731677 12.0092 0.053
54234.626981 11.999 0.054
54234.637821 12.003 0.054
54234.648622 11.9915 0.054
54234.659373 11.9992 0.054
54344.397256 11.991 0.052
54344.407079 12 0.052
54344.416896 12.0019 0.052
54344.426706 12.0062 0.052
54691.445255 12.1534 0.052
54691.453423 12.1995 0.052
54691.461596 12.2564 0.052
54691.469772 12.3102 0.053
54491.683218 11.9757 0.053
54491.693897 11.9776 0.053
54491.704613 11.9743 0.053
54491.715375 11.9723 0.053
54677.493453 12.0167 0.051
54677.501416 12.0127 0.051
54677.509359 12.0182 0.051
54677.517305 12.014 0.051
54622.582550 11.9804 0.052
54622.593430 11.9251 0.055
54622.607813 11.9879 0.052
54622.618705 11.9766 0.052
54645.543166 12.0264 0.053
54645.551933 12.0207 0.053
54645.560610 12.0588 0.053
54645.569413 12.035 0.053
54526.734078 12.1178 0.054
54526.742964 12.0995 0.054
54526.751725 12.0521 0.053
54526.760181 12.0191 0.053
54589.669079 12.0439 0.052
54589.677799 12.0264 0.052
54589.686534 12.0573 0.052
54589.695257 12.08 0.052
54595.637095 12.0302 0.053
54595.647427 12.0295 0.053
54595.657755 12.0438 0.053
54595.668162 12.1969 0.053
54614.649726 11.9771 0.051
54614.661634 11.9639 0.051
54614.673558 11.9745 0.051
54614.686107 11.9878 0.051
54922.720878 11.9908 0.065
54923.749266 11.9965 0.052
54923.758973 12.0027 0.052
54923.768654 11.9927 0.052
54923.778465 11.9848 0.052
54943.594118 11.9784 0.051
54943.603798 11.9641 0.051
54943.613423 11.99 0.051
54943.622980 11.9837 0.051
55045.403518 11.9945 0.053
55045.411754 11.9913 0.053
55045.420013 11.9763 0.053
55045.428271 11.9753 0.053
54869.711027 11.9702 0.053
54869.717950 11.9792 0.051
54869.724027 11.9678 0.051
54869.730098 11.9719 0.051
54993.530661 11.9929 0.051
54993.542468 11.9913 0.051
54993.554300 12.0014 0.051
54993.566102 12.0134 0.051
55004.506880 11.9811 0.053
55004.520658 12.0169 0.053
55004.534526 11.9967 0.053
55004.548406 11.9956 0.053
54892.683145 12.0191 0.053
54892.690057 12.0219 0.053
54892.697069 11.9781 0.054
54892.704217 12.0781 0.053
54910.621334 12.0428 0.053
54955.596000 12.1124 0.052
54955.606882 12.1676 0.052
54955.617675 12.224 0.052
54955.628438 12.2919 0.053
54966.639602 12.0055 0.053
54966.649007 11.994 0.053
54975.597755 11.9468 0.052
54975.608150 12.2088 0.052
54975.618593 12.1964 0.052
54975.629043 12.0793 0.053
55299.783712 12.072 0.052
55414.400645 12.0696 0.052
55414.430129 12.0816 0.052
55220.721107 11.9499 0.056
55220.750938 11.9984 0.053
55381.539271 12.3376 0.053
55381.572123 12.4931 0.053
55353.513285 12.0454 0.053
55353.550553 12.065 0.054
55360.624297 12.0719 0.052
55360.649872 12.0751 0.052
55263.740308 12.465 0.053
55326.602515 12.1262 0.055
55326.639723 12.0739 0.054
55654.650007 12.0376 0.051
55654.675986 12.0564 0.051
55673.691207 11.9888 0.051
55673.733806 11.9911 0.051
55681.635746 12.0284 0.052
55681.678772 12.0482 0.052
55722.453226 12.0107 0.052
55722.467574 11.9903 0.051
55722.481795 12.0034 0.051
55722.495936 11.9939 0.052
55634.744253 12.0089 0.052
55634.788539 12.0074 0.052
55701.562624 11.9612 0.052
55701.576855 11.9713 0.051
55701.591198 11.9655 0.052
55701.605505 11.9627 0.052
54187.643934 11.9874 0.054
54187.656155 12.2236 0.061
54187.668073 12.0041 0.054
54187.679575 12.0187 0.054
55742.532424 11.9607 0.052
55742.542474 12.0799 0.052
55742.552477 12.0339 0.052
55742.562443 12.0338 0.052
55774.448144 12.1155 0.051
55774.460810 12.0704 0.051
55774.473616 12.0314 0.051
55774.486382 12.036 0.051
55978.730685 11.8759 0.060
55978.743568 12.04 0.052
55978.756183 12.0081 0.052
55978.769193 12.0521 0.052
56046.686115 12.0375 0.051
56046.695315 12.0215 0.051
56046.704559 12.0431 0.051
56046.713845 12.0429 0.051
56066.554419 12.0271 0.051
56066.566412 12.0413 0.051
56066.578486 12.0199 0.051
56066.590669 12.0269 0.051
56076.535225 12.019 0.052
56076.543544 12.0185 0.052
56076.552069 12.0112 0.052
56076.560429 12.0293 0.052
56092.589336 12.0529 0.052
56092.598063 12.0558 0.052
56092.606731 12.0615 0.052
56092.615368 12.0339 0.053
56115.433743 12.0388 0.051
56115.448887 12.0526 0.051
56115.464142 12.0383 0.051
56115.479396 12.0861 0.051
56148.424651 12.0313 0.051
56148.434792 12.04 0.051
56148.444762 12.0201 0.051
56148.454721 12.0342 0.051
56181.398951 12.1114 0.052
56181.406123 12.0357 0.052
56181.413220 12.1178 0.052
56181.420574 12.0218 0.052
56366.630154 12.3495 0.054
56366.638305 12.3743 0.054
56366.646637 12.3588 0.054
56366.654915 12.3245 0.053
56367.607982 11.9868 0.051
56367.619980 12.0018 0.051
56367.631926 11.987 0.051
56367.644049 11.9889 0.051
56393.632863 12.2747 0.052
56393.641867 12.2305 0.052
56393.650821 12.1654 0.052
56393.659776 12.1382 0.052
56405.579805 11.9674 0.051
56405.590683 11.9818 0.051
56405.601538 11.9669 0.051
56405.612413 11.9643 0.051
56426.627154 12.0531 0.051
56426.637931 12.0931 0.051
56426.648692 12.1307 0.051
56426.659361 12.2023 0.051
56446.569720 12.019 0.051
56446.581207 12.0262 0.051
56446.592613 12.0195 0.051
56446.604018 12.0338 0.051
56495.491433 11.9545 0.052
56495.500501 11.9595 0.052
56495.509390 11.9517 0.052
56495.518257 11.9496 0.052
