53592.4887037037 15.552094 0.0973504845263419
53592.4997961225 15.566497 0.0974378608798397
53592.5112045022 15.544031 0.096236928557161
53592.5225104631 15.556428 0.0963221529225979
53610.6485354399 15.555685 0.0976204213829874
53610.657160463 15.572243 0.0981538843884722
53610.6659079745 15.54348 0.0970758414656661
53610.6746368517 15.547029 0.0973664273707774
53731.461083241 15.609344 0.0967412284183898
53731.4644642707 15.60045 0.0967812642042261
53731.4678500464 15.574848 0.0962839344684752
53731.4712331599 15.63251 0.0982174109458054
53578.7921947572 15.515432 0.0830490543380306
53578.798790602 15.547811 0.083759994468423
53578.8055618056 15.597774 0.0849205702346808
53578.8122034953 15.509701 0.0830239025883615
53690.4629162845 15.587173 0.0916960782212054
53690.4714480789 15.632527 0.0930727671800929
53690.4799774421 15.632579 0.0929980830535802
53690.4884979051 15.623895 0.0927104642108628
53664.599309213 15.419437 0.0855257615914948
53664.6102039698 15.445902 0.0863718317840561
53664.6210647104 15.575392 0.0893462180045777
53664.6319174883 15.517991 0.0882052955582923
53670.4424318864 15.603811 0.0987329095397043
53670.4516825463 15.576682 0.0977787853705127
53670.4607310879 15.595106 0.098469563676198
53670.4697007986 15.551893 0.0970582833682367
53643.4694198609 15.536786 0.098469563676198
53643.47868625 15.52116 0.0979644949647435
53643.4883376506 15.620343 0.101244044977245
53643.4988001968 15.657284 0.102549013579609
53960.7547969446 15.592544 0.080143705554595
53960.7711775461 15.621409 0.080873295460645
53960.787694016 15.558819 0.0798442008434562
53960.8043259028 15.505881 0.0789758820235241
53972.6891421645 15.613466 0.0898183047607417
53972.7007974653 15.610106 0.08971120758891
53972.7124817131 15.578988 0.0889118712496454
53972.7241599305 15.60802 0.0897792236561427
54080.4306718055 15.582937 0.0837726059142201
54080.4415758103 15.582999 0.0844992922122071
54080.4524482177 15.504548 0.0835792003631318
54080.4633099767 15.541228 0.0860907792667216
53921.6603338891 15.575748 0.108847914103141
53921.6735559604 15.552047 0.115613386960135
53921.6869736342 15.528129 0.120674215677456
53921.7005280093 15.522897 0.135392649197748
53936.7800885649 15.569512 0.0810335450232092
53936.7926682178 15.568887 0.0821744811660661
53936.8053286458 15.556977 0.0866795747121848
53936.8178717131 15.537321 0.0955683118407477
53945.6680999072 15.57889 0.0795623545341963
53945.6850545951 15.591383 0.0797069984869822
53945.7019080208 15.637947 0.0807254073490436
53945.718437118 15.722206 0.0824549143034118
53887.7458989932 15.626194 0.0778256481065219
53887.7569685071 15.577897 0.0768717989644759
53887.7678883914 15.592855 0.0771976370123557
53887.7788594905 15.585058 0.0769197949013452
53908.6913515623 15.644155 0.0985470153527088
53908.7049631598 15.616442 0.0872046750932913
53908.718778206 15.633587 0.0936560214650251
53908.7330921413 15.633019 0.0957938098318468
53864.7613477313 15.576759 0.0858733884024532
53864.7711145023 15.568527 0.0855342950381717
53864.7810902313 15.594542 0.0859171049981755
53864.7909130092 15.557261 0.0849301292236107
54047.4517070369 15.589185 0.0918358867339907
54047.4619737614 15.594914 0.0921202906563909
54047.4722189467 15.578384 0.091564937219788
54047.4824710881 15.601291 0.0923043354707492
54059.4944629166 15.621293 0.083541908131885
54059.50539169 15.590203 0.0828601263147944
54059.516546852 15.602647 0.0833838870555764
54059.5274679861 15.605833 0.0837902814629801
54065.4474410877 15.691598 0.0980196707656018
54065.4540334723 15.676697 0.0974369183886628
54065.4608116203 15.601894 0.095295604954547
54065.4675448613 15.676606 0.0977118520323713
54017.5253818866 15.627139 0.0912285066029325
54017.5338912384 15.692748 0.0930712690091684
54017.5423997801 15.695129 0.0933533210215754
54017.5509289235 15.724367 0.0941461883013246
54032.4467658798 15.654471 0.0938611520119291
54032.4579206944 15.74771 0.0958267369791666
54032.4728272801 15.655067 0.103521843674099
54032.4834957408 15.590544 0.115558266920249
53990.6510044329 15.707157 0.0933419242753905
53990.6609977546 15.800937 0.0965530623168545
53990.670950683 15.827219 0.0973805056132382
53990.6810032638 15.644615 0.0921444348352425
54003.6341989118 15.545208 0.0733677853703025
54003.648015058 15.575654 0.0741198907283507
54003.661869977 15.538446 0.073534473082662
54003.6756972339 15.580635 0.0744838919341937
54325.718120683 15.6093 0.0806041567062217
54325.7319319677 15.562861 0.0796310701738905
54325.7458105092 15.583086 0.0801507840357701
54325.7596899653 15.572256 0.0803215467419792
54296.7766938655 15.581553 0.0868947550846965
54296.7937846876 15.567455 0.0882639597508392
54296.8109168171 15.541979 0.0882131821477087
54296.8280021873 15.549357 0.0888145476591999
54247.7100057869 15.697206 0.0999903233947448
54247.7201597683 15.701071 0.0998573910484452
54247.7304008912 15.695443 0.0995167194819519
54247.7405761691 15.64678 0.0977596387444335
54413.4650437847 15.566858 0.0909667638959077
54413.4735130902 15.592605 0.0916179670114178
54413.482004618 15.596598 0.0918058853931434
54413.4905210302 15.647605 0.093049581412848
54377.5498141317 15.57711 0.0913891032504342
54377.559828866 15.582422 0.0915601264202201
54377.5697948725 15.655983 0.0936135723293782
54377.5797249886 15.702413 0.0950583806615938
54391.5557913889 15.597729 0.0929251883048717
54391.5655118983 15.5873 0.0927810165828894
54391.5752373842 15.648322 0.0947583820864781
54391.5849487383 15.73286 0.0973729955174664
54348.6489086575 15.620916 0.0808175978794592
54348.662206389 15.670065 0.0820234037518572
54348.6755080554 15.776935 0.0846240983195081
54348.6888107522 15.654562 0.0821613587471627
54361.4510477432 15.575722 0.0803026407846817
54361.4609696413 15.625699 0.081199954176283
54361.4708725694 15.59207 0.0803751525051227
54361.4809809257 15.584885 0.0802260034172362
54680.7045435533 15.743619 0.078724306482485
54680.7110184492 15.735966 0.0785546007635198
54680.7174813077 15.696544 0.077897569083165
54680.7239879281 15.667344 0.0775821416758146
54706.6493210415 15.612216 0.0767151877622859
54706.6624090392 15.631853 0.0779456708390209
54706.6755072223 15.698101 0.0802753105664947
54706.6885435996 15.706136 0.0822432999165311
54649.6905499883 15.62654 0.0755200262204204
54649.7008133447 15.558018 0.0745859310493397
54649.7112898957 15.621473 0.0751576442433952
54649.7223098725 15.630462 0.0754201439699645
54598.7717973959 15.585411 0.0825698682134159
54598.7780887267 15.601236 0.0829860594642537
54598.784466169 15.605002 0.0830227067533286
54598.7908473147 15.616604 0.0831448884255599
54617.7341474768 15.60286 0.0701780067732674
54617.7481484724 15.611489 0.0701479488686096
54617.7622046874 15.627244 0.0700474633044287
54617.7766516552 15.642517 0.0700820335424359
54793.4853142244 15.583733 0.0835870852807287
54793.4933405789 15.591182 0.0938260245035489
54793.5013815048 15.616272 0.16450019610072
54793.5094244098 15.801028 0.315269144266053
54746.4532153588 15.738508 0.0858923163224988
54747.4560708795 15.660574 0.0764425317898894
54747.4634322799 15.601591 0.0754035496146387
54747.4709287384 15.604962 0.0755017574318164
54747.4783438426 15.657426 0.0762968331239366
54764.5168195139 15.658529 0.0798592923929949
54764.5255367477 15.604851 0.078909223267902
54764.5342716896 15.626423 0.0793563238931325
54764.5429756134 15.569214 0.0788856280204238
54718.4502728009 15.651786 0.0763022040498633
54718.4589705905 15.650566 0.0762658232848631
54718.4677089932 15.633517 0.0758324252957995
54718.476495903 15.633969 0.0757634421824893
54729.5887330209 15.599894 0.0863392923081719
54729.5993762502 15.572932 0.0864784400487948
54729.6100052546 15.61152 0.0874385139733136
54729.620630081 15.619262 0.0880261256576883
54734.621067361 15.648065 0.0657413992867213
54734.6303619212 15.628971 0.0656040248803702
54734.6396082291 15.634495 0.0657283906139809
54734.6488524419 15.635359 0.0657912473941972
55180.4361239583 15.587859 0.0782591293442749
55180.4440879282 15.59572 0.0782995527837137
55180.4520683219 15.60684 0.0788585938095458
55180.4600848379 15.558834 0.078177864573613
55036.6156167826 15.608597 0.0791426366863872
55036.6258132407 15.603241 0.0791055499311708
55036.6359029859 15.59006 0.0787455783933395
55036.645959618 15.606628 0.0789489418269045
55003.8039967014 15.612767 0.0885766244088561
55003.8092227082 15.64841 0.0895484773704167
55003.814378692 15.590291 0.0880802270962676
55003.8194300464 15.61341 0.0886123822371726
54965.7309149189 15.593855 0.0882075500446483
54965.7412757409 15.603919 0.0882300902671688
54965.7516735878 15.674453 0.0897328191293314
54965.7620826738 15.771189 0.0921558091959484
55145.4973945832 15.584707 0.0756313782805531
55145.505343264 15.611313 0.0761961886233803
55145.5132995951 15.560748 0.0754477844469388
55145.5212636688 15.60685 0.0763619289743279
55125.5224455091 15.598975 0.0720885320568831
55125.5347172803 15.668496 0.086933160415617
55125.5470092938 15.573141 0.0825833872522642
55125.5592976155 15.606378 0.0831211685226192
55089.6287255324 15.620823 0.0779249551081546
55089.6361040627 15.583657 0.0772991425055731
55089.6434938079 15.596733 0.0775826631532188
55089.6509056711 15.615821 0.0779739770518179
55098.5637591203 15.634513 0.0872152532049716
55098.5725499654 15.678626 0.0882255780503491
55098.5813281943 15.690285 0.0886326021901903
55098.5901095487 15.642649 0.0874122414235912
55416.7385132639 15.572602 0.0774097722300281
55416.7533006365 15.566956 0.0774247048773796
55542.4574553819 15.56492 0.0897062729251247
55542.4747017591 15.581006 0.0912217629348238
55365.7730121066 15.676485 0.0740192743788054
55365.8081149886 15.596206 0.0728281079116274
55496.4456503239 15.578543 0.0877566893663541
55496.4712862733 15.752808 0.0984794771729937
55449.6065390855 15.608376 0.0786715722809484
55449.6183306249 15.594785 0.0782879097534
55449.6302333912 15.58401 0.0780837917022761
55449.6420856942 15.579333 0.0779284494273494
54598.8265439466 15.665531 0.103854498697269
55738.6929629976 15.63554 0.0799087826232095
55738.7074970021 15.644099 0.0799689332820321
55738.721878692 15.578548 0.0786130878599255
55738.7370156134 15.550007 0.0780807954444821
55771.7136337152 15.606929 0.0750193991939971
55771.7244604053 15.581502 0.0746339174763198
55771.7352429978 15.612639 0.0751658576307102
55771.7460730323 15.603587 0.0750838046838084
55803.7068013428 15.580458 0.0759603619958452
55803.7138893521 15.585024 0.0761260639933725
55803.7209706367 15.571468 0.0759187545208042
55803.7280491549 15.604646 0.0765659586385446
55858.5688977313 15.577184 0.0709284396840661
55858.5754898961 15.57777 0.0711129421742814
55858.5820590627 15.579572 0.0711813461740199
55858.5886687154 15.566523 0.0713085513358431
56132.784941169 15.603616 0.0757841580130761
56132.7943789698 15.613909 0.0759151448100682
56132.8038410302 15.618512 0.0760520377208471
56132.8132955558 15.605953 0.0759187545208042
56164.5428196411 15.5486 0.0733066677627804
56164.5526332175 15.584193 0.0738107626460766
56164.5622588312 15.54663 0.0731897181657259
56164.5719486689 15.55746 0.0733086044080178
56181.5890198032 15.589418 0.0696368236988449
56181.5996891897 15.632688 0.070126880769949
56181.6103473612 15.615619 0.0699308479986821
56181.6210514697 15.638713 0.070158877726472
56215.5737835993 15.596307 0.0753743034897434
56215.5832949537 15.553638 0.0747946528239197
56215.5927931252 15.578445 0.0753736596424237
56215.6022749883 15.544947 0.0748743031049078
56245.4781608333 15.544605 0.0840739327971578
56245.4865825696 15.507245 0.11420177322542
56245.4950606714 15.640935 0.151528495003574
56245.5035043981 15.495968 0.107919203754995
56481.7733630324 15.584405 0.0750599978436085
56481.7841266319 15.594344 0.0731848462526268
56481.7949667475 15.616444 0.0735078456668498
56481.8058273494 15.651932 0.0740209736784819
