53594.608640 17.1575 0.155
53594.618087 17.1507 0.155
53594.627380 17.1877 0.158
53594.637004 17.1983 0.159
53606.568532 17.297 0.142
53606.582515 17.2708 0.141
53606.596481 17.2788 0.141
53606.610433 17.204 0.137
53556.604149 16.9542 0.157
53556.612291 16.9212 0.155
53556.620642 16.9002 0.153
53556.629019 16.8614 0.151
53580.662775 17.165 0.152
53580.673701 17.2744 0.160
53580.684629 17.3363 0.165
53580.695565 17.1736 0.153
53701.432012 17.2929 0.194
53701.438425 17.0127 0.171
53701.444854 17.234 0.189
53701.451272 17.081 0.177
53651.497101 16.7431 0.165
53651.506134 16.7494 0.166
53651.515162 16.7521 0.166
53651.524260 16.8065 0.172
53618.555348 17.0782 0.153
53618.567150 17.3214 0.172
53618.578991 17.1054 0.156
53618.590905 17.1227 0.156
53635.418478 17.1325 0.147
53635.431455 17.2609 0.155
53635.444217 17.2294 0.153
53635.456610 17.1695 0.149
53832.752360 17.1719 0.154
53832.760078 17.2003 0.156
53832.767786 17.1423 0.152
53832.775606 17.2147 0.156
53959.592669 17.3526 0.149
53959.603632 17.3327 0.148
53959.614608 17.3575 0.150
53959.625542 17.2123 0.141
53973.527440 17.2466 0.172
53973.538110 17.3865 0.184
53973.548822 17.1378 0.165
53973.559649 17.2204 0.171
53924.541006 17.11 0.139
53924.550878 17.0842 0.139
53924.560772 16.9725 0.133
53924.570682 17.0089 0.136
53947.552047 17.1042 0.135
53947.566432 17.2143 0.141
53947.581775 17.4852 0.158
53947.595813 17.1105 0.135
53889.645400 16.7023 0.109
53889.652000 16.6396 0.107
53889.658564 16.7115 0.110
53889.665321 16.6879 0.109
53860.770164 16.8813 0.089
53860.785392 16.8991 0.090
53860.801067 17.4886 0.108
53860.816338 16.6975 0.085
53876.622116 17.2602 0.185
53876.632041 17.4411 0.179
53876.641961 17.123 0.154
53876.651828 17.2537 0.163
54059.414784 17.0849 0.178
54059.421503 17.1056 0.178
54059.428839 17.2314 0.190
54059.435517 17.3174 0.198
54018.508114 16.8489 0.150
54018.518068 17.0499 0.164
54018.528077 17.0131 0.162
54018.538070 16.9919 0.161
53990.541902 16.9543 0.153
53990.550427 16.853 0.146
53990.558978 16.6682 0.136
53990.567532 16.6335 0.134
54005.527348 16.7834 0.143
54005.536088 16.7038 0.138
54005.545102 16.8448 0.147
54005.554003 16.8821 0.150
54207.742741 17.3634 0.202
54207.751306 17.2739 0.193
54207.759936 17.1816 0.184
54207.768473 17.1884 0.184
54316.571862 17.297 0.189
54316.578109 17.3312 0.194
54316.584213 17.3384 0.197
54316.590383 17.2799 0.194
54238.840943 17.0178 0.140
54238.846536 17.0975 0.144
54238.852032 17.0588 0.142
54238.857503 17.1644 0.149
54431.448293 17.7014 0.571
54377.476311 16.9723 0.158
54377.485254 16.9991 0.160
54377.494214 16.9011 0.154
54377.503171 16.9986 0.162
54388.556072 17.0695 0.169
54388.562689 17.2045 0.181
54388.569279 17.1171 0.175
54388.575912 17.406 0.202
54344.604248 16.6697 0.114
54344.615159 16.785 0.120
54344.626061 16.792 0.120
54344.636921 16.8 0.121
54363.395541 17.3662 0.189
54363.404774 17.3666 0.188
54363.413914 17.0539 0.163
54363.422882 17.3478 0.187
54681.654706 16.699 0.105
54681.658752 16.6489 0.103
54681.662836 16.6983 0.105
54681.666875 16.7601 0.107
54704.529436 16.6822 0.104
54704.537138 16.7191 0.105
54704.552334 16.7958 0.108
54624.615244 17.1183 0.107
54624.628495 16.9394 0.100
54624.641788 17.0765 0.105
54624.655228 17.076 0.105
54644.726803 17.3204 0.130
54644.737726 17.3632 0.132
54644.748858 17.2151 0.125
54644.759966 17.4278 0.136
54593.725835 16.8243 0.096
54593.739773 17.0078 0.101
54593.754323 16.8923 0.097
54593.769008 16.9726 0.100
54757.466205 17.216 0.166
54757.476374 17.1941 0.164
54757.486561 17.2629 0.170
54757.496703 17.1485 0.162
54728.495970 16.9643 0.145
54728.504934 17.1299 0.156
54728.513924 17.0562 0.152
54728.522903 17.1269 0.157
54739.418563 16.9782 0.123
54739.427165 17.0298 0.134
54739.435501 16.9314 0.115
54739.443684 17.0239 0.108
54929.760357 16.8993 0.180
54929.770145 16.9194 0.181
54929.780005 16.9014 0.179
54929.789860 16.9582 0.183
54944.761759 16.9819 0.119
54944.772593 16.9071 0.116
54944.783473 17.0664 0.123
54944.794323 17.0277 0.129
55044.557661 16.6955 0.101
55044.568032 16.8768 0.108
55044.578062 16.7818 0.105
55044.588125 16.8086 0.110
55060.492006 16.7607 0.109
55060.500157 16.817 0.111
55060.508426 16.8006 0.111
55060.516980 16.8957 0.114
55004.678222 16.9833 0.181
55004.694571 17.0934 0.203
55004.710725 17.5414 0.283
54954.703637 17.0737 0.150
54954.711044 17.03 0.147
54954.718454 17.1389 0.154
54954.725890 17.1288 0.152
55118.397111 17.1421 0.123
55118.403674 17.1127 0.121
55118.410134 17.2165 0.128
55118.416559 17.3038 0.131
55127.489461 17.3841 0.177
55127.498154 17.3609 0.177
55127.506895 17.2412 0.163
55127.515695 17.1975 0.159
55083.558809 17.3297 0.125
55083.568951 17.2895 0.123
55083.579088 17.2069 0.120
55083.589217 17.3433 0.126
55092.387350 16.9685 0.119
55092.393803 16.8821 0.115
55092.400289 16.9125 0.116
55092.406831 16.9143 0.116
55418.696208 17.1663 0.137
55418.714551 17.2667 0.158
55389.589638 18.0038 0.676
55394.600819 16.6662 0.110
55394.637803 16.803 0.115
55362.712366 17.1674 0.116
55362.751688 16.9226 0.106
55330.669271 17.3689 0.152
55330.708785 17.255 0.144
55506.429681 17.0094 0.130
55506.450854 16.8571 0.122
55488.399719 17.3762 0.146
55488.431490 17.3112 0.142
55446.468608 17.2004 0.137
55446.501402 17.231 0.139
55664.713564 16.8989 0.123
55664.721820 17.0345 0.131
55664.730432 16.9367 0.126
55664.738810 17.1062 0.134
55696.726774 17.3805 0.145
55696.739316 17.0599 0.127
55696.765230 17.3151 0.138
55743.574194 17.0831 0.117
55743.582746 17.201 0.123
55743.591288 17.0112 0.115
55743.600043 16.9924 0.114
55770.516763 16.6969 0.094
55770.529573 16.8295 0.097
55770.542450 16.8213 0.097
55770.555813 16.9695 0.102
55796.561596 17.2271 0.127
55796.573456 17.2604 0.129
55796.585448 17.2977 0.131
55796.597491 17.286 0.131
55830.483168 17.2947 0.121
55830.497228 17.3855 0.125
55830.511400 17.3903 0.126
55830.525585 17.4874 0.131
56019.731567 17.0729 0.111
56019.742138 17.0111 0.109
56019.752630 17.0606 0.110
56019.763215 17.2559 0.118
56065.723370 17.285 0.121
56065.734824 17.2309 0.125
56065.747978 17.2095 0.115
56065.760309 17.1355 0.146
56097.737266 16.9927 0.135
56097.747977 17.0337 0.127
56097.758704 17.0145 0.117
56097.769426 17.0372 0.111
56129.661385 17.1458 0.110
56129.672806 17.3258 0.118
56129.684271 17.3296 0.118
56129.695954 17.3681 0.120
56154.564561 17.3241 0.126
56154.574764 17.0857 0.115
56154.584217 17.2052 0.120
56154.593642 17.2985 0.125
56183.536368 17.416 0.116
56183.547105 17.3334 0.113
56183.557719 17.2277 0.109
56183.568351 17.0897 0.104
56390.725647 16.8719 0.152
56390.736314 17.191 0.130
56390.746992 17.2624 0.185
56390.757752 17.2486 0.129
56421.651571 17.3434 0.131
56421.660808 17.2468 0.125
56421.669801 17.1488 0.121
56421.678886 17.2996 0.128
56464.691135 17.0493 0.105
56464.706081 17.2013 0.110
56464.720568 17.3279 0.115
56464.735004 17.7975 0.140
56464.766498 17.1004 0.107
56478.688874 17.1769 0.119
56478.698442 17.2735 0.122
56478.708043 17.0916 0.115
56478.717613 17.2224 0.121
