53723.659787 16.3365 0.124
53723.671830 16.3678 0.126
53723.683872 16.4406 0.129
53723.696814 16.3955 0.127
53704.674574 16.5865 0.161
53704.681461 16.6703 0.188
53704.688347 16.3331 0.135
53704.695248 16.4199 0.139
53848.480353 16.2457 0.085
53848.496346 16.3546 0.088
53848.512295 16.4539 0.091
53848.528225 16.8222 0.102
54081.724941 16.4726 0.114
54081.729356 16.4696 0.114
54081.733923 16.6877 0.124
53773.560519 16.275 0.124
53773.570399 16.3042 0.125
53773.580921 16.51 0.136
53773.590621 16.5498 0.139
53738.620754 16.6452 0.147
53738.627651 16.4887 0.144
53738.634558 16.405 0.141
53738.641483 16.2796 0.155
53756.675151 16.503 0.103
53756.691094 16.3463 0.097
53756.706923 16.3407 0.097
53756.722898 16.2599 0.095
53921.352677 16.5917 0.114
53921.359228 16.5957 0.114
53921.365760 16.6643 0.117
53921.372299 16.5062 0.111
53890.373438 16.4055 0.101
53890.383711 16.306 0.097
53890.393933 16.2096 0.095
53890.404152 16.2359 0.096
53813.517609 16.6378 0.106
53813.531896 16.3726 0.097
53813.546138 16.2763 0.094
53813.560361 16.1211 0.090
53825.473710 16.622 0.106
53825.483235 16.524 0.102
53825.492683 16.5232 0.102
53825.502859 16.5131 0.103
53859.461987 16.4953 0.119
53859.472247 16.6773 0.128
53859.482514 16.5946 0.124
53859.492806 16.6577 0.128
53877.393664 16.6006 0.123
53877.404057 16.7061 0.128
53877.414524 16.575 0.123
53877.424835 16.5133 0.119
54062.697689 16.3634 0.115
54062.707454 16.3794 0.116
54038.726341 16.4761 0.145
54038.734838 16.2629 0.131
54038.743340 16.2692 0.130
54038.751833 16.3649 0.139
54197.459388 16.3235 0.128
54197.468765 16.3152 0.128
54197.478140 16.059 0.116
54197.487491 16.2025 0.123
54212.413413 16.4213 0.111
54212.424064 16.4342 0.112
54212.434561 16.5525 0.117
54212.445143 16.4833 0.114
54139.664900 16.7219 0.126
54113.676684 16.756 0.177
54113.681911 16.8528 0.182
54113.687097 16.5096 0.154
54113.692281 16.5398 0.155
54125.637035 16.5148 0.112
54125.651710 16.509 0.112
54131.667069 16.5169 0.138
54131.675623 16.2312 0.123
54298.354837 16.2102 0.101
54298.361410 16.2161 0.102
54298.368004 16.3052 0.105
54298.374572 16.2798 0.105
54168.537901 16.7636 0.152
54168.548101 16.7173 0.149
54168.558291 16.6511 0.145
54168.568482 16.6712 0.146
54184.399891 16.3742 0.110
54184.404965 16.2468 0.112
54184.409975 16.2837 0.109
54184.415156 16.6539 0.122
54185.596919 16.5561 0.119
54185.610048 16.5802 0.121
54185.623152 16.4915 0.117
54185.636261 16.6834 0.127
54240.416932 16.4256 0.112
54240.425633 16.4425 0.113
54240.434370 16.398 0.111
54240.443079 16.3008 0.108
54245.429671 16.4527 0.136
54245.438197 16.3228 0.129
54245.446717 16.2678 0.127
54245.455261 16.3438 0.131
54393.755860 16.2003 0.124
54393.757679 16.1572 0.122
54393.759475 16.2812 0.128
54393.761271 16.246 0.126
54506.641243 16.5579 0.114
54506.651088 16.4855 0.111
54506.660975 16.4675 0.111
54506.670795 16.3361 0.125
54510.630165 16.4177 0.106
54510.643206 16.4013 0.105
54510.656273 16.6209 0.113
54510.669322 16.4739 0.108
54477.573521 16.6846 0.148
54477.584464 16.575 0.142
54477.595576 16.8132 0.157
54526.537298 16.1796 0.113
54526.546341 16.289 0.118
54526.555185 16.2014 0.114
54526.563893 16.2526 0.116
54588.459626 16.446 0.098
54588.466174 16.5258 0.101
54588.472730 16.3421 0.096
54588.479284 16.3542 0.096
54602.438531 16.6176 0.103
54602.445128 16.6582 0.105
54602.451664 16.5072 0.100
54602.458275 16.7151 0.107
54614.390875 16.6528 0.104
54614.399034 16.6095 0.113
54614.407180 16.6209 0.111
54614.415328 16.4514 0.128
54773.736882 16.3148 0.114
54773.742728 16.4195 0.118
54773.748598 16.4278 0.118
54773.754443 16.7705 0.134
54922.507367 16.3612 0.087
54922.516563 16.3635 0.087
54922.525797 16.4385 0.091
54922.535016 16.4251 0.095
54938.456824 16.178 0.090
54938.467574 16.2172 0.091
54938.478258 16.2635 0.093
54938.488952 16.1302 0.089
54869.580941 16.3169 0.137
54869.585437 16.3849 0.141
54869.590037 16.3146 0.137
54869.594708 16.3453 0.139
54882.529757 16.3752 0.099
54882.546041 16.557 0.105
54882.561102 16.5289 0.104
54882.575119 16.5318 0.104
54839.597421 16.1097 0.090
54839.610797 16.0801 0.089
54839.624253 16.1132 0.089
54839.637835 16.2621 0.093
54857.722533 16.4276 0.100
54857.733280 16.4957 0.103
54857.744008 16.4401 0.101
54857.754930 16.589 0.107
54999.392702 16.4224 0.104
54999.399284 16.6213 0.112
54999.405710 16.4636 0.106
54999.412211 16.5516 0.110
54893.548240 16.3256 0.113
54893.550528 16.0951 0.106
54893.552819 16.1729 0.135
54893.555037 17.0541 0.374
54908.552555 16.3674 0.114
54908.560957 16.4436 0.117
54908.569373 16.4306 0.117
54908.577835 16.418 0.116
54915.548471 16.268 0.095
54915.556512 16.139 0.092
54915.564531 16.1948 0.094
54915.572588 16.16 0.093
54966.438945 16.1671 0.106
54966.449053 16.2329 0.109
54966.459226 16.3121 0.113
54966.469308 16.6451 0.328
54977.472331 16.6735 0.136
54977.477787 16.6126 0.132
54977.483307 16.5782 0.140
54977.488781 17.0197 0.227
55160.675245 16.2434 0.110
55160.683548 16.1346 0.106
55160.691854 16.324 0.115
55160.700135 16.2893 0.112
55294.495799 16.6456 0.116
55301.508835 16.1596 0.098
55561.727436 16.2817 0.099
55561.748696 16.3989 0.103
55247.583669 16.4692 0.130
55205.654552 16.5888 0.110
55205.704224 16.6143 0.111
55360.412358 16.3664 0.105
55368.374142 16.3727 0.104
55368.395843 16.4381 0.106
55328.365576 16.1889 0.098
55328.393899 16.3553 0.103
55673.419742 16.1888 0.088
55673.470762 16.34 0.092
55602.671040 16.6197 0.106
55602.705178 16.5745 0.099
55615.567586 16.7496 0.115
55615.603247 16.5893 0.110
55591.674523 16.2438 0.083
55591.699377 16.2238 0.083
55645.501841 16.5005 0.104
55696.442133 16.6852 0.112
55696.452349 16.6459 0.113
55696.472891 16.5722 0.109
54534.521388 16.1622 0.114
54534.530772 16.2019 0.116
54534.540060 16.2439 0.118
54534.549277 16.2286 0.117
54966.491126 16.4252 0.125
54966.501267 16.4791 0.121
54966.511460 16.3723 0.117
54966.521603 16.3788 0.117
55736.383146 16.6852 0.104
55736.391561 16.5509 0.099
55736.400018 16.6269 0.103
55736.408519 16.7516 0.107
56001.522304 16.6057 0.105
56001.534092 16.514 0.102
56001.546439 16.4465 0.099
56001.558676 16.2942 0.095
56029.441085 16.5321 0.081
56029.454415 16.5117 0.081
56029.467715 16.5476 0.082
56029.480851 16.6286 0.083
56059.440668 16.578 0.084
56059.454692 16.5066 0.083
56059.468830 16.6492 0.086
56059.482927 16.5149 0.083
56090.379711 16.4782 0.094
56090.390260 16.3044 0.090
56090.400865 16.3561 0.091
56090.411477 16.1839 0.087
56298.719271 16.3515 0.092
56298.727748 16.3632 0.092
56298.736204 16.4295 0.095
56298.744642 16.2658 0.090
56358.583734 16.5737 0.118
56358.593472 16.4492 0.113
56358.603335 16.4224 0.112
56358.613176 16.231 0.105
56383.539491 16.2698 0.091
56383.553075 16.3982 0.094
56383.564969 16.4625 0.096
56383.576939 16.4209 0.095
56406.414285 16.3059 0.084
56406.422719 16.5772 0.091
56406.431333 16.519 0.089
56406.439856 16.4679 0.088
56426.450590 16.5099 0.089
56426.457731 16.4775 0.089
56426.464801 16.4206 0.087
56426.471879 16.5729 0.091
