53597.5386889122 16.355697 0.118934636839067
53597.5478332985 16.372889 0.12029812799556
53597.5579795718 16.305156 0.116955461108458
53597.568206852 16.395163 0.120659565236784
53606.710612338 16.449882 0.11345197965589
53606.7229467593 16.40569 0.112093855039647
53606.7353581828 16.296744 0.10823817048809
53606.7477623378 16.217334 0.105749401407455
53722.4429461688 16.395751 0.125588850418604
53722.4480521527 16.334338 0.123251246264943
53722.4531241205 16.348104 0.124798333884071
53722.4582135763 16.375222 0.12609503194677
53556.6398834029 16.38048 0.122762893217814
53556.6479758682 16.299364 0.117316014284596
53556.6562051388 16.340248 0.118780924362575
53556.6645404167 16.419009 0.122266819778388
53578.7003098033 16.326524 0.106382030734255
53578.7118470948 16.38808 0.108887319589624
53578.7234187964 16.289953 0.105299836193901
53578.7350243982 16.316937 0.106292628334186
53690.4196143054 16.390565 0.12131604066331
53690.4302288193 16.373894 0.120725540665126
53690.4408618521 16.508795 0.12757810243609
53690.4514871414 16.465721 0.125594591821828
53668.4793413193 16.31545 0.110282448507897
53668.4902093285 16.406293 0.117736342223512
53668.5010514003 16.373151 0.113945008002867
53668.5119314469 16.329519 0.11471092509551
53619.4869201621 16.682666 0.125790350666175
53619.4992847685 17.156021 0.15320625784986
53619.5115833334 16.760307 0.12963602608302
53619.5239461688 16.491683 0.116268963080724
53637.4621668289 16.423519 0.113656458671133
53637.4720121067 16.40293 0.105502983756455
53637.4815985764 16.363586 0.111446582762907
53637.4911852892 16.398493 0.108086559602008
53643.5554590162 16.370858 0.135508220917607
53643.5607161575 16.283639 0.130919029487649
53643.5659918172 16.372821 0.135701678680612
53643.5712619211 16.327261 0.133527483880173
53961.5261398843 16.406867 0.102095857983561
53961.5378556019 16.390644 0.101593176550719
53961.5501484261 16.404881 0.102051174060312
53961.5625994676 16.415165 0.102346852743874
53972.6410586226 16.765948 0.135690039635698
53972.6521695835 17.02382 0.151249428940925
53972.663336435 16.776577 0.136316038431547
53972.6744798032 16.446886 0.119893498850245
54084.4675183796 16.680377 0.147713054482472
54084.4724738888 16.9095 0.164453456941233
54084.4774453702 17.130574 0.181118193791276
54084.4823703241 17.096431 0.179050593663938
53934.5531471758 16.670965 0.11269531271039
53934.5635421644 16.414323 0.10288321321683
53934.5739334375 16.363731 0.10080714513044
53934.5843324307 16.452079 0.10369071990873
53904.6685831365 16.416997 0.101592028033556
53904.6822710997 16.363708 0.0996979267449311
53904.6960256021 16.463898 0.102951640363939
53904.7099340507 16.394238 0.100541569519454
53863.7691878705 16.738434 0.0844820547773668
53863.780158889 17.136937 0.0945261513367557
53863.7912009838 16.948331 0.0892613123259429
53863.8020971297 16.684906 0.0829773096049271
53864.7227701854 16.362432 0.110708105154688
53864.7313543983 16.405544 0.112183551598913
53864.7399524075 16.408393 0.112311456844004
53864.7485213887 16.388776 0.111333311875167
53886.7737904168 16.431556 0.0972522936702547
53886.7858945718 16.419201 0.0969321319763301
53886.7983171991 16.384264 0.095869277543347
53886.8109890395 16.430376 0.0972756284470322
54052.4104629859 16.334267 0.118392325004416
54052.4194129744 16.301296 0.116663112078185
54052.4286328933 16.392328 0.121070009996601
54052.4376504744 16.432049 0.122852058934663
54064.4165976273 16.478478 0.128185405480159
54064.4256196182 16.37302 0.123320510604317
54064.4344500347 16.412733 0.125836591951321
54064.4432463196 16.373765 0.124572522913292
54018.5500535995 16.800907 0.142808989931691
54018.5569170603 16.99424 0.155505594853357
54018.5637744909 17.041448 0.15825801968752
54018.5706223265 16.758602 0.140853238807135
54033.4733973496 16.396814 0.12194907613531
54033.4802292131 16.469897 0.125554437926573
54033.4870607175 16.467463 0.125591722754205
54033.4939020604 16.573457 0.130807687228479
53990.6103949073 16.409693 0.12006520063021
53990.6189741666 16.431645 0.121161723918444
53990.6275393173 16.324526 0.116565632938316
53990.6360898727 16.366557 0.118462379330535
54005.5614429164 16.332242 0.116629166157015
54005.5701784377 16.395757 0.119543700210217
54005.5793727661 16.309666 0.115911317665521
54005.5887881715 16.378726 0.118971461765776
54211.7869206017 16.131702 0.131941430789002
54211.8003230786 16.253734 0.152723537369353
54211.8089567359 16.363966 0.125531514809522
54212.7733553243 16.395468 0.108466597959323
54212.7832168057 16.399363 0.108307398561637
54212.7931232061 16.380268 0.107680824977547
54323.4808985647 16.895683 0.121243759269386
54323.491918426 16.841048 0.118428459000216
54323.5030225581 16.552989 0.106609178908826
54323.5141692706 16.386913 0.100502181289367
54296.7087858448 16.38561 0.0916573234258059
54296.7208698726 16.569016 0.0982144740759455
54296.7329767014 16.963889 0.115491046196524
54296.7449494906 17.043919 0.125724003421247
54271.7482858449 16.364315 0.0996370005846132
54271.7586270832 16.362969 0.0995574315254505
54271.7687776969 16.379083 0.100916090943243
54271.7788124536 16.013651 0.277010137144516
54272.6042722338 16.37782 0.103807401740518
54272.6316759377 16.298163 0.189066061921393
54272.6415926274 16.287953 0.186950220425462
54243.7865748727 16.375493 0.106083930681251
54243.7980831829 16.40019 0.106953309991699
54243.8097381364 16.379354 0.10596211140962
54243.821230243 16.47694 0.109646582356144
54244.6745945372 16.36296 0.0960202301071875
54244.6911925002 16.355371 0.0954301980977365
54244.7078212615 16.560147 0.101651919521244
54244.7244280207 16.993002 0.118158539312137
54417.4607579745 16.367282 0.102146535100202
54417.4710834837 16.370528 0.102381410136936
54417.4814011226 16.413113 0.104036168689667
54417.4917149423 16.332487 0.101463588388873
54377.5128784838 16.289398 0.117138396845138
54377.5218341436 16.339734 0.119105361935405
54377.530796053 16.357168 0.120329487656949
54377.5397592361 16.311199 0.117939993755925
54389.5700496642 16.380771 0.120971180051322
54389.578936007 16.403751 0.122447682974004
54389.5878292822 16.511759 0.127817197255304
54389.5967159608 16.693688 0.137992290727869
54345.5603421759 16.381487 0.10176292478794
54345.5713682985 16.504299 0.106144375592692
54345.5823689466 16.779079 0.117244397338026
54345.5932342825 17.137477 0.138058494227652
54356.4839354744 16.34441 0.102318291920896
54356.4953121757 16.365896 0.103112545176748
54356.5066464003 16.419468 0.105253730672627
54356.5177505207 16.408904 0.104814932948778
54363.5745539467 16.296738 0.116283615786667
54363.584799132 16.353802 0.119047570474092
54363.5950667594 16.370397 0.119682640107413
54363.6052926156 16.352052 0.119170227362092
54706.5975195253 16.39459 0.0939127944044644
54706.6040845951 16.391447 0.0940039086064602
54706.6106318287 16.325209 0.0921472803414893
54706.6171688889 16.366369 0.0935374094508351
54677.7189155788 16.407857 0.085344842825446
54677.7282621063 16.392653 0.0851138897272241
54677.7376520488 16.387587 0.0850857884276224
54677.7470123613 16.366925 0.0846374858621035
54623.7506238887 16.40921 0.0839116468954117
54623.7652629976 16.641454 0.0896846956040958
54623.7795782409 17.042543 0.101706195080356
54623.7936779744 16.726694 0.0919930101936288
54647.5882430901 16.73226 0.105656861440962
54647.5937289465 16.61008 0.101059233270391
54647.5993299768 16.507159 0.0974021120787531
54647.6047409489 16.440619 0.095213960552843
54647.6101625692 16.381884 0.0935013627683809
54598.6850295138 16.355166 0.106221915273738
54793.4504339467 16.445813 0.118075828877415
54793.4584711804 16.384792 0.111777035667304
54793.4665037845 16.391057 0.111277731892853
54793.4745399654 16.401524 0.109819597957477
54740.4618882639 16.568973 0.100445418290858
54740.4699066202 16.429102 0.0962324999425218
54740.4778456944 16.415726 0.0956979519598837
54740.4857350001 16.39466 0.0966405873831011
54763.528318773 16.400679 0.0993453501545047
54763.5370745487 16.387883 0.0990679539874017
54763.5458010417 16.391995 0.0994324147366501
54763.5545339002 16.355477 0.0983677345160735
54729.538389641 16.410149 0.112387414144657
54729.5490079859 16.375253 0.111011922932067
54729.5596159144 16.416972 0.11273382371143
54729.5702180673 16.338481 0.109674248480571
55044.6636880902 16.33442 0.0786990570681723
55044.6770122107 16.418919 0.0804767626238043
55044.6903549652 16.431636 0.0807119539794116
55044.7036840739 16.465323 0.0812706159844633
55058.5620679398 16.41543 0.0865807126924386
55058.5690704052 16.391546 0.0859015459392142
55058.5761330555 16.365209 0.0853556168899084
55058.5833042826 16.437977 0.0870667578223387
55030.5612269907 16.394556 0.128076675342322
55030.5688502082 16.301852 0.124273978355098
55030.5764631132 16.382834 0.130322790852834
55030.5840893287 16.371664 0.129831736911549
55005.7360414122 16.396136 0.0981373031029782
54953.7293167132 16.454647 0.088942475396863
54953.7425174535 16.544961 0.0909090616763695
54953.7558966669 16.805637 0.0983401404802061
54953.76916419 17.231501 0.113262170054666
55145.4643734028 16.396425 0.0943055661704687
55145.4723203471 16.343252 0.0928585042665299
55145.4802759839 16.399647 0.094766582896314
55145.488233808 16.37137 0.0940646406199876
55121.4419446642 16.444266 0.0856695951441073
55121.4498111688 16.364302 0.0838358304205554
55121.4576773265 16.419315 0.0851208079265259
55121.4655363079 16.385386 0.0842615406421137
55121.4733175117 16.420404 0.0851152744605027
55084.5842781944 16.313539 0.112735660908552
55084.5943150345 16.309724 0.112622109626741
55084.6043724885 16.345038 0.114464938073242
55084.6144593285 16.299109 0.112185350455382
55094.5409596066 16.434569 0.113497281400357
55094.5496969676 16.388589 0.111607762544872
55094.5584323729 16.290447 0.123907519058851
55094.567183403 16.408712 0.11303470205751
55415.6088892709 16.374851 0.0916283159325542
55395.6162510067 16.362105 0.0979964211780647
55395.6484827893 16.352216 0.0973889587240165
55331.7341620601 16.391567 0.103456651812283
55331.7665457176 16.914309 0.123134384803951
55500.4559253356 16.785667 0.116428474249236
55500.4771938543 16.376529 0.102155976854443
55449.5591235878 16.347396 0.0973758117586019
55449.5684995256 16.34483 0.0973608002414836
55449.5779351969 16.348353 0.0975957293606841
55449.587408368 16.319368 0.0966342584355713
55714.7182879512 16.367314 0.0928577675994597
55714.7323744906 16.378052 0.0925672679164743
55714.7465627662 16.448858 0.0931838659306458
55714.7614415743 16.401339 0.0916877685883267
54598.7282654165 17.063566 0.136505992279793
54598.735268912 16.816231 0.12353193818176
54598.7422219558 16.598669 0.113736403957109
54598.7492512732 16.475652 0.108706574842941
55005.737602361 16.359866 0.0971249048666294
55743.6205029165 16.361948 0.09158626770287
55743.6333289816 16.363197 0.0915429485940396
55743.6463272915 16.559132 0.0971165634786654
55743.6593040627 16.798807 0.104149490600147
55803.5300169909 16.353068 0.0757707882214921
55803.5506367707 16.337517 0.0755132796432404
55803.5713728587 16.3572 0.0759133403981759
55803.5920638195 16.35766 0.0761511573515586
55824.6375904631 16.366672 0.087633433052197
55824.6510329976 16.368017 0.0881490903599949
55824.6645045717 16.437354 0.0902714861633103
55824.6780184026 16.32471 0.0876117170296021
55858.5247198728 16.378805 0.0926474920636687
55858.531023831 16.307466 0.0907082795669461
55858.5373889006 16.369065 0.0927736541578418
55858.5437524536 16.400481 0.0936020123140906
56061.8048739467 16.416876 0.110862975540953
56061.8092758448 16.397196 0.110073107525258
56061.8137421065 16.379426 0.109516795840697
56061.8182754975 16.355164 0.110840792733657
56098.6152501041 16.352218 0.109142608714703
56098.6260255091 16.363008 0.110787977738961
56098.6368888887 16.369971 0.111389012648345
56098.647655278 16.353821 0.109500619991124
56131.7320590625 16.162449 0.136565558623015
56131.7471426274 16.264806 0.152098151524294
56131.7622721414 16.808476 0.231734110232653
56132.7164683682 16.3525 0.0924389281661823
56132.7281313078 16.396249 0.0939049606239425
56132.7398314122 16.408698 0.0942671923390425
56132.7517405441 16.400268 0.0940970578597744
56154.6900752083 16.404886 0.0828841939320649
56154.7028942246 16.532105 0.0857766894753446
56154.7157973725 16.836216 0.0938073179274416
56154.7287300465 16.958188 0.0978142544061592
56174.533843472 16.674555 0.0906638313445036
56174.5444879861 16.494344 0.0860774994622592
56174.5553176737 16.42427 0.0844265015932894
56174.5659663541 16.362614 0.0830966898165773
56216.5127554744 16.354566 0.0905843792748305
56216.5241605438 16.371915 0.0879267679665206
56216.5354775347 16.351512 0.111156567927144
56216.5467777432 16.38341 0.0894832200563104
56249.4262361111 16.319502 0.0824461120254487
56249.4426389466 16.39028 0.084167864187509
56249.4589584375 16.440135 0.085645686692114
56249.4751724883 16.582516 0.0894085155107268
56404.7769057988 16.412315 0.0866985028167095
56404.7860784837 16.396371 0.0861909871545067
56404.7954407753 16.396312 0.0859814521380973
56404.8046478358 16.414339 0.0864890412209534
56479.5842024423 16.348701 0.0891302966451128
56479.59319897 16.39235 0.0900704587878102
56479.6021185303 16.442585 0.0914614100123148
56479.6110597337 16.415048 0.0906429571670356
