53555.414528 15.647 0.095
53555.421758 15.5924 0.093
53555.429002 15.5706 0.093
53555.436239 15.5469 0.092
53587.438057 15.1947 0.080
53587.444124 15.1873 0.080
53587.450367 15.1501 0.079
53587.457623 15.1699 0.080
53608.370639 15.3032 0.082
53608.378300 15.2816 0.082
53608.387953 15.2347 0.081
53608.394489 15.2268 0.081
53729.737713 15.1921 0.084
53729.740398 15.1029 0.082
53729.743080 15.2075 0.084
53729.745771 15.1073 0.082
53734.715268 15.1876 0.086
53734.722627 15.1357 0.085
53734.729946 15.1459 0.085
53734.737257 15.1815 0.086
53765.675359 15.23 0.077
53765.687804 15.2544 0.077
53765.700407 15.2647 0.078
53765.713289 15.1799 0.079
53804.633502 15.2026 0.079
53804.639941 15.1422 0.078
53804.646262 15.23 0.079
53804.651778 15.2042 0.079
53819.702743 15.5263 0.084
53819.710027 15.5571 0.085
53819.717325 15.557 0.085
53819.724550 15.5438 0.085
53830.549285 15.1967 0.078
53830.558835 15.1908 0.078
53830.568596 15.1863 0.078
53830.578204 15.1933 0.078
53845.510515 15.5024 0.118
53845.525656 15.5867 0.090
53845.533139 15.5603 0.089
53852.535508 15.21 0.073
53852.543567 15.2655 0.080
53852.551636 15.2405 0.080
53852.559672 15.2914 0.086
53859.610230 15.1706 0.078
53859.619256 15.1688 0.078
53859.628303 15.1682 0.078
53859.637383 15.161 0.078
53873.556562 15.1571 0.078
53873.565575 15.1062 0.077
53873.574521 15.1187 0.077
53873.583602 15.1768 0.079
53879.545986 15.5293 0.086
53879.555051 15.5299 0.086
53879.564140 15.5119 0.086
53879.573224 15.6194 0.088
53886.584687 15.1514 0.071
53886.594510 15.1435 0.071
53886.604488 15.1403 0.072
53886.614330 15.144 0.072
53887.474746 15.3103 0.073
53887.488027 15.3374 0.074
53887.501311 15.457 0.472
53899.495754 15.2233 0.079
53899.504288 15.1178 0.077
53899.512846 15.166 0.078
53899.521389 15.164 0.078
53935.419455 15.445 0.079
53935.430366 15.4777 0.080
53935.441281 15.3714 0.078
53935.452198 15.5004 0.081
53936.432729 15.522 0.080
53936.443586 15.5109 0.080
53936.454429 15.5201 0.081
53936.465294 15.5222 0.081
53960.403328 15.1819 0.075
53960.413159 15.17 0.075
53960.422994 15.1491 0.074
53960.432809 15.1537 0.075
54088.698301 15.2043 0.081
54088.709120 15.201 0.081
54088.720038 15.2258 0.083
54088.730849 15.2328 0.086
54125.703174 15.4112 0.079
54125.716992 15.4336 0.080
54125.730739 15.4366 0.080
54125.745233 15.4357 0.079
54154.650877 15.0667 0.074
54154.662208 15.073 0.074
54154.673686 15.0799 0.075
54154.685425 15.0691 0.074
54169.711469 15.6673 0.097
54169.722888 15.696 0.098
54169.734296 15.7071 0.098
54169.746055 15.8868 0.104
54182.618249 15.8175 0.090
54182.633432 15.8104 0.090
54182.648448 15.777 0.089
54182.663225 15.697 0.087
54189.650267 15.0562 0.082
54189.658826 15.0212 0.081
54189.667420 15.1855 0.085
54189.676109 15.1374 0.084
54195.662905 15.8639 0.105
54195.672281 15.7696 0.102
54195.681696 15.7572 0.102
54195.691114 15.8471 0.106
54207.601769 15.2878 0.088
54207.611380 15.3156 0.089
54207.620935 15.3038 0.088
54207.630515 15.3286 0.089
54227.474606 15.1403 0.076
54227.486315 15.1895 0.077
54227.517494 15.1516 0.077
54227.528535 15.1275 0.076
54240.643844 15.0491 0.075
54240.656900 15.1487 0.077
54240.670041 15.1182 0.076
54240.683217 15.0859 0.076
54267.508809 15.0551 0.080
54267.516869 15.0373 0.080
54267.524924 15.0384 0.080
54267.533164 15.0284 0.079
54285.356134 15.1825 0.074
54285.367434 15.064 0.072
54285.378506 15.1067 0.073
54285.389441 15.1461 0.073
54301.360714 15.2064 0.075
54301.368271 15.1537 0.074
54301.374825 15.2029 0.075
54301.381391 15.1564 0.074
54323.382793 15.0705 0.072
54323.394449 15.1328 0.073
54323.406111 15.1099 0.073
54323.417689 15.0907 0.073
54463.692275 15.6623 0.110
54463.699396 15.6795 0.110
54463.706554 15.6019 0.107
54463.713902 15.6097 0.107
54487.698332 15.2063 0.077
54487.709816 15.148 0.076
54487.721467 15.1273 0.075
54487.733448 15.2318 0.077
54503.758402 15.437 0.092
54503.767508 15.4845 0.118
54503.776446 15.5879 0.114
54504.752012 15.1576 0.082
54504.759488 15.2049 0.083
54504.766884 15.1971 0.083
54504.774234 15.1414 0.081
54526.654760 15.1191 0.081
54526.664539 15.1108 0.080
54526.674021 15.1343 0.081
54526.683345 15.1254 0.081
54533.696454 15.6656 0.094
54533.706875 15.6882 0.095
54533.717273 15.6533 0.094
54533.727673 15.5409 0.091
54587.646771 15.1283 0.070
54587.652171 15.152 0.070
54587.657558 15.1504 0.070
54587.662946 15.1672 0.070
54592.563450 15.2381 0.079
54592.572914 15.2106 0.078
54592.582374 15.2197 0.078
54592.591855 15.1997 0.078
54597.609891 15.3666 0.072
54597.621776 15.3633 0.072
54597.633681 15.4462 0.074
54597.645584 15.3821 0.073
54614.567963 15.2881 0.071
54614.579513 15.228 0.070
54614.591175 15.228 0.070
54614.602767 15.3222 0.072
54645.494319 15.5478 0.084
54645.504648 15.5183 0.084
54645.515088 15.4999 0.083
54645.525533 15.4834 0.083
54844.669312 15.4895 0.076
54844.680055 15.5489 0.077
54844.690895 15.5737 0.077
54844.701700 15.5726 0.077
54867.692994 15.3588 0.074
54867.704863 15.3162 0.073
54867.717887 15.3189 0.073
54867.730738 15.288 0.072
54887.671307 15.4885 0.075
54887.686067 15.4695 0.075
54887.700251 15.435 0.074
54887.714261 15.4529 0.075
54899.730521 15.2592 0.093
54908.681861 15.367 0.083
54908.690379 15.3875 0.083
54908.698815 15.3879 0.083
54908.707277 15.3784 0.083
54919.642358 15.2992 0.080
54919.650899 15.2975 0.080
54919.659368 15.2751 0.079
54919.667880 15.2934 0.080
54938.667513 15.2307 0.067
54938.681471 15.2487 0.067
54938.695311 15.2737 0.068
54938.709134 15.2828 0.068
54954.450966 15.2843 0.081
54954.460486 15.308 0.082
54954.470039 15.2859 0.081
54954.479932 15.2965 0.081
54973.572934 15.2624 0.094
54973.586957 15.2986 0.089
54973.596097 15.2424 0.089
54973.605436 15.2562 0.093
55000.510141 15.4457 0.073
55000.516091 15.4176 0.073
55000.521969 15.4257 0.073
55000.527881 15.3864 0.072
55032.462170 15.2114 0.081
55032.467209 15.2328 0.082
55032.472252 15.2171 0.081
55032.477296 15.2662 0.083
55058.400797 15.2119 0.072
55058.405006 15.192 0.072
55058.409219 15.2422 0.073
55058.413445 15.1999 0.072
55217.675026 15.2967 0.084
55217.705443 15.2906 0.083
55248.630709 15.2468 0.084
55264.624497 15.3361 0.077
55264.627583 15.3243 0.077
55294.670525 15.4026 0.084
55303.608464 15.358 0.072
55326.511208 15.1403 0.081
55326.539822 15.1066 0.081
55338.515172 15.3491 0.078
55338.550583 15.3743 0.079
55359.461705 15.4047 0.076
55359.491708 15.4139 0.077
55393.445322 15.4698 0.073
55393.479853 15.34 0.071
55399.442379 15.3157 0.075
55399.469682 15.2298 0.074
55616.756297 15.1263 0.080
55616.784778 15.2098 0.081
55654.524109 15.3725 0.071
55654.557525 15.3363 0.071
55674.519260 15.2756 0.069
55674.570367 15.3289 0.070
55706.420723 15.3224 0.075
55706.431608 15.3571 0.076
55706.442432 15.3428 0.076
55706.453330 15.3503 0.075
55737.489415 15.1301 0.068
55737.496434 15.2312 0.069
55737.503532 15.1954 0.069
55737.510629 15.147 0.068
55765.447843 15.2147 0.069
55765.457715 15.1922 0.072
55765.467609 15.2177 0.079
55765.477521 15.1794 0.083
55799.369314 15.1122 0.070
55799.376338 15.2126 0.071
55799.383367 15.1622 0.071
55799.390443 15.1425 0.071
56004.737087 15.3641 0.075
56004.749005 15.3479 0.080
56004.761033 15.4293 0.080
56004.773051 15.3921 0.084
56019.642632 15.2143 0.071
56019.651895 15.2473 0.072
56019.661277 15.2058 0.072
56019.670655 15.2346 0.071
56036.584212 15.256 0.067
56036.598313 15.2101 0.067
56036.612496 15.2769 0.067
56036.626706 15.1946 0.067
56046.586087 15.167 0.067
56046.597393 15.2285 0.067
56046.608756 15.216 0.067
56046.620131 15.2277 0.067
56075.523860 15.1961 0.072
56075.534642 15.2116 0.073
56075.544156 15.1992 0.072
56075.553867 15.2121 0.073
56109.483441 15.3181 0.065
56109.499498 15.3566 0.065
56109.515655 15.2659 0.065
56109.531787 15.128 0.075
56151.381941 15.3161 0.067
56151.392829 15.2501 0.066
56151.403710 15.2793 0.067
56151.414599 15.29 0.067
56293.710720 15.3048 0.073
56293.720928 15.2541 0.072
56293.731217 15.2229 0.071
56293.741398 15.2751 0.072
56362.661570 15.2642 0.078
56362.673208 15.2823 0.079
56362.684821 15.2511 0.078
56362.696449 15.1839 0.077
56376.573586 15.3042 0.071
56376.585687 15.3574 0.072
56376.597668 15.3424 0.074
56376.609656 15.3977 0.073
56391.615470 15.3408 0.071
56391.625130 15.3597 0.071
56391.634727 15.3455 0.071
56391.644267 15.3635 0.071
56404.482438 15.3295 0.067
56404.493094 15.3139 0.067
56404.503850 15.369 0.067
56404.516122 15.3526 0.067
56412.602564 15.3606 0.072
56412.615258 15.3182 0.071
56412.627687 15.3608 0.072
56412.640315 15.3562 0.072
56422.580228 15.2711 0.070
56422.589292 15.2568 0.070
56422.598230 15.2361 0.069
56422.607306 15.3053 0.070
56459.473784 15.3232 0.068
56459.484425 15.3546 0.069
56459.495066 15.374 0.069
56459.506536 15.3197 0.069
56495.363714 15.3326 0.071
56495.372609 15.3597 0.072
56495.383189 15.3799 0.072
56495.392113 15.4125 0.072
