53723.659787 13.6207 0.062
53723.671830 13.6261 0.062
53723.683872 13.6255 0.062
53723.696814 13.6429 0.062
53704.674574 13.6633 0.066
53704.681461 13.7065 0.070
53704.688347 13.6639 0.064
53704.695248 13.6446 0.064
53848.480353 13.6183 0.056
53848.496346 13.654 0.056
53848.512295 13.6553 0.056
53848.528225 13.6012 0.056
54081.724941 13.5738 0.059
54081.729356 13.6004 0.059
54081.733923 13.6088 0.059
53773.560519 13.6917 0.063
53773.570399 13.6854 0.063
53773.580921 13.7002 0.063
53773.590621 13.62 0.063
53738.620754 13.5831 0.063
53738.627651 13.6107 0.064
53738.634558 13.536 0.063
53738.641483 13.4297 0.066
53756.675151 13.6817 0.058
53756.691094 13.6849 0.058
53756.706923 13.6547 0.058
53756.722898 13.6414 0.057
53921.352677 13.6196 0.059
53921.359228 13.6056 0.059
53921.365760 13.6097 0.059
53921.372299 13.6278 0.059
53890.373438 13.5451 0.057
53890.383711 13.5422 0.057
53890.393933 13.5267 0.057
53890.404152 13.5314 0.057
53813.517609 13.5829 0.057
53813.531896 13.5691 0.057
53813.546138 13.5579 0.057
53813.560361 13.5655 0.057
53825.473710 13.6581 0.057
53825.483235 13.6726 0.058
53825.492683 13.6844 0.058
53825.502859 13.6551 0.058
53859.461987 13.6734 0.060
53859.472247 13.662 0.060
53859.482514 13.6696 0.060
53859.492806 13.6627 0.060
53877.393664 13.6205 0.060
53877.404057 13.6271 0.060
53877.414524 13.6327 0.060
53877.424835 13.6469 0.060
54062.697689 13.5558 0.060
54062.707454 13.5757 0.060
54038.726341 13.5926 0.064
54038.734838 13.5948 0.064
54038.743340 13.5964 0.064
54038.751833 13.5975 0.064
54197.459388 13.6809 0.064
54197.468765 13.6978 0.064
54197.478140 13.6788 0.064
54197.487491 13.6939 0.064
54212.413413 13.6343 0.059
54212.424064 13.6591 0.059
54212.434561 13.6543 0.060
54212.445143 13.6793 0.060
54139.664900 13.6953 0.060
54113.676684 13.6319 0.066
54113.681911 13.6317 0.066
54113.687097 13.6095 0.065
54113.692281 13.6438 0.065
54125.637035 13.5836 0.059
54125.651710 13.6121 0.059
54131.667069 13.66 0.063
54131.675623 13.6758 0.063
54298.354837 13.5991 0.059
54298.361410 13.6019 0.059
54298.368004 13.5783 0.059
54298.374572 13.6133 0.059
54168.537901 13.7297 0.064
54168.548101 13.7476 0.064
54168.558291 13.7316 0.064
54168.568482 13.7559 0.064
54184.399891 13.6727 0.060
54184.404965 13.6671 0.061
54184.409975 13.6304 0.060
54184.415156 13.6407 0.060
54185.596919 13.6159 0.060
54185.610048 13.647 0.060
54185.623152 13.6149 0.060
54185.636261 13.663 0.060
54240.416932 13.7022 0.060
54240.425633 13.6957 0.060
54240.434370 13.6612 0.060
54240.443079 13.6455 0.060
54245.429671 13.6881 0.064
54245.438197 13.6609 0.063
54245.446717 13.6811 0.064
54245.455261 13.6541 0.064
54393.755860 13.6109 0.063
54393.757679 13.6253 0.063
54393.759475 13.6204 0.063
54393.761271 13.608 0.063
54506.641243 13.5499 0.058
54506.651088 13.5566 0.058
54506.660975 13.5303 0.058
54506.670795 13.427 0.061
54510.630165 13.5723 0.058
54510.643206 13.589 0.058
54510.656273 13.5592 0.058
54510.669322 13.5541 0.058
54477.573521 13.6685 0.063
54477.584464 13.6669 0.063
54477.595576 13.6665 0.063
54526.537298 13.5535 0.061
54526.546341 13.5741 0.061
54526.555185 13.5592 0.061
54526.563893 13.581 0.061
54534.510561 13.5042 0.061
54588.459626 13.6562 0.057
54588.466174 13.6493 0.057
54588.472730 13.6466 0.057
54588.479284 13.6505 0.057
54602.438531 13.6787 0.057
54602.445128 13.6899 0.057
54602.451664 13.6659 0.057
54602.458275 13.6609 0.057
54614.390875 13.5704 0.057
54614.399034 13.5616 0.058
54614.407180 13.5726 0.058
54614.415328 13.6261 0.062
54773.736882 13.5326 0.060
54773.742728 13.5328 0.060
54773.748598 13.5447 0.060
54773.754443 13.5395 0.060
54922.507367 13.6227 0.056
54922.516563 13.6193 0.056
54922.525797 13.6333 0.056
54922.535016 13.6428 0.057
54938.456824 13.6081 0.057
54938.467574 13.6077 0.057
54938.478258 13.6191 0.057
54938.488952 13.6362 0.057
54869.580941 13.6323 0.065
54869.585437 13.6411 0.065
54869.590037 13.6376 0.065
54869.594708 13.6322 0.065
54882.529757 13.6902 0.058
54882.546041 13.7019 0.058
54882.561102 13.6747 0.058
54882.575119 13.6799 0.058
54839.597421 13.6304 0.057
54839.610797 13.6037 0.057
54839.624253 13.6448 0.057
54839.637835 13.6658 0.057
54857.722533 13.5947 0.057
54857.733280 13.5897 0.057
54857.744008 13.5783 0.057
54857.754930 13.5807 0.057
54999.392702 13.5927 0.058
54999.399284 13.597 0.058
54999.405710 13.5748 0.058
54999.412211 13.5944 0.058
54893.548240 13.5893 0.060
54893.550528 13.5621 0.060
54893.552819 13.758 0.067
54893.555037 14.0535 0.096
54908.552555 13.5833 0.060
54908.560957 13.5921 0.060
54908.569373 13.5941 0.060
54908.577835 13.5767 0.060
54915.548471 13.5813 0.057
54915.556512 13.5923 0.057
54915.564531 13.5705 0.057
54915.572588 13.5514 0.057
54966.438945 13.6052 0.060
54966.449053 13.5943 0.060
54966.459226 13.5655 0.060
54966.469308 13.7319 0.092
54977.472331 13.5504 0.061
54977.477787 13.5552 0.061
54977.483307 13.4891 0.062
54977.488781 13.3122 0.065
55160.675245 13.5142 0.060
55160.683548 13.5145 0.060
55160.691854 13.5146 0.060
55160.700135 13.5191 0.060
55294.495799 13.5743 0.058
55301.508835 13.5346 0.058
55561.727436 13.6272 0.058
55561.748696 13.6626 0.058
55247.583669 13.5824 0.062
55205.654552 13.511 0.057
55205.704224 13.5433 0.058
55360.412358 13.5414 0.058
55368.374142 13.6493 0.058
55368.395843 13.5725 0.058
55328.365576 13.5414 0.058
55328.393899 13.5513 0.058
55673.419742 13.6194 0.056
55673.470762 13.5582 0.056
55602.671040 13.6546 0.058
55602.705178 13.6183 0.057
55615.567586 13.5968 0.058
55615.603247 13.6353 0.058
55591.674523 13.6574 0.056
55591.699377 13.6571 0.056
55645.501841 13.5756 0.057
55696.442133 13.7038 0.058
55696.452349 13.6745 0.058
55696.472891 13.6836 0.058
54534.521388 13.5346 0.061
54534.530772 13.546 0.061
54534.540060 13.5286 0.061
54534.549277 13.5162 0.061
54966.491126 13.6288 0.062
54966.501267 13.5619 0.060
54966.511460 13.5413 0.060
54966.521603 13.5517 0.060
55736.383146 13.6034 0.057
55736.391561 13.5898 0.056
55736.400018 13.5686 0.056
55736.408519 13.549 0.056
56001.522304 13.6368 0.057
56001.534092 13.6324 0.057
56001.546439 13.6127 0.057
56001.558676 13.5806 0.057
56029.441085 13.5763 0.054
56029.454415 13.576 0.054
56029.467715 13.5718 0.054
56029.480851 13.5638 0.054
56059.440668 13.507 0.054
56059.454692 13.5252 0.054
56059.468830 13.5105 0.054
56059.482927 13.5223 0.054
56090.379711 13.6745 0.056
56090.390260 13.678 0.057
56090.400865 13.6787 0.057
56090.411477 13.6395 0.056
56298.719271 13.7045 0.057
56298.727748 13.6899 0.057
56298.736204 13.6675 0.057
56298.744642 13.683 0.057
56358.583734 13.5634 0.059
56358.593472 13.5609 0.059
56358.603335 13.5406 0.059
56358.613176 13.5353 0.059
56383.539491 13.5933 0.057
56383.553075 13.6211 0.057
56383.564969 13.6286 0.057
56383.576939 13.6426 0.057
56406.414285 13.7019 0.056
56406.422719 13.7177 0.056
56406.431333 13.7008 0.056
56406.439856 13.6834 0.056
56426.450590 13.6322 0.055
56426.457731 13.6352 0.055
56426.464801 13.6415 0.055
56426.471879 13.674 0.055
