53588.4316912269 17.714764 0.170872569625672
53588.4398976158 17.616877 0.163888432511377
53588.4479500925 17.502698 0.156124249993378
53588.4558929744 17.557705 0.160341110034825
53605.4068192937 17.53653 0.185398919373377
53605.4135898147 17.554619 0.187299472268689
53605.4203622453 17.548844 0.187251169239533
53605.4269263079 17.725805 0.204045201339367
53613.4235960186 17.34535 0.224811312125476
53613.4321525462 17.424964 0.235639763835249
53613.4407661922 17.991379 0.320878939813629
53613.4493438426 17.281747 0.223289793716139
53555.4829515048 17.221996 0.176038065307365
53555.4906052083 17.158498 0.170695250958557
53555.4982840048 17.256637 0.178801537580182
53555.505989676 17.231431 0.177100069611846
53576.5058617015 17.496638 0.183821208590407
53576.5124137038 17.2219 0.162553416781236
53576.518970428 17.622809 0.196877487195785
53576.5255087614 17.559492 0.191483007641576
53830.6995865164 17.244084 0.156824178455385
53830.7090229859 17.215197 0.154662714848076
53830.7184849187 17.37513 0.165980414679268
53830.7279284491 17.233252 0.157434953062064
53845.6552029859 17.335834 0.163330096743148
53845.6647536919 17.188143 0.153260900366267
53845.6742967243 17.222766 0.15572370556194
53845.6838046412 17.38975 0.167915894179579
53959.4515624768 17.536663 0.165803875712792
53959.4602731019 17.42467 0.157898595862509
53959.4689617478 17.208886 0.144045610843946
53959.4776619561 17.467854 0.162210678974407
53975.4250703586 17.443883 0.202922573052393
53975.4336035533 17.574092 0.217725253616775
53975.4421338543 17.654225 0.22786323438822
53975.4506635765 17.713254 0.237592927526437
53774.6869646527 17.337267 0.200463621651037
53774.6985555093 17.790519 0.252033521205899
53774.7102351158 17.193147 0.188409501824267
53774.7219027892 17.330911 0.200237973391897
53919.433567905 17.245678 0.174814570398342
53919.4420901157 17.286305 0.179269480673838
53919.4506216898 17.352389 0.188954044809864
53919.4591343982 17.182258 0.178235125746319
53928.431877176 17.545811 0.199908495559433
53928.4404032293 17.430839 0.189780632380426
53928.4489348146 17.547727 0.200826371573976
53928.4574658565 17.695635 0.216098550429093
53946.3852579169 17.316199 0.129613269767244
53946.3964693401 17.442624 0.136637170519455
53946.4076232406 17.351091 0.13158110984729
53946.4187911342 17.475471 0.138769337497744
53889.4876565277 17.198095 0.131108816470913
53889.4985051388 17.354226 0.139853216050538
53889.5092611457 17.347065 0.139675408736943
53889.51986147 17.305365 0.136904973616805
53900.5183118751 17.268721 0.173292214460424
53900.5286635996 17.44668 0.188298749598199
53900.5590001272 17.728408 0.217198193844215
53900.569596979 17.441461 0.18848345080188
53914.5123587848 17.477508 0.191043064513131
53914.5208712152 17.374313 0.182276126951975
53914.5294311113 17.502321 0.193585266597557
53914.5379582869 17.271935 0.174346456589459
53804.6877896876 17.594682 0.189328300481042
53804.6944961112 17.515077 0.182453056783777
53804.7009650117 17.61455 0.191159194857384
53804.7066620022 17.6069 0.190542464243772
53819.6205696645 17.494661 0.107549070186571
53819.6430312386 17.519161 0.108007302783415
53819.664822523 17.508603 0.107578951094652
53819.686444398 17.535938 0.108218210841353
53859.6514237152 17.484479 0.178667108875315
53859.6619087268 17.359386 0.168844969773627
53859.672272199 17.579729 0.187650875503011
53859.6827508334 17.400752 0.172948654261339
53873.5999699651 17.371539 0.171453223213616
53873.6098461688 17.532951 0.185142538506985
53873.6197378586 17.398057 0.173995779223748
53873.629629132 17.659432 0.246074930711994
53878.5890235879 17.741334 0.200796060173891
53878.5989031481 17.552785 0.183832561413491
53878.6087737155 17.364511 0.168327580957367
53878.6186485762 17.525668 0.182176850249658
54199.7661665855 17.649022 0.184748609407241
54199.7728211228 17.745317 0.193720014239907
54199.7794755441 17.740958 0.193450823740343
54199.786158449 17.630064 0.184082974874328
54323.4332201388 17.577321 0.165868000182164
54323.4441421991 17.57975 0.166505818600469
54323.4551405325 17.717327 0.178224879272055
54323.4660176737 17.48579 0.160828447415779
54155.687311389 17.23598 0.152897888221197
54155.698468403 17.215591 0.151850550813024
54155.7098307638 17.262263 0.155053609272746
54155.7215666319 17.259919 0.154512336850295
54131.7000674886 17.062927 0.179636285197342
54131.7095207406 17.080978 0.177230571806614
54131.7399707406 17.438281 0.209902362607264
54131.7495169446 17.546001 0.219632257331364
54285.5158492248 17.375571 0.151803557712021
54285.5241678241 17.358764 0.150202190431975
54285.5323559837 17.118791 0.136241129668819
54285.5405473844 17.385457 0.152663579209792
54297.4864909141 17.304665 0.147153102857362
54297.4968318055 17.279694 0.145755980684548
54297.5071621761 17.421798 0.155365045166086
54297.5175354746 17.420042 0.155820276064352
54260.5279656481 17.215256 0.157602383527956
54260.5388478935 17.177931 0.156430328609593
54260.5497260881 17.200791 0.158544897502807
54260.5605857638 17.24401 0.16243391879339
54267.5619782872 17.419195 0.191055953910026
54267.5705824421 17.424128 0.191873960481647
54267.5792539466 17.432727 0.193598724397351
54267.5878968748 17.442618 0.19505690006251
54173.6611879515 17.627739 0.181770604454799
54173.6713251504 17.529114 0.173329497076012
54173.6816748497 17.67913 0.186080494773334
54173.6920457408 17.616107 0.180730476300153
54181.7199692708 17.387644 0.163673497019093
54181.7311230553 17.315748 0.158840517945686
54181.7422565855 17.194096 0.150514184356296
54181.7534008795 17.191251 0.150628217845919
54187.597074398 17.579977 0.219813740425263
54187.6082527201 17.726705 0.236775216856821
54187.6196686576 17.561224 0.219030701334573
54187.6315269793 17.562712 0.275473805635442
54226.7025786573 17.313022 0.157837845811811
54226.7114105905 17.073575 0.142626154921441
54226.7201980669 17.070376 0.142762026687494
54226.7289747917 17.216951 0.152269953392091
54242.5910271294 17.548823 0.189554023805041
54242.6008784375 17.62838 0.185985993132143
54242.6107004513 17.387622 0.252712548942232
54242.6205454976 17.495512 0.207772395360098
54347.3798750117 17.537199 0.170140775122357
54347.3880540277 17.504293 0.166497693914075
54347.3962365161 17.653159 0.178389004906879
54347.4044254744 17.325999 0.155448047661569
54691.4436459839 17.260173 0.137381508174628
54691.4517972223 17.259501 0.134458927840071
54691.4599813195 17.408302 0.143654623307324
54691.4681506134 17.224895 0.133483745858157
54512.7192839699 17.278825 0.128363263279982
54512.7346648959 17.271828 0.127974492589202
54512.7506141205 17.345824 0.131969308311021
54512.7657858798 17.317379 0.130485869822437
54491.6821381943 17.631869 0.18823731463887
54491.6928154631 17.665269 0.190414796114879
54491.7035231595 17.646968 0.187931125604268
54491.7142979861 17.758158 0.195974338015615
54677.4901721411 17.25225 0.116289899360543
54677.4981233681 17.183978 0.113744028556669
54677.5060756363 17.18939 0.114302834382554
54677.5140299884 17.167295 0.113688787983577
54622.5776688312 17.562082 0.148654731478164
54622.5885808216 17.579668 0.152329359047239
54622.6029453934 17.564058 0.151127909889263
54622.6138422224 17.547107 0.153072961095103
54645.5414432754 17.377232 0.163734803313217
54645.5501979978 17.378597 0.164150756041712
54645.5588883796 17.44959 0.169783208240637
54645.5676998265 17.433912 0.169212977372831
54526.7326763544 17.284946 0.176770238887317
54526.7416422108 17.280583 0.176611058940916
54526.7503568983 17.342426 0.181792487879983
54526.7588996991 17.471314 0.193116042866356
54589.6674683797 17.114406 0.122411422866004
54589.6761844675 17.220012 0.12775265177665
54589.6849159375 17.193079 0.126624247820963
54589.6936362963 17.19211 0.126760916950337
54595.6358188891 17.228341 0.151528495003574
54595.6461606018 17.190137 0.146569780390769
54595.6564854166 17.24562 0.150315372638126
54595.6668637154 17.286913 0.153376500136477
54614.6451263887 17.63343 0.13435046617924
54614.6570401619 17.639579 0.135124436183687
54614.66896875 17.552488 0.1309325512239
54614.6808917707 17.601157 0.13429076981901
54710.3892797455 17.553594 0.148812899818582
54710.397513866 17.563729 0.149959883990277
54710.4056818867 17.484129 0.145568961778049
54710.413838102 17.540743 0.14935748436055
54923.7476525926 17.170739 0.128135655927977
54923.7573646526 17.323728 0.136395063071542
54923.7670607525 17.218748 0.1310952239137
54923.7768500117 17.223581 0.131941430789002
54939.7197324308 17.404443 0.140715089994848
54939.7327373382 17.397497 0.140924736315091
54939.7457007985 17.272364 0.134201413188428
54939.7587269908 17.162877 0.128794742289161
55057.4184644674 17.574995 0.152964216137343
55057.4269285649 17.742582 0.165699862955302
55057.435392315 17.533365 0.151324823709231
55057.4438552545 17.527518 0.151435267277139
54859.6876298031 17.141405 0.128842331778046
54859.6983759143 17.232564 0.133006216407151
54859.7091887151 17.262971 0.134001191767314
54859.7204102082 17.145606 0.127240873117651
55031.4661754166 17.14472 0.160298349978125
55031.4745998147 17.240284 0.167549142518537
55031.4830261806 17.120446 0.159235385211377
55031.4914295023 17.37301 0.178615497546363
54993.49940397 17.096855 0.156273764559806
54993.5070160531 17.282353 0.170536200758184
54993.5146876505 17.03196 0.152813632962079
54993.5224018285 17.497634 0.187967787673685
55001.5509961573 17.434029 0.187590133061727
55004.5062306946 17.667948 0.192783143129986
55004.5200095715 17.439219 0.182209920286833
55004.5338776967 17.221015 0.170483292779925
55004.5477533451 17.356322 0.186626978213584
54892.6801039583 17.49231 0.180891689589378
54892.6869791087 17.289137 0.312336425906823
54892.6939181366 17.172342 0.248336184030434
54892.7010478011 17.298252 0.168615290065939
54910.6200754053 17.313373 0.166497693914075
54910.6284940161 17.425953 0.175335399296001
54910.6370210766 17.333978 0.167882437241022
54910.6456188543 17.427586 0.175316014483213
54955.5039491667 17.294019 0.138299471868031
54955.5154888425 17.162841 0.130949459973374
54955.5271258564 17.224822 0.133942087559257
54955.5406426969 17.251373 0.135315809741312
54966.6383419909 17.154011 0.158861209819839
54966.6477514931 17.340712 0.173366801308145
54966.6572550928 17.321097 0.172350661102719
54966.6667154051 17.2889 0.170307347236701
54975.6049107177 17.346799 0.224465612074915
54975.6153350811 17.3266 0.179447324512191
54975.6257960069 17.1392 0.115841169413282
55299.7801913888 17.421994 0.137401839145204
55414.398845382 17.584954 0.160907768751382
55414.4282857408 17.442241 0.151621929323699
55220.7198742243 17.599061 0.278737986198182
55220.749695521 17.598343 0.202469689581506
55381.4953549421 17.157987 0.135158808163
55381.5317969443 17.239571 0.189278256074639
55353.5091829398 17.477798 0.168378233494207
55353.5464170137 17.604201 0.2212002436716
55360.5976433912 17.220592 0.137893219675916
55360.6189807407 17.244236 0.14047565816199
55263.7037802315 17.389562 0.150117505355519
55326.6011223264 17.592604 0.208009444360174
55326.6382912501 17.622811 0.212049080408145
55654.6491223496 17.243244 0.111934960496508
55654.6751079515 17.282714 0.113584332019574
55673.6865715971 17.524304 0.117639463944163
55673.7290827316 17.262568 0.107719891942717
55681.6336486576 17.587837 0.144065022017214
55681.6766319097 17.636822 0.147326600958755
55722.4524972801 17.637239 0.143968068505762
55722.4668588311 17.380409 0.129325274116664
55722.4810939816 17.389239 0.129318832599861
55722.4952357294 17.258761 0.123317844326194
55634.743666898 17.292788 0.146117326209007
55634.787954479 17.104167 0.13501391054708
55647.7013195253 17.299273 0.125773029410005
55647.7375993983 17.441401 0.133262250955275
55701.5574269792 17.566185 0.141839197835399
55701.5719040393 17.111514 0.118207837852128
55701.5860916202 17.398995 0.132400788613864
55701.6005078008 17.112846 0.118909342454761
54187.6443801389 17.523501 0.213802621397619
54187.6566067591 16.783325 0.380268183045271
54187.6685183217 17.281267 0.190249247158646
54187.6800046411 17.243833 0.186698654525738
55742.462321597 17.405816 0.238783723128517
55742.4944942476 17.590376 0.333083199794599
55742.5052024073 18.165532 0.479209021875096
55742.515881528 17.24828 0.140167530135107
55773.458048102 17.286222 0.134733437483836
55773.4669023729 17.200912 0.130509230042197
55773.4757616203 17.277361 0.134880977084805
55773.4847301389 17.237085 0.133042163236747
55978.7250774885 17.681928 0.429837324826995
55978.7378193056 17.433491 0.16173798376589
55978.7636045604 17.524244 0.154456078254784
56037.6568226273 17.558762 0.13033939511526
56037.6696886344 17.502476 0.12758115589076
56037.6825008219 17.615267 0.133820496587264
56037.6952970255 17.605264 0.133538429227967
56048.6136982753 17.216875 0.0992741033496515
56048.625917037 17.114435 0.0961511936701168
56048.6382501503 17.350527 0.103910633682854
56048.6505516665 17.214049 0.0992885406006992
56066.5537242706 17.601362 0.135296625839767
56066.5657066669 17.554841 0.134287043043898
56066.5777869908 17.647133 0.138182941647848
56066.5899637382 17.661816 0.139416721018159
56074.5764050693 17.55876 0.157374838194256
56074.5870471527 17.518056 0.155929984675276
56074.5978095951 17.361409 0.146255600760903
56074.6087344443 17.657916 0.168133908764933
56092.5826087385 17.333193 0.142518738807594
56092.5911715739 17.367499 0.147037854687392
56092.5999227199 17.465535 0.207721713812104
56092.6085479283 17.938825 0.464034370285644
56116.4447209377 17.497979 0.124896414156091
56116.4532000812 17.465869 0.123182138693166
56116.4615961228 17.429402 0.124569746071179
56116.4702389234 17.365555 0.118728352617639
56148.3961459724 17.607319 0.142235284927502
56148.4046276622 17.553281 0.139318030372659
56148.4129441897 17.416125 0.131819741424077
56148.4213119908 17.575409 0.14118505459185
56181.3983538887 17.297562 0.132574200384737
56181.4055372686 17.21299 0.128734560446913
56181.4126324537 17.142235 0.126062975799285
56181.4199072686 17.424964 0.142874835819165
56366.6250269675 17.302341 0.163873050843092
56366.6329813196 17.123862 0.149752518994704
56366.6412617361 17.201415 0.154449833468555
56366.6495782525 17.177104 0.151668727805247
56367.6001751505 17.71586 0.136629203917968
56367.6122000346 17.467481 0.123639548919225
56367.6241937846 17.498686 0.124553086730776
56367.6362062845 17.199876 0.111237856698453
56393.6322483565 17.457408 0.133222460165896
56393.6412748611 17.5586 0.138609244809977
56393.6502321526 17.612444 0.142078205903845
56393.6591652432 17.528048 0.137154571750176
56405.5687400581 17.431416 0.119267796873906
56405.5774266202 17.613317 0.129193442833284
56405.588549734 17.544724 0.125511473401559
56405.5994010762 17.25796 0.112592883852014
56405.6102969906 17.275053 0.113463295524686
56419.5739421526 17.148576 0.107866195546109
56419.5846540163 17.15382 0.108212069520211
56419.5954194794 16.823646 0.243375868591446
56419.6646963426 17.159133 0.112956846171035
56419.6754193286 17.340818 0.140250910788593
56419.6862134955 16.258645 0.155136021467342
56419.6970036112 17.43455 0.462119906275806
56426.6264518517 17.237958 0.110092968870701
56426.6372210186 17.333195 0.114176566140639
56426.647985787 17.314234 0.113467073178242
56426.6586498496 17.282824 0.112410970847251
56446.5661760535 17.492775 0.12276551132888
56446.5776194444 17.484448 0.122351950006919
56446.5890595832 17.626335 0.129431768015611
56446.6004519214 17.492097 0.122852058934663
56495.4872764465 17.236611 0.127639241101934
56495.496207118 17.263216 0.129174195224502
56495.5052718171 17.32983 0.13318632553525
56495.5141236689 17.299023 0.131812802558438
