53726.672833 15.6926 0.100
53726.680551 15.7515 0.105
53726.688278 15.7312 0.103
53726.696002 15.6627 0.098
53704.700480 15.7653 0.107
53704.706471 15.7409 0.167
53704.712552 15.9145 0.150
53704.718537 15.8434 0.130
53831.469846 15.7231 0.089
53831.480318 15.7344 0.089
53831.490914 15.7845 0.091
53831.501660 15.811 0.091
53851.454410 16.0366 0.086
53851.468373 15.9841 0.085
53851.481991 15.8753 0.083
53851.495347 15.8078 0.081
53760.698824 15.6872 0.099
53760.708533 15.7277 0.101
53760.718278 15.6909 0.100
53760.727793 15.6824 0.100
53923.430718 15.6828 0.084
53923.439687 15.7823 0.086
53923.448407 15.8225 0.088
53923.457099 15.7696 0.087
53899.422557 15.8673 0.095
53899.432011 15.8194 0.093
53899.441462 15.7735 0.092
53899.450923 15.7474 0.091
53806.528051 15.6984 0.089
53806.536819 15.6898 0.089
53806.546015 15.7637 0.091
53806.555344 15.7825 0.091
53820.482409 15.8661 0.093
53820.492684 15.909 0.094
53820.503252 15.969 0.096
53820.514201 15.9745 0.096
53859.505034 15.7894 0.092
53859.515282 15.8369 0.093
53859.525592 15.929 0.096
53859.535910 15.9201 0.096
53876.459672 15.753 0.091
53876.468783 15.7169 0.090
53876.477967 15.7212 0.090
53876.487114 15.7768 0.093
53882.450824 15.7368 0.091
53882.460375 15.7415 0.091
53882.469901 15.7315 0.091
53882.479445 15.6879 0.092
54195.619418 15.9989 0.109
54195.629646 15.9741 0.109
54195.639907 15.9872 0.109
54195.650124 16.0258 0.111
54209.546768 15.997 0.110
54209.555274 15.9949 0.110
54209.563768 15.9523 0.109
54209.572294 15.9263 0.108
54444.649529 15.6665 0.101
54444.658780 15.6944 0.101
54444.667982 15.6562 0.099
54444.677043 15.7934 0.103
54150.644100 15.8878 0.108
54150.653412 15.8141 0.109
54150.662480 15.7444 0.106
54120.659884 16.0006 0.085
54120.671142 15.9886 0.085
54120.682641 15.8933 0.083
54120.694289 15.8608 0.082
54287.411782 16.0163 0.092
54287.421700 16.0122 0.093
54287.431620 16.0629 0.094
54287.441563 16.0261 0.094
54181.656312 15.7567 0.089
54181.670146 15.8169 0.091
54181.683944 15.8776 0.093
54181.697706 15.9263 0.095
54187.436398 15.6796 0.109
54187.443218 15.7307 0.100
54226.531869 15.9792 0.094
54226.545855 15.9573 0.094
54226.559888 16.0202 0.096
54226.573968 15.92 0.094
54240.541394 15.9135 0.093
54240.550660 15.869 0.092
54240.560000 15.8536 0.092
54240.569206 15.8131 0.091
54810.699762 15.7603 0.097
54810.704861 15.8925 0.099
54810.709947 15.8433 0.098
54810.715023 15.8949 0.099
54505.652944 15.8868 0.101
54505.662728 15.8228 0.099
54505.672256 15.7337 0.096
54505.681678 15.7735 0.097
54512.638430 15.7189 0.077
54512.655574 15.7886 0.079
54512.672696 15.7189 0.077
54512.689445 15.7473 0.078
54478.679736 15.6841 0.098
54478.691410 15.7245 0.098
54478.703484 15.8089 0.101
54478.716857 15.8624 0.103
54652.423517 15.8226 0.093
54652.430639 15.6779 0.101
54652.437503 16.0476 0.236
54652.444376 15.8927 0.095
54661.368711 16.0304 0.087
54661.378560 15.986 0.086
54661.388392 15.6181 0.078
54661.398222 16.0538 0.088
54622.449182 15.7135 0.077
54622.460610 15.7147 0.078
54622.472063 15.8135 0.079
54622.483534 15.8702 0.081
54526.609752 15.7595 0.096
54526.619536 15.7939 0.097
54526.629383 15.8067 0.098
54526.638897 15.8608 0.099
54534.631423 15.9247 0.103
54534.641901 15.8349 0.100
54534.652304 15.7701 0.098
54534.662736 15.7921 0.099
54589.566001 15.7474 0.079
54589.574170 15.7075 0.079
54589.582345 15.7554 0.080
54589.590515 15.7318 0.079
54598.470384 15.7152 0.086
54598.479483 15.742 0.087
54598.488431 15.7864 0.088
54598.497396 15.7547 0.088
54614.473739 15.8507 0.080
54922.609837 15.9318 0.096
54922.618207 15.9889 0.099
54922.626573 15.9795 0.098
54922.634937 16.0068 0.101
54938.591070 15.7573 0.079
54938.599367 15.7996 0.080
54938.607437 15.7925 0.080
54938.615552 15.8362 0.082
54949.478615 15.9493 0.089
54949.486769 16.0368 0.092
54949.494876 16.0125 0.099
54867.570844 16.0417 0.089
54867.583983 15.9829 0.087
54867.597415 15.9713 0.086
54867.611133 15.9134 0.084
54885.699189 15.9436 0.085
54885.709839 15.9996 0.086
54885.720527 16.0724 0.088
54885.731216 16.1344 0.090
54855.730955 15.8885 0.083
54855.742355 15.8984 0.083
55004.441458 15.8671 0.090
55004.447905 15.8225 0.090
55004.454503 15.8297 0.091
55004.461400 15.758 0.091
54895.630003 15.949 0.084
54895.635370 15.9367 0.084
54895.640739 15.9216 0.084
54895.646154 15.8629 0.082
54907.605845 16.0055 0.097
54907.614329 16.0825 0.099
54907.622776 15.8907 0.094
54907.631233 15.8644 0.093
54915.620059 15.831 0.077
54915.633093 15.8931 0.078
54915.646134 15.9374 0.079
54915.659185 15.95 0.079
54968.485508 16.0118 0.100
54968.491603 15.9719 0.111
54968.497713 15.8033 0.097
54968.503905 15.6836 0.131
55297.565051 16.0933 0.284
55307.448193 15.9155 0.090
55237.613485 15.9516 0.088
55217.619828 15.8045 0.096
55217.649862 15.7786 0.095
55381.414837 16.1157 0.093
55381.434737 16.167 0.094
55361.471607 15.8962 0.086
55361.487947 15.9478 0.088
55263.601859 15.822 0.085
55274.562796 16.1087 0.108
55327.502517 16.153 0.086
55327.544930 15.9343 0.082
55673.494102 15.7359 0.075
55673.532435 15.7603 0.076
55596.617887 15.6934 0.070
55596.657672 14.9231 0.196
55621.751405 15.7741 0.074
55621.780967 15.8791 0.076
55647.635640 15.74 0.076
55647.678341 15.7825 0.078
55684.536159 15.7408 0.077
55684.566028 15.8446 0.080
55708.458006 15.8526 0.079
55708.467868 15.8049 0.078
55708.477761 15.7887 0.078
55708.487780 15.7962 0.078
55596.696371 16.0644 0.076
55596.736471 15.9513 0.073
55738.405063 15.8463 0.086
55738.416877 15.7999 0.085
55738.428684 15.787 0.084
55738.440420 15.7574 0.084
56001.639928 15.7932 0.075
56001.651248 15.7364 0.092
56001.662633 15.6589 0.108
56001.674042 15.7538 0.093
56028.574085 15.8225 0.076
56028.587609 15.8662 0.077
56028.601083 15.9353 0.079
56028.614631 15.9827 0.080
56043.486073 16.0891 0.080
56043.496639 16.1181 0.080
56043.507287 16.0349 0.079
56043.517966 16.0391 0.079
56092.454145 15.7292 0.085
56092.462478 15.7589 0.082
56092.470819 15.7084 0.086
56092.479155 15.7332 0.084
56273.719243 15.7584 0.079
56273.726949 15.7311 0.079
56273.734636 15.6019 0.076
56273.742198 15.5179 0.074
56358.627067 15.6956 0.086
56358.636658 15.758 0.088
56358.646418 15.7711 0.088
56358.656128 15.8434 0.090
56375.517748 16.0477 0.083
56375.527707 15.9091 0.080
56375.537678 15.9539 0.081
56375.547539 15.812 0.078
56387.514299 15.9669 0.082
56387.527379 15.8273 0.084
56387.541158 15.822 0.082
56387.554184 15.7497 0.082
56406.502709 15.7316 0.072
56406.513279 15.6854 0.071
56406.523904 15.6862 0.071
56406.534519 15.7208 0.072
56419.413157 15.84 0.079
56419.420400 15.7948 0.078
56419.427535 15.755 0.078
56419.434821 15.7461 0.077
56479.395178 15.6511 0.075
56479.402251 15.6514 0.075
56479.409314 15.7183 0.076
56479.416614 15.7175 0.076
