53605.437707 17.4486 0.186
53605.449495 17.6497 0.207
53605.461795 17.4693 0.189
53605.473428 17.4891 0.192
53556.544424 17.4533 0.209
53556.551271 17.5283 0.217
53556.558074 17.3818 0.202
53556.564919 17.4269 0.207
53578.506170 17.612 0.197
53578.512730 17.5326 0.190
53578.519306 17.5846 0.195
53578.525868 17.7298 0.210
53831.650086 17.7278 0.204
53831.661838 17.5726 0.190
53831.672930 17.7113 0.203
53831.683627 17.5998 0.192
53845.698327 17.5043 0.183
53845.706217 17.4392 0.178
53845.714101 17.7309 0.205
53845.721956 17.409 0.176
53959.457508 17.4421 0.163
53959.466197 17.5985 0.176
53959.474884 17.6517 0.181
53959.483596 17.5335 0.172
53975.426348 17.5706 0.221
53975.434880 17.4945 0.213
53975.443409 17.3719 0.202
53975.451967 17.4626 0.214
53919.500809 17.8813 0.250
53919.509809 17.9006 0.257
53919.518860 17.6353 0.222
53919.527901 17.4673 0.202
53928.430604 17.5852 0.210
53928.439136 17.366 0.189
53928.447639 17.6224 0.215
53928.456181 17.5888 0.211
53946.433033 17.6434 0.177
53946.444497 17.5884 0.174
53946.455952 17.8339 0.194
53946.467423 17.7299 0.186
53889.492739 17.4033 0.147
53889.503619 17.4366 0.149
53889.514267 17.3922 0.146
53889.524749 17.6043 0.160
53900.588398 17.4434 0.194
53900.597905 17.4026 0.190
53900.607494 17.4676 0.197
53900.617102 17.3337 0.185
53806.712832 17.3884 0.175
53806.721126 17.4573 0.180
53806.728579 17.2463 0.163
53806.735829 17.4602 0.180
53820.666217 17.8054 0.210
53820.677485 17.8014 0.242
53820.688430 17.047 0.289
53820.698461 18.0878 0.347
53860.627180 17.7039 0.145
53860.639243 17.695 0.145
53860.651304 17.715 0.146
53860.663360 17.6668 0.143
53873.601255 17.478 0.185
53873.611131 17.5881 0.194
53873.621011 17.6199 0.198
53873.630890 17.7994 0.226
53878.590313 17.6257 0.196
53878.600199 17.586 0.193
53878.610078 17.8205 0.216
53878.619924 17.6609 0.200
54000.398892 17.7106 0.244
54000.403265 17.4749 0.218
54000.407638 17.7569 0.252
54000.412002 17.4552 0.217
54200.731447 17.4698 0.174
54200.736870 17.4947 0.175
54200.742287 17.3762 0.166
54200.747724 17.3908 0.167
54209.678885 17.5602 0.227
54209.689597 17.5293 0.224
54209.700321 17.6316 0.236
54209.711026 17.6823 0.242
54316.379158 17.4935 0.203
54316.384336 17.4495 0.200
54316.389519 17.6181 0.216
54316.394646 17.7148 0.228
54155.692230 17.6647 0.193
54155.703481 17.5733 0.185
54155.714995 17.6317 0.190
54285.549564 17.7867 0.190
54285.557856 17.8693 0.199
54285.566062 17.5602 0.171
54285.574266 17.595 0.175
54256.645456 17.4743 0.183
54256.659023 17.3688 0.176
54256.685191 17.5032 0.192
54256.707401 17.8606 0.231
54265.550871 17.7028 0.223
54265.560703 17.6471 0.218
54265.570584 17.5163 0.206
54265.580455 17.6657 0.238
54173.666246 17.4512 0.173
54173.676454 17.267 0.159
54173.686726 17.5611 0.182
54173.697313 17.5504 0.181
54181.764009 17.356 0.167
54181.770020 17.5764 0.185
54181.776106 17.53 0.181
54181.782119 17.4272 0.173
54187.696444 17.7199 0.244
54187.707673 17.7778 0.252
54187.718792 17.8347 0.259
54187.729879 17.72 0.245
54226.709705 18.1111 0.239
54226.718494 17.5738 0.185
54226.727282 17.4587 0.175
54226.736017 17.0536 0.146
54234.626121 17.7356 0.247
54234.636940 17.7752 0.253
54234.647746 17.8101 0.258
54234.658516 17.482 0.218
54344.403721 17.6279 0.179
54344.413547 17.5283 0.172
54344.423356 17.6925 0.186
54344.433156 17.4854 0.170
54691.478747 17.5976 0.140
54691.484695 17.8084 0.153
54691.490668 17.7153 0.147
54691.496617 17.736 0.149
54491.687145 17.7747 0.210
54491.697835 17.9879 0.231
54491.708609 17.9615 0.226
54491.719312 17.6088 0.189
54675.482708 17.5871 0.157
54675.493667 17.545 0.158
54675.504604 17.5838 0.159
54675.515552 17.4584 0.151
54644.525698 17.6432 0.158
54644.536015 17.6934 0.160
54644.546426 17.8986 0.177
54644.556821 17.7371 0.198
54526.770030 17.8465 0.242
54526.774680 17.6569 0.220
54526.779186 17.7215 0.227
54526.783707 17.7116 0.226
54592.618459 17.5379 0.178
54592.626985 17.5081 0.174
54592.635564 17.5194 0.176
54592.644089 17.5195 0.176
54599.524176 17.7684 0.163
54599.532905 17.7849 0.164
54599.541844 17.5673 0.150
54599.550992 17.6449 0.154
54615.654836 17.5296 0.130
54615.661414 17.4832 0.128
54615.668025 17.4918 0.128
54615.674625 17.4473 0.126
54923.754104 17.5872 0.156
54923.763806 17.466 0.149
54923.773581 17.5506 0.155
54923.783332 17.491 0.151
54943.599595 17.428 0.129
54943.609188 17.5449 0.135
54943.618838 17.4854 0.131
54943.628307 17.4251 0.128
55045.407615 17.4924 0.192
55045.415865 17.4521 0.189
55045.424127 17.9927 0.247
55045.432390 17.742 0.217
54869.717268 17.7722 0.150
54869.723369 17.6206 0.140
54869.729420 17.6602 0.142
54869.735568 17.6245 0.140
54993.538505 17.7617 0.154
54993.550255 17.9974 0.172
54993.562087 17.6333 0.145
54993.574028 17.8734 0.161
55004.510797 17.6592 0.202
55011.473330 17.4711 0.203
55011.480930 17.3489 0.192
55011.488501 17.7676 0.240
55011.496078 17.5354 0.215
54892.686521 17.6392 0.276
54892.693460 17.7605 0.315
54892.700578 17.4987 0.191
54892.707825 17.5177 0.187
54910.625530 17.6587 0.203
54910.633959 17.7029 0.208
54910.642613 17.6469 0.201
54910.651216 17.6406 0.201
54955.643195 17.3538 0.144
54955.653947 17.4029 0.148
54955.664801 17.5315 0.157
54955.675600 17.5095 0.155
54966.678772 17.3481 0.179
54966.685533 17.429 0.187
54966.692333 17.4445 0.189
54966.699175 17.3351 0.180
54975.602926 17.5653 0.150
54975.613336 17.4541 0.144
54975.623795 18.3263 0.383
54975.634280 17.5305 0.141
55301.729190 17.7601 0.145
55223.702988 17.6298 0.183
55223.729917 17.6915 0.180
55381.544658 17.3815 0.156
55353.584743 17.6297 0.248
55353.623624 17.5346 0.238
55360.629962 17.8427 0.161
55360.655556 17.7665 0.157
55263.743834 17.7526 0.180
55323.620463 17.6882 0.285
55337.574136 17.6519 0.182
55337.607872 17.6143 0.176
55654.653412 17.491 0.124
55654.679428 17.6693 0.134
55722.505431 17.6957 0.150
55634.745407 17.4143 0.157
55634.789728 17.4798 0.161
55685.651947 17.5803 0.164
55685.683982 17.3719 0.151
55709.518639 17.482 0.138
55709.528876 17.499 0.138
55709.539010 17.4501 0.137
55709.549183 17.5903 0.145
55745.497856 17.735 0.153
55745.507738 17.6631 0.149
55745.517740 17.5544 0.143
55745.527638 17.659 0.151
55774.456564 17.5623 0.134
55774.469291 17.6299 0.139
55774.482105 17.7817 0.147
55774.494862 17.8917 0.154
56046.723311 17.6578 0.142
56046.735392 17.6182 0.140
56046.747581 17.6843 0.144
56046.759837 17.6607 0.143
56066.601500 17.5714 0.157
56066.610951 17.8791 0.179
56066.620436 17.7031 0.165
56066.630022 17.7692 0.170
56076.575048 17.3568 0.131
56076.584267 17.4661 0.136
56076.593551 17.4458 0.135
56076.602789 17.518 0.138
56090.549583 17.6306 0.144
56090.560925 17.6846 0.149
56090.572367 17.8205 0.160
56090.583699 17.7611 0.159
56115.441314 17.8834 0.123
56115.456399 18.0499 0.131
56115.471651 17.9275 0.128
56115.486889 17.7437 0.119
56150.421954 17.736 0.155
56150.433261 17.8422 0.163
56150.444667 17.7551 0.158
56150.456238 17.7925 0.162
56180.421908 17.6518 0.158
56180.427239 17.5226 0.151
56180.433585 17.6393 0.163
56180.439034 17.6289 0.162
56366.663177 17.6234 0.189
56366.672489 17.7189 0.197
56366.704512 17.5905 0.186
56366.714642 17.7088 0.196
56395.589632 17.5467 0.146
56395.600166 17.6358 0.153
56395.610907 17.8236 0.200
56395.621352 17.8187 0.163
56405.623955 17.6818 0.134
56405.636557 17.5326 0.126
56405.648851 17.4822 0.125
56405.661397 17.6357 0.133
56432.454622 17.404 0.123
56432.465972 17.3646 0.121
56432.477384 17.4719 0.126
56432.489052 17.4176 0.124
56446.614515 17.8428 0.143
56446.625211 17.7377 0.137
56446.636187 17.7739 0.140
56446.646953 17.9357 0.149
