53694.689372 11.9221 0.053
53694.701001 11.9194 0.053
53694.712681 11.9192 0.053
53694.724323 11.9256 0.053
53723.663179 11.9402 0.053
53723.675208 11.9377 0.053
53723.687338 11.9417 0.053
53723.700278 11.936 0.053
53738.648154 12.1679 0.059
53738.655895 12.104 0.054
53738.663891 12.1467 0.054
53738.671702 12.1469 0.054
53758.725190 11.8447 0.055
53758.735351 11.9578 0.057
53758.745784 11.8924 0.056
53758.756349 12.1745 0.070
53773.559686 11.9661 0.054
53773.569482 11.9704 0.054
53773.579922 11.9427 0.054
53773.589622 11.9583 0.054
53812.625958 12.035 0.052
53812.635686 12.0212 0.052
53812.659505 11.9907 0.052
53812.681182 11.9718 0.052
53823.579663 11.9939 0.052
53823.593257 11.9673 0.052
53823.606851 11.7586 0.053
53825.478834 11.9373 0.052
53825.488274 11.9309 0.052
53825.498457 11.9318 0.052
53825.507806 11.9279 0.052
53849.477150 11.9152 0.052
53849.489215 11.9287 0.052
53849.501289 11.9197 0.052
53849.513337 11.9091 0.052
53850.389638 11.9151 0.052
53850.400873 11.9219 0.052
53850.412137 11.947 0.053
53850.423256 11.9555 0.053
53859.461135 11.9178 0.053
53859.471406 11.9109 0.053
53859.481662 11.9087 0.053
53859.491963 11.9159 0.053
53877.434876 11.9628 0.053
53877.443497 11.9646 0.053
53877.457507 11.9689 0.053
53877.466155 11.9588 0.053
53877.475124 11.9493 0.053
53877.483829 11.9421 0.053
53890.376702 11.9006 0.052
53890.386940 11.8989 0.052
53890.397162 11.8912 0.052
53890.407409 11.9017 0.052
53921.356990 11.9255 0.052
53921.363536 11.9262 0.052
53921.370073 11.9291 0.052
53921.376610 11.9362 0.052
54037.734334 11.9386 0.053
54037.739497 11.9453 0.053
54037.744656 11.9403 0.053
54037.749797 11.9181 0.053
54062.702533 11.9331 0.053
54062.712426 11.9392 0.053
54062.722294 11.9319 0.053
54062.732191 11.9323 0.053
54131.666225 11.9387 0.054
54131.674777 11.9309 0.054
54131.683326 11.9461 0.054
54131.691884 11.9328 0.054
54140.734856 11.9582 0.054
54140.739991 11.9536 0.054
54140.745143 11.9352 0.054
54140.750282 11.9494 0.054
54168.628640 11.9727 0.054
54168.639846 11.9714 0.054
54168.651078 11.9757 0.054
54168.662307 11.9684 0.054
54181.621503 11.9503 0.053
54181.631221 11.9518 0.053
54181.640934 11.9595 0.053
54181.650655 11.9449 0.053
54186.517391 11.9367 0.053
54186.526827 11.9405 0.053
54186.536276 11.9431 0.053
54186.545746 11.9435 0.053
54197.495944 11.9395 0.054
54197.506240 11.9489 0.054
54197.516543 11.9449 0.054
54197.526858 11.9422 0.054
54208.525209 11.9502 0.054
54208.533809 11.9367 0.054
54208.542499 11.9481 0.054
54208.551128 11.9475 0.054
54225.376349 11.9744 0.054
54225.383731 11.9876 0.054
54225.391134 11.9913 0.054
54225.398638 11.975 0.054
54240.421239 11.9112 0.052
54240.429957 11.9146 0.052
54240.438684 11.9057 0.052
54240.447395 11.91 0.052
54245.428826 11.9123 0.054
54245.437350 11.9219 0.054
54245.445867 11.9194 0.054
54245.454412 11.9043 0.054
54261.388821 11.9037 0.053
54261.397536 11.9014 0.053
54261.406263 11.9026 0.053
54298.359172 11.9013 0.052
54298.365764 11.8983 0.052
54298.372336 11.9067 0.052
54298.378911 11.8958 0.052
54408.706503 11.9046 0.054
54408.715339 11.9064 0.053
54408.724174 11.8975 0.053
54408.732987 11.8937 0.053
54454.665834 12.2004 0.053
54454.673253 12.1976 0.053
54454.680092 12.1959 0.053
54477.576200 11.905 0.054
54477.587158 11.9113 0.054
54477.598277 11.9163 0.054
54477.621202 11.9283 0.054
54506.644489 12.0712 0.052
54506.654334 12.0518 0.053
54506.664220 12.0746 0.053
54506.674029 12.0681 0.053
54510.634486 11.9034 0.052
54510.647548 11.8826 0.052
54510.660593 11.8933 0.052
54510.673641 11.8869 0.052
54526.567446 11.8859 0.053
54526.577217 11.8857 0.053
54526.586749 11.8855 0.053
54526.596262 11.885 0.053
54534.561513 11.899 0.053
54534.570373 11.8978 0.053
54534.579177 11.8908 0.053
54534.587984 11.8901 0.053
54588.487616 11.9839 0.052
54588.495802 11.9924 0.052
54588.503996 12.0058 0.052
54588.512178 12.0086 0.052
54602.441756 11.915 0.052
54602.448356 11.9144 0.052
54602.454969 11.9067 0.052
54602.461509 11.9117 0.052
54614.426216 11.8056 0.054
54614.434398 11.9263 0.054
54614.456075 11.8238 0.052
54614.464226 11.8865 0.052
54839.602740 11.9212 0.052
54839.616140 11.9208 0.052
54839.629630 11.9126 0.052
54839.643306 11.911 0.052
54857.726792 11.8576 0.052
54857.737540 11.872 0.052
54857.748342 11.8589 0.052
54857.759250 11.8678 0.052
54867.509421 11.9356 0.052
54867.522869 11.9437 0.052
54867.536083 11.9439 0.052
54867.549196 11.929 0.052
54894.650982 12.0722 0.052
54894.664458 12.0729 0.052
54894.677905 12.0684 0.052
54894.691357 12.0557 0.052
54908.555874 11.8853 0.053
54908.564298 11.8964 0.053
54908.572728 11.8821 0.053
54908.581168 11.8843 0.053
54915.551654 11.9308 0.052
54915.559702 11.9296 0.052
54915.567714 11.927 0.052
54915.575781 11.9244 0.052
54922.545782 11.9385 0.052
54922.555922 11.9345 0.052
54922.566064 11.941 0.052
54949.421515 11.994 0.051
54949.429584 11.9774 0.051
54949.437559 11.9604 0.051
54949.445581 11.9425 0.051
54966.442269 11.9001 0.053
54966.452406 11.8984 0.053
54966.462553 11.8947 0.053
54966.472652 11.9568 0.071
54966.494464 11.8902 0.053
54966.504622 11.8852 0.053
54966.514823 11.8803 0.053
54966.524955 11.887 0.053
54975.396372 11.9412 0.052
54975.404943 11.9243 0.052
54975.413577 11.9354 0.052
54975.422201 11.9952 0.053
55005.350412 11.9093 0.052
55005.355772 11.9252 0.052
55005.361176 11.905 0.052
55005.366577 11.916 0.052
55160.702728 11.9234 0.053
55160.710179 11.9287 0.053
55160.717723 11.9121 0.053
55160.725213 11.8859 0.053
55205.662825 12.1511 0.060
55205.713290 11.8691 0.052
55207.658619 11.9453 0.052
55207.702233 11.9459 0.052
55247.625560 11.9007 0.053
55270.620259 11.8477 0.052
55294.527329 11.8545 0.052
55301.533798 11.8575 0.052
55328.370271 11.8664 0.052
55360.415843 11.8778 0.052
55380.383820 11.8737 0.052
55380.398342 11.8754 0.052
55561.730962 11.8676 0.052
55588.678165 11.9539 0.051
55588.715219 11.9844 0.051
55615.572287 11.9017 0.052
55615.608040 11.8805 0.052
55645.508279 11.8744 0.052
55673.425341 12.1991 0.052
55673.476432 12.2095 0.052
55695.462806 12.0503 0.052
55695.472389 12.0085 0.052
55695.491426 11.9659 0.052
55736.388758 12.0323 0.052
55736.397218 12.0286 0.052
55736.405665 11.9982 0.052
55736.414156 11.9857 0.052
56001.526995 11.9463 0.052
56001.539026 11.8868 0.054
56001.551305 11.8947 0.052
56001.563610 11.8693 0.052
56028.504309 11.9389 0.051
56028.518359 11.9342 0.051
56028.532480 11.9297 0.051
56028.546623 11.9432 0.051
56058.448217 11.8444 0.051
56058.462224 11.8498 0.051
56058.476348 11.8404 0.051
56058.490490 11.8613 0.051
56274.669475 12.2488 0.052
56274.679422 12.2527 0.052
56274.688814 12.2402 0.052
56274.698025 12.2298 0.053
56358.589557 11.9471 0.052
56358.599429 11.9336 0.052
56358.609270 11.9578 0.052
56358.618980 11.9366 0.052
56384.499292 11.9016 0.051
56384.513710 11.9011 0.051
56384.528170 11.902 0.051
56384.542373 11.8997 0.051
56406.449047 11.94 0.051
56406.458174 11.9445 0.051
56406.467319 11.9407 0.051
56406.476509 11.9326 0.051
56426.479443 11.8965 0.051
56426.485794 11.8949 0.051
56426.492277 11.9016 0.051
56426.498642 11.915 0.051
56459.385864 11.9098 0.052
56459.396917 11.8922 0.052
56459.406441 11.8742 0.052
56459.416103 11.9099 0.052
