53561.588388 17.6761 0.204
53561.598129 18.0383 0.218
53561.607601 17.8698 0.200
53561.616475 17.8 0.215
53692.427321 17.5374 0.256
53692.433895 17.6677 0.275
53692.440510 17.7883 0.296
53692.447121 17.6009 0.271
53692.453711 17.8545 0.313
53649.421858 17.9211 0.309
53649.431482 17.7065 0.274
53649.441170 18.1009 0.345
53664.419241 18.0112 0.256
53664.427422 17.7848 0.229
53664.435587 18.0017 0.256
53664.443774 17.7545 0.226
53614.420261 17.6435 0.178
53614.433376 17.8231 0.191
53614.446562 17.7754 0.187
53614.459289 17.768 0.187
53636.424085 17.6759 0.166
53636.436728 17.8001 0.183
53636.449356 17.8799 0.210
53636.461976 17.8859 0.211
53972.485708 17.6402 0.211
53972.492995 17.7551 0.227
53972.500311 17.6866 0.418
53972.508200 17.8706 0.529
53973.437243 18.0283 0.261
53973.445263 18.0344 0.261
53973.453127 18.0538 0.264
53973.460699 17.9333 0.248
53942.474364 17.8851 0.252
53942.480659 17.9489 0.254
53942.487329 17.8806 0.245
53942.493861 18.0341 0.266
53806.750642 17.8135 0.225
53806.758719 18.1369 0.258
53806.766727 17.982 0.342
53821.733279 17.5919 0.194
53821.737231 17.6261 0.196
53821.741190 17.6941 0.202
53821.745169 17.6842 0.201
53865.670673 17.8742 0.220
53865.679730 17.6717 0.199
53865.688675 17.7193 0.203
53865.697673 17.8616 0.218
53881.664089 17.9514 0.233
53881.675853 17.8771 0.234
53881.688441 18.0843 0.452
53881.700878 18.0802 0.283
54017.462089 17.8621 0.246
53989.447553 17.8124 0.403
53990.479502 17.601 0.212
53990.488025 17.6238 0.214
53990.496521 17.6363 0.216
53990.505021 17.7 0.222
53994.422586 17.6748 0.222
53994.431082 17.8396 0.241
53994.439636 17.891 0.248
53994.448184 17.903 0.261
54005.450645 17.9393 0.253
54005.459587 17.9887 0.261
54005.468385 18.0652 0.270
54005.477161 17.93 0.253
54316.498471 17.9865 0.528
54316.523216 18.1029 0.396
54295.556774 17.5291 0.352
54295.564098 17.6594 0.408
54260.568164 17.9379 0.235
54260.576974 17.8225 0.219
54260.585809 17.8755 0.224
54260.594686 18.0196 0.238
54274.664884 17.7763 0.231
54274.674823 17.8598 0.242
54274.684696 17.8143 0.237
54274.694622 17.8201 0.239
54169.754822 17.0577 0.177
54169.762014 17.5134 0.221
54169.769201 17.7227 0.245
54169.776399 17.5386 0.222
54236.644134 17.9868 0.429
54236.651010 18.0089 0.293
54236.657918 18.0168 0.295
54236.664810 17.9705 0.286
54377.430395 17.7939 0.242
54377.439791 17.6769 0.228
54377.449270 17.7158 0.234
54377.458691 17.5827 0.218
54362.407085 17.6576 0.225
54362.415428 17.7482 0.236
54362.423682 17.7595 0.238
54362.431916 17.7918 0.242
54704.402948 17.8042 0.169
54704.410815 17.7816 0.166
54704.418829 17.7877 0.166
54704.426804 17.8082 0.167
54677.546733 17.7754 0.165
54677.552296 17.6947 0.159
54677.557928 17.7623 0.164
54677.563426 17.7622 0.164
54622.656912 17.8715 0.169
54622.673023 18.0329 0.183
54622.689026 17.7363 0.163
54622.704706 17.7343 0.178
54644.673965 17.6583 0.154
54644.685515 17.6866 0.156
54644.697091 17.8733 0.169
54644.708683 17.9418 0.177
54535.763456 17.908 0.265
54535.767948 17.6551 0.232
54535.772482 18.084 0.290
54535.776986 18.0681 0.287
54594.629289 17.6222 0.183
54594.636622 17.4899 0.172
54594.643932 17.5995 0.180
54594.651360 17.4757 0.170
54614.750809 17.6206 0.150
54614.764112 17.7548 0.159
54614.777192 17.7346 0.158
54614.790329 17.769 0.161
54757.391848 17.7169 0.216
54757.400752 17.7612 0.221
54757.409662 17.6706 0.212
54757.418610 17.7439 0.221
54729.404890 17.9865 0.242
54729.412624 17.9114 0.232
54729.420291 18.1034 0.257
54729.427917 17.8464 0.225
55032.595479 17.5638 0.197
55032.603211 17.4301 0.185
55032.610865 17.5367 0.195
55032.618519 17.466 0.189
55032.626310 17.4465 0.187
54954.606591 17.6148 0.167
54954.617064 17.5572 0.159
54954.627558 17.3897 0.147
54954.638106 17.6982 0.168
55123.442175 17.7842 0.172
55123.452779 17.8747 0.180
55123.463405 17.8939 0.181
55123.474025 18.0291 0.195
55083.484591 17.8443 0.127
55083.501330 17.7479 0.122
55083.518092 17.7287 0.121
55083.534838 17.5866 0.119
55397.483309 17.6643 0.166
55397.521737 17.8809 0.182
55275.750330 17.9083 0.203
55330.608956 17.7242 0.183
55330.648208 17.7293 0.184
55487.430983 17.593 0.166
55487.461037 17.688 0.173
55709.576037 17.8922 0.166
55709.584487 17.6953 0.154
55709.593055 17.7164 0.155
55709.601601 17.8239 0.163
53972.516004 17.6451 0.294
54029.435882 17.6322 0.217
54029.443598 17.4558 0.199
54029.451347 17.6141 0.216
54029.459096 17.6536 0.221
55660.716593 17.5705 0.205
55735.693522 17.9141 0.169
55735.703354 18.1392 0.190
55735.713444 17.8927 0.170
55735.723385 18.1049 0.189
55769.591632 17.7501 0.141
55769.604307 17.8389 0.148
55769.617089 17.7681 0.142
55769.629894 17.7538 0.142
55805.540676 17.7549 0.164
55805.554243 17.8845 0.174
55805.567945 17.8055 0.169
55805.581679 17.8279 0.173
55849.430835 17.5928 0.154
55849.440941 17.2735 0.134
55849.451010 17.4964 0.148
55849.461139 17.3708 0.138
56065.599044 17.699 0.146
56065.610766 17.806 0.151
56065.622212 17.764 0.148
56065.633691 17.5392 0.144
56108.471990 17.7219 0.149
56108.478295 17.5306 0.138
56108.484638 17.6895 0.149
56108.492104 15.0634 0.137
56150.511403 18.0468 0.176
56150.519925 17.9755 0.171
56150.528553 18.0467 0.178
56150.536993 18.0628 0.178
56182.494488 17.9863 0.179
56182.505720 18.065 0.186
56182.516992 17.9815 0.179
56182.528261 17.8704 0.171
56213.424826 18.2042 0.169
56213.435321 18.199 0.169
56213.445981 18.1863 0.168
56213.456606 18.0338 0.157
56243.416034 17.5996 0.137
56243.424099 17.6894 0.144
56243.431822 17.5473 0.136
56243.439581 17.524 0.137
56383.738164 17.4516 0.137
56383.746059 17.4964 0.139
56383.753888 17.6498 0.149
56383.761725 17.6465 0.148
56415.760239 17.7546 0.210
56415.770405 17.8452 0.171
56415.778514 17.875 0.205
56415.786384 17.8528 0.220
56451.700489 18.0094 0.154
56451.712677 18.0228 0.159
56451.724855 18.0407 0.158
56451.736994 17.9148 0.151
56490.453768 17.9927 0.179
56490.462753 17.8646 0.171
56490.471795 17.9254 0.174
56490.480956 17.8527 0.170
