53594.6086404859 17.595749 0.189403441060741
53594.6180874654 17.480068 0.179720478156812
53594.627380278 17.570544 0.187420402392631
53594.637004178 17.621607 0.192703520468457
53606.5685315392 17.192172 0.135791025095971
53606.5825153937 17.028425 0.127036012077661
53606.5964810302 17.361225 0.145893005957359
53606.610433264 17.238378 0.138621860358179
53556.6041490046 17.450317 0.196891702661228
53556.6122914931 17.533342 0.204815540152116
53556.6206415046 17.339664 0.186591177656264
53556.6290187153 17.538342 0.205497257934095
53580.6627748958 17.397656 0.168522020788935
53580.6737011806 17.342764 0.164437890634112
53580.6846285993 17.764556 0.200811209487233
53580.6955652661 17.531876 0.179910397436561
53701.4320116319 17.422488 0.205480945927945
53701.4384250694 17.432726 0.206566747906986
53701.4448542475 17.42231 0.205857260293782
53701.4512724422 17.351147 0.199669974293844
53651.497101308 17.697435 0.259955339927672
53651.5061335882 17.545288 0.241815329513645
53651.5151618288 17.51505 0.239333445785889
53651.5242604396 17.535481 0.242660250725651
53618.5553476736 17.838329 0.218374918056996
53618.5671504168 17.693277 0.204220922433048
53618.578990648 17.430899 0.179952695748323
53618.5909051388 17.421102 0.178471254974998
53635.4184780902 17.508683 0.172113424764385
53635.431454595 17.466018 0.168488152683078
53635.4442168519 17.475724 0.16940232746325
53635.4566098958 17.591012 0.178667108875315
53832.7523597224 17.336901 0.165715851359851
53832.760078102 17.28904 0.161277342857829
53832.7677856713 17.330636 0.164750266898699
53832.7756056135 17.085932 0.147702419917207
53959.5926691899 17.063572 0.132235268986029
53959.603631875 17.485669 0.158223988807968
53959.6146084489 17.300443 0.146173602324246
53959.6255416088 17.536951 0.162508570285266
53973.5274404284 17.309565 0.177684823396978
53973.5381103937 17.363185 0.182786350455414
53973.5488216781 17.376233 0.184060162020279
53973.5596490625 17.473958 0.193585266597557
53924.5410055094 17.239235 0.147363496424015
53924.5508782868 17.039155 0.136300258218484
53924.560771632 17.226027 0.14860033234761
53924.5706818169 17.294344 0.154456078254784
53947.5520467246 17.731682 0.178337662349351
53947.5664322223 17.510885 0.160512515616333
53947.5817753933 17.506547 0.159661810188209
53947.5958125 17.336106 0.148151594804564
53889.6454000464 17.423282 0.144681411161588
53889.6519998494 17.508138 0.149886910927429
53889.6585635417 17.509001 0.150044248143107
53889.6653205324 17.33609 0.139100131866831
53860.7701641666 17.429746 0.106706994790422
53860.785392419 17.33511 0.103147088960805
53860.8010669677 17.864752 0.132988257011503
53860.8163378011 17.337354 0.103082977548924
53876.6221159028 17.348584 0.192504944083927
53876.6320407062 17.264204 0.164773772337841
53876.6419609605 17.326891 0.168827918722559
53876.651828264 17.493554 0.181650412056709
54059.4147838658 17.544043 0.221696171946835
54059.421503449 17.31154 0.196452461421496
54059.4288392595 17.503773 0.216791023951697
54059.4355171757 17.433018 0.209623617824577
54018.5081141551 17.359551 0.188730648056829
54018.5180680092 17.320517 0.185762179297249
54018.5280770717 17.50077 0.203158099877804
54018.5380703818 17.279558 0.183741783476648
53990.5419020254 17.41561 0.188360250536657
53990.5504266551 17.412519 0.188298749598199
53990.5589776735 17.399664 0.187444613481359
53990.5675323956 17.369969 0.185119287986515
54005.5273478703 17.183234 0.170748378516157
54005.5360876738 17.343916 0.184014571250444
54005.5451024884 17.261385 0.177421892911033
54005.5540032873 17.288607 0.180132819215419
54207.7427409144 17.328803 0.198112592425948
54207.751305706 17.095767 0.177130155897716
54207.7599360185 17.395184 0.203726955109519
54207.7684734954 17.309502 0.195112109484873
54316.5718617129 17.277577 0.187396194340209
54316.5781087039 17.422881 0.203252552545368
54316.5842133334 17.310257 0.195291878813611
54316.5903832523 17.103976 0.179040195454816
54238.8409428354 17.366661 0.162770794476773
54238.8465362154 17.432861 0.167408178204211
54238.8520317939 17.432822 0.16768218537473
54238.8575031827 17.488426 0.17237811076883
54431.4482928474 17.33381 0.452696713834731
54431.4523232176 17.213719 0.412911119576824
54377.4763105555 17.267374 0.180945534076085
54377.4852538311 17.379244 0.191210887692461
54377.494214236 17.341982 0.188557502679188
54377.503170822 17.307999 0.186009598370101
54388.5560724537 17.330404 0.190491360294683
54388.562688912 17.326979 0.190785810993262
54388.5692794446 17.427221 0.201681056787795
54388.5759117475 17.267869 0.187287389039721
54344.6042479165 17.274818 0.145262551947452
54344.6151586343 17.356764 0.150673921349622
54344.62606125 17.321887 0.149015585480316
54344.6369213774 17.522115 0.162891158192687
54357.4679270717 17.425065 0.1535596599673
54357.478064375 17.59157 0.165222708330403
54357.4879642823 17.458788 0.155582455331697
54357.4978107293 17.583581 0.164383429727377
54363.3955411573 17.467302 0.198476363771841
54363.4047737961 17.306903 0.18307684528346
54363.4139140739 17.225611 0.17557830693359
54363.4228815391 17.397856 0.190619196737581
54681.6547064581 17.524705 0.144142757162193
54681.6587524423 17.400397 0.137025532928569
54681.6628364003 17.472111 0.141108570013347
54681.6668746295 17.470173 0.141153543536379
54704.5294359028 17.454672 0.139731697431436
54704.537137581 17.630288 0.150502800909025
54704.5523339929 17.650074 0.151832924958647
54624.6152439004 17.468261 0.121476181783128
54624.6284953354 17.443337 0.120103490819555
54624.6417875233 17.348913 0.115621565489964
54624.655227743 17.35879 0.115777362531475
54644.7268028702 17.169714 0.122627029499841
54644.7377264467 17.223025 0.12521235546593
54644.7488576504 17.378398 0.133244158154575
54644.7599658333 17.446636 0.137203083732614
54593.7258351272 17.523412 0.122569729260724
54593.739772824 17.421397 0.116835587639385
54593.7543226852 17.452156 0.117977783941377
54593.7690078587 17.499026 0.119843606321323
54757.4662048842 17.724052 0.21011219227429
54757.4763735534 17.638766 0.201604269361122
54757.4865612152 17.793041 0.21778406142208
54757.496703264 17.805283 0.219753197939057
54728.4959695718 17.440254 0.179773166614219
54728.5049340391 17.300917 0.168964482342722
54728.5139242012 17.391241 0.176660749719773
54728.5229030207 17.197791 0.162680726830698
54739.4185628587 17.442404 0.148999117998408
54739.4271646993 17.480206 0.162218101305826
54739.4355012387 17.394702 0.1377656399146
54739.4436844213 17.309377 0.120433452492796
54929.7603572337 17.236863 0.212737737260328
54929.7701445255 17.401597 0.229692404003706
54929.7800046294 17.311635 0.218930942930176
54929.7898596297 17.319794 0.219030701334573
54944.7617592709 17.612613 0.153627013134827
54944.7725931364 17.465957 0.145397888089256
54944.7834726041 17.359844 0.138638680939151
54944.794323484 17.32288 0.14534771101127
55044.5576611113 17.217923 0.122030755086446
55044.5680315279 17.28119 0.125260589677127
55044.578062361 17.287771 0.126955033475089
55044.5881252432 17.265637 0.131061268487871
55060.4920062386 17.373385 0.138046070679493
55060.5001572454 17.370674 0.137827314455148
55060.5084261922 17.298498 0.133827856263432
55060.5169797568 17.473265 0.143167788603686
55004.6782220023 17.570348 0.241140441125198
55004.6945705557 17.506942 0.251207652004504
55004.7107251043 17.279317 0.248719216837424
55004.7266098613 17.524078 0.320441985134267
54954.7036373729 17.642262 0.194754169319576
54954.7110435531 17.749932 0.204573812828423
54954.7184544906 17.72466 0.201558243816652
54954.725889838 17.491561 0.180016199237536
55118.3971109027 17.345056 0.132955952723495
55118.4036737732 17.365724 0.134234895789939
55118.4101343169 17.216806 0.127593376262552
55118.4165593288 17.269623 0.128801082014338
55127.4894605555 17.417721 0.17975208376855
55127.4981540625 17.354281 0.175910493519015
55127.5068945602 17.371949 0.173124789771741
55127.5156953588 17.328772 0.168133908764933
55083.5588094214 17.14786 0.116987657067348
55083.5689505556 17.217235 0.120447984800739
55083.5790879744 17.393824 0.129138936498593
55083.5892174191 17.432611 0.131457263628135
55092.38735044 17.291078 0.135200861662065
55092.393803345 17.264611 0.13368833651918
55092.4002887732 17.305076 0.135728844897805
55092.4068306945 17.213244 0.130482534544458
55418.6962078586 17.43558 0.153529079044336
55418.7145506945 17.629313 0.187711682745203
55389.5896375924 16.852171 0.354104812840534
55394.600818912 17.296595 0.140715089994848
55394.6378025925 17.304372 0.141597130576791
55362.7123659838 17.271799 0.12160189323171
55362.7516881943 17.349067 0.125388631373542
55330.6692712498 17.454896 0.158868117661409
55330.7087849188 17.303947 0.147824911482156
55506.4296812383 17.341916 0.149318736926466
55506.4508541552 17.330724 0.148731013111371
55488.3997193053 17.141054 0.133695668333231
55488.4314900809 17.290022 0.14274325627096
55446.4686077316 17.704428 0.171741565682216
55446.501401817 17.397951 0.149663168200624
55664.713563507 17.445183 0.154531108508941
55664.721820185 17.330003 0.148703753837862
55664.7304323264 17.45168 0.155633762851022
55664.7388095022 17.440235 0.154977680323722
55696.7267743172 17.26868 0.139679734419471
55696.7393163424 17.304635 0.141551628865323
55696.7652296065 17.356854 0.142337274781316
55743.57419419 17.480837 0.138141412195862
55743.5827459026 17.596253 0.145458182094374
55743.5912881366 17.596515 0.145493394954602
55743.6000432175 17.606773 0.146332628527445
55770.5167629396 17.38104 0.118578012838724
55770.529573148 17.355395 0.117307325965196
55770.542449572 17.23406 0.112136873349921
55770.5558126968 17.16234 0.109080526750078
55796.561595764 17.347046 0.135044367485806
55796.5734557062 17.266636 0.130720223939762
55796.5854482986 17.299862 0.132606148462854
55796.5974908914 17.190606 0.127039014548826
55830.4831677315 17.268665 0.121196497445231
55830.4972279862 17.296671 0.122463235470706
55830.5113997109 17.398928 0.127811045957279
55830.5255846412 17.408708 0.128498077277485
56019.7315675 17.340584 0.123742131132977
56019.7421377086 17.290048 0.120882515015337
56019.7526300115 17.28193 0.120209061333857
56019.7632153703 17.397257 0.125175518063085
56065.7233700001 17.453945 0.128944085581807
56065.7348244906 17.455187 0.13729623815798
56065.7479784608 17.627546 0.136387154717066
56065.7603092593 17.77529 0.196241060360628
56097.7372659606 17.379665 0.159549574405416
56097.7479771412 17.293711 0.141068138380733
56097.7587038193 17.509494 0.143424763153913
56097.7694263424 17.384257 0.127971398056454
56129.6613851854 17.444605 0.123674605135025
56129.6728055322 17.468383 0.125056806120414
56129.6842706714 17.318771 0.118353980294395
56129.6959537616 17.242684 0.115167458338763
56154.5645606713 17.401478 0.131078241929972
56154.574763611 17.509221 0.136284480089853
56154.5842167479 17.282825 0.12440630896912
56154.593642442 17.20845 0.120884973772262
56183.5363675001 17.251287 0.110240774197606
56183.5471052894 17.403272 0.11663340583317
56183.5577193521 17.499854 0.121283615964009
56183.5683510069 17.684623 0.130710144914097
56390.7256473377 17.537766 0.204204922534997
56390.7363139582 17.570242 0.152934057006017
56390.7469925 17.360505 0.195722740004321
56390.757751713 17.639684 0.152873802535381
56421.6515711458 17.48412 0.139640810919112
56421.6608083104 17.546571 0.142691688935154
56421.6698011342 17.367139 0.132046082734616
56421.6788856252 17.32816 0.12954184808217
56464.6911348611 17.179749 0.110885177710447
56464.7060813888 17.456548 0.121428549492264
56464.720568403 17.431932 0.120302949012895
56464.7350037963 17.5825 0.128182294604533
56464.766497963 17.498128 0.124472688454709
56478.6888740854 17.678969 0.145705349192543
56478.6984415855 17.53606 0.137231408723571
56478.7080433448 17.555289 0.138145561986595
56478.7176126968 17.432323 0.13157766028111
