53588.431032 12.2886 0.053
53588.439125 12.3326 0.053
53588.447301 12.3745 0.053
53588.455236 12.4165 0.053
53605.406182 12.304 0.054
53605.413056 12.2693 0.054
53605.419818 12.2868 0.054
53605.426388 12.2757 0.054
53613.421460 12.5171 0.057
53613.430035 12.5553 0.057
53613.438619 12.5886 0.058
53613.447213 12.5397 0.057
53555.483373 12.6821 0.056
53555.491033 12.6589 0.056
53555.498712 12.5616 0.055
53555.506418 12.4344 0.055
53576.505323 12.6211 0.055
53576.511875 12.6572 0.055
53576.518435 12.6484 0.055
53830.699165 12.4794 0.054
53830.708600 12.5281 0.054
53830.718060 12.5834 0.054
53830.727512 12.5817 0.054
53845.654784 12.4155 0.054
53845.664318 12.4717 0.054
53845.673862 12.5282 0.054
53845.683386 12.5677 0.054
53960.444575 12.6008 0.054
53960.454417 12.599 0.054
53960.464242 12.6113 0.054
53960.474102 12.6585 0.054
53774.686313 12.3447 0.055
53774.698034 12.3953 0.055
53774.709706 12.4438 0.056
53774.721298 12.5016 0.056
53919.433129 12.5921 0.055
53919.441666 12.6266 0.055
53919.450204 12.65 0.056
53919.458696 12.6579 0.056
53928.390784 12.293 0.054
53928.399441 12.2159 0.054
53928.408017 12.2784 0.054
53928.416559 12.2634 0.054
53944.460973 12.4357 0.053
53944.475270 12.2673 0.053
53944.486757 12.2968 0.053
53944.498251 12.3381 0.053
53889.435509 12.3777 0.053
53889.447186 12.4604 0.053
53889.458990 12.4679 0.053
53889.470795 12.5447 0.053
53899.531803 12.6993 0.055
53899.540380 12.6527 0.055
53899.548919 12.5628 0.054
53899.557482 12.4056 0.054
53914.512784 12.6054 0.055
53914.521294 12.493 0.055
53914.529854 12.3407 0.054
53914.538382 12.2656 0.054
53804.661698 12.5424 0.054
53804.667574 12.5551 0.054
53804.674143 12.5784 0.055
53804.680287 12.6095 0.055
53819.621457 12.5102 0.051
53819.643933 12.5781 0.051
53819.665722 12.6556 0.052
53819.687330 12.7184 0.052
53859.651855 12.2782 0.054
53859.662333 12.2471 0.053
53859.672694 12.2956 0.054
53859.683186 12.3282 0.054
53873.599544 12.5945 0.055
53873.609415 12.6185 0.055
53873.619315 12.6491 0.055
53873.629212 12.6459 0.057
53878.588585 12.5956 0.055
53878.598469 12.624 0.055
53878.608344 12.6572 0.055
53878.618216 12.6832 0.055
54199.763426 12.6744 0.055
54199.770029 12.6891 0.055
54199.776785 12.6882 0.055
54199.783357 12.7075 0.055
54207.638947 12.4536 0.055
54207.647518 12.492 0.055
54207.656205 12.535 0.056
54207.664917 12.5613 0.056
54323.430509 12.5049 0.053
54323.441439 12.3124 0.053
54323.452414 12.2406 0.053
54323.463312 12.2689 0.053
54155.685670 12.2927 0.053
54155.696769 12.3171 0.053
54155.708057 12.389 0.054
54155.719796 12.4415 0.054
54131.700489 12.438 0.055
54131.709947 12.478 0.056
54131.740397 12.5988 0.056
54131.749960 12.6317 0.056
54285.513140 12.7255 0.054
54285.521347 12.7257 0.054
54285.529646 12.7061 0.054
54285.537841 12.6224 0.054
54297.483783 12.6074 0.054
54297.494133 12.6346 0.054
54297.504470 12.6715 0.054
54297.514828 12.6764 0.054
54260.526350 12.5943 0.055
54260.537221 12.6239 0.055
54260.548101 12.6623 0.055
54260.558968 12.7166 0.055
54267.562401 12.6455 0.056
54267.571007 12.6661 0.056
54267.579676 12.7187 0.056
54267.588323 12.6982 0.056
54173.579837 12.4144 0.054
54173.589665 12.278 0.053
54173.599469 12.2561 0.053
54173.609304 12.2962 0.053
54181.715080 12.3082 0.053
54181.726271 12.2486 0.053
54181.737390 12.2923 0.053
54181.748513 12.3102 0.053
54187.597498 12.6984 0.056
54187.608678 12.6154 0.056
54187.620094 12.3804 0.057
54187.631973 12.2952 0.057
54234.627840 12.5269 0.056
54234.638667 12.5728 0.056
54234.649468 12.5996 0.056
54234.660217 12.6148 0.056
54242.589399 12.5517 0.057
54242.599264 12.4286 0.054
54242.609084 12.4901 0.054
54242.618918 12.4904 0.056
54347.379344 12.6084 0.054
54347.387521 12.6174 0.054
54347.395687 12.6665 0.054
54347.403869 12.6803 0.054
54680.419599 12.4375 0.053
54680.429413 12.2964 0.054
54680.439218 12.2651 0.056
54680.460318 12.3363 0.053
54691.436815 12.6303 0.053
54691.448035 12.6726 0.053
54691.456200 12.6948 0.054
54691.464376 12.7166 0.054
54512.713008 12.4868 0.053
54512.728129 12.5449 0.053
54512.743818 12.6119 0.053
54512.759241 12.6322 0.053
54477.703888 12.7174 0.057
54477.712938 12.6292 0.057
54477.721832 12.5015 0.056
54477.730729 12.3459 0.056
54622.577114 12.5066 0.053
54622.588029 12.3019 0.053
54622.602396 12.2309 0.052
54622.613304 12.289 0.053
54645.539304 12.3141 0.053
54645.548037 12.3832 0.054
54645.556735 12.4043 0.054
54645.565512 12.4655 0.054
54526.730254 12.3839 0.054
54526.739205 12.4193 0.055
54526.748051 12.4622 0.055
54526.756720 12.5254 0.055
54534.741185 12.6362 0.056
54534.749865 12.661 0.056
54534.758614 12.6848 0.056
54534.767520 12.7368 0.056
54589.664772 12.6839 0.053
54589.673480 12.6499 0.053
54589.682198 12.5605 0.053
54589.690925 12.4076 0.053
54595.633679 12.258 0.053
54595.644031 12.3059 0.053
54595.654347 12.3595 0.053
54595.664720 12.3975 0.053
54614.641837 12.3144 0.052
54614.653759 12.2231 0.052
54614.665685 12.2785 0.052
54614.677614 12.3392 0.052
54710.387663 12.2662 0.052
54710.395906 12.3079 0.052
54710.404068 12.3581 0.053
54710.412217 12.4014 0.053
54922.678452 12.2425 0.053
54922.690328 12.3118 0.054
54922.702176 12.3728 0.054
54922.714021 12.4185 0.056
54939.717058 12.4359 0.053
54939.730060 12.5018 0.053
54939.743022 12.5557 0.053
54939.756045 12.5883 0.053
55057.415835 12.3786 0.053
55057.424290 12.4319 0.053
55057.432759 12.4778 0.053
55057.441222 12.5197 0.053
54869.666695 12.3041 0.056
54869.679689 12.3618 0.056
54869.692777 12.4442 0.056
54869.705909 12.4991 0.056
54859.682747 12.2671 0.052
54859.693530 12.2994 0.053
54859.704286 12.3602 0.053
54859.715412 12.4165 0.053
55031.464091 12.7021 0.055
55031.472481 12.6532 0.055
55031.480936 12.6035 0.055
54993.494832 12.4741 0.054
54993.502390 12.5077 0.055
54993.510104 12.5368 0.055
54993.517732 12.5633 0.055
55001.534096 12.6628 0.057
55004.502997 12.5762 0.054
55004.516769 12.3561 0.054
55004.530637 12.2377 0.054
55004.544516 12.2706 0.054
54896.720312 12.6132 0.053
54896.726993 12.6559 0.053
54896.733608 12.6587 0.053
54896.740169 12.6875 0.053
54909.642062 12.5668 0.055
54909.651098 12.6147 0.055
54909.660234 12.6231 0.055
54909.669133 12.6614 0.055
54954.568200 12.6737 0.055
54954.576108 12.7045 0.055
54954.583800 12.7047 0.055
54954.591567 12.7157 0.055
54975.563720 12.4007 0.053
54975.572848 12.4426 0.054
54975.581959 12.486 0.054
54975.591078 12.5356 0.054
55299.776664 12.6182 0.053
55414.397033 12.4245 0.053
55414.426444 12.5431 0.053
55220.716167 12.301 0.056
55220.745961 12.337 0.054
55381.491173 12.3388 0.053
55381.527552 12.5328 0.054
55353.505070 12.7365 0.055
55353.542310 12.627 0.055
55360.594705 12.29 0.053
55360.616016 12.3614 0.053
55263.701968 12.6918 0.054
55326.598774 12.277 0.054
55326.635942 12.4761 0.055
55654.646532 12.6344 0.052
55654.672518 12.6913 0.052
55673.625021 12.379 0.051
55673.675868 12.625 0.052
55722.447599 12.5702 0.053
55722.461845 12.6225 0.053
55722.476125 12.6661 0.053
55722.490307 12.7112 0.053
55647.702738 12.6545 0.053
55647.739024 12.2981 0.052
55701.555344 12.515 0.053
55701.569782 12.5831 0.053
55701.583968 12.6287 0.053
54187.644874 12.2777 0.055
54187.657101 12.3125 0.067
54187.668944 12.3783 0.055
54187.680429 12.4231 0.055
55742.458721 12.7282 0.056
55742.490958 12.6719 0.060
55742.501654 12.5477 0.057
55742.512332 12.4088 0.053
55773.455726 12.6153 0.053
55773.464529 12.6163 0.054
55773.473385 12.6633 0.053
55773.482339 12.6618 0.053
55799.433046 12.3066 0.053
55799.440114 12.2775 0.052
55799.447219 12.317 0.053
55799.454294 12.3318 0.053
55978.720799 12.4173 0.053
55978.733678 12.4682 0.055
55978.746572 13.4071 0.080
55978.759394 12.6641 0.053
56037.653299 12.482 0.052
56037.666114 12.5299 0.052
56037.678937 12.6069 0.052
56037.691729 12.6386 0.052
56048.609002 12.6609 0.052
56048.621196 12.7104 0.052
56048.633551 12.7643 0.052
56048.645858 12.7545 0.052
56064.583246 12.3074 0.052
56064.594614 12.2998 0.052
56064.605923 12.3591 0.052
56064.617350 12.448 0.052
56074.573443 12.3296 0.053
56074.584077 12.3834 0.053
56074.594794 12.4241 0.053
56074.605705 12.4801 0.053
56092.582012 12.6392 0.054
56092.590571 12.68 0.054
56092.599294 12.7363 0.055
56092.607939 12.7799 0.062
56116.444027 12.7457 0.053
56116.452499 12.7354 0.052
56116.460898 12.7329 0.053
56116.469536 12.7442 0.052
56148.388456 12.6575 0.053
56148.396766 12.7029 0.053
56148.405244 12.7071 0.053
56148.413540 12.7276 0.053
56181.394237 12.3965 0.053
56181.401336 12.3998 0.053
56181.408504 12.4441 0.053
56181.415654 12.4885 0.053
56364.559829 12.62 0.054
56364.570018 12.6584 0.055
56364.580174 12.6672 0.055
56364.590330 12.6923 0.055
56376.646193 12.6162 0.053
56376.661154 12.3623 0.052
56376.675971 12.2653 0.052
56376.690779 12.3428 0.053
56393.630482 12.7104 0.053
56393.639478 12.648 0.053
56393.648455 12.5624 0.053
56393.657402 12.4314 0.052
56405.563777 12.5465 0.052
56405.572470 12.5935 0.052
56405.583489 12.6053 0.052
56405.594366 12.632 0.052
56405.605160 12.673 0.052
56419.571764 12.394 0.052
56419.582450 12.4749 0.052
56419.593256 12.5198 0.053
56419.604068 12.8353 0.070
56419.662563 12.8512 0.070
56419.673266 12.7225 0.053
56419.684062 12.7454 0.053
56419.694861 12.6041 0.053
56426.620054 12.562 0.052
56426.630815 12.6084 0.052
56426.641587 12.611 0.052
56426.652248 12.632 0.052
56446.523940 12.2839 0.051
56446.535364 12.3039 0.052
56446.546987 12.3944 0.052
56446.558674 12.4651 0.052
56495.451503 12.6779 0.053
56495.460615 12.6106 0.053
56495.470615 12.4396 0.052
56495.479563 12.2982 0.052
