53588.497155 17.9001 0.200
53588.514340 17.9767 0.207
53588.531632 17.873 0.197
53606.432369 17.7429 0.153
53606.452532 17.7288 0.152
53606.472604 17.7431 0.153
53606.491915 17.7189 0.151
53556.572003 17.5826 0.229
53556.579718 17.5283 0.222
53556.587561 17.6575 0.238
53556.595353 17.5981 0.231
53576.568420 17.9289 0.240
53576.576640 17.9196 0.239
53576.584868 17.9067 0.237
53576.593069 17.9425 0.242
53692.431279 18.0176 0.347
53692.437878 17.9687 0.341
53692.444475 17.9142 0.333
53692.451091 17.7887 0.315
53692.457812 17.728 0.305
53664.425181 18.0998 0.284
53664.433349 18.2242 0.304
53664.441525 18.0346 0.276
53664.449731 17.8855 0.255
53614.428785 17.9163 0.210
53614.442033 17.7839 0.198
53614.454972 17.9682 0.227
53614.467621 17.9848 0.219
53636.432022 17.7748 0.187
53636.444664 17.8554 0.217
53636.457276 17.816 0.213
53636.469924 17.8293 0.215
53850.683674 17.954 0.139
53850.695359 17.9208 0.138
53850.707021 17.7487 0.132
53850.718702 18.0349 0.144
53959.491380 17.8421 0.174
53959.501435 17.9573 0.183
53959.511475 17.8221 0.172
53959.521502 18.0331 0.190
53973.488924 18.0573 0.282
53973.498833 18.1099 0.290
53973.508761 18.1195 0.292
53973.518653 18.0093 0.275
53936.478070 17.8058 0.199
53936.488968 17.8421 0.203
53936.499898 17.7252 0.191
53936.511061 17.994 0.219
53945.501207 17.5816 0.180
53945.511831 17.5955 0.180
53945.522812 17.6572 0.186
53945.533340 17.669 0.186
53903.587835 17.7793 0.193
53903.601308 17.8446 0.199
53903.614988 18.4226 0.266
53903.629131 18.2729 0.244
53912.588118 17.9392 0.260
53912.597673 18.0171 0.271
53912.607310 17.6599 0.225
53912.616851 17.9669 0.264
53806.749360 17.5044 0.202
53806.757443 17.9441 0.309
53806.765431 18.0733 0.287
53821.734555 17.5946 0.206
53821.738510 17.5576 0.202
53821.742472 17.5569 0.202
53821.746463 17.7374 0.220
53881.666383 17.5719 0.205
53881.678237 17.7186 0.224
53881.690676 17.394 0.466
53881.703135 17.9517 0.268
54018.462998 17.8017 0.260
54018.472711 17.8671 0.270
54018.482419 17.8308 0.266
54018.492153 18.0089 0.292
54029.409729 17.858 0.200
54029.419534 18.2976 0.251
53989.445418 17.6979 0.296
53990.477391 18.1058 0.292
53990.485892 18.1086 0.292
53990.494403 17.8727 0.258
53990.502897 18.139 0.297
53994.423846 17.7672 0.246
53994.432362 17.7653 0.247
53994.440900 17.8155 0.254
53994.449439 17.851 0.267
54005.448423 17.5722 0.223
54005.457346 17.8084 0.251
54005.466270 17.6104 0.227
54005.474944 17.7541 0.245
54199.718361 17.7361 0.180
54199.731664 18.0143 0.206
54199.744979 17.5315 0.163
54206.687857 17.6721 0.263
54206.696853 17.7439 0.266
54206.705855 17.7122 0.260
54206.714834 17.9705 0.298
54319.529450 17.8688 0.256
54319.540132 18.011 0.276
54319.550641 17.9798 0.272
54319.561137 17.9656 0.272
54333.540037 18.2649 0.256
54333.550997 17.9804 0.224
54333.561879 18.0646 0.234
54333.572757 17.9267 0.220
54291.568912 17.8436 0.260
54291.578060 17.6685 0.242
54291.587246 17.7919 0.266
54291.596769 17.7375 0.263
54260.571952 17.5042 0.203
54260.580751 17.6138 0.210
54260.589616 17.6501 0.213
54260.598581 17.627 0.208
54274.667023 17.4923 0.213
54274.676946 17.7512 0.244
54274.686818 17.5129 0.217
54274.696757 17.7763 0.249
54236.646252 17.7431 0.356
54236.653159 17.6083 0.252
54236.660040 17.7912 0.281
54236.666945 17.6892 0.265
54378.428999 17.7288 0.250
54378.438843 17.4633 0.218
54378.448759 17.627 0.237
54378.458621 17.5132 0.225
54388.492546 17.6295 0.240
54388.499382 17.758 0.257
54388.506214 17.8118 0.266
54388.513044 17.7332 0.257
54344.525734 17.7336 0.195
54344.534398 17.7312 0.195
54344.543072 17.9079 0.212
54344.551716 17.426 0.169
54356.416614 17.8969 0.217
54356.426715 17.8574 0.213
54356.436673 17.8308 0.210
54356.446627 18.0355 0.232
54362.410579 18.273 0.332
54362.418852 18.0334 0.293
54362.427098 17.7613 0.255
54362.435340 18.4026 0.360
54704.438131 17.9526 0.193
54704.445922 17.8809 0.187
54704.453748 17.9375 0.191
54704.461616 18.0177 0.198
54525.775574 17.5779 0.284
54525.778218 17.5627 0.282
54525.780957 18.0304 0.359
54525.783661 17.7467 0.306
54677.570417 18.0095 0.196
54677.578671 18.0581 0.200
54677.587021 17.7885 0.178
54677.595219 17.6917 0.169
54622.659294 17.9151 0.183
54622.675416 17.8747 0.179
54622.691341 17.7619 0.177
54622.706963 17.7321 0.191
54644.678858 18.0522 0.196
54644.690402 17.9156 0.185
54644.702070 17.9068 0.183
54644.713612 18.0842 0.201
54589.715401 17.6078 0.161
54589.729552 17.7833 0.176
54589.743965 17.7536 0.173
54589.759047 17.7037 0.168
54599.654323 17.5158 0.134
54599.667573 17.6118 0.138
54599.680854 17.7713 0.148
54599.694102 17.6594 0.140
54614.753135 17.9749 0.185
54614.766263 18.2561 0.212
54614.779365 18.1184 0.200
54614.792502 17.942 0.183
54740.407603 17.7768 0.245
54740.420710 17.6857 0.192
54740.432493 17.7748 0.209
54740.444197 17.5811 0.168
54757.394031 17.8572 0.245
54757.402942 17.7897 0.238
54757.411854 17.6954 0.227
54757.420806 17.9525 0.260
54729.407121 17.8116 0.237
54729.414857 17.9296 0.250
54729.422502 17.7388 0.226
54729.430107 17.7523 0.228
54925.748523 17.5974 0.195
54925.758319 17.6974 0.169
54925.768147 17.6579 0.155
54925.777987 17.6569 0.155
55057.473625 17.9498 0.195
55057.481976 17.9884 0.200
55057.490248 18.0901 0.210
55057.498446 18.0894 0.210
55032.596315 17.464 0.200
54986.558028 17.7071 0.192
54986.565574 17.8719 0.208
54986.573169 18.0973 0.232
54986.580735 17.6011 0.183
54954.609934 17.4594 0.166
54954.620366 17.6953 0.179
54954.630881 17.757 0.185
55115.415511 17.8409 0.211
55115.421310 17.9383 0.248
55115.432958 17.5959 0.214
55123.444276 17.7298 0.176
55123.454890 17.6331 0.170
55123.465511 17.7753 0.181
55123.476133 17.4666 0.159
55083.488986 18.036 0.145
55083.505703 18.065 0.147
55083.522465 17.9245 0.139
55083.539214 17.9939 0.150
55413.544393 17.8423 0.195
55413.580774 18.1928 0.240
55381.621424 17.3909 0.139
55393.568837 17.9695 0.174
55393.601560 18.0315 0.179
55397.486337 17.6557 0.174
55397.524800 17.541 0.165
55362.597786 17.8816 0.251
55362.632525 18.0929 0.181
55275.751532 18.0852 0.238
55330.611332 17.8007 0.200
55330.650614 17.8628 0.202
55487.433331 17.6697 0.178
55487.463382 18.0921 0.222
55445.479965 18.0159 0.211
55445.501662 17.9247 0.204
55681.699669 17.8732 0.173
55709.577457 17.588 0.151
55709.585922 17.6499 0.157
55709.594484 17.6074 0.153
55709.603044 17.8313 0.168
53588.559884 18.0205 0.212
53588.576917 18.1305 0.223
53588.593949 18.1715 0.229
53588.610911 17.9188 0.203
54029.440538 17.5714 0.223
54029.448281 17.6811 0.236
54029.456025 17.6863 0.237
54029.463762 17.7328 0.243
55738.528929 17.8989 0.156
55738.533864 17.982 0.162
55738.538820 17.9336 0.159
55738.543902 17.9531 0.159
55765.561007 18.0375 0.164
55765.569273 17.9944 0.156
55765.577557 17.8886 0.152
55765.585791 18.1055 0.169
55795.478478 17.8668 0.182
55795.490308 17.849 0.179
55795.502217 17.8809 0.186
55795.514093 17.8317 0.193
55830.419115 17.5144 0.162
55830.432055 17.4972 0.162
55830.445232 17.4523 0.157
55830.458376 17.6318 0.177
55849.434421 18.2613 0.218
55849.444550 18.1668 0.203
55849.454640 17.987 0.196
55849.465097 18.3331 0.230
56059.761613 17.7275 0.127
56059.776639 17.7392 0.129
56059.791720 17.3022 0.109
56059.806820 17.7338 0.128
56108.473404 17.7067 0.158
56108.479719 17.9028 0.168
56108.486058 17.6783 0.155
56108.498271 17.6172 0.148
56150.517453 18.0017 0.183
56150.526100 18.2105 0.198
56150.534563 17.9493 0.176
56150.542957 18.0778 0.189
56182.500378 17.599 0.156
56182.511619 17.6899 0.163
56182.522869 17.9252 0.183
56182.534202 17.757 0.170
56213.431101 18.1141 0.166
56213.441715 17.9802 0.157
56213.452348 17.9247 0.155
56213.462939 17.8891 0.152
56383.771315 17.8362 0.169
56383.779052 17.8174 0.167
56383.786834 17.8504 0.170
56383.794608 18.1248 0.192
56415.765215 17.9075 0.205
56415.774624 17.933 0.196
56415.782784 18.2354 0.275
56415.790567 17.2199 0.177
56459.583990 18.2243 0.289
56459.596075 18.0041 0.247
56459.608455 17.6195 0.217
56459.620646 18.2973 0.319
