53592.6238345603 14.358287 0.0704091966760552
53592.6379054977 14.364001 0.0705042647072802
53592.6518725233 14.372132 0.0706420997259298
53592.665772523 14.378989 0.0708049294074344
53610.6201563311 14.405329 0.0721067333905885
53610.6288004165 14.401354 0.0720183890490282
53610.6374199192 14.388846 0.0718104261932941
53610.6460071757 14.397193 0.0719414142666431
53734.4693061227 14.490296 0.0713613119127476
53578.7976638312 14.41331 0.0656054199615254
53578.804472419 14.431651 0.0658509214281151
53578.8110899073 14.395733 0.0655264221453959
53578.8179706018 14.464737 0.0662171253668435
53690.4637603007 14.488386 0.0700253995163899
53690.4722885067 14.452614 0.0694810393265156
53690.4808234257 14.471419 0.0698306644716882
53690.4893386692 14.461816 0.0697253007074625
53664.600385949 14.37373 0.0673945779930898
53664.6112807291 14.366398 0.0672792624164373
53664.6221372918 14.372185 0.0675377038512519
53664.6329920716 14.385049 0.0677101845906748
53670.4462430553 14.382034 0.0716325508421443
53670.4553010996 14.38027 0.0715470700459647
53670.4642498728 14.378614 0.071501995090084
53670.4732184258 14.358027 0.0713062648033904
53622.5692753356 14.439388 0.0733553902630269
53622.5790935416 14.443428 0.0744220402268904
53622.5887934604 14.415793 0.0727033958956508
53622.5986896876 14.415031 0.134707023250381
53635.6104741435 14.384646 0.0625711674730662
53635.6354512501 14.387577 0.0626641429888777
53635.648803484 14.405752 0.0629302173320527
53635.6621999306 14.394342 0.0629657916961528
53642.6248952082 14.373457 0.0726334056636887
53642.6297764351 14.384355 0.0727632193401715
53642.6346866783 14.373121 0.0726597583624601
53642.6396537848 14.371444 0.0727261191778772
53960.7591701388 14.507459 0.0643649282766029
53960.7755406713 14.475529 0.0641997584777902
53960.7921305322 14.517603 0.0646890888521933
53960.8087352081 14.473436 0.0643484857940217
53972.6933520484 14.47295 0.0685716297184507
53972.7050300349 14.467832 0.0685691345508033
53972.7167069909 14.456337 0.0683853482941493
53972.7283911111 14.484298 0.0687309700574282
54080.4317522915 14.523601 0.0666569445590657
54080.4426476159 14.512924 0.0669025282145275
54080.4535201388 14.502223 0.0671344278341488
54080.4643875696 15.260356 0.196636272278058
53921.6625261228 14.434066 0.0784435121221352
53921.6757503818 14.486166 0.0830882716699783
53921.6892281249 14.458947 0.0857429902953708
53921.7029331946 14.376057 0.0908964826901757
53936.7822521874 14.389577 0.0639658462573209
53936.7948657521 14.381395 0.0646625856488667
53936.8074962036 14.385751 0.0672418257864513
53936.8200319791 14.374753 0.0692931438158433
53945.6725464929 14.411419 0.0633019782560543
53945.6894810419 14.413498 0.0632887920734362
53945.7062850348 14.41056 0.0633091661047345
53945.7227779049 14.414106 0.063249745486186
53887.7486326853 14.501838 0.0629823991627936
53887.7597143287 14.498664 0.0629230283167631
53887.7706614235 14.521419 0.0630995836693679
53887.7817599308 14.520289 0.0630299606827643
53908.6924362965 14.472407 0.0901868513339586
53908.7060349304 14.425598 0.0671138038672341
53908.7198774307 14.438146 0.0658937788043057
53908.7342429976 14.399623 0.0637746922962584
53873.7686852777 14.411033 0.0663624883651655
53873.7777588658 14.410385 0.0663757952382856
53873.7868983566 14.398578 0.0660865633268531
53873.7959577778 14.410599 0.0661723266480486
54047.4542314468 14.512591 0.0703350014629062
54047.464513669 14.491615 0.0700739381579975
54047.474753773 14.506659 0.0703300012022252
54047.4850072918 14.500366 0.0702801473048179
54059.4988069446 14.414132 0.0647607116519006
54059.509811875 14.424173 0.0649002758887156
54059.5208773497 14.418341 0.0649847562604109
54059.5318049537 14.417673 0.0651363106219739
54065.4491740276 14.425586 0.0706349321194302
54065.4558175697 14.387422 0.0700448567328495
54065.462548264 14.43163 0.0707469628152052
54065.4692537269 14.399673 0.0704828463344456
54017.5287516896 14.435831 0.0685745432497324
54017.5372574536 14.416271 0.0683837219859396
54017.5457764121 14.396917 0.0682094769403412
54017.5542969906 14.397345 0.0681095282508711
54032.447692766 14.432948 0.0702885637079451
54032.4587828821 14.418681 0.0689020539238547
54032.4736734952 14.392726 0.0713784387126013
54032.4843370949 14.408851 0.0750689706954996
53990.6518574768 14.43568 0.0686002824807626
53990.6618622571 14.409613 0.0683319748483097
53990.6718158798 14.425228 0.0685192769615079
53990.6818572336 14.416954 0.0684388764690807
54003.6407095719 14.582358 0.0621282387124791
54003.6545440046 14.566125 0.0620602757220038
54003.6684165163 14.575904 0.06226904357862
54003.6822369558 14.54804 0.062064403273036
54325.7235626737 14.416458 0.0635473856560787
54325.7373483796 14.423931 0.0636697690835583
54325.7512228587 14.43331 0.0638544181560761
54325.7651103125 14.433796 0.0639586427606384
54297.6609228239 14.40169 0.0632060851854081
54297.6712389584 14.420619 0.063421903897516
54297.6816668981 14.404517 0.0632017894785904
54297.6919500348 14.419695 0.0633376621511867
54297.7029359839 14.429712 0.0634016316995026
54247.7527879744 14.444894 0.0713499608167555
54247.7630079167 14.425186 0.0710421329370175
54247.7732471993 14.419067 0.0709052982150337
54247.7834324307 14.445554 0.0713202819024889
54413.4675679628 14.411828 0.0688272187678468
54413.4760210534 14.418132 0.0688976131334421
54413.4845385069 14.417889 0.0689055202375305
54413.4930506364 14.41173 0.0689394023683581
54378.5580115394 14.468865 0.0694605076485604
54378.5683206135 14.488817 0.0697402563156566
54378.578681308 14.461359 0.069483479400753
54378.5890292709 14.44004 0.069153938639744
54391.5597859837 14.495696 0.0706272394277455
54391.5694961922 14.522796 0.0709738005223734
54391.579215428 14.515821 0.0709578300596568
54391.5889294442 14.527722 0.0711474304528588
54348.6511459029 14.493025 0.0644020082074796
54348.6644399189 14.492829 0.0644493088445537
54348.6777352197 14.516186 0.0648057259137575
54348.6910040048 14.523077 0.0650074981029132
54361.4521447802 14.463642 0.064298270422005
54361.4620829979 14.466245 0.0642529907616438
54361.4720263081 14.457377 0.0641378865324729
54361.4820513427 14.461567 0.0641602685636704
54681.6792874886 14.407794 0.0611296345993301
54681.6942768288 14.410677 0.0611795205454519
54681.7090008794 14.411221 0.0612227779548544
54681.7232427429 14.397138 0.0611559212416306
54473.4455381713 14.47981 0.0716663695664335
54473.4482028588 14.47058 0.0714610609638457
54473.4508593173 14.488208 0.0717814969086458
54473.4535287499 14.482148 0.0717936913287443
54649.6916861343 14.451461 0.0615694713328337
54649.7019571294 14.465261 0.0614880098947236
54649.7125401734 14.43985 0.0612618666020281
54649.7235072567 14.458678 0.0613870674083266
54631.7258724999 14.517242 0.0613333022608991
54631.7408131249 14.513758 0.0612584948442671
54631.7561548031 14.519994 0.0612962141535839
54631.7715933565 14.517084 0.0612300736462909
54598.7730867939 14.436523 0.0650264139628395
54598.7793776618 14.450891 0.0651162344290188
54598.7857574189 14.433225 0.0649379900851851
54598.7921444794 14.440448 0.0649723026192392
54793.4895656598 14.471731 0.0656511968759288
54793.4976017359 14.470068 0.0684467566999181
54793.5056438311 14.447679 0.0652963346318169
54793.5136837154 14.469005 0.0656069556975774
54745.591487558 14.538329 0.0607134607175229
54745.6107131712 14.527138 0.060335254598979
54745.6212792013 14.538693 0.0602618275323009
54745.6318640973 14.539895 0.0604844618562607
54763.5664104051 14.369555 0.0623284280227109
54763.5707604629 14.394614 0.0625507387222795
54763.5750774075 14.388564 0.0625185195656783
54763.5794045371 14.391922 0.0625351783688607
54711.5879337615 14.525553 0.062040498844272
54711.5951115857 14.521323 0.0620067868415144
54711.6021546759 14.517387 0.0619680409220663
54711.6092060995 14.505373 0.0618602098935397
54726.5848723841 14.449115 0.0624181857162402
54726.5980193056 14.457139 0.0624706433419827
54726.6111056828 14.450744 0.0624436843478108
54726.624202014 14.462705 0.0625966060097321
54733.572220868 14.458836 0.0566358120789294
54733.586482639 14.457008 0.0566608836075066
54733.6007397799 14.463882 0.0567236570233538
54733.6149934489 14.446691 0.0566826327220318
55180.4382246179 14.531863 0.0636663631706843
55180.4461943749 14.515169 0.0634765363925442
55180.4541743058 14.497399 0.0634316687368446
55180.4621918635 14.508376 0.0637157848415604
55036.6212857524 14.38619 0.0627612433829192
55036.6314650811 14.395622 0.0628168495941918
55036.6414421992 14.372387 0.0625139498255962
55036.6515580905 14.384657 0.0626101431249635
55003.8048860879 14.414079 0.0672720417253772
55003.810100868 14.419486 0.0672825228992614
55003.8152200465 14.420868 0.0673315977155836
55003.8202806596 14.427476 0.0674451991593479
54965.7368803124 14.426682 0.0674467303980346
54965.747194132 14.450829 0.0675716891945517
54965.7576577316 14.452522 0.0674518663937231
54965.7681375348 14.438914 0.0672677299880184
55145.4994950118 14.457683 0.0618290332406529
55145.5074495948 14.438152 0.0617436289239534
55145.5154084722 14.453369 0.061947953479859
55145.5233721989 14.430647 0.0617861203436003
55112.5811016089 14.372254 0.0625071451467895
55112.5923346761 14.384902 0.0626398244201712
55112.6035627662 14.367985 0.0625247447425924
55112.6148030208 14.391884 0.0627899556615216
55127.5470236458 14.462254 0.0663248052286686
55127.5552670138 14.484464 0.0667583120054582
55127.5635289118 14.442357 0.066813126700462
55127.5718249419 14.457008 0.0663272804832157
55089.6318845716 14.497928 0.0629985471641267
55089.6392739699 14.485478 0.0629013807540596
55089.6466648844 14.491873 0.0629701917900346
55089.6540788193 14.481449 0.0628693542982374
55098.5654138193 14.580895 0.0683300568484325
55098.5742089466 14.556972 0.0680906103223929
55098.5829856714 14.5589 0.0680347104335544
55098.5917595021 14.564128 0.0681856589205135
55416.7421160648 14.466838 0.0629365945698836
55416.7569934838 14.464897 0.0629228915552862
55392.7870097569 14.375921 0.0611092805638458
55392.8196660996 14.381367 0.070622864333812
55365.7759057291 14.475379 0.0605096527991758
55365.8110447338 14.480071 0.0605366481310251
55496.4475339699 14.450745 0.0677051514697293
55496.4732106483 14.460895 0.0678658519291147
55450.6276529629 14.558152 0.0686917111630017
55450.6592620371 14.552751 0.0687419031029145
53734.4778037846 14.45898 0.0712077492860426
53734.4813317016 14.446477 0.0711350782496034
53734.4848658798 14.465423 0.0714194411338617
53734.488411389 14.468311 0.0716090384274286
55738.694141516 14.407101 0.0629956918444559
55738.7087020255 14.40298 0.0629379620437063
55738.7230884605 14.408053 0.0629067730227336
55738.7382583795 14.421772 0.0630489378162855
55765.6512207062 14.475431 0.0609198963189685
55765.6617597685 14.467145 0.0608157822655233
55765.6723775345 14.490422 0.0609790544602763
55765.6831587384 14.476073 0.060859378580843
55798.4614158911 14.490538 0.0621960691857266
55798.4719804167 14.498669 0.0621695097928247
55798.4825848728 14.48283 0.0619892027238057
55798.4932296067 14.488265 0.061976235274436
55830.5596345485 14.5001 0.0604944705267703
55830.576636134 14.498713 0.0604903622438295
55830.5938311111 14.494588 0.0604703828150237
55830.6109219327 14.501507 0.0605541042988613
55868.476976435 14.523197 0.060828740281606
55868.4840014701 14.521989 0.0606332375753589
55868.4910680674 14.518776 0.0605786507832206
55868.4981360415 14.516007 0.0605761238471628
56096.818852928 14.505063 0.0630396503476418
56096.8242926044 14.526373 0.063348707652648
56096.8298016088 14.517556 0.0638306237429369
56096.8350866549 14.496668 0.0637211961737633
56132.7861447455 14.455927 0.0616855319585431
56132.7955681365 14.468641 0.0618489366169467
56132.8050150233 14.477027 0.0618995357638801
56132.8144533564 14.446187 0.0616992596401257
56164.5464859954 14.456696 0.0609754896491867
56164.5563540855 14.472925 0.0610877516352044
56164.5658620833 14.459046 0.0609492924435227
56164.5755866552 14.457015 0.0609633015426873
56215.5772857061 14.502774 0.0619829065283722
56215.5868577082 14.507934 0.0621051093289418
56215.5963506713 14.497696 0.0621171333722685
56215.6058755904 14.505295 0.0621794896055494
56245.4795644678 14.450651 0.0657754260113233
56245.4879904863 14.482168 0.0720526994036021
56245.4964713658 14.590659 0.0938236846653433
56245.5049199535 14.337336 0.0812107741143412
56485.6787055094 14.553938 0.065824007607062
56485.6815048034 14.545383 0.0656940303588306
56485.6889390048 14.544488 0.0656554819335457
56485.6965229746 14.556822 0.0657907455597268
56485.7042323031 14.535085 0.0655735446584256
