53722.7205027893 15.803899 0.104285448545275
53722.7262856482 15.76385 0.102965107809165
53722.7318349422 15.740313 0.102119413842544
53722.7372792477 15.669082 0.0997179263300724
53704.6521712036 15.619939 0.102899077299284
53704.6582035647 15.599013 0.101847718759493
53704.6642286807 15.587343 0.101062600222449
53704.6702752893 15.588642 0.13386098286107
53848.4737689354 16.047742 0.0815194992474061
53848.4897356367 15.790009 0.0764482095530178
53848.5057140047 15.760958 0.0761249143151713
53848.5216441782 15.709243 0.0753743034897434
54081.7227147454 15.637379 0.0879256629131537
54081.7271293867 15.66757 0.0886684803766316
54081.7316811807 15.719629 0.0900458917243123
54081.7363056596 15.592397 0.0868890536757092
53773.5614249652 15.735499 0.103975877049069
53773.5712689582 15.786207 0.105423694661603
53773.5818373958 16.026508 0.11750351380017
53773.5915829052 16.246287 0.125337354066079
53738.6224347108 15.501679 0.101060356445291
53738.6293453934 15.583115 0.0991846214379527
53738.6362517939 15.610608 0.125932170875182
53738.6431868981 15.499785 0.121528915461093
53756.681777581 15.619771 0.0800159844801936
53756.6976770254 15.641366 0.080457959755169
53756.7136003127 15.667305 0.0809953595600562
53756.7294965511 15.635283 0.0804355618337147
53890.3723645257 15.673183 0.0819376122818278
53890.3826186229 15.625425 0.0810480230373011
53890.3928570831 15.694045 0.0824863456649226
53890.4030795833 15.697933 0.0826974736126957
53901.3776296295 15.620465 0.0944461492269726
53901.3861319792 15.627444 0.0948792946295615
53901.3946057061 15.643131 0.0954539988761255
53901.4031779744 15.667844 0.09611066691668
53813.5143682757 15.607256 0.0793896196512782
53813.5286680209 15.645438 0.0800571391451557
53813.5429015742 15.658608 0.0803306825950219
53813.5571252662 15.798178 0.0833752954953439
53825.4799848497 15.737264 0.0818894075564091
53825.4894531481 15.744261 0.0820315682027057
53825.4996041437 15.679365 0.0811783407892155
53859.465362257 15.68245 0.0917439460848911
53859.4756258332 15.641801 0.0908021235770514
53859.4859033103 15.621317 0.0902791411605205
53859.4961980322 15.63598 0.0905564608181275
53877.3945398495 15.67494 0.0912042409864829
53877.4049044793 15.692243 0.0916759991158802
53877.4153697455 15.743256 0.0931199752492049
53877.4256756135 15.726441 0.0927229360692795
54062.6441499535 15.658562 0.0873027951747253
54062.6583058219 15.614223 0.0859244033549757
54062.6724773031 15.690819 0.0875656688730338
54062.6866600229 15.671918 0.087019136876663
54038.7288637037 15.648831 0.105122694329063
54038.7373649535 15.640236 0.106286964855969
54038.7458685186 15.667737 0.105804825055002
54038.75437625 15.606598 0.102864919852783
54197.4640161113 15.742931 0.105405959548895
54197.4734283911 15.748577 0.105520793167838
54197.4827884605 15.703144 0.104122395225415
54197.4921218056 15.677836 0.103435380590843
54212.4110829053 15.66364 0.0881726737614208
54212.421823021 15.657672 0.088071849143609
54212.4324088427 15.67143 0.0883705451201051
54212.4429893289 15.705991 0.0892583094805824
54113.6784475233 15.763687 0.11884735710253
54113.6836270021 15.854578 0.12041649832079
54113.6887964119 15.889467 0.12008194678222
54113.6939798265 16.084242 0.130592798404013
54130.6435478587 15.726611 0.102337328336162
54130.6539254516 15.824916 0.105921646449407
54130.664270058 15.967563 0.111542819240547
54130.6745513539 16.192262 0.12135849278894
54167.5509556715 15.708486 0.106234626573711
54167.5578237615 15.665316 0.105040667651387
54167.588364653 15.729298 0.106754610388782
54167.5951946645 15.637705 0.103565830222312
54184.3981972109 16.151184 0.103117475427036
54184.4033484492 15.993571 0.0994126903088121
54184.4083581367 15.968694 0.0972999266629762
54184.4134166665 15.824091 0.0930309053954324
54185.5893551968 15.706363 0.0902485356435765
54185.6024742131 15.74878 0.0920763483234784
54185.615568588 15.691843 0.0909090616763695
54185.6286865627 15.644835 0.0896539190541074
54245.4305178934 15.657648 0.102811344546606
54245.4390464585 15.673818 0.103599821106603
54245.4475685416 15.681544 0.104115949017204
54245.4561074075 15.616622 0.10189898913282
54393.7376727314 15.687348 0.105482452158783
54393.7431688888 15.686321 0.105039327374804
54393.7485972104 15.745027 0.106790745946231
54393.754107604 15.732856 0.105914676560501
54818.6658090162 15.578539 0.0820538578659143
54818.6787188887 15.661906 0.0835680016093927
54818.6917529516 15.679897 0.0834256887194475
54818.7046466088 15.678365 0.0833201909745364
54506.6390887848 15.869811 0.0975360267333958
54506.6489208681 15.695804 0.0866591389530033
54506.6588151157 15.744999 0.0899561162947285
54506.6686433796 15.6752 0.0866417902324286
54477.5726066089 15.785822 0.106603439033906
54477.5835475346 15.713236 0.103675542489218
54477.5946518981 15.732281 0.104215426907936
54526.5363815047 15.712762 0.0975777060731114
54526.5454239698 15.690815 0.0968551829403146
54526.5543026618 15.738859 0.0984388615367881
54526.5629827428 15.826018 0.101307515360689
54534.5086323495 16.08374 0.115009095857492
54588.4585459838 15.929885 0.0854689894084428
54588.4651007522 15.789557 0.0823599108779624
54588.4716579514 15.770446 0.0820019054283307
54588.4782021875 15.766485 0.0819974608707216
54602.4374498958 15.71107 0.0801334145628347
54602.4440552429 15.686181 0.0797032682808135
54602.4505905672 15.666731 0.079397501354442
54602.4572000811 15.694705 0.0800102532993552
54614.3887145137 15.695683 0.0807638253734875
54614.3968801042 15.696853 0.0795099173873643
54614.4050282175 15.661757 0.085512968195287
54614.4131810763 15.664942 0.0838489321059584
54773.7360564816 16.091644 0.106322392636341
54773.7418989583 15.936914 0.100736293293458
54773.7477641089 15.894273 0.0992926659373456
54773.7536047224 15.714742 0.0935166932678527
54923.4752730789 15.778892 0.0937808471902607
54923.4838132292 15.714133 0.0921110688654982
54923.49202419 15.691337 0.0915642489269498
54923.5002314469 15.727969 0.092494647270679
54938.4536280902 15.633451 0.078818586205651
54938.4643668057 15.679316 0.079762762399815
54938.4750631712 15.717228 0.0805055166141617
54938.4857574422 15.709274 0.0803597663547699
54869.5785982409 15.715778 0.110895428504361
54869.5831183218 15.647208 0.108244318395576
54869.5876392131 15.659363 0.108825872246089
54869.5924449535 15.674488 0.109299305278116
54888.5297151852 15.853993 0.0973326815735527
54888.5386217825 15.990758 0.10136093094623
54888.5475953935 16.134505 0.10604185227445
54839.5942310416 15.645321 0.0799844917133026
54839.6075847917 15.679267 0.0804286526397723
54839.6210066089 15.673212 0.0804030240311077
54839.6345624421 15.646869 0.0798486005623911
54857.7203990626 15.671532 0.0812104246149704
54857.7311197338 15.672654 0.0813751955167783
54857.7418749998 15.646288 0.0810152993421802
54857.7527464931 15.659861 0.0815220016573005
54999.3895139005 15.727571 0.085092693543247
54999.3960943632 15.742041 0.0857612738759977
54999.4025236573 15.771905 0.0865807126924386
54999.409014653 15.742469 0.0860279309698968
54908.5238217131 15.834537 0.0964614462588388
54908.5318124072 15.926724 0.0991887260728233
54908.5398168863 16.126261 0.106285547464593
54908.5478188192 16.33376 0.114382788979129
54915.5463464931 16.015769 0.0895613158716326
54915.5543831363 15.844014 0.0854746578930855
54915.5624026619 15.73961 0.0833218202147551
54915.5704148845 15.725002 0.082949905165394
54965.4077436805 15.638626 0.0905091730590274
54965.4185854166 15.65202 0.0910426687782991
54965.4294185766 15.68059 0.0916794595092971
54965.4403211923 15.707209 0.0925687212053921
55160.6727820371 15.675982 0.0926665073756964
55160.6810775 15.667865 0.0923603517886586
55160.6893833798 15.684124 0.0930480851652035
55160.6976629744 15.725088 0.0939755845048402
55301.505338449 15.734451 0.0868869816384661
55561.7262812732 15.712435 0.0846540148987673
55561.7475039698 15.690127 0.0839686649253838
55247.5828339352 15.647648 0.0975048248228068
55360.4111518748 15.691506 0.0857757246588644
55360.4377448959 15.69511 0.0849137449028917
55368.3717793403 15.809952 0.0880417251838072
55368.3934255904 16.141049 0.0974049324441307
55270.5942610302 15.738217 0.086813583612889
55328.3632434723 15.703577 0.085260318104806
55328.3915390046 15.8965 0.0903892717268938
55657.533710625 15.702318 0.0858612672292081
55680.4498001736 15.695001 0.0789873201964958
55680.475174757 15.698967 0.079815637507126
55602.6696284142 15.726296 0.0826124012470037
55602.7037692013 15.821866 0.0807844293959879
55592.6515481019 15.776889 0.0788223502462039
55714.3596824192 15.845982 0.0802831130539786
55714.3723406599 15.752261 0.0785014668196405
55714.3850455325 15.776598 0.0791405577624309
55714.3977565508 15.732248 0.0785911936862219
55645.4994907058 16.113267 0.0927773349939962
55645.5352185997 15.937586 0.0895600945796157
54534.5195173725 15.884976 0.105142909256934
54534.5288568401 15.774149 0.10119543390988
54534.538255463 15.703461 0.0989885068411012
54534.5474328936 15.701052 0.0989529572362316
55738.3575734723 15.686176 0.0782840316937774
55738.3645101966 15.718686 0.0790603069962308
55738.3715277085 15.682598 0.0785232012417589
55738.3785433679 15.672236 0.0783006619101232
56001.5199633678 15.634774 0.079493097700684
56001.5317352316 15.602508 0.0789200154359184
56001.5439529512 15.550626 0.0822410377298808
56001.5561683565 15.633329 0.0795414762334367
56029.437366331 15.600628 0.0668992631768021
56029.4506634954 15.627579 0.0672106840373535
56029.4639461921 15.581215 0.0667122243258169
56029.4771382525 15.606707 0.0669894685900598
56059.4350775928 15.673691 0.0687567874671852
56059.4490788309 15.656684 0.0685834956384712
56059.4631632869 15.689578 0.0690982819956543
56059.4772692593 15.665099 0.0689304837189818
56090.3755058333 15.6303 0.0755675785955156
56090.3860207059 15.660401 0.0762472116828834
56090.3966163656 15.654925 0.0763986237100561
56090.4072354053 15.657231 0.0766311863256934
56298.7169290623 15.684637 0.0778275146722327
56298.7253480326 15.691801 0.0779599498041429
56298.7337234723 15.786859 0.0798848014801792
56298.7422216088 15.828583 0.0807456134443157
56358.5463495484 15.96436 0.096608059327834
56358.5561125462 15.838921 0.0935627619287113
56358.5660314468 15.824894 0.0931297344113913
56358.575756597 15.774298 0.0917689735016338
56383.5382859605 15.695752 0.0791271959800327
56383.5518574421 15.780379 0.0804161608861268
56383.5637429631 15.743156 0.079730955391551
56383.5757191321 15.781776 0.0806074910281012
56406.4113849884 16.445393 0.0888016915628725
56406.4198972339 16.387956 0.0875051986817116
56406.4284737267 16.036665 0.0797658849835
56406.4370668864 15.952429 0.0782064509007555
56426.4470807988 15.760005 0.0741934061544907
56426.4541670604 15.753851 0.0741132159127731
56426.4612541435 15.740506 0.0739687687947164
56426.4683260646 15.762133 0.0744141873106913
