53972.4848682984 15.883741 0.0793222113879404
53972.4921582753 15.853959 0.0789252703755242
53972.4994531136 15.828387 0.0820847515321705
53972.5073257523 15.934088 0.0859731488782388
53973.4363184489 15.975332 0.081406694864475
53973.4443366897 15.866192 0.0792782753844829
53973.4522590974 15.768967 0.0773149559700851
53973.459856956 15.660776 0.0754441110321016
53942.4752397916 15.992425 0.0828869593977434
53942.4816548495 16.02487 0.0836253295942267
53942.4882338077 16.044639 0.0838671259317616
53942.4947394907 16.023944 0.083225588762305
53912.586700984 16.128197 0.0840756504156775
53912.5962804166 16.138263 0.0843011884039152
53912.6058350924 16.152963 0.0844410319685191
53912.6154084724 16.137888 0.0841320298012098
53806.7480841201 15.627797 0.0730110177371494
53806.7561184724 15.679273 0.0753770953326967
53806.7641280789 15.797778 0.268860002586272
53865.6693817709 16.03665 0.0793768956607208
53865.6784221643 16.051724 0.0795823447744755
53865.6873845488 16.084823 0.0801559354811976
53865.6964039813 15.948836 0.0774887736129615
53881.66502147 15.982777 0.0786732885286974
53881.676797338 16.020673 0.0810801360224061
53881.6892951505 15.936737 0.113016143822191
53881.7017370604 16.076133 0.0847140295365975
54017.460393889 16.17199 0.0872969433552553
54017.4685036807 16.14992 0.0868399052065261
54017.476661516 16.153032 0.0872268983946601
54017.4848173844 15.985073 0.0834964612886184
53989.4441662847 16.077961 0.0859492445112987
53990.472822662 16.074504 0.0751774501113826
53994.4251050345 16.037804 0.0837675612328852
53994.4336391549 16.068319 0.0843523218616501
53994.4421754746 16.075617 0.0868564416447401
53994.4507120253 16.229186 0.101367760695041
54005.4471731947 15.865383 0.0797484081273698
54005.456019595 15.9648 0.0819342935982673
54005.4649187733 15.948276 0.0817247547248972
54005.4736693401 16.005471 0.0828766929052577
54319.5239635419 16.034549 0.0826348817033327
54319.534565787 16.02169 0.0822946669494068
54319.5451962847 16.053662 0.0829463349728272
54319.5557303589 16.066116 0.0833838870555764
54295.5483504512 16.009247 0.162284973440146
54295.5558211111 15.977178 0.114667469389948
54295.5631503241 16.08596 0.130078007089739
54274.6657376622 15.620351 0.0751313640942189
54274.6756741434 15.612348 0.0751347256021514
54274.6855457059 15.603342 0.0751494391755523
54274.6954798728 15.606172 0.0753558505252476
54177.7324780786 17.053857 0.344317663075471
54177.738224595 15.809969 0.0843365684976748
54177.7439825695 15.895732 0.0862093237877317
54177.7497719099 15.843321 0.084952917872453
54236.645000463 16.650876 0.188274173601661
54236.6518928587 16.112748 0.0903174773690246
54236.6587828125 16.161679 0.0934646215166393
54236.6656843519 16.189876 0.0924389281661823
54378.4277491897 15.577971 0.0758413866585714
54378.4375855673 15.575696 0.0758196674737559
54378.4475064237 15.60611 0.0762702478573811
54378.4573681365 15.645253 0.0771263549899796
54362.4062484141 15.892706 0.0816632090577594
54362.4145709492 16.020991 0.0845746701081789
54362.4228418634 15.982606 0.0837928086204086
54362.4310746991 16.010576 0.0844203425398866
54697.5098834724 15.674775 0.0718442903641177
54697.5187459608 15.691604 0.0720869780296082
54697.527653021 15.739376 0.0728655989977745
54697.5365234955 15.732845 0.0728009641169026
54644.6718011228 15.956265 0.0689881900236193
54644.6833374421 15.963146 0.0690838723734871
54644.6948249191 15.993871 0.0695946938644891
54644.706514942 16.009155 0.0698636461490124
54594.6284409954 16.072476 0.0771522475633573
54594.6357783104 16.082341 0.0772209053518831
54594.6430863539 16.097295 0.0774665165052695
54594.650510023 16.097051 0.0773951146103965
54757.3895980326 16.158332 0.0841942580691196
54757.3985107524 16.173224 0.0845298416384981
54757.4074198959 16.153264 0.0832219457026722
54757.4163627081 16.150086 0.0842016209381188
54729.4020394908 15.89912 0.0779818065618475
54729.4099114353 15.921614 0.0784364976404696
54729.417602847 15.861401 0.0772082539965719
54729.425234236 15.892413 0.0777121084653567
55032.5933383565 16.113099 0.0821160893642724
55032.6010606365 16.135369 0.0826916301395359
55032.6087774883 16.146385 0.0830007869696438
55032.6164106481 16.085346 0.0817019144686321
55032.6242095485 16.170619 0.0836553298769944
54954.6033514701 15.587437 0.0673787618659067
54954.6138038309 15.59327 0.066687377783413
54954.6242556251 15.581365 0.0664654572220927
54954.6347648148 15.606213 0.0666571873613398
55123.4374227314 16.065479 0.0722513943029762
55123.4480094793 16.110402 0.0730408072953766
55123.4586377777 16.062352 0.0723889704236946
55123.4692584374 16.016345 0.0719212370025418
55083.4810772687 15.612354 0.0595174963944455
55083.4978085878 15.704347 0.0601977353463008
55083.5145679051 15.730541 0.0604265386281113
55083.5313167013 15.712152 0.060332826695192
55421.4723520253 15.616486 0.0742249643052485
55397.4802705324 15.556991 0.0667768944174928
55397.5186604168 15.655293 0.0679624315806539
55275.7456206828 16.084859 0.0771072862634901
55330.6048487616 15.72012 0.070647413363228
55330.6439870601 15.824191 0.0717804435955183
55487.4280535183 15.860291 0.0715365130418192
55487.458103044 15.929484 0.0728553287206782
53972.5151512848 15.797653 0.0781723749465966
53972.5224603588 15.517045 0.274080850808276
53990.4761328587 16.103472 0.0847675324355257
53990.4846233448 16.014581 0.0827239942012266
53990.4931361691 16.081339 0.0842968262523489
53990.5016398497 16.031363 0.0831980974685994
55660.7131831019 16.044223 0.0882289614081437
55769.5867208795 15.717973 0.063447018365864
55769.599343588 15.768989 0.0639397812317938
55769.6121680325 15.768144 0.0639832656742793
55769.6249377433 15.822669 0.0645559823138185
55805.532477905 16.072949 0.072050687131372
55805.545984433 16.08864 0.072318343608866
55805.5595505787 16.057951 0.0719265827526704
55805.5732531943 16.112448 0.0728691361557175
55849.426724317 16.077708 0.0713426389456957
55849.4368184493 16.066128 0.0711300303342381
55849.4468791317 16.144831 0.072434141498924
55849.4570090394 16.137389 0.0726136879029364
56065.5954621992 16.128242 0.0692600462481892
56065.6071754977 16.185287 0.0703749843043903
56065.618636933 16.171466 0.0700733157490268
56065.6300745256 16.218143 0.0724897309601742
56102.5951939238 15.666043 0.0636896764544959
56102.607959919 15.705019 0.0641206938197075
56102.6207483796 15.728348 0.0642965558248131
56102.6337596414 15.743846 0.0645728504373693
56150.4701209953 15.633891 0.0647361171006207
56150.4803574998 15.604315 0.0644275108582296
56150.4906696989 15.528506 0.0636730740203648
56150.5010810997 15.604255 0.064464782915887
56182.4520439003 15.963245 0.0692081717784989
56182.4617080442 15.953917 0.0691133831636402
56182.4712431366 15.976062 0.0695241227628519
56182.4806717476 15.951847 0.0693226113550796
56213.4234320604 16.151503 0.0677975680902182
56213.4339332873 16.147465 0.0678305453719075
56213.4445707294 16.115552 0.0674515952960108
56213.4551978818 16.12991 0.0677222200736985
