54197.4644510762 16.606295 0.146194087715499
54197.4738455323 16.580692 0.144210904658866
54197.4832076851 16.721976 0.153879001248424
54197.4925420719 16.989786 0.17395801450717
54212.4139504978 16.994204 0.140224559760919
54212.424615602 17.024788 0.141711123302296
54212.4351716782 17.101716 0.146797930899279
54212.4456812153 16.877934 0.13361878564367
54298.3554048841 16.910628 0.131536334968614
54298.3619500464 17.176646 0.147289732715485
54298.3685454284 17.129616 0.14488408538585
54298.3751120023 16.992776 0.137336816065892
54167.5513732873 17.419227 0.219210630787462
54167.5582412618 17.362134 0.223779159093125
54167.5887823726 16.977276 0.176087214946327
54167.5956123841 16.781545 0.161649890872166
54184.3992833681 17.449338 0.171913548215893
54184.4044260415 16.873792 0.134748542225609
54184.4094357174 16.896458 0.143587439736276
54184.4146171757 17.339386 0.164305744839814
54185.5974687035 17.06664 0.147527306520769
54185.6105863312 16.762015 0.130892002358576
54185.623690648 16.619256 0.123967384758874
54185.6368169678 16.873455 0.137773860168294
54240.416389653 16.624622 0.122087036002213
54240.4250919558 16.667727 0.124279479618559
54240.4338223841 16.678468 0.124669893377472
54240.4425367131 16.664201 0.124117562840905
54245.4309371297 16.443478 0.136977262938236
54245.4394654629 16.704717 0.153522966937264
54245.4479915972 16.771824 0.158503803966077
54245.456530926 16.866279 0.165540280959759
54393.7562821178 16.725612 0.1559429058727
54393.7598979861 16.87705 0.16612533752129
54393.7617063887 16.649154 0.149780481118492
54506.6417857525 16.566568 0.116367500574539
54506.6516278009 16.620919 0.117668054211815
54506.6615137151 16.575048 0.11549511940754
54506.6713405904 16.645779 0.146086664099838
54477.5739426503 16.506844 0.13965810583524
54477.5849082406 16.531771 0.141343014959128
54477.5959982408 16.521982 0.140040613898972
54526.5368119559 16.677075 0.138307812892308
54526.5458406598 16.512048 0.129564555381058
54526.5547239815 16.581744 0.133074543861432
54526.5633996526 16.597394 0.133820496587264
54588.4590832754 16.880742 0.115426021887999
54588.4656353821 16.699943 0.108121699244477
54588.4721899191 16.611124 0.104904160319351
54588.4787458447 16.921257 0.117451059911321
54602.4379815161 16.771921 0.109708469277453
54602.4445877895 16.6076 0.10377563467422
54602.4511232292 16.571098 0.102629677068902
54602.4577350463 16.67892 0.106613486486743
54614.3914119559 16.914665 0.114549305591194
54614.3995721066 16.755435 0.109806497609349
54614.4077181364 16.692937 0.115399648513845
54614.4158661342 16.68149 0.11534698304215
54773.7364661113 17.024865 0.152615670407914
54773.7423098494 17.391656 0.180228428216126
54773.7481752314 17.089909 0.156600565013825
54773.7540197919 16.684277 0.131183667333187
54922.5080146066 17.109934 0.112407346378149
54922.5172112499 17.285275 0.120175426973252
54922.5264451735 17.028436 0.111236122742068
54922.5356639236 17.14342 0.122122907510723
54938.4562928937 17.25456 0.132794887922791
54938.4670420257 17.262033 0.133298464926724
54938.4777253126 17.154769 0.127483566361253
54938.4884184259 16.931578 0.1169447373603
54869.5814888659 16.663816 0.16165722408454
54869.5860030442 16.780002 0.170792696373863
54869.5906455787 16.818588 0.173535027539635
54869.5954117361 16.515803 0.15109902987804
54888.5301869676 16.914603 0.143664227912027
54888.5390724886 16.978039 0.146829148743664
54888.5569988775 17.793499 0.213728636227305
54839.5968893636 16.805022 0.113744028556669
54839.6102611688 16.870671 0.116415850661474
54839.6237115627 16.635788 0.10681969401065
54839.6372962385 16.908881 0.117920003724396
54857.7220013193 17.411626 0.146358337440413
54857.7327420139 17.406627 0.146373773239633
54857.743474259 17.198714 0.134635421231146
54857.7543766433 17.126734 0.131426376812139
54999.3921708334 16.947202 0.127240873117651
54999.3987514121 16.753752 0.118241496532056
54999.4051776966 16.8735 0.124433949537558
54999.411678067 17.051998 0.133695668333231
54908.5521368055 16.667181 0.129081318796484
54908.560531933 16.629649 0.126990997904783
54908.5689558565 16.606711 0.125880002054565
54908.5774164816 16.558356 0.123472914209519
54915.5490041203 16.815074 0.116145757674123
54915.5570446989 17.003852 0.125340200041384
54915.5650629513 17.005159 0.125388631373542
54915.5731221642 17.034536 0.127084096185719
54966.4385265048 16.545449 0.123163560653862
54966.4486362614 16.692422 0.130892002358576
54966.4588069098 16.526067 0.122857310818726
54966.4688917824 16.802146 0.17257064225663
54977.4727466667 16.753478 0.140599616973959
54977.4782045141 16.880594 0.148807436927902
54977.4837239354 16.832301 0.159858897917246
54977.4891960185 16.558054 0.162284973440146
55160.6748347801 16.846334 0.140741792544264
55160.6831366086 16.706444 0.132709292655298
55160.6914422453 16.85631 0.142416266362471
55160.6997241668 17.256829 0.168734245866503
55301.5082563772 16.669261 0.117494762017978
55561.7268610415 16.790441 0.119555449213729
55561.7481014468 16.83741 0.121030439022811
55247.5840943983 16.620328 0.139023534084817
55205.6550846296 16.741945 0.117977783941377
55205.704750903 16.730041 0.11735950689586
55360.4117610301 16.862322 0.125603200650733
55360.4383376273 16.972208 0.129113315315283
55368.3747332753 16.619377 0.113776464503279
55368.3964400231 16.823402 0.12308935502325
55270.5948232059 16.755401 0.120481933388009
55328.3662023726 16.758034 0.119808022706709
55328.3944949075 16.94122 0.129023801747853
55657.5389989121 16.794942 0.122642674538221
55657.5657777083 16.835705 0.124882383791027
55673.4204812039 16.858601 0.109249629386422
55673.4714692709 17.063514 0.11807360005004
55680.4533657062 16.925224 0.114541443496048
55680.4787134373 16.264746 0.0932208005018044
55602.6703261229 17.144772 0.130071417807916
55602.7044677197 16.622531 0.101476170118146
55615.5681850347 16.532923 0.108021000442492
55615.6038551619 16.815926 0.121728136335662
55591.673686065 16.661776 0.094425196700803
55591.698542928 16.741047 0.0968853778725823
55714.3603748031 16.799487 0.106044654468096
55714.3730395253 17.071728 0.117181614822579
55714.3857403587 16.976077 0.113355964123881
55714.3984559955 16.836745 0.108359837148441
55645.5024329512 16.746684 0.114056678464113
55645.5381622454 16.722235 0.115383435981476
54534.5209382639 16.624288 0.138274470282483
54534.5303388426 16.396471 0.1259757124859
54534.539612801 16.586269 0.136099613861651
54534.548843831 16.486969 0.130706787298821
54966.4907085879 16.824073 0.140764055481528
54966.5008491321 17.112177 0.158531198229906
54966.5110416437 16.966927 0.148944260648361
54966.5211781367 17.138904 0.161342861977655
55738.3589383334 16.446535 0.0962041811324626
55738.365907234 16.586931 0.100540473369332
55738.3729366784 16.629972 0.102401693345346
55738.3799399537 16.682214 0.104336153860963
56001.5228967015 16.626268 0.10620215501232
56001.5347066433 16.64014 0.10658765627609
56001.5470461343 16.616307 0.105833976570688
56001.5592741552 16.702091 0.109013842376382
56029.4420254282 16.549138 0.0815105683764477
56029.4553631018 16.756127 0.0862893658453484
56029.4686505324 16.876974 0.0893341482331221
56029.4817982638 16.706537 0.0851980497077032
56059.4415994906 17.023808 0.0955247229504959
56059.4556301274 17.302499 0.104861501359802
56059.4697594908 17.62302 0.11816078029674
56090.3804040508 16.845675 0.106369236202325
56090.3909609377 16.754418 0.103427876482652
56090.4015651619 16.896752 0.109198457715285
56090.4121784143 16.760073 0.104569028686456
56298.7198993173 17.234444 0.126080456619645
56298.7283373843 17.03477 0.116996246818158
56298.7367862039 17.063353 0.118295431116029
56298.7452387386 16.746933 0.105566058652043
56358.5832411574 16.663157 0.123826069301695
56358.5930025346 16.73905 0.127562835827251
56358.602814838 16.677182 0.124497617828056
56358.6126801504 16.73154 0.127620888120429
56383.5388806597 16.712859 0.106389140645237
56383.5524610533 16.74617 0.106800873049679
56383.564357338 16.755639 0.10713019462429
56383.5763321179 16.932715 0.114545376663804
56406.4149910299 16.520846 0.0903149195486112
56406.4235014234 16.643888 0.0938603718218674
56406.4320897221 16.793585 0.0985152043416633
56406.4405571873 16.866481 0.10088045540746
56426.4513529514 16.543217 0.0901513449500335
56426.4584322803 16.715136 0.0950425583752043
56426.4655045372 16.306295 0.0844860305108062
56426.4725807406 16.751432 0.0963934605796257
