53588.5143395484 17.942099 0.203110926276798
53606.4323690855 18.101004 0.179321727918009
53606.4726038771 18.161374 0.183809851281045
53606.4919148381 18.305927 0.197262569753992
53556.5720031365 17.496617 0.218831326783287
53556.579717558 17.495717 0.21895089039966
53556.5875610301 17.642206 0.23611712607203
53556.595352905 17.692486 0.241679890691928
53576.5684203818 17.794611 0.224400981302351
53576.5848679859 18.061201 0.257101455325747
53576.5930685187 17.715132 0.215926524791003
53692.4312791784 18.352626 0.419405232875001
53692.4378779397 18.15229 0.378559608132986
53692.4444746642 18.985604 0.614659126335911
53692.4510910531 18.309621 0.419405232875001
53692.4578118056 18.674992 0.519916405817891
53664.4251806135 17.893829 0.255452859498913
53664.4333490972 17.885279 0.254814980277573
53664.4415254281 18.093934 0.285045508031529
53664.4497314352 17.828573 0.248248039308264
53614.4420330788 18.172887 0.240524590734964
53614.4549715858 18.356939 0.277500571819571
53636.4320215279 18.662719 0.292937963018471
53636.4446637848 17.993291 0.232860659758439
53636.4572763078 18.058287 0.241274958907159
53636.4699239469 17.556305 0.188360250536657
53850.6836738773 18.160371 0.152104062877039
53850.6953593865 18.047265 0.144790031742504
53850.7070206828 18.155873 0.15728813586675
53850.7187017477 18.194414 0.154524845277243
53959.4913803007 18.192712 0.205578899659133
53959.501434734 18.045376 0.191769452953672
53959.5114749189 18.322315 0.219773368931514
53959.5215024998 18.240074 0.210674993409471
53973.4889239121 17.72311 0.237670046028447
53973.4988334376 17.539756 0.217217650093757
53973.5087611342 17.905527 0.262141897101281
53973.5186525925 18.11258 0.292267642275668
53936.4780696179 18.097535 0.230483670287076
53936.488967604 17.733654 0.192571062017054
53936.4998977776 18.050996 0.225180420472834
53936.5110607059 17.964916 0.215659768543232
53945.5012071296 18.185651 0.243017257047644
53945.5228116433 18.293469 0.255870073618294
53903.5878346758 18.280223 0.2505407429018
53903.6013082871 18.548553 0.288613386315801
53903.6149875349 18.468654 0.275795155054132
53903.6291305902 18.339969 0.257068819894394
53912.588118287 17.90541 0.257264809649787
53912.5976734028 18.003033 0.270516659755215
53912.6073101621 17.901131 0.254910362197601
53912.6168507986 18.001226 0.269383843448289
53806.7493598728 17.381385 0.190261962022308
53806.7574432061 17.747086 0.27986570102506
53806.7654313773 17.757894 0.244517531290975
53821.7345548032 17.933433 0.244601713863205
53821.7385095834 17.881594 0.238056722555534
53821.7424721179 18.001879 0.253616117152598
53821.7464631364 17.781787 0.226431944106397
53881.6663833681 18.241315 0.290283258851183
53881.6782371757 17.964858 0.255260989223309
53881.7031352778 18.255624 0.315984886631754
54018.4629976388 17.797407 0.258483404817962
54018.4727109607 17.910649 0.274874263600212
54018.4824190858 18.223104 0.325605120319966
54018.4921531367 18.107864 0.306425715514177
53989.4454182984 18.397382 0.440102824175469
53990.4773906597 18.050562 0.284691385912865
53990.4858919095 17.721766 0.239123572099457
53990.4944028819 17.724431 0.23975489691142
53990.5028973032 17.543937 0.218672238424005
53994.423845729 17.617468 0.230180133106996
53994.4323623727 17.642542 0.232523332913415
53994.4408998496 17.545426 0.222132960325759
53994.4494385996 17.826351 0.264562039083839
54005.4484228936 18.534803 0.372792290167597
54005.4573464931 18.319721 0.331150669190998
54005.4662704516 18.326656 0.331630805115956
54005.474943808 17.754322 0.245561925030903
54199.7050738426 17.903009 0.193963329941916
54199.7183606945 17.398202 0.152747538377881
54199.7316640973 18.045147 0.205742494366543
54199.7449792012 17.772173 0.17989983122098
54206.687856516 18.371169 0.381385281041957
54206.6968532639 17.764122 0.268487678760974
54206.7058547569 17.979979 0.300827699433638
54206.7148339238 18.261681 0.348756832519989
54319.5294496298 18.22184 0.305498870885764
54319.5401323262 18.320174 0.323986194184569
54319.5506407061 18.056164 0.281006977549639
54319.5611365858 18.364266 0.332251037517051
54333.5400365046 18.440724 0.279446463145011
54333.5509972223 18.200119 0.248072042761205
54333.5618790048 18.037083 0.229507441779811
54333.5727567361 18.418148 0.282853198126052
54291.5689122455 18.307607 0.33121914147902
54291.5780599305 18.109961 0.302660595345267
54291.5872460414 18.207767 0.330060662730766
54291.5967686229 18.089827 0.316224503113186
54260.5719515858 18.13225 0.276036893169415
54260.5807505325 17.897514 0.241248035409597
54260.5985814235 17.845264 0.231307079486895
54274.6670226619 17.957605 0.269986255775702
54274.6769457177 18.097665 0.292506528723646
54274.686817743 18.370508 0.339593076667125
54274.6967573493 18.191507 0.309650275815065
54236.6531589932 18.350332 0.379360970971468
54236.6600395834 18.137772 0.337118660977157
54378.428999236 18.461099 0.369298713637538
54378.4388434837 18.601033 0.399318810158051
54378.4487592477 17.911687 0.273529483390018
54378.4586209605 18.5151 0.381998483705694
54388.492546111 17.916751 0.277952406983228
54388.4993818981 18.217157 0.327379849090728
54388.5062138659 17.871292 0.272591880870181
54388.5130441088 17.769125 0.259350144964833
54344.5257340511 17.84682 0.203806367641291
54344.5343979169 17.636573 0.18432305987062
54344.5430716318 17.798822 0.199077653240444
54344.5517162848 17.677886 0.188582207896458
54356.4166136109 18.024936 0.230460282748771
54356.426714919 18.146318 0.245846528435431
54356.4366725809 18.543865 0.301766301868789
54356.4466273612 18.318241 0.268042904605653
54362.4105790161 18.64418 0.408527079910862
54362.4188522456 18.616163 0.402126962399525
54362.427097697 18.032197 0.29212457523537
54362.4353400233 18.783127 0.442391155647077
54704.4381311457 17.805386 0.177745683916875
54704.4459220716 17.908938 0.186412506952631
54704.453747604 18.132678 0.207772395360098
54704.4616157292 17.796996 0.176919906109571
54677.5704174419 17.636052 0.162838463792448
54677.5786711113 17.660346 0.164860077439291
54677.5870210878 17.660867 0.165072592967557
54677.5952187385 17.698822 0.167940999407277
54622.6592941205 18.362105 0.227010041171306
54622.6754162731 18.307054 0.221220845409695
54622.6913409606 18.27823 0.227547738139352
54622.7069634376 18.121792 0.23271590862718
54644.6788579859 18.370423 0.227705316895714
54644.6904024072 18.152929 0.204397119144597
54644.7020698725 18.483957 0.241978163795696
54644.7136122105 18.557835 0.251879964319275
54589.7154010302 17.813348 0.176989892080991
54589.7295520371 17.716587 0.169015795223027
54589.743965324 17.776552 0.173769589480818
54589.759047396 18.18244 0.210516226544533
54599.6543232988 18.127392 0.171804856392079
54599.6675725345 18.250976 0.181584958684895
54599.6808542938 18.170088 0.174546553959902
54599.6941016669 18.168725 0.174033577386232
54614.7531349538 17.941042 0.183020861243502
54614.7662626621 18.20544 0.207772395360098
54614.779365486 18.202647 0.207789304721352
54614.7925018752 18.321299 0.220503589868615
54740.4076034492 17.50054 0.214210955915836
54740.4207098493 17.690554 0.192956015664288
54740.4324928126 17.845338 0.217334455902043
54740.4441971988 17.722023 0.178946677577529
54757.3940306019 18.184024 0.291034558778287
54757.4029421761 17.680206 0.223693819256566
54757.4118535069 18.271271 0.305553154034553
54757.4208057059 18.161966 0.288062994142145
54729.4071210415 18.401874 0.321821044118079
54729.4148565276 18.212636 0.290330051552877
54729.4225017244 18.034204 0.263291062587335
54729.4301070023 18.258556 0.295862480100085
54925.7485227197 17.550643 0.190160298143627
54925.7583191552 17.64725 0.163474784404819
54925.7681473148 17.966095 0.177674688806909
54925.7779875 18.503596 0.231520291059285
55057.4736251389 18.1308 0.211922987265013
55057.4819755671 18.036585 0.202376398258834
55057.4902484608 18.216378 0.221551166509344
55057.4984457637 18.114497 0.210445778106434
55032.5963152085 17.768528 0.23055390502309
54986.5580282756 18.132231 0.237927613722764
54986.5655742823 18.236537 0.250631367060688
54986.5807351619 18.177609 0.242632852965764
54954.6099344674 18.518024 0.279112408454247
54954.6203658911 17.776721 0.185586113522373
54954.6308805323 18.155815 0.222509497872876
55115.4155106827 17.345466 0.166562744339529
55115.4213103241 17.437658 0.193976873507799
55115.4329584491 17.740375 0.231401768507097
55123.4442760069 18.1728 0.217120458518128
55123.4548899536 18.49504 0.256970998032547
55123.4655109607 18.398705 0.244265528245965
55123.476132778 18.458654 0.255101429908418
55083.4889857872 18.255702 0.158033888008463
55083.5057025231 18.674642 0.191952469238854
55083.522465081 18.869218 0.211492476230874
55083.5392141086 18.238862 0.165739841560246
55413.5443930323 18.74584 0.317248761961407
55413.580773646 18.339563 0.263677481032298
55381.6214241319 17.750636 0.164003983269385
55381.6519848493 17.915416 0.176551494450636
55393.5688365855 18.709398 0.256645718495619
55393.6015601734 18.331224 0.211403133024843
55397.4863370834 18.603128 0.2853119571166
55362.5977859952 17.791856 0.24170696156483
55362.6325254281 17.452331 0.140675082481194
55275.7515323609 17.777364 0.206916095943934
55330.6113315276 18.000428 0.225398431442523
55330.6506141666 18.350629 0.267821338422769
55487.4333314928 17.476307 0.167949369007368
55487.4633820718 18.013961 0.218256349105776
55445.4799651853 17.536075 0.172131635574444
55445.5016618404 17.475674 0.167598989813383
55681.6996689121 18.183803 0.205873677744352
55709.5774568751 18.589461 0.251879964319275
55709.585921551 18.425198 0.231591491720957
55709.5944840394 18.236063 0.210692664680185
55709.6030435184 18.630286 0.256905839069892
53588.5598837154 18.184422 0.229877827949677
53588.576917095 17.980982 0.207200282271439
53588.5939485299 18.332105 0.24708183718095
54029.4405383451 18.889195 0.45351682672431
54029.4637623841 18.269569 0.323472997988009
55738.5289290279 17.496524 0.133747011941984
55738.5338637039 17.58337 0.138357878529267
55738.5388201388 17.607583 0.139666758920656
55738.5439021645 17.643291 0.141779682963226
55765.5610066086 18.18677 0.179709942869849
55765.569273472 18.278218 0.187870084168433
55765.5775574652 18.247248 0.185212341086362
55765.5857906483 18.232668 0.184208603031321
55795.4784780438 18.824416 0.298517852923332
55795.4903075462 18.302764 0.228384493841283
55795.5022168057 18.544476 0.263712695996323
55795.5140926158 18.544861 0.275956240142182
55830.4191146991 18.266408 0.237567248667644
55830.4320545485 18.126994 0.220810093799413
55830.4452317823 18.30184 0.24162577668809
55830.4583759261 18.722752 0.316765562761035
55849.4344213656 18.99391 0.318588529240702
55849.4445495368 18.28468 0.219652405671349
55849.4546401966 18.405472 0.235639763835249
55849.4650969561 18.153329 0.208043380271871
56108.4734040972 18.815247 0.276117603843079
56108.479718692 18.774904 0.269308818345306
56108.4860577084 18.938608 0.29404901896114
56108.4982713655 18.452462 0.226787157617666
56150.517452558 18.016069 0.186866238573882
56150.5261002197 17.712014 0.162568381252381
56150.5345630441 17.891465 0.176106888937155
56150.5429566549 17.849435 0.172754688594419
56182.5003779512 18.298059 0.222993552856751
56182.5116191204 18.005551 0.193639124169024
56182.5228689816 17.995738 0.193156115311535
56182.5342018171 18.1754 0.211797141845467
56213.4311006482 17.556891 0.136032984533479
56213.4417146066 17.559121 0.136438604712203
56213.4523476505 17.577241 0.13774510487097
56213.4629389237 17.516603 0.134597794832739
56383.7713154978 17.794935 0.170624500098411
56383.7790516783 17.802933 0.17103269371856
56383.7868343867 18.118768 0.197693310043918
56383.7946078358 17.984037 0.185410598097377
56415.7652149075 18.691891 0.316464643428642
56415.7746240627 18.256988 0.236826059718624
56415.7827844443 18.178604 0.275393650251484
56459.5839899535 17.801633 0.233686226701439
56459.6206459956 17.912912 0.264668789013022
