53587.567206 16.8656 0.139
53587.575842 16.8622 0.138
53587.584288 17.039 0.150
53587.592484 16.9415 0.144
53605.609518 16.6399 0.129
53605.624621 16.6632 0.131
53605.640408 16.7793 0.138
53605.655312 16.8289 0.142
53576.563005 16.8821 0.141
53576.571233 16.9079 0.142
53576.579453 16.7643 0.134
53576.587652 16.6292 0.127
53692.426897 17.0442 0.202
53692.433472 17.0496 0.203
53692.440087 16.7209 0.176
53692.446697 17.0184 0.204
53692.453287 16.9948 0.204
53649.421402 16.3871 0.149
53649.431033 16.5745 0.160
53649.440597 16.7759 0.177
53649.449950 16.4201 0.222
53664.419784 16.7051 0.140
53664.427961 16.6181 0.135
53664.436125 16.6812 0.139
53664.444313 16.5999 0.134
53614.420920 17.0295 0.137
53614.434043 16.9723 0.132
53614.447246 16.9768 0.132
53614.459960 16.8414 0.125
53636.424742 16.6974 0.113
53636.437383 16.643 0.114
53636.450017 16.561 0.119
53636.462631 16.6264 0.122
53972.484453 16.8499 0.148
53972.491741 16.8448 0.150
53972.499023 16.8929 0.161
53972.506903 16.8649 0.209
53973.435827 16.9035 0.153
53973.443843 16.8957 0.152
53973.451776 17.0141 0.161
53973.459434 16.9893 0.159
53942.475666 16.5441 0.134
53942.482072 16.6644 0.141
53942.488658 16.6749 0.141
53942.495189 16.6376 0.138
53912.587126 16.552 0.131
53912.596792 16.5703 0.132
53912.606324 16.626 0.134
53912.615841 16.5981 0.133
53806.748500 17.0502 0.156
53806.756567 16.9738 0.149
53821.732848 16.6969 0.131
53821.736806 16.7129 0.132
53821.740767 16.7804 0.136
53821.744744 16.822 0.138
53865.669811 16.6501 0.128
53865.678864 16.7826 0.135
53865.687809 16.705 0.131
53865.696822 16.63 0.127
53881.665469 16.9932 0.150
53881.677316 16.9449 0.150
53881.689783 16.8358 0.262
53881.702194 16.7378 0.143
54017.460818 16.6792 0.142
54017.468931 16.96 0.161
54017.477093 16.786 0.150
54017.485236 16.8567 0.155
54029.393430 16.7149 0.118
54029.403253 16.6447 0.115
54029.413068 16.7095 0.118
54029.422878 16.6053 0.114
53989.444582 16.9744 0.323
53990.476552 16.8415 0.150
53990.485042 16.8655 0.152
53990.493557 16.8098 0.148
53990.502057 16.8565 0.151
53994.424684 17.0076 0.163
53994.433214 16.9791 0.161
53994.441746 17.0341 0.167
53994.450285 16.9595 0.177
54005.447590 16.938 0.158
54005.456437 16.9957 0.162
54005.465436 16.9412 0.158
54005.474109 16.8156 0.150
54319.525759 16.9075 0.153
54319.536345 16.8639 0.150
54319.546971 16.9772 0.158
54319.557525 16.9963 0.159
54295.547854 16.9833 0.406
54295.555319 17.2593 0.310
54295.562667 16.8387 0.242
54260.567624 16.7056 0.134
54260.576434 16.674 0.132
54260.585269 16.5795 0.126
54260.594139 16.6512 0.129
54274.666174 16.7059 0.142
54274.676093 16.7727 0.146
54274.685973 16.6478 0.139
54274.695900 16.7908 0.149
54177.735111 16.733 0.416
54177.740871 16.8265 0.172
54177.746640 16.8214 0.168
54177.752433 16.9198 0.177
54236.645420 16.9726 0.191
54236.652318 16.8127 0.163
54236.659206 16.9339 0.174
54236.666106 17.0122 0.179
54378.428165 17.0526 0.171
54378.438003 17.0144 0.168
54378.447925 16.9638 0.164
54378.457787 17.0534 0.172
54362.407527 17.1626 0.180
54362.415857 16.9688 0.164
54362.424104 16.8705 0.158
54362.432339 17.0332 0.170
54697.511207 16.8423 0.134
54697.520094 16.882 0.136
54697.528987 16.6903 0.126
54697.537856 16.8834 0.151
54704.403546 16.6403 0.107
54704.411411 16.6797 0.108
54704.419437 16.5775 0.104
54704.427413 16.73 0.109
54677.547274 16.6252 0.105
54677.552837 16.6007 0.105
54677.558470 16.522 0.102
54677.563964 16.5287 0.102
54644.674510 16.7824 0.110
54644.686063 16.9887 0.119
54644.697631 16.9013 0.114
54644.709228 16.9067 0.116
54594.628857 16.601 0.119
54594.636198 16.5346 0.116
54594.643503 16.5351 0.116
54594.650937 16.4974 0.114
54757.390935 16.6299 0.133
54757.399849 16.6306 0.133
54757.408747 16.4857 0.126
54757.417695 16.6661 0.136
54729.403962 16.65 0.132
54729.411708 16.8833 0.145
54729.419388 16.8097 0.141
54729.427006 16.873 0.144
55032.593753 16.6624 0.133
55032.601486 16.567 0.128
55032.609189 16.6564 0.133
55032.616831 16.5305 0.126
55032.624628 16.465 0.123
54954.606060 16.6079 0.112
54954.616530 16.7612 0.115
54954.627026 16.6629 0.111
54954.637552 16.4717 0.103
55123.439022 17.1112 0.130
55123.449615 16.9238 0.121
55123.460243 16.7369 0.114
55123.470863 16.7382 0.114
55083.483719 16.5867 0.085
55083.500456 16.5974 0.085
55083.517218 16.7154 0.087
55083.533964 16.6069 0.085
55421.472857 17.1822 0.171
55421.502216 16.7404 0.136
55397.482111 16.5684 0.108
55397.520513 16.5512 0.108
55275.746790 16.5431 0.115
55330.606604 16.5307 0.113
55330.645813 16.5876 0.115
55487.429805 16.8569 0.123
55487.459845 16.8068 0.121
55445.447752 17.0103 0.131
55445.469534 17.0243 0.133
53972.514723 16.9263 0.203
53972.522035 17.0222 0.235
53972.536681 17.081 0.287
54029.435456 16.6034 0.137
54029.443174 16.7567 0.147
54029.450922 16.6713 0.142
54029.458670 16.6641 0.141
55660.714652 16.7252 0.143
55769.588804 16.6669 0.096
55769.601455 16.6963 0.098
55769.614283 16.7919 0.100
55769.627064 16.831 0.102
55805.540090 16.798 0.114
55805.553656 16.6732 0.109
55805.567346 16.6651 0.110
55805.581080 16.5991 0.107
55849.428458 16.7942 0.115
55849.438570 16.8059 0.114
55849.448646 16.9316 0.122
55849.458786 16.9895 0.125
56065.597603 16.949 0.111
56065.609344 17.0373 0.115
56065.620785 16.9661 0.112
56065.632243 17.0474 0.127
56102.601529 17.0601 0.114
56102.614356 16.9369 0.109
56102.627318 16.892 0.108
56102.640329 16.8481 0.108
56150.473724 16.5745 0.101
56150.484054 16.4919 0.098
56150.494344 16.6293 0.102
56150.504708 16.57 0.100
56182.452627 16.9285 0.116
56182.462329 16.8901 0.114
56182.471831 16.6562 0.105
56182.481280 16.7682 0.110
56213.425532 16.7299 0.098
56213.436054 16.8428 0.101
56213.446706 16.7966 0.100
56213.457316 16.7545 0.099
56243.417103 16.9626 0.109
56243.424808 16.8804 0.108
56243.432534 16.9865 0.112
56243.440294 16.996 0.113
56383.737550 16.8597 0.111
56383.745456 16.7475 0.106
56383.753267 16.6778 0.103
56383.761119 16.6607 0.103
56415.760827 16.9772 0.142
56415.771010 17.0311 0.122
56415.779115 16.8671 0.126
56415.786980 16.7369 0.133
56459.574365 16.7504 0.162
56459.587526 16.6881 0.156
56459.599643 16.5501 0.124
56459.612017 16.6471 0.135
56490.453129 16.5838 0.104
56490.462126 16.7233 0.109
56490.471082 16.7036 0.108
56490.480341 16.6058 0.105
