53588.368873 16.4682 0.120
53588.375510 16.3649 0.115
53588.382112 16.2496 0.110
53588.388814 16.2602 0.111
53726.674098 16.7859 0.157
53726.681812 16.6483 0.151
53726.689557 16.5451 0.140
53726.697269 16.4899 0.137
53704.704282 16.4426 0.144
53704.710341 16.3739 0.156
53704.716349 16.2339 0.253
53704.722357 16.3332 0.134
53831.472035 16.3739 0.112
53831.482509 16.3227 0.110
53831.493194 16.3115 0.110
53831.504015 16.2582 0.108
53847.541151 16.153 0.083
53847.557105 16.1838 0.083
53847.573044 16.2272 0.084
53847.589051 16.1851 0.083
53852.504491 16.9965 0.208
53852.512529 16.7513 0.183
53852.520566 16.4632 0.139
53852.528641 16.3942 0.091
54084.716032 16.3486 0.129
54084.723820 16.5794 0.141
54084.731650 16.802 0.155
54084.739470 16.8104 0.154
53760.701088 16.2534 0.124
53760.710784 16.206 0.122
53760.720415 16.2488 0.124
53760.729892 16.1069 0.118
53766.620315 16.1305 0.091
53766.637734 16.1978 0.093
53766.655525 16.2945 0.095
53766.673839 16.3528 0.097
53923.435852 15.916 0.090
53923.444549 16.0859 0.096
53923.453246 16.229 0.100
53923.461970 16.3296 0.104
53945.359973 16.142 0.098
53945.366535 16.1621 0.098
53945.373066 16.2007 0.100
53945.379621 16.1986 0.100
53899.424668 16.2425 0.109
53899.434118 16.3121 0.112
53899.443572 16.4308 0.116
53899.453030 16.4043 0.116
53806.530163 16.1726 0.105
53806.538970 16.148 0.104
53806.548252 16.2677 0.108
53806.557751 16.1672 0.105
53820.485363 16.1985 0.105
53820.495644 16.2183 0.106
53820.506302 16.2171 0.106
53820.517433 16.1993 0.105
53859.567375 16.1704 0.106
53859.577842 16.1551 0.105
53859.588305 16.2185 0.108
53859.598773 16.2024 0.108
53876.495909 16.2006 0.107
53876.504934 16.1999 0.107
53876.513998 16.2547 0.113
53876.523067 16.3795 0.115
53882.452553 16.2529 0.109
53882.462073 16.2502 0.109
53882.471593 16.1984 0.107
53882.481132 16.2946 0.114
54195.620682 16.2858 0.123
54195.630945 16.1729 0.118
54195.641171 16.2602 0.122
54209.549728 16.1386 0.118
54209.558221 16.1547 0.119
54209.566732 16.1612 0.119
54444.653602 16.5429 0.145
54444.662951 16.8296 0.162
54444.671998 17.0621 0.178
54444.681189 16.8207 0.158
54150.648318 16.3319 0.131
54150.657551 16.3836 0.137
54150.666406 16.4163 0.138
54150.675139 16.3984 0.135
54122.654095 16.5141 0.115
54122.665674 16.7807 0.127
54122.677292 16.9884 0.138
54122.689156 16.7893 0.128
54296.433878 16.2627 0.102
54296.442073 16.1659 0.099
54296.450269 16.2552 0.102
54296.458447 16.2113 0.101
54260.443743 16.214 0.108
54260.453555 16.1938 0.107
54260.463401 16.1142 0.105
54260.473217 16.3019 0.113
54167.677270 16.2133 0.125
54167.685801 16.1527 0.122
54167.694324 16.126 0.121
54167.702863 16.2148 0.125
54181.661189 16.436 0.113
54181.675000 16.3736 0.111
54181.688791 16.321 0.109
54181.702560 16.2018 0.105
54187.437659 17.1019 0.194
54187.444476 17.0114 0.169
54187.451312 16.944 0.163
54187.458173 16.7461 0.150
54226.583960 16.2239 0.105
54226.594863 16.175 0.103
54226.605855 16.1709 0.103
54226.616797 16.1026 0.101
54240.545179 16.1548 0.102
54240.554530 16.1406 0.102
54240.563780 16.1866 0.103
54240.573016 16.1731 0.103
54810.702685 16.1626 0.111
54810.707804 16.1839 0.112
54810.712897 16.0908 0.109
54810.717961 16.1658 0.111
54505.694448 16.3233 0.120
54505.706945 16.4865 0.128
54505.719214 16.6734 0.138
54505.731482 16.9157 0.153
54512.641996 16.4212 0.095
54512.659179 16.7039 0.105
54512.676170 16.9671 0.115
54512.692732 16.603 0.101
54478.685949 16.4405 0.131
54478.697798 16.278 0.122
54478.710670 16.2653 0.121
54478.724245 16.2487 0.120
54487.642003 16.1975 0.102
54487.653183 16.3096 0.107
54487.664479 16.3393 0.107
54487.675924 16.6459 0.120
54660.400603 16.0635 0.088
54660.410444 16.1327 0.090
54660.420275 16.139 0.101
54660.430230 16.2498 0.094
54677.370404 16.894 0.116
54677.376932 16.9351 0.117
54677.383451 16.7798 0.111
54677.389977 16.7251 0.109
54632.481681 16.7613 0.109
54632.489238 16.862 0.113
54632.496820 17.0692 0.122
54632.504475 16.7538 0.109
54526.613030 16.2215 0.115
54526.622889 16.1375 0.111
54526.632570 16.2108 0.114
54526.641992 16.1073 0.110
54534.677749 16.3091 0.121
54534.687599 16.2817 0.119
54534.697532 16.2598 0.118
54534.707512 16.2724 0.119
54588.612301 16.1473 0.083
54588.617558 16.1887 0.084
54588.622819 16.1653 0.083
54588.628062 16.1527 0.083
54599.446708 16.286 0.084
54599.460361 16.2028 0.097
54599.467090 16.125 0.095
54599.473818 16.2377 0.098
54617.524642 16.1802 0.089
54617.531812 16.145 0.088
54617.538967 16.1892 0.090
54617.546125 16.1156 0.088
54938.597089 16.2274 0.092
54938.605244 16.1557 0.090
54938.613358 16.2412 0.092
54938.621445 16.1211 0.089
54949.481287 16.2386 0.096
54949.489481 16.1967 0.102
54949.497527 16.1423 0.101
54949.505654 16.1578 0.098
54867.574654 16.1452 0.093
54867.587803 16.1243 0.092
54867.601411 16.1913 0.093
54867.614891 16.1267 0.091
54885.705024 16.1575 0.092
54885.715696 16.2222 0.093
54885.726384 16.1988 0.093
54885.737073 16.1989 0.093
54859.593152 16.2191 0.109
54859.603248 16.2558 0.110
54859.613422 16.3294 0.113
54859.623594 16.5403 0.122
55040.389978 16.0592 0.110
55040.393765 16.2017 0.116
55040.397554 16.1295 0.114
55004.446268 16.8351 0.128
55004.452837 16.8714 0.132
55004.459659 16.8704 0.136
55004.466591 16.7178 0.131
54896.668451 16.8216 0.101
54896.682261 16.5094 0.091
54896.696050 16.2591 0.085
54896.709846 16.2237 0.084
54907.609601 16.1546 0.103
54907.618096 16.1964 0.105
54907.626552 16.2163 0.106
54907.635081 16.1512 0.104
54917.609413 16.1566 0.079
54917.621679 16.1119 0.078
54917.633952 16.1828 0.079
54917.646250 16.2057 0.080
54973.493338 16.1951 0.091
54973.501134 16.2539 0.090
54973.508949 16.249 0.103
54973.523777 16.2336 0.091
55162.717117 16.3878 0.117
55162.720450 16.2321 0.111
55162.723786 16.2524 0.111
55162.727189 16.2516 0.111
55301.577191 16.1948 0.098
55217.623554 16.1585 0.111
55217.653663 16.2277 0.113
55380.436167 16.1456 0.105
55380.463413 16.1624 0.118
55362.490474 16.425 0.102
55362.514041 16.4717 0.230
55263.609502 16.2654 0.098
55274.623007 16.8922 0.148
55326.466426 16.5453 0.130
55326.495107 16.2599 0.117
55338.448652 16.5732 0.112
55338.483959 16.6523 0.116
55673.546124 16.2384 0.086
55673.584153 16.2402 0.089
55680.598241 16.4386 0.103
55680.623821 16.2858 0.102
55591.713301 16.286 0.098
55591.743659 16.4333 0.103
55650.694018 16.122 0.100
55650.736219 16.0374 0.143
55651.573115 16.2525 0.088
55651.615618 16.2696 0.090
55707.413302 16.4752 0.094
55707.423993 16.5328 0.095
55707.434627 16.4624 0.094
55707.445174 16.325 0.090
55737.423797 16.2911 0.089
55737.437873 16.217 0.087
55737.452045 16.3364 0.090
55737.466197 16.3189 0.090
56001.644884 16.3972 0.090
56001.656217 16.3779 0.088
56001.667609 16.2276 0.122
56001.679012 16.3784 0.116
56019.560480 16.2068 0.105
56019.569995 16.1531 0.103
56019.580081 16.1692 0.104
56019.589567 16.1654 0.104
56028.372511 16.2624 0.085
56028.374235 16.194 0.083
56028.375957 16.1878 0.083
56028.377678 16.2172 0.084
56043.532380 16.7176 0.097
56043.542247 16.4896 0.090
56043.552193 16.3789 0.088
56043.562149 16.2726 0.085
56058.508477 16.2042 0.112
56058.513660 16.3204 0.073
56058.516256 16.2924 0.067
56092.458197 16.1204 0.091
56092.466677 16.2393 0.095
56092.474961 16.2217 0.101
56092.483282 16.2068 0.111
56290.651067 16.2834 0.094
56290.661272 16.2053 0.091
56290.671500 16.2432 0.092
56290.681786 16.1749 0.090
56358.630454 16.2442 0.103
56358.640140 16.1974 0.102
56358.649818 16.252 0.103
56358.659540 16.2337 0.103
56369.679167 16.9156 0.090
56369.697820 16.5093 0.103
56369.716589 16.5571 0.317
56369.735354 16.248 0.091
56375.525116 16.2537 0.089
56375.535056 16.1942 0.087
56375.545173 16.2691 0.089
56375.554850 16.172 0.087
56387.568587 16.2088 0.096
56387.575591 16.1898 0.093
56387.582720 16.2113 0.091
56387.589797 16.2418 0.103
56406.508363 16.3876 0.085
56406.518976 16.2717 0.083
56406.529580 16.1776 0.081
56406.540215 16.2617 0.082
56419.445623 16.265 0.090
56419.454755 16.2341 0.089
56419.463967 16.2593 0.090
56419.473216 16.2475 0.089
56451.477924 16.2504 0.083
56451.490571 16.1778 0.081
56451.503309 16.2268 0.083
56451.516181 16.2842 0.084
56479.400477 16.2377 0.088
56479.407545 16.2138 0.087
56479.414798 16.1824 0.087
56479.422085 16.1714 0.087
