53589.558975 17.1685 0.134
53589.568753 17.1247 0.131
53589.578142 17.1223 0.131
53589.587826 17.1088 0.130
53590.459505 17.3846 0.174
53590.467257 17.3188 0.168
53590.475113 17.5096 0.183
53590.482890 17.9948 0.213
53606.573817 17.1152 0.132
53606.587790 17.1603 0.135
53606.601741 17.2705 0.141
53606.615700 17.3828 0.148
53556.604579 17.5584 0.209
53556.612718 17.3015 0.184
53556.621066 17.3711 0.191
53556.629513 17.6405 0.218
53576.660026 17.2392 0.140
53576.669986 17.5541 0.160
53576.679947 17.6805 0.170
53576.689934 17.3706 0.150
53692.475919 17.516 0.246
53692.481003 17.6029 0.258
53692.486107 17.7054 0.274
53692.491202 18.2964 0.380
53645.474616 17.3076 0.219
53645.483143 17.2776 0.217
53645.495275 16.9988 0.190
53645.508562 17.2121 0.212
53665.445660 17.5089 0.165
53665.457598 17.5828 0.171
53665.469518 17.5722 0.171
53665.481419 17.48 0.164
53618.555893 17.1504 0.158
53618.567695 17.2392 0.166
53618.579530 17.253 0.166
53618.591562 17.252 0.166
53635.423444 17.3939 0.165
53635.436428 17.0574 0.142
53635.449153 17.2473 0.154
53635.461405 17.1925 0.151
53832.754935 17.3145 0.165
53832.762662 17.1145 0.151
53832.770402 17.2289 0.158
53832.778282 17.2992 0.163
53960.624508 17.8018 0.158
53960.637972 17.5332 0.142
53960.651458 17.7321 0.155
53960.664879 17.5942 0.146
53973.529125 17.1568 0.166
53973.539818 17.2049 0.170
53973.550594 17.1869 0.169
53973.561337 17.1266 0.165
53942.516528 17.6854 0.217
53942.526600 17.5089 0.199
53942.536940 17.7346 0.224
53942.547064 17.4653 0.195
53889.644849 17.5829 0.156
53889.651459 17.5653 0.155
53889.658026 17.6177 0.158
53889.664776 17.4767 0.148
53903.676633 17.1045 0.133
53903.689041 17.2661 0.142
53903.701492 17.2138 0.139
53903.713914 17.0961 0.133
53912.673725 17.2784 0.173
53912.683335 17.4371 0.187
53912.692752 17.3137 0.176
53912.701836 17.3323 0.178
53860.772000 17.4388 0.107
53860.787315 17.3037 0.102
53860.802855 17.24 0.100
53860.818190 17.138 0.096
53876.622542 17.4695 0.211
53876.632481 17.2219 0.163
53876.642383 17.2289 0.162
53876.652265 17.0098 0.147
54059.413491 17.5714 0.223
54059.421050 17.4871 0.215
54059.428398 17.4332 0.210
54059.435080 17.6164 0.231
54018.507268 17.5219 0.205
54018.517225 17.4729 0.201
54018.527225 17.7138 0.226
54018.537222 17.5249 0.207
53990.578655 17.0804 0.163
53990.587172 17.095 0.164
53990.595741 17.1356 0.168
53990.604349 17.109 0.167
54005.525480 17.2234 0.174
54005.534293 17.1845 0.171
54005.543336 17.0603 0.162
54005.552246 17.1119 0.167
54207.743189 17.0589 0.175
54207.751735 17.2512 0.192
54207.760380 17.1634 0.183
54207.768903 17.2065 0.187
54319.602470 17.6329 0.207
54319.613060 17.3483 0.181
54319.623618 17.3949 0.185
54319.634068 17.469 0.191
54291.696847 17.3854 0.188
54291.705619 17.4223 0.192
54291.714332 17.319 0.183
54291.723190 17.418 0.193
54260.776020 17.2354 0.136
54260.789015 17.4077 0.147
54260.802065 17.3004 0.141
54260.815046 17.3876 0.147
54238.845360 17.3229 0.160
54238.850921 17.3676 0.164
54238.856415 17.4597 0.171
54238.862004 17.437 0.170
54431.449200 17.5169 0.495
54431.453232 17.0423 0.276
54431.457235 16.7632 0.391
54431.461258 17.3184 0.234
54378.483418 17.2957 0.185
54378.492420 17.3408 0.189
54378.501460 17.3847 0.193
54378.510464 17.3569 0.198
54389.509150 17.4393 0.201
54389.516800 17.3271 0.189
54389.524462 17.255 0.183
54389.532145 17.2069 0.180
54390.500455 17.4991 0.143
54390.513648 17.4486 0.141
54390.526834 17.5644 0.149
54390.540042 17.6589 0.156
54344.608582 17.7372 0.179
54344.619499 17.7273 0.179
54344.630373 17.5561 0.166
54344.641247 17.7441 0.182
54363.483284 17.3287 0.185
54363.491329 17.2141 0.175
54363.499348 17.4495 0.197
54363.507324 17.3907 0.192
54681.579084 17.6079 0.149
54681.589430 17.4619 0.140
54681.599575 17.5104 0.143
54681.609585 17.5044 0.143
54704.553995 17.1966 0.126
54704.565589 17.236 0.128
54704.577085 17.2705 0.130
54704.588656 17.1846 0.126
54624.615903 17.041 0.105
54624.629155 17.1641 0.109
54624.642447 17.1243 0.107
54624.655888 17.0897 0.106
54645.590137 17.4853 0.171
54645.601024 17.4202 0.166
54645.612262 17.6549 0.185
54645.623430 17.4684 0.169
54593.732408 17.1334 0.106
54593.746784 17.1115 0.105
54593.761257 17.0766 0.104
54593.776216 17.1256 0.105
54757.466627 17.214 0.166
54757.476802 17.2932 0.172
54757.486984 17.3478 0.174
54757.497128 17.2848 0.173
54728.496392 17.0445 0.151
54728.505357 17.2233 0.164
54728.514347 17.308 0.171
54728.523325 17.3767 0.177
54739.419301 17.4672 0.146
54739.427902 17.5666 0.166
54739.436165 17.5343 0.143
54739.444352 17.6504 0.143
54929.758716 17.7066 0.271
54929.768480 17.45 0.236
54929.778363 17.458 0.236
54929.788220 17.5688 0.249
54944.762289 17.4885 0.147
54944.773134 17.6317 0.157
54944.784015 17.5923 0.154
54944.794903 17.5461 0.158
55044.560411 17.0694 0.116
55044.570677 17.1678 0.120
55044.580765 17.2144 0.125
55044.590798 17.2174 0.129
55060.494190 17.5453 0.149
55060.502354 17.4772 0.145
55060.510767 17.332 0.136
55060.519307 17.4052 0.140
55004.732150 17.5114 0.320
55004.746153 17.08 0.251
55004.760217 16.8724 0.219
55004.774000 17.4516 0.283
54954.704926 17.3649 0.172
54954.712360 17.1675 0.157
54954.719799 17.4332 0.176
54954.727193 17.4649 0.178
55118.399318 17.4291 0.138
55118.405789 17.4679 0.141
55118.412251 17.5734 0.147
55118.418687 17.5345 0.145
55127.489051 16.9955 0.151
55127.497741 17.012 0.153
55127.506482 17.2149 0.161
55127.515283 17.0932 0.152
55083.560739 17.2346 0.121
55083.570890 17.2726 0.123
55083.581023 17.3033 0.125
55083.591156 17.303 0.125
55092.389491 17.1028 0.126
55092.395984 17.0862 0.125
55092.402446 17.1003 0.126
55092.408984 17.2223 0.132
55416.605704 17.0088 0.112
55416.638300 17.2083 0.120
55389.590240 17.277 0.175
55394.601437 17.212 0.136
55362.713817 17.5725 0.137
55362.753175 17.5906 0.139
55330.671696 17.4653 0.160
55330.711175 17.5683 0.166
55506.430855 17.1857 0.140
55488.402074 17.0311 0.128
55488.433862 17.2259 0.139
55446.470994 17.5402 0.162
55446.503832 17.5505 0.162
55715.618888 17.2439 0.128
55715.634000 17.1996 0.124
55715.649266 17.1749 0.123
55684.751399 16.9998 0.129
55684.773089 17.0858 0.133
55741.703487 17.6455 0.145
55741.716211 17.633 0.146
55741.729230 17.4507 0.135
55741.742179 17.7795 0.156
55770.520987 17.1284 0.109
55770.533817 17.1549 0.110
55770.546779 17.2326 0.113
55770.560116 17.2142 0.112
55796.563962 17.5452 0.148
55796.575856 17.4204 0.141
55796.587806 17.3526 0.136
55796.599886 17.4147 0.140
55830.485976 17.6533 0.142
55830.500073 17.6478 0.142
55830.514250 17.5657 0.137
55830.528441 17.5103 0.135
56019.732277 17.3566 0.125
56019.742833 17.179 0.116
56019.753323 17.2003 0.117
56019.763925 17.2646 0.120
56065.724095 17.1744 0.117
56065.735557 17.2123 0.124
56065.748670 17.1566 0.116
56065.761017 17.2145 0.153
56097.778832 17.1119 0.112
56097.790310 17.1326 0.113
56097.801805 17.2899 0.119
56097.813319 17.2409 0.117
56123.695882 17.2827 0.100
56123.709003 17.3495 0.102
56123.722255 17.4137 0.104
56123.735492 17.4881 0.106
56154.566969 17.203 0.121
56154.577135 17.2858 0.125
56154.586526 17.3644 0.128
56154.596002 17.3405 0.128
56183.537776 17.3644 0.115
56183.548522 17.2844 0.112
56183.559140 17.3822 0.116
56183.569767 17.3534 0.114
56218.475613 17.2046 0.133
56218.486114 17.1685 0.116
56218.496755 17.2285 0.113
56218.507348 17.117 0.112
56265.436031 17.4975 0.146
56265.441351 17.5112 0.148
56265.446800 17.6916 0.160
56265.452164 17.5097 0.148
56394.733287 17.6474 0.149
56394.741044 17.6106 0.146
56394.748874 17.482 0.138
56394.756734 17.5986 0.144
56426.677310 17.4084 0.133
56426.683320 17.2672 0.126
56426.689318 17.245 0.125
56426.695324 17.3677 0.131
56464.692717 17.4073 0.121
56464.707703 17.2087 0.112
56464.722005 17.3317 0.115
56464.736427 16.8694 0.100
56464.767938 17.32 0.118
56478.690054 17.0357 0.114
56478.699617 17.1155 0.117
56478.709237 17.1903 0.119
56478.718825 17.2005 0.120
