53608.374954 14.7781 0.073
53608.385733 14.7953 0.073
53608.392269 14.7364 0.072
53608.398807 14.7193 0.072
53729.738151 14.4392 0.071
53729.740826 14.4279 0.071
53729.743505 14.4394 0.071
53729.746206 14.4572 0.071
53734.715700 14.4089 0.071
53734.723053 14.3936 0.071
53734.730378 14.4192 0.071
53734.737683 14.3894 0.071
53555.444315 14.7578 0.075
53555.451924 14.7706 0.075
53555.459539 14.7848 0.075
53555.467125 14.7905 0.076
53580.404213 14.448 0.067
53580.412351 14.4753 0.068
53580.420507 14.4806 0.068
53580.428720 14.5028 0.068
53830.548857 14.6837 0.070
53830.558403 14.6938 0.070
53830.568091 14.723 0.070
53830.577709 14.7634 0.071
53845.510937 14.4875 0.073
53845.526094 14.5324 0.069
53845.533579 14.5471 0.070
53852.539065 14.6756 0.068
53852.547127 14.7757 0.074
53852.555167 14.7532 0.081
53852.563216 14.7273 0.085
54095.694897 14.7593 0.079
53765.675910 14.5879 0.068
53765.688342 14.6187 0.068
53765.700971 14.6612 0.068
53765.713833 14.6949 0.069
53935.419993 14.4325 0.064
53935.430904 14.4374 0.065
53935.441825 14.4843 0.065
53935.452736 14.5272 0.066
53936.435960 14.7046 0.067
53936.446817 14.6507 0.067
53936.457659 14.5892 0.066
53936.468533 14.5405 0.066
53899.498295 14.4126 0.067
53899.506846 14.446 0.067
53899.515378 14.4506 0.067
53899.523931 14.4587 0.067
53806.618314 14.7208 0.070
53806.627927 14.7432 0.071
53806.637482 14.7543 0.071
53806.646849 14.7639 0.071
53820.572273 14.7852 0.071
53820.584049 14.7474 0.070
53820.595947 14.804 0.071
53820.608036 14.7878 0.071
53859.613632 14.7483 0.071
53859.622687 14.7037 0.070
53859.631705 14.6717 0.070
53859.640823 14.6202 0.069
53873.561646 14.5084 0.068
53873.570628 14.4979 0.068
53873.579633 14.4886 0.068
53873.588691 14.4344 0.067
53879.551117 14.6738 0.070
53879.560193 14.6931 0.070
53879.569266 14.7159 0.071
53879.578380 14.7313 0.071
53886.586851 14.7865 0.067
53886.596666 14.8034 0.067
53886.606657 14.7998 0.067
53886.616502 14.7761 0.067
54196.674961 14.4873 0.073
54196.685268 14.5435 0.074
54196.695716 14.5373 0.074
54196.706158 14.5578 0.074
54207.602630 14.7697 0.077
54207.612228 14.7851 0.077
54207.621792 14.789 0.077
54207.631376 14.8115 0.077
54323.387147 14.8077 0.069
54323.398875 14.8233 0.069
54323.410528 14.8224 0.069
54323.422018 14.8394 0.069
54463.691844 14.4437 0.077
54463.698961 14.4484 0.077
54463.706131 14.4635 0.077
54463.713478 14.4773 0.077
54154.651440 14.5569 0.067
54154.662746 14.604 0.068
54154.674296 14.6282 0.068
54154.685975 14.651 0.068
54126.684347 14.6067 0.068
54126.699035 14.5148 0.067
54126.713783 14.5176 0.155
54127.721331 14.7595 0.069
54127.727427 14.7651 0.069
54127.733631 14.8053 0.069
54127.739841 14.8055 0.069
54285.359524 14.3985 0.064
54285.370747 14.4049 0.064
54301.363943 14.7692 0.068
54301.371511 14.766 0.068
54301.378065 14.7821 0.068
54301.384635 14.7854 0.068
54267.509722 14.737 0.074
54267.517785 14.6845 0.073
54267.525832 14.6322 0.072
54267.534043 14.5673 0.072
54167.714014 14.4502 0.073
54167.722507 14.4936 0.075
54167.731085 14.5033 0.076
54167.739818 14.5727 0.081
54182.617695 14.6897 0.069
54182.632825 14.6134 0.068
54182.647844 14.523 0.067
54182.662673 14.51 0.067
54189.651525 14.4468 0.071
54189.660095 14.3817 0.070
54189.668715 14.4509 0.071
54189.677417 14.4318 0.071
54227.475295 14.4162 0.066
54227.486960 14.3906 0.066
54227.518102 14.399 0.066
54227.529085 14.4146 0.066
54240.644381 14.4086 0.066
54240.657439 14.4067 0.066
54240.670582 14.4186 0.066
54240.683837 14.4378 0.067
54344.370820 14.5194 0.072
54344.375950 14.5084 0.072
54344.381031 14.4896 0.071
54344.386121 14.4792 0.071
54690.356154 14.6317 0.064
54690.360501 14.6977 0.064
54690.364802 14.7074 0.065
54690.369124 14.7335 0.065
54503.759251 14.4525 0.070
54503.768347 14.5015 0.085
54503.777292 14.3554 0.079
54504.754564 14.8094 0.075
54504.762080 14.7944 0.075
54504.769453 14.8375 0.076
54504.776803 14.8144 0.075
54622.488807 14.7988 0.065
54622.498656 14.8092 0.065
54622.508488 14.7872 0.065
54622.518314 14.7942 0.065
54645.496049 14.4965 0.067
54645.506357 14.5321 0.067
54645.516872 14.5632 0.068
54645.527252 14.5844 0.068
54526.686239 14.6825 0.072
54526.695902 14.6911 0.073
54526.705569 14.7179 0.073
54526.715460 14.7598 0.074
54533.698165 14.795 0.075
54533.708578 14.7731 0.074
54533.718994 14.7967 0.075
54533.729392 14.8344 0.076
54588.634350 14.4772 0.062
54588.647403 14.4592 0.062
54588.660471 14.4423 0.062
54588.673565 14.3983 0.062
54595.549897 14.5113 0.066
54595.560221 14.5083 0.067
54595.570601 14.4689 0.066
54595.580965 14.4617 0.066
54612.550559 14.509 0.063
54612.561662 14.5013 0.063
54612.568131 14.4745 0.062
54612.574610 14.3165 0.064
54938.670185 14.4457 0.060
54938.684083 14.4188 0.060
54938.697901 14.3689 0.059
54938.711748 14.3218 0.059
55057.385377 14.8394 0.067
55057.391743 14.8311 0.067
55057.398165 14.8287 0.067
55057.404525 14.7958 0.067
54887.670730 14.5515 0.063
54887.685494 14.4755 0.063
54887.699676 14.4542 0.062
54887.713699 14.4635 0.063
54844.669843 14.6852 0.065
54844.680591 14.7251 0.065
54844.691430 14.7338 0.066
54844.702233 14.7558 0.066
55032.481132 14.4321 0.068
55032.486174 14.428 0.069
55032.491248 14.4411 0.069
55032.496306 14.4282 0.069
55000.510791 14.5061 0.062
55000.516742 14.5148 0.062
55000.522620 14.5371 0.062
55000.528533 14.5529 0.062
54908.683567 14.5056 0.068
54919.642811 14.8167 0.071
54919.651316 14.8052 0.071
54919.659786 14.797 0.071
54919.668297 14.772 0.071
54954.490459 14.4401 0.067
54954.499462 14.4271 0.067
54954.508471 14.4052 0.067
54954.517566 14.3951 0.067
54973.575050 14.6975 0.077
54973.589083 14.745 0.082
54973.598397 14.7402 0.078
54973.607626 14.746 0.079
55299.701088 14.695 0.062
55248.691741 14.5712 0.071
55218.676192 14.824 0.068
55386.450092 14.3723 0.069
55386.471860 14.3579 0.064
55359.469932 14.4466 0.064
55359.499977 14.5789 0.066
55264.628749 14.7823 0.068
55326.544286 14.4808 0.070
55326.572898 14.4179 0.069
55654.523393 14.8167 0.064
55654.556793 14.8048 0.064
55674.522096 14.7304 0.063
55674.573196 14.8152 0.064
55706.423153 14.4236 0.063
55218.678920 14.8163 0.074
55218.728517 14.8089 0.073
55737.490110 14.8252 0.064
55737.497135 14.8544 0.065
55737.504229 14.8195 0.064
55737.511327 14.8379 0.065
55766.387893 14.7987 0.064
55766.394238 14.8058 0.064
55766.400604 14.7907 0.064
55766.406961 14.8378 0.065
55799.371635 14.4633 0.063
55799.378659 14.457 0.063
55799.385733 14.4538 0.063
55799.392808 14.4423 0.063
56004.739439 14.4703 0.064
56004.751396 14.493 0.065
56004.763439 14.5391 0.067
56004.775438 14.5603 0.072
56019.644919 14.5974 0.064
56019.654283 14.562 0.064
56019.663639 14.5522 0.063
56019.673008 14.5821 0.064
56036.588427 14.7754 0.063
56036.602594 14.6839 0.062
56036.616755 14.5771 0.061
56036.630946 14.543 0.061
56046.588890 14.812 0.063
56046.600213 14.7965 0.063
56046.611598 14.77 0.062
56046.622982 14.7226 0.062
56061.510813 14.5739 0.061
56061.520671 14.5968 0.061
56061.530572 14.6233 0.061
56061.540475 14.6444 0.062
56076.483174 14.4412 0.064
56076.495622 14.4612 0.064
56076.508133 14.48 0.064
56076.520593 14.4887 0.065
56153.407828 14.7023 0.064
56153.414884 14.7274 0.065
56153.421994 14.7287 0.064
56153.429107 14.7545 0.066
56296.693677 14.7964 0.066
56296.703115 14.7672 0.065
56296.712785 14.7422 0.065
56296.722773 14.6936 0.064
56363.696213 14.6571 0.064
56363.707991 14.6883 0.064
56363.719959 14.7435 0.064
56363.731923 14.7606 0.065
56376.575964 14.767 0.064
56376.588127 14.7263 0.064
56376.600081 14.663 0.065
56376.612046 14.5838 0.063
56391.653823 14.5583 0.062
56391.667418 14.5301 0.062
56391.681343 14.4686 0.061
56391.695093 14.4502 0.061
56404.485280 14.4337 0.059
56404.495939 14.3984 0.059
56404.506729 14.4127 0.059
56404.519242 14.4325 0.059
56412.603754 14.3919 0.061
56412.616445 14.412 0.061
56412.628896 14.4484 0.062
56412.641511 14.4617 0.062
56422.581402 14.4598 0.061
56422.590481 14.4378 0.061
56422.599418 14.4097 0.061
56422.608512 14.4148 0.061
56459.478077 14.8161 0.063
56459.488673 14.8239 0.063
56459.499339 14.8413 0.063
56459.510808 14.8312 0.063
56495.367254 14.8423 0.065
56495.377781 14.7738 0.064
56495.386740 14.8339 0.065
56495.395708 14.828 0.065
