53605.442288 13.4735 0.060
53605.454168 13.5057 0.061
53605.466181 13.5272 0.061
53605.477929 13.537 0.061
53627.382648 13.5283 0.058
53627.392570 13.505 0.058
53627.402482 13.5232 0.058
53627.412404 13.5295 0.058
53831.648745 13.4929 0.060
53831.660370 13.4808 0.060
53831.671595 13.5102 0.060
53831.682349 13.5452 0.060
53846.707613 13.4677 0.060
53846.716390 13.4884 0.060
53846.725191 13.4873 0.060
53846.733982 13.5077 0.060
53956.457729 13.6402 0.063
53956.466694 13.656 0.063
53956.475698 13.5924 0.063
53956.484689 13.6208 0.063
53968.469661 13.5866 0.063
53968.475980 13.5764 0.063
53968.482352 13.6139 0.063
53968.488697 13.1914 0.060
53920.575352 13.5349 0.062
53920.583163 13.4876 0.062
53920.590951 13.4533 0.062
53920.598709 13.4436 0.061
53928.467625 13.5648 0.062
53928.476142 13.5503 0.062
53928.484636 13.5507 0.062
53928.493156 13.5394 0.062
53889.529090 13.4903 0.058
53889.534813 13.4975 0.058
53889.540508 13.4847 0.057
53889.546113 13.4667 0.057
53900.589684 13.6116 0.062
53900.599188 13.6073 0.062
53900.608792 13.5849 0.062
53900.618378 13.5877 0.062
53817.674216 13.4631 0.060
53817.684274 13.4714 0.060
53817.694490 13.4627 0.060
53817.704702 13.4518 0.060
53863.613742 13.4624 0.060
53863.623726 13.4825 0.060
53863.633747 13.4763 0.060
53863.643856 13.5163 0.060
53873.645560 13.5787 0.061
53873.654639 13.5992 0.061
53873.663705 13.6057 0.061
53873.672786 13.6334 0.061
53879.629781 13.4896 0.057
53879.641344 13.5135 0.057
53879.652911 13.521 0.058
53879.664454 13.5586 0.058
53995.413421 13.5979 0.064
53995.416817 13.5743 0.064
53995.420202 13.571 0.064
53995.423589 13.5871 0.064
54316.381324 13.5131 0.062
54316.386498 13.5253 0.062
54316.391624 13.5306 0.062
54316.396788 13.5224 0.062
54265.549588 13.4819 0.061
54265.559431 13.4617 0.061
54265.569306 13.4669 0.061
54265.579171 13.4682 0.061
54188.641607 13.2031 0.061
54188.649453 13.5168 0.063
54188.657513 13.4676 0.063
54188.666080 13.551 0.063
54189.709638 13.5141 0.063
54236.607361 13.4941 0.063
54236.616412 13.4955 0.063
54236.625424 13.506 0.064
54236.634467 13.5293 0.064
54345.407606 13.6003 0.060
54675.487581 13.533 0.058
54675.498519 13.5515 0.060
54675.509458 13.5517 0.058
54675.520402 13.5942 0.058
54644.530194 13.4009 0.057
54644.540535 13.4467 0.057
54644.551051 13.3306 0.057
54644.561412 13.3534 0.057
54530.647787 13.5768 0.060
54530.654445 13.5724 0.060
54530.661032 13.5761 0.060
54530.667659 13.5634 0.060
54592.619733 13.4494 0.059
54592.628255 13.4487 0.059
54592.636830 13.4393 0.059
54592.645356 13.4303 0.059
54599.528276 13.5139 0.057
54599.536946 13.4862 0.057
54599.546101 13.4805 0.057
54599.555038 13.4732 0.057
55045.440812 13.5878 0.061
55045.447832 13.628 0.062
55045.454869 13.6452 0.062
55045.461906 13.6466 0.062
55011.501783 13.5196 0.062
55011.507652 13.4859 0.062
55011.513543 13.5085 0.063
55011.519457 13.4825 0.063
54892.731602 13.5221 0.061
54892.740887 13.5307 0.061
54892.750526 13.5444 0.064
54892.759798 13.42 0.078
54910.656053 13.4451 0.060
54910.664431 13.4572 0.060
54910.672769 13.4533 0.060
54910.681195 13.436 0.060
54955.555257 13.5902 0.058
54955.567151 13.5858 0.058
54955.579177 13.5609 0.058
54955.591070 13.5307 0.058
54966.682123 13.6148 0.062
54966.688889 13.5995 0.062
54966.695720 13.578 0.061
54966.702596 13.5879 0.061
54979.579909 13.4668 0.061
54979.589320 13.4786 0.061
54979.598677 13.5252 0.061
54979.608276 13.5002 0.062
55223.707715 13.5878 0.059
55223.734657 13.6083 0.059
55395.443003 13.6128 0.062
55395.473995 13.6204 0.062
55354.608426 13.4753 0.062
55263.747983 13.5173 0.058
55275.670481 13.5835 0.063
55323.625662 13.6432 0.063
55323.653053 13.6767 0.063
55337.581335 13.5361 0.059
55337.615045 13.5536 0.059
55655.701942 13.5397 0.058
55655.744662 13.4817 0.058
55722.514017 13.6414 0.057
55722.526775 13.5879 0.057
55722.539683 13.6133 0.057
55722.552496 13.638 0.057
55685.657257 13.507 0.058
55709.525218 13.5175 0.057
55709.535433 13.5035 0.057
55709.545567 13.5304 0.057
55709.555593 13.5558 0.057
55745.539671 13.6066 0.057
55745.549582 13.6432 0.057
55745.559560 13.5858 0.057
55745.569539 13.6017 0.057
55775.440946 13.6625 0.058
55775.462203 13.5598 0.058
55775.472909 13.5372 0.058
55821.408956 13.5381 0.059
55821.414827 13.6556 0.059
55821.420859 13.5674 0.059
55821.426914 13.6238 0.059
56046.729697 13.4482 0.056
56046.741803 13.4394 0.056
56046.754097 13.4416 0.056
56046.766287 13.4831 0.056
56066.606800 13.5909 0.058
56066.616321 13.5638 0.058
56066.625846 13.534 0.058
56066.635425 13.5063 0.058
56076.656273 13.3868 0.056
56076.665474 13.4062 0.056
56076.674750 13.4256 0.056
56076.684002 13.4259 0.056
56102.550603 13.6367 0.056
56102.561202 13.5814 0.056
56102.571973 13.61 0.056
56102.582598 13.447 0.056
56126.426343 13.5871 0.056
56126.435609 13.5211 0.056
56126.444969 13.5867 0.056
56126.454113 13.5495 0.056
56174.446143 13.5032 0.056
56174.453198 13.4553 0.056
56174.460274 13.4975 0.056
56174.467365 13.5983 0.056
56366.669511 13.5262 0.060
56366.701251 13.6089 0.060
56366.711138 13.6515 0.061
56366.720911 13.5875 0.061
56395.596206 13.4502 0.057
56395.606799 13.5006 0.056
56395.617602 13.4611 0.056
56395.628355 13.4175 0.056
56405.628373 13.5476 0.055
56405.641000 13.5693 0.055
56405.653463 13.5323 0.056
56405.665669 13.6543 0.056
56423.657525 13.4427 0.054
56423.671623 13.5705 0.054
56423.685824 13.4983 0.054
56423.700043 13.4958 0.054
56432.458862 13.5584 0.056
56432.470304 13.5134 0.055
56432.481696 13.5109 0.055
56432.493579 13.4822 0.055
56446.622351 13.3623 0.055
56446.633261 13.4465 0.055
56446.644070 13.4432 0.055
56446.654752 13.4807 0.055
