53588.5033738891 14.555079 0.0657953341187368
53588.5206306133 14.584557 0.0660751314927763
53588.5377875002 14.672507 0.0670460372531421
53606.4407742941 14.773351 0.0636910230122773
53606.4614445139 14.705147 0.0630615923905287
53606.4810219212 14.620346 0.0623207447321025
53606.5001292825 14.555552 0.061768146655008
53556.572920405 14.784273 0.077659423952424
53556.5806580788 14.750812 0.076971460126379
53556.5884899885 14.727719 0.0765387321351867
53556.5962580439 14.732801 0.0765461296582836
53576.5974100114 14.608502 0.0667446922954464
53576.6107023031 14.561606 0.0662441407869816
53576.62393544 14.57995 0.066433351090473
53576.6371893057 14.644481 0.0672427906176248
53694.4257856711 14.779848 0.0800210818869269
53694.4321907756 14.764573 0.0800080243399743
53694.4386120831 14.789182 0.0807938970542932
53694.4450439351 14.741651 0.080081126654755
53651.4419226969 14.618033 0.079981950835061
53651.4513753705 14.577165 0.0791872877143763
53651.4606305903 14.588687 0.0794445988443775
53651.4701481943 14.535072 0.0784803348239011
53668.431169109 14.587888 0.0717994169276899
53668.4426272223 14.632159 0.0746211008853666
53668.4541113773 14.614422 0.0726802299258054
53668.4655576618 14.648225 0.0765037198373235
53614.4281093752 14.70083 0.0684949279757212
53614.4413082757 14.71088 0.0687971126865545
53614.4543170485 14.774913 0.0695662538184866
53614.4669663658 14.864995 0.0707111586659131
53636.4326689931 14.61954 0.0663796123011788
53636.4453127895 14.582818 0.0686924503548401
53636.4579247221 14.610859 0.0690626361113415
53636.470572824 14.654513 0.0697070297405576
53849.7337607988 14.779708 0.0671682907605651
53849.7453801506 14.80777 0.0674160774558948
53849.7570936228 14.795864 0.0672758270590318
53849.7687693285 14.770417 0.066936693699307
53850.6854488193 14.65735 0.059439384432567
53850.6971342359 14.637531 0.0597234839359753
53850.7088024654 14.596659 0.0594691080555176
53850.7204827895 14.591028 0.0591836869752085
53959.4960412386 14.620813 0.0640210404309238
53959.5060667362 14.558987 0.0635624270886637
53959.5161411919 14.595789 0.0639001404566999
53959.5261554512 14.566736 0.0635885487695231
53973.4885019098 14.611004 0.0735089247866197
53973.498404375 14.626033 0.0737200905919569
53973.5083438658 14.601657 0.0733437181663816
53973.5182217939 14.610326 0.0734675011948866
53936.4807554861 14.727235 0.0690344054612624
53936.491670602 14.777927 0.0695990507584524
53936.5025947569 14.789111 0.0697005915330671
53936.5138388192 14.809174 0.0699791022595294
53945.5040771412 14.60137 0.0675760852324471
53945.5146467476 14.583412 0.0672990216368288
53945.5256541087 14.579247 0.067241651154801
53945.5361900465 14.594683 0.0673856378706948
53903.5883733798 14.716741 0.0685820371213385
53903.6018561111 14.718577 0.0685640410013506
53903.6155556482 14.801513 0.0695528902748112
53903.6296770717 14.75168 0.0687865317944736
53912.5885504514 14.738506 0.0750616663117949
53912.5981765507 14.680667 0.07406300653703
53912.6077386226 14.632238 0.0732794088123107
53912.6173471992 14.620695 0.0730411505530848
53821.7358796179 14.764101 0.0735841343174709
53821.7398423843 14.76187 0.0734551622540847
53821.7438187037 14.783127 0.073803360767845
53821.7478089004 14.784664 0.0737830332499196
53881.6668110068 14.604475 0.0713139851789599
53881.678730278 14.611356 0.0718781241048966
53881.6911942476 14.829765 0.125051165706987
53881.7036291321 14.683029 0.0736378610483721
54018.4656420603 14.593268 0.0745078232341174
54018.4753506483 14.608066 0.0748309315917699
54018.485065486 14.629761 0.0752074380180397
54018.4947812498 14.649073 0.0755936226219276
54034.4068248497 14.442885 0.0742566187218426
53989.4458342941 14.674621 0.0787536364213491
53990.4778126619 14.600787 0.0734820076473745
53990.4863231715 14.61105 0.073651338262965
53990.4948283566 14.62209 0.0737915281997296
53990.5033165279 14.678948 0.0747747321053518
54005.4488458332 14.763937 0.0764640762136189
54005.4578285764 14.747436 0.0761917920752262
54005.4666892129 14.743112 0.0759300452098897
54005.4754662846 14.685692 0.0751589085405336
54199.7070484607 14.68304 0.0665207186004597
54199.7203849655 14.74318 0.0670554361867488
54199.7336558451 14.814621 0.0677813667777993
54199.7469495254 14.838879 0.068026064244148
54206.6896254399 14.61208 0.0771238441825998
54206.6986390973 14.689903 0.0781222603969152
54206.7076463775 14.619478 0.0767849345214909
54206.7166091089 14.71321 0.0784224808572365
54319.5313149767 14.595002 0.0729579978670638
54319.5419290277 14.649856 0.0737311049885368
54319.5524135648 14.708871 0.0747891602216604
54319.5629207987 14.743985 0.075400967512192
54333.5416721064 14.675545 0.068620976510155
54333.5526236803 14.699059 0.0690546864390457
54333.5634936458 14.762829 0.0701101144933894
54333.5743658217 14.829725 0.071314271554956
54260.5741340742 14.635309 0.0719085723376195
54260.5829432062 14.670162 0.0721687536101538
54260.5917828935 14.664472 0.0717588086021255
54260.6007526852 14.687045 0.071897447621572
54274.667460405 14.747851 0.075870785248532
54274.677369699 14.717326 0.0755391965000409
54274.6872355786 14.656668 0.0746122969248403
54274.6971904744 14.653997 0.0746172978294392
54236.672121979 14.898782 0.0871888212675126
54236.6781957058 14.848121 0.0821119829028501
54236.6842384144 14.912784 0.0863748393910092
54236.6903215164 14.851029 0.0840559049362584
54431.4301617129 14.666024 0.0773141895842987
54431.4341633796 14.672226 0.0775300342973884
54431.4381617938 14.533235 0.0785826738126563
54431.4421841667 14.312425 0.0784180000049629
54378.4294147684 14.62351 0.0750508228576811
54378.4392602776 14.615039 0.0748452326905751
54378.4491759261 14.577517 0.0742761600876695
54378.4590389237 14.608412 0.0747966876958238
54388.4929762154 14.785734 0.0781178898774573
54388.4997989234 14.820248 0.0789019360412003
54388.5066305554 14.780542 0.0782710201660488
54388.5134735184 14.81132 0.0789498188407305
54344.5580274076 14.642359 0.0679906051899033
54344.5689054863 14.718413 0.0689877517321108
54344.5797938658 14.774128 0.0697921445909746
54344.5906786458 14.794883 0.0701585008532683
54356.4183596182 14.583635 0.0680647086744556
54356.4283669447 14.596718 0.0681641849491395
54356.4384030905 14.656467 0.0688989126531321
54356.4482881827 14.664271 0.0690073694003701
54362.4126932176 14.746144 0.0771138063993949
54362.4209868169 14.760485 0.0773709835878054
54362.4292058797 14.775445 0.0776250424921959
54362.4374551505 15.031906 0.0862878690983634
54704.4441848495 14.787703 0.0666727539414555
54704.4519830672 14.740133 0.0661251024887741
54704.4599304744 14.703635 0.0657379145686607
54704.4677485996 14.682591 0.065462592473429
54525.7855379397 14.648904 0.0829844687040904
54525.7869012963 14.719245 0.0846464176889937
54525.7882353702 14.693126 0.0838616221723856
54525.7896117015 14.696594 0.0841817047756981
54677.5731447456 14.553496 0.0640154663231548
54677.5814381135 14.547881 0.0639900623542696
54677.5897349655 14.562183 0.0641270313750273
54677.5979608563 14.569327 0.0642054441984419
54622.6644798494 14.583161 0.0639812546559943
54622.6803159956 14.593022 0.0641373848907792
54622.6962957871 14.666976 0.0665375873238603
54622.71183956 14.737399 0.0694863843616609
54644.6804860532 14.557764 0.0636928364325832
54644.6920309491 14.563655 0.0637725394018487
54644.703710903 14.568861 0.063904806224713
54644.7152439817 14.609449 0.0643096559734524
54589.7181292591 14.688274 0.0654308325284447
54589.7323755324 14.626416 0.0647516840498392
54589.7468516668 14.609213 0.0645575300149461
54589.7621889468 14.58852 0.0643212335678781
54599.6576087269 14.788541 0.0627501610791283
54599.6708985878 14.754278 0.0623820575275314
54599.6841694674 14.69737 0.0618630226262085
54599.6974673149 14.651243 0.0614692959422126
54614.7569319792 14.589897 0.0638384205227637
54614.7700570254 14.588604 0.0638120463499346
54614.7831581021 14.587037 0.063839482135251
54614.7963111573 14.611575 0.0640614149371019
54740.4117537155 14.666655 0.0702544364126222
54740.4234721065 14.696643 0.0720900863384397
54740.4352652547 14.7257 0.0676838458968236
54740.4470385071 14.74926 0.0671127697046309
54757.3957895834 14.684634 0.0733784219601607
54757.4047026622 14.728306 0.0740444308784318
54757.4136278817 14.759912 0.0746140977571806
54757.4225785762 14.8056 0.0754726781005089
54729.4089777085 14.745271 0.0739316120681026
54729.4166815972 14.739899 0.0737046897356685
54729.424308391 14.779073 0.0743204100565279
54729.4318804514 14.868642 0.0756441386656296
54925.7491639469 14.700043 0.0641452449518922
54925.7589688425 14.617673 0.0650555972637505
54925.7687950231 14.649431 0.063632612793005
54925.7786384489 14.596184 0.0631644074802325
55057.47631772 14.668577 0.0658235040938251
55057.484720347 14.663937 0.0657719938593815
55057.4929800462 14.76191 0.0669213961085935
55057.5011366089 14.60674 0.065201700062807
55035.6329634261 14.574443 0.072654811791381
55035.6400429743 14.611968 0.0729653113941462
55035.6471249654 14.606431 0.0731912837340518
55035.6542421297 14.611389 0.0728420460833887
54986.5596634145 14.784088 0.0700542918535444
54986.5671728356 14.829181 0.0705826716540511
54986.5748112151 14.80696 0.0702487190718568
54986.5823316434 14.832525 0.0740776258742374
55004.6653020716 14.629974 0.0796060673001222
55004.6815691319 14.609108 0.0805359910410287
55004.6979343401 14.630719 0.0847486279788485
55004.7140739582 14.668574 0.0913843373081963
54954.6115848841 14.715107 0.068214049882252
54954.6220034491 14.692552 0.0670992554940358
54954.6325514237 14.625195 0.0662082188369791
54954.6430992824 14.60687 0.0659426869594976
55115.4174363309 14.545877 0.0642158724541689
55115.4232385185 14.621635 0.0716173134170071
55115.4348861807 14.662964 0.0677009600174556
55127.428513426 14.800458 0.0763173979422863
55127.4355403242 14.743686 0.0728145266139117
55127.4425971873 14.694919 0.0721037762083328
55127.4497386689 14.696258 0.0722365444245317
55083.4916049885 14.855467 0.0607170481218191
55083.5083396528 14.811413 0.0604040825083992
55083.5250970139 14.728283 0.0598343481666331
55083.5418490512 14.690747 0.0603972545881138
55413.5449819444 14.761948 0.0689074720083298
55413.5813830439 14.828587 0.07047971712473
55381.6250435997 14.616613 0.0638601674688723
55393.5724164698 14.642883 0.0635479922800003
55393.6051543982 14.774636 0.0647983664252335
55362.5999430323 14.760294 0.0786535697033858
55362.6347109376 14.739695 0.0643434181243851
55275.7544696299 14.785811 0.071156003628005
55330.6131128473 14.715199 0.0695879863963338
55330.6524069444 14.846331 0.0710225758598389
55487.4350860762 14.739082 0.0685086410153721
55487.4651616551 14.638103 0.0675085899441444
55445.4811513424 14.584119 0.0666484460383954
55445.5028870022 14.618057 0.0670559496990728
55654.7708532988 14.783913 0.0718332398653481
55654.7996813772 14.888506 0.0731688538575675
55681.7003823611 14.733932 0.0654298127191074
55681.7175044328 14.810273 0.066274177293744
55709.5830785067 14.716828 0.0652149209189129
55709.5916240973 14.669092 0.0646835610360655
55709.6001884261 14.647149 0.0644673073030429
55709.6087106367 14.619378 0.0641703416312317
53588.5659608448 14.767826 0.068241845317452
53588.5831024655 14.843799 0.0691880736022426
53588.5999780785 14.783239 0.0684068180267069
53588.6169270252 14.714343 0.0676472333937338
54034.4151486574 14.671719 0.0760641503877803
54034.4236269907 14.689774 0.0763513662068309
54034.4321499999 14.733625 0.0770879984132975
54034.4406576158 14.751379 0.0790978495289655
55738.5297539352 14.683645 0.0623045967476106
55738.5346959142 14.677192 0.0622089769140356
55738.5396474886 14.719535 0.0626074335871216
55738.5447287035 14.73662 0.0627199386622962
55765.5626482174 14.701967 0.0623501864324049
55765.5709202892 14.668449 0.0620737218660771
55765.5792145833 14.641556 0.0618230351521378
55765.5874412965 14.611113 0.0616178974304494
55795.4796271646 14.703938 0.0659077593272804
55795.4915118748 14.648884 0.0654212526531323
55795.5033751852 14.619755 0.0653791532953665
55795.5152856018 14.608243 0.0664934311380924
55830.4220449072 14.904088 0.0697778202707871
55830.4350778125 14.867513 0.0692624228220173
55830.4482152313 14.815153 0.0685736064973144
55830.461351736 14.725198 0.0678121970696151
56059.764435845 14.843733 0.0610857524085466
56059.7794632637 14.785925 0.0606874125669688
56059.79454081 14.700704 0.0600805422058945
56059.8096424304 14.643689 0.0598345215444891
56097.6780562846 14.884322 0.210305115743247
56097.6886842361 14.901666 0.160871695818848
56097.6993811804 14.702346 0.106120461131107
56097.7101071643 14.788762 0.0907751637660358
56108.4768963543 14.650352 0.0640333549958648
56108.483237801 14.685424 0.0643026740299199
56108.4907155208 14.671936 0.0641514395932827
56108.5019158333 14.724893 0.0646204768738647
56150.5193364234 14.794688 0.0655770173546673
56150.5279461341 14.815031 0.0658360444613476
56150.5363702895 14.835456 0.0660416175929498
56150.544736933 14.80988 0.0657901009971258
56182.5021424769 14.750312 0.066005971450322
56182.5133980094 14.804069 0.0665639236883351
56182.5246682409 14.817547 0.0668252159965043
56182.5359834838 14.855012 0.0674159880988477
56217.428042523 14.638355 0.0617929643614848
56217.4400902547 14.641087 0.0617997434401906
56217.4521122569 14.640249 0.0618611853907628
56217.4642913312 14.639582 0.0618921752831944
56388.7051191898 14.572547 0.0639433434872972
56388.7151046526 14.619414 0.0642654883772674
56388.7249740162 14.645748 0.0644075308053572
56388.7348872456 14.640411 0.0643108013661791
56415.7691701506 14.71431 0.0686434010871543
56415.7772881715 14.641085 0.0741027356225953
56415.7851955323 14.647291 0.0713771417733085
56415.7930768635 14.723179 0.071785559952668
56451.7062212963 14.677193 0.0621986643477358
56451.7183942244 14.700184 0.0624571053398976
56451.7305868173 14.788789 0.0633256626053504
56451.7427175002 14.820186 0.0636373854736101
56486.5812770372 14.795424 0.0722449152798118
56486.5900843285 14.758875 0.0711553006727703
56486.5993206829 14.700617 0.0782544308043248
56486.6082554051 14.761332 0.0758550658769949
