54085.6787303935 14.423888 0.0716186430071863
54066.6181715049 15.268363 0.19716249815454
54007.7916381826 15.038553 0.0792680662755839
54199.4525919329 14.597763 0.0684748643882499
54199.4640317247 14.529151 0.0677416674214111
54199.4755085534 14.668549 0.0695649638255451
54199.486965463 14.734799 0.0705315033548296
54444.606566366 14.971694 0.0802775865323598
54444.6155917129 14.870757 0.0781976472384526
54444.6245289698 15.020547 0.0810970872786556
54444.6334292015 15.012562 0.0808125155154393
54169.5417864813 15.021191 0.0825432554812513
54169.5515948494 15.041439 0.0830974905965155
54169.5615381712 14.920473 0.0806308552518847
54169.5713472224 14.903125 0.0804899746245012
54178.5104985071 14.603389 0.0761659155016021
54178.5180019212 14.531999 0.075045198767831
54178.5255035997 14.606767 0.0765270497229145
54178.5329761111 14.591852 0.0766502011595262
54226.3916606712 14.574014 0.0684365231001328
54226.3998482525 14.573273 0.0685251692482267
54226.4080116437 14.585888 0.0687079837958868
54226.4165373147 14.43957 0.0670400623008334
54243.3533326156 14.541523 0.0746809162233258
54243.3614913772 14.591734 0.075591651922854
54243.3696544097 14.528185 0.0746281086698159
54243.377829618 14.502662 0.0743541114943708
54377.7382718401 14.804305 0.0770482731276823
54377.747733426 14.702291 0.0753904225857348
54377.7573632986 14.793593 0.0767620440695225
54377.7672159836 14.795899 0.0769333685764296
54819.5527746875 14.474964 0.0688071709011798
54819.5615912384 14.454549 0.0684993588158294
54819.570375486 14.549901 0.0698359915862123
54819.5793855555 14.463985 0.0686599978184076
54504.6040575695 14.926164 0.0711498189338319
54504.6150383102 14.95062 0.0716636954679941
54504.6259952197 14.914054 0.0711153216230763
54504.6369896182 14.900792 0.0710865326312869
54467.7002173727 15.044469 0.0743315024707225
54467.7099824422 15.055385 0.0748773785241916
54467.7197683565 14.895033 0.0772426982303883
54467.7295264932 14.860758 0.0739913527330584
54530.5529198496 14.976149 0.0684581319435348
54530.5608862502 15.126246 0.0705202314638151
54530.5688322683 15.045724 0.0696435699102726
54530.5767918288 15.070753 0.0701916236081729
54590.3755366667 14.998415 0.0684738368387298
54590.3861244558 15.046796 0.0690632984809755
54590.3942996529 15.109315 0.0699788569676932
54590.4024600349 15.068068 0.0695592173814274
54782.7089572108 14.892953 0.0758118412962982
54782.7191431366 14.539666 0.0703434719618839
54782.7282067939 14.572531 0.0708533416710363
54782.736987801 14.575797 0.0708567416599644
54742.7047727082 14.526934 0.0693026897735069
54742.7139924999 14.516971 0.0691202770909791
54742.7232758451 14.581787 0.0701038664274134
54742.7326659026 14.594307 0.0698828626050632
54925.4734387271 15.106391 0.0675743452974471
54925.4852345487 14.894392 0.0652771669087835
54925.4969802544 14.803334 0.0644694793972189
54925.5088554745 14.766748 0.0642307278790776
54941.4408376273 14.957799 0.0692249396649005
54941.4488189467 14.971713 0.068790270795397
54941.456824109 15.047608 0.0699191020685787
54941.4648164352 15.036689 0.0699551254298694
55184.5925584375 14.560789 0.0645067044935816
55184.6057385765 14.554378 0.0646244476276669
55184.6189110647 14.42748 0.0628561710850239
55184.6319009261 14.50672 0.0636258947474447
54867.4576308332 14.61017 0.0654474433206111
54867.4687856599 14.662845 0.0659398303483648
54867.4800220835 14.762756 0.0694855706450782
54867.5001572222 14.735377 0.0665115846790926
54836.6560683566 14.64461 0.0616151767585077
54836.6599749884 14.650368 0.0616969327457568
54836.6638886806 14.675796 0.0619299918757053
54836.6677912617 14.612818 0.0614417162052261
54855.6490705442 14.534377 0.0642026287305678
54855.6619256712 14.541826 0.0643720957953571
54855.6748007061 14.679938 0.0660309272997946
54855.6883844561 14.625716 0.0655614041281863
54899.5343436459 14.753762 0.0829518892162803
54899.5396779976 14.834907 0.0848479288794675
54899.5450117709 15.037586 0.0903027728394571
54899.550352477 14.556738 0.0876796783664229
54907.5201678011 14.921781 0.067963394776614
54907.529259352 14.821271 0.0667625836580227
54907.538392222 14.810825 0.0667287261818633
54907.5475480207 14.627489 0.0648473163267426
54956.4550631712 15.054534 0.0734809314060983
54956.4605240277 15.046567 0.0744635633478316
54956.4659851156 14.967026 0.0731016912037341
54956.4714363655 14.882961 0.0719869710105569
55144.7256329168 15.086566 0.0757423205775964
55144.7341640393 15.0577 0.075296836815555
55144.7425875116 15.095736 0.07593049751751
55144.7510807753 15.078937 0.0753288689043583
55093.7653037501 14.969527 0.0721114059408855
55093.7709797803 15.135349 0.0746593993395155
55093.7766369442 15.158368 0.0750329149861927
55093.7822964122 15.192147 0.0756767699424407
55103.7222976966 14.922337 0.0758080415770672
55103.7314203821 14.966091 0.0764899358541243
55103.7406128586 14.982934 0.0767856653532238
55103.7499111226 14.8786 0.0747922110959452
55299.453925903 14.611955 0.0666661823170842
55543.6760670139 15.325858 0.0858438292745943
55543.7106285302 14.934701 0.0778157903918922
55248.5198034376 14.416032 0.0699269305089251
55214.5764790626 14.45552 0.0688691885146577
55214.6003068287 14.58928 0.0707466951286249
55265.5458076159 14.269811 0.0633608527899757
55325.3968543983 14.510165 0.0665744055696694
55325.4181791782 14.501272 0.0661643076073435
55679.4262377549 14.612455 0.0683947017819579
55679.4453355901 14.475572 0.068592562871817
55590.6229296642 14.958079 0.066601278455728
55590.6485701155 14.96032 0.0668181750958989
55647.4727107058 14.748686 0.0676741888504472
55647.499334537 14.828173 0.0689169071774257
55574.6247181366 15.028844 0.0719463124565537
55574.6517774998 14.837088 0.0692574450574823
55883.7200683795 14.999996 0.0785540337406867
55883.728690243 14.718137 0.0737391905169387
55883.73753978 14.886022 0.0765203786347972
55883.7462493751 14.670107 0.0728809380902733
55945.5925200925 14.800094 0.0645058184809306
55945.6038031595 14.696685 0.0650041163221821
55945.6150678358 14.818537 0.066986503220498
55945.6263631828 14.917092 0.0773984565960615
55978.4709906364 15.203163 0.0729027252324938
55978.4805123033 15.15971 0.0735718303026715
55978.4901163774 15.112398 0.0711852944075968
55978.4996034373 15.144298 0.0864728921858663
56041.415148727 15.028801 0.0653417421109612
56041.4264694097 15.110283 0.0663126740403232
56041.4377379053 15.100799 0.0662733330030099
56041.4490181947 15.022789 0.065551430127168
56243.6567129976 14.321705 0.0591362599086422
56243.6694661806 14.301272 0.0589685158356408
56243.6823792708 14.404097 0.0596456522024737
56243.6956279281 14.301913 0.0589255358246996
56281.615938229 14.656372 0.0645735674050857
56281.6294777547 14.629291 0.0644135243580715
56281.6427845256 14.562843 0.0637474931243565
56281.6562381829 14.500606 0.0631357959810058
56368.5334572108 14.690963 0.0586501748680038
56368.5474437382 14.600196 0.0581444937503822
56368.5615736572 14.590446 0.0581815521884022
56368.5756967594 14.492885 0.0576860460057237
56400.4468143866 14.808051 0.0656063969599172
56400.4574451274 14.637213 0.0639416163949348
56400.4682792244 14.712086 0.0647769550362485
56400.479280463 14.741587 0.065145817243506
