53722.7209945951 15.581268 0.0967466840525646
53722.7267854397 15.492235 0.0941303254294525
53722.732335081 15.562973 0.096112426719405
53722.7377724421 15.525285 0.0949769183213115
53704.6762687384 15.745921 0.182708399561568
53704.6831493635 15.924712 0.231757899198112
53704.6900550347 15.803961 0.10988848253809
53704.6969342131 15.687011 0.126508838161959
53848.4731088656 15.581186 0.0728333119105142
53848.4890758683 15.549547 0.072332682525189
53848.5050528355 15.556001 0.0725384720274546
53848.5209890859 15.573641 0.0732385722777029
54081.7232531942 15.664381 0.088454949005224
54081.7276682984 15.718326 0.089705037982858
54081.7322909259 15.741949 0.0903931269797014
54081.7369144792 15.778498 0.0915786954118779
53763.5907732523 15.54054 0.0839486393173024
53763.6008413425 15.583446 0.0849205702346808
53763.6108813076 15.524619 0.0834610308280589
53763.6210432756 15.585289 0.0849734577289064
53763.6314814002 15.61941 0.0859302455163495
53921.35376625 15.567702 0.0832689530475458
53921.3603051505 15.601407 0.084054618990038
53921.3668410997 15.555779 0.0830398672095312
53921.3733806829 15.597109 0.0841920928588017
53890.3718266669 15.675691 0.0817822087231858
53890.3820794793 15.641526 0.0810991648203362
53890.39231853 15.565182 0.0796366324409905
53890.4025404397 15.544569 0.0791179992826196
53813.5165257757 15.62791 0.0796014426376014
53813.5308125462 15.590858 0.078834515298991
53813.5450624307 15.495864 0.0770495202783639
53813.5592844905 15.442304 0.0761223863365322
53825.4725525002 15.581075 0.0785735919619321
53825.4821509952 15.604211 0.0789407531974545
53825.4916012385 15.673879 0.0803790843015932
53825.5017701043 15.673701 0.0808957754486267
53877.3966736576 15.705181 0.0916414326654466
53877.4071250462 15.724442 0.0922463484381711
53877.4174804745 15.733156 0.092494647270679
53877.4277990509 15.715917 0.0921110688654982
54062.643542523 15.551615 0.0846178554201215
54062.6577426042 15.56586 0.0846102769324021
54062.6719392012 15.592011 0.0849374182113848
54062.6861186805 15.671048 0.0867077179544721
54038.7309676042 15.580431 0.102866137148392
54038.7394795024 15.595905 0.106288378863116
54038.7479699884 15.62154 0.103457904953161
54038.7564840742 15.512944 0.0986377525779216
54197.4648950809 15.51481 0.097314892260662
54197.4742796874 15.550057 0.0983854935401922
54197.4836309721 15.539601 0.0983608330929373
54197.4929653473 15.554949 0.0989499124902602
54212.4104750115 15.740618 0.0899755353752875
54212.4212573725 15.683024 0.0884087021611255
54212.4318530322 15.660257 0.0878913928229497
54212.4424484489 15.638453 0.0872910962982666
54113.6801328935 15.702164 0.114661547927333
54113.6853244097 15.729658 0.114784168321258
54113.6905078242 15.78231 0.115525657901262
54113.695665891 15.778408 0.116066696041532
54130.6426959724 15.719745 0.101852376264625
54130.6530736807 15.757058 0.103197765105627
54130.663423727 15.724953 0.102178414845827
54130.6737010881 15.74596 0.102921065630034
54298.3559451853 15.790971 0.0893576918335561
54298.3624975118 15.786292 0.0893982188625956
54298.3690854977 15.724097 0.0880768748436788
54298.3756526387 15.698539 0.0875856980060793
54167.5534819329 15.64072 0.130586106905478
54167.5840470024 15.554204 0.100280363258235
54167.5908903239 15.469502 0.0973917749242715
54167.5977192942 15.530118 0.0998160894418647
54184.3987400578 15.544905 0.0866173312629288
54184.4038875927 15.507358 0.0849533744463859
54184.4088969329 15.654906 0.091883436032309
54184.4139619446 15.587432 0.0865664969045696
54245.4338941781 15.700405 0.10396819046653
54245.4424217014 15.647912 0.102334948609266
54245.4509631248 15.564517 0.0997368900618504
54245.459503947 15.559865 0.0997801469420832
54508.5809108913 15.586854 0.0832937356743654
54508.5877411226 15.639347 0.0843878289213964
54508.5945183565 15.631413 0.0841354790918825
54508.6012333101 15.635494 0.0842615406421137
54473.7030064352 15.72508 0.0882154349933283
54473.7137919213 15.755711 0.089299796324315
54473.7242285418 15.696735 0.0878148303335235
54473.7346909838 15.575662 0.0851106636873708
54528.6498864584 15.586436 0.0734137816242962
54528.6592482754 15.609812 0.0738681225608096
54528.6686738657 15.634596 0.0743576258336502
54528.67811103 15.682958 0.0752311495280593
54534.5571544447 15.536107 0.0936205110807953
54534.5660304745 15.539336 0.0937831815942382
54534.5748667015 15.542278 0.0938283646387933
54534.583667963 15.596627 0.0955554815186586
54594.4773914466 15.571796 0.0849629569064524
54594.4880548149 15.603889 0.0858501252471934
54594.4987185301 15.597036 0.0858094969330334
54594.509373692 15.649938 0.0872475609999372
54602.4655859261 15.559932 0.0773625242874265
54602.4722475233 15.595642 0.0782075514755315
54602.4789010184 15.560946 0.0776114222604188
54602.4855488427 15.568449 0.0778924750842644
54938.4557612729 15.756077 0.0811362639083473
54938.4665092477 15.774775 0.0815280781469847
54938.477192882 15.811432 0.0822421678547271
54938.4878839119 15.762735 0.081259747124151
54869.5820204862 15.519871 0.103306928469026
54869.5865355902 15.470834 0.10169001463123
54869.5912888888 15.522226 0.103400388027623
54869.5959535418 15.570678 0.105059469334175
54888.530602141 15.772426 0.0944308353785611
54888.5394891781 15.77528 0.094197836416415
54888.5484411457 15.692405 0.0915264710573909
54888.5574155554 15.697984 0.0918289047991108
54837.6611990626 16.158229 0.246218012024206
54839.5963584376 15.745018 0.0819140391752287
54839.6097286227 15.692732 0.0808501721478037
54839.6231654859 15.770786 0.0822980746225442
54839.6367432061 15.738058 0.0815534910321662
54857.7214699304 15.658769 0.0807422435890321
54857.7321998612 15.666605 0.0809002091316574
54857.7429338424 15.723418 0.0822806736984469
54857.7538274308 15.717684 0.0824702373433291
54999.3916397914 15.674544 0.0835866697519999
54999.3982181712 15.6977 0.0843900235307523
54999.4046476968 15.712104 0.0848964668348066
54999.411145058 15.77277 0.0864492007803078
54908.551714109 15.649801 0.0908852398317527
54908.5601151275 15.641909 0.0906853883982975
54908.5685329281 15.696608 0.0920699755845419
54908.5769962153 15.735087 0.0931642982935036
54966.4381073957 15.792514 0.0949553639174723
54966.4482117129 15.74847 0.0937754026684927
54966.4583899883 15.705105 0.0928415036967583
54966.468476609 15.704114 0.105373255957873
54977.473165081 15.724368 0.0963177048539557
55160.6731917822 15.714616 0.0936181972423459
55160.681488854 15.715439 0.0935404816935351
55160.6897945024 15.638311 0.0916766918181808
55160.6980738772 15.606843 0.0943761273664668
55301.5076712845 15.684966 0.0855134422556845
55247.5845626967 15.663358 0.0980400379588888
55368.3711753818 15.595999 0.0824468761614753
55368.3928072802 15.621733 0.0834146124346738
55270.5960027664 15.64632 0.0842641518407502
55328.3667935995 15.620382 0.0833781594327926
55673.4211548496 15.716195 0.0779920735231353
55673.4721828358 15.800404 0.0798879542685723
55615.5687819328 15.534754 0.0802272982637822
55615.6044634027 15.687904 0.0844344260428635
55714.3610787614 15.711745 0.0774797104862358
55714.3737388541 15.641355 0.0762865648207957
55714.3864462849 15.615979 0.0760109970372946
55714.399166447 15.555233 0.0752795796685064
55645.5030293865 15.782506 0.0841501509235399
55645.5387565973 15.715732 0.0838870360454512
54966.4902901618 15.705891 0.0963390661703115
54966.5004309376 15.64096 0.0917217319982383
54966.5105857292 15.583399 0.0904362277642455
54966.5207591436 15.595879 0.0910133330198228
55585.6839432409 15.558635 0.0821127286107993
55585.7179129631 15.704848 0.0894066988597103
55738.3582465279 15.537286 0.0754287742057668
55738.3652081367 15.554309 0.0756701479949307
55738.3722376966 15.595725 0.0766258961757465
55738.3792416666 15.590699 0.0766083621527637
56001.5234941784 15.634557 0.0794075146065731
56001.5353456712 15.580641 0.0802987338218579
56001.5476896758 15.453773 0.0790346533394577
56001.5598925809 15.567471 0.0780786162135016
56029.4429665511 15.641792 0.0672423522761375
56029.4563119794 15.628621 0.0671387496219886
56029.4695968749 15.584158 0.0666503066103032
56029.4827399655 15.522789 0.0660047891075196
56059.4425429283 15.802104 0.0702957111704332
56059.4565726388 15.808708 0.0704535462727545
56059.4707104513 15.727131 0.0695199216438875
56059.4847958219 15.696905 0.0692287698733334
56090.3811101041 15.793933 0.0783267618624842
56090.3916728933 15.786137 0.0784132392107909
56090.402278391 15.69677 0.0770211189464507
56090.4128934954 15.69997 0.0772282492126893
56298.7205011919 15.737233 0.0785761451156434
56298.7289362499 15.741267 0.0787778437982663
56298.7374064815 15.791857 0.0797927713562726
56298.7459716317 15.83421 0.0806088262970302
56358.5468303474 15.553054 0.0856351780441441
56358.5566042361 15.496346 0.0843742292956265
56358.566510521 15.513572 0.0849119235729708
56358.5762321993 15.516125 0.0850123331958859
56388.5144961226 15.772093 0.096373825371194
56388.5250623959 15.951127 0.17522888098554
56388.5356086457 15.714714 0.134119705329841
56388.5463081483 15.863094 0.161547321325123
56388.5662995602 15.067766 0.152940085622126
56388.5769628241 15.598521 0.0880161075241925
56388.5876836112 15.643858 0.105064842180551
56388.5144961226 15.772093 0.096373825371194
56388.5356086457 15.714714 0.134119705329841
56388.5769628241 15.598521 0.0880161075241925
56388.5876836112 15.643858 0.105064842180551
56414.3887191665 15.675753 0.0717760832323444
56414.3986242012 15.636141 0.0712357883606494
56414.4087902432 15.560892 0.0701237501407707
56414.4188091549 15.553464 0.0700797912311809
