53607.376218 16.0813 0.104
53607.386019 16.1215 0.105
53607.395838 16.0857 0.105
53607.405650 16.0667 0.105
53734.717404 16.053 0.114
53734.724760 16.0676 0.114
53734.732089 16.0987 0.115
53734.739376 16.1632 0.118
53555.445183 16.0609 0.109
53555.452770 16.0262 0.108
53555.460382 16.0259 0.108
53555.467969 16.0839 0.110
53580.405284 15.8202 0.093
53580.413430 15.8193 0.093
53580.421603 15.826 0.093
53580.429799 15.869 0.095
53830.551120 16.2009 0.104
53830.560746 16.1487 0.102
53830.570415 16.1993 0.104
53830.580001 16.1782 0.103
53845.582890 16.0864 0.099
53845.591553 16.115 0.100
53845.600195 16.1213 0.101
53845.608760 15.9854 0.096
54095.696585 15.8448 0.110
54095.704322 15.8563 0.108
54095.712065 15.8993 0.110
54095.719817 15.8775 0.108
53762.656964 15.8468 0.109
53762.663694 15.8354 0.107
53762.670401 15.8255 0.107
53762.677134 15.8117 0.108
53936.438122 15.9902 0.091
53936.448973 16.0771 0.093
53936.459815 16.0566 0.093
53936.470699 16.1272 0.095
53899.500819 15.8471 0.094
53899.509380 15.8478 0.094
53899.517934 15.8137 0.093
53899.526482 15.8433 0.094
53806.619234 16.1778 0.104
53806.628777 16.1713 0.103
53806.638401 16.1764 0.103
53806.647776 16.0589 0.099
53820.574038 16.158 0.102
53820.585822 16.2415 0.105
53820.597763 16.199 0.104
53820.609784 16.2161 0.104
53860.557636 16.09 0.081
53860.572321 16.1176 0.082
53860.586937 16.1991 0.083
53860.601568 16.2521 0.085
53873.563334 16.1223 0.102
53873.572307 16.2071 0.106
53873.581338 16.2065 0.106
53873.590537 16.1904 0.106
53879.552820 15.9789 0.098
53879.561892 15.9487 0.097
53879.570979 15.917 0.096
53879.580072 15.7966 0.093
53886.587930 16.0408 0.088
53886.597754 16.1774 0.092
53886.607733 16.079 0.090
53886.617578 16.1153 0.091
54196.675795 15.8735 0.107
54196.686132 16.0291 0.113
54196.696578 16.131 0.118
54196.707037 15.9854 0.112
54207.605195 15.8521 0.105
54207.614778 15.921 0.107
54207.624338 16.0153 0.111
54207.633911 15.9771 0.109
54323.391611 16.2524 0.098
54323.403291 16.2193 0.098
54323.414860 16.1578 0.096
54323.426344 16.0168 0.092
54463.693573 15.9395 0.122
54463.700668 16.0665 0.127
54463.707836 15.9874 0.123
54463.715178 16.1205 0.130
54154.652534 15.9931 0.095
54154.663839 15.9686 0.094
54154.675380 16.086 0.098
54154.687076 16.0695 0.097
54126.688700 16.2799 0.104
54126.703387 16.2818 0.104
54127.725186 16.2125 0.099
54127.731310 16.2334 0.100
54127.737512 16.2721 0.101
54127.743724 16.2266 0.100
54296.472634 15.8016 0.087
54296.480824 15.8777 0.089
54296.489022 15.8563 0.088
54296.497215 15.9173 0.090
54274.405528 16.1923 0.112
54274.414457 16.1721 0.112
54274.423388 16.2178 0.113
54274.432287 16.1986 0.118
54172.582073 16.0006 0.096
54172.590272 15.992 0.095
54172.598466 15.9709 0.095
54172.606624 15.918 0.096
54182.621159 15.6276 0.085
54182.636356 15.6533 0.086
54182.651233 15.7175 0.087
54182.665934 15.7797 0.089
54189.653222 16.0605 0.112
54189.661804 16.0677 0.112
54189.670415 16.1713 0.116
54189.679142 16.1685 0.116
54227.674342 15.6737 0.088
54227.681462 15.6714 0.088
54227.688600 15.4963 0.084
54227.695731 15.6374 0.088
54240.645455 16.0684 0.098
54240.658521 15.9726 0.096
54240.671671 15.9306 0.095
54240.684993 15.7944 0.091
54246.487390 16.0922 0.114
54246.495959 15.9982 0.111
54246.504524 15.9104 0.107
54246.513100 15.9188 0.107
54344.374253 15.9146 0.104
54344.379341 15.9522 0.106
54344.384423 15.9277 0.105
54344.389503 15.9942 0.108
54690.357239 16.0213 0.085
54690.361572 16.0289 0.086
54690.365890 15.9955 0.085
54690.370195 15.9929 0.085
54509.698971 16.2738 0.101
54509.707497 16.1909 0.098
54509.716161 16.1594 0.097
54509.724661 16.2371 0.099
54622.494245 15.9997 0.083
54622.504070 16.0092 0.083
54622.513893 16.075 0.085
54622.523714 16.1032 0.086
54645.496901 16.2247 0.103
54645.507204 16.1994 0.103
54645.517728 16.1657 0.101
54645.528108 16.132 0.101
54527.763156 16.0561 0.085
54527.769767 16.111 0.087
54527.776372 16.1266 0.087
54527.782951 16.1077 0.087
54533.699014 16.3127 0.117
54533.709422 16.2024 0.113
54533.719857 16.3037 0.118
54533.730243 16.2836 0.117
54588.637604 15.8825 0.082
54588.650652 15.8773 0.082
54588.663734 15.98 0.085
54588.676813 15.9752 0.085
54595.552432 16.0336 0.096
54595.562792 16.0549 0.097
54595.573153 16.0487 0.095
54595.583520 16.05 0.098
54615.522513 15.9139 0.081
54615.530695 15.9189 0.081
54615.538865 15.9193 0.081
54615.547050 15.8848 0.081
55057.386451 15.5261 0.077
55057.392793 15.5681 0.078
55057.399217 15.6044 0.079
55057.405578 15.6114 0.079
54869.604621 15.7791 0.112
54869.616664 15.7869 0.112
54869.628486 15.8343 0.113
54869.640434 15.7735 0.110
54887.675323 16.2388 0.092
54887.690045 16.215 0.091
54887.704201 16.1867 0.090
54887.718110 16.2062 0.091
54844.670905 15.4955 0.077
54844.681659 15.5259 0.077
54844.692502 15.6214 0.078
54844.703304 15.5994 0.078
55032.481966 15.5538 0.089
55032.487005 15.6362 0.092
55032.492075 15.6738 0.093
55032.497140 15.6552 0.092
55000.513482 16.3142 0.091
55000.519364 16.1956 0.088
55000.525253 16.2292 0.088
55000.531160 16.2019 0.087
54908.684404 15.7226 0.091
54908.692893 15.7334 0.092
54908.701332 15.8104 0.094
54908.709819 15.8302 0.095
54919.677353 15.8292 0.081
54919.689858 15.8808 0.082
54919.702522 15.8825 0.083
54919.715134 15.9055 0.083
54954.493121 15.9487 0.098
54954.502109 15.9764 0.099
54954.511170 16.0178 0.100
54954.520240 16.019 0.100
54973.576108 15.4996 0.123
54973.590141 15.694 0.106
54973.599456 15.6036 0.099
54973.608686 15.7433 0.120
55299.707625 16.2988 0.084
55416.402677 16.1624 0.094
55416.418967 15.9528 0.088
55238.748734 15.7799 0.084
55386.456087 15.8353 0.092
55386.477868 15.8236 0.089
55359.505891 16.0393 0.077
55265.757648 16.0232 0.086
55328.541291 15.6373 0.082
55328.576730 15.7491 0.084
55654.527757 15.6472 0.076
55654.561229 15.8027 0.078
55674.579873 16.3136 0.098
55674.623597 16.1969 0.096
55706.469044 15.5975 0.080
55706.480804 15.5941 0.079
55706.492721 15.5651 0.079
55706.504636 15.5944 0.080
55737.492906 16.2035 0.086
55737.499973 16.1976 0.086
55737.507071 16.2236 0.087
55737.514154 16.1897 0.086
55766.389299 15.6958 0.076
55766.395637 15.7369 0.077
55766.401997 15.7401 0.077
55766.408359 15.7218 0.077
55799.372794 16.1754 0.091
55799.379829 16.2772 0.093
55799.386904 16.2221 0.092
55799.393963 16.301 0.094
56004.742951 15.7468 0.083
56004.754994 15.7659 0.087
56004.767034 15.7831 0.090
56004.779050 15.7258 0.108
56019.646083 16.154 0.090
56019.655478 16.1146 0.089
56019.664807 16.0752 0.088
56019.674192 16.1485 0.089
56036.635115 15.9666 0.083
56036.649307 15.9649 0.078
56036.663585 16.0038 0.079
56036.677705 16.0457 0.082
56046.633753 16.1715 0.083
56046.645773 16.2066 0.084
56046.657934 16.1509 0.082
56046.670039 16.1023 0.082
56061.515018 15.7925 0.076
56061.524895 15.7889 0.076
56061.534799 15.8369 0.077
56061.544719 15.8507 0.077
56076.486758 16.2387 0.096
56076.499253 16.1581 0.094
56076.511676 16.0616 0.091
56076.524164 15.9754 0.089
56101.462534 15.6749 0.074
56101.475187 15.5755 0.074
56101.487946 15.5686 0.074
56101.500767 15.5501 0.075
56153.410130 16.2728 0.092
56153.417261 16.3189 0.094
56153.424357 16.2204 0.090
56153.431529 16.1675 0.090
56296.694846 16.0341 0.086
56296.704330 15.8512 0.082
56296.713953 15.7529 0.080
56296.724010 15.729 0.079
56363.698569 16.3192 0.091
56363.710385 16.2168 0.089
56363.722381 16.2385 0.090
56363.734346 16.2375 0.091
56376.578333 16.0479 0.083
56376.590511 16.0614 0.084
56376.602472 16.0726 0.089
56376.614457 16.0673 0.085
56391.657402 16.0472 0.084
56391.671001 16.0466 0.084
56391.684884 16.0396 0.084
56391.698661 16.1319 0.086
56404.526877 15.7314 0.072
56404.537973 15.8392 0.074
56404.548754 15.8486 0.074
56404.559849 15.8123 0.073
56414.608819 15.9999 0.070
56414.622933 16.0471 0.070
56414.637070 16.0439 0.071
56414.651269 16.1874 0.072
56429.550990 15.9516 0.075
56429.561497 16.0012 0.076
56429.572130 16.0081 0.076
56429.582793 16.0706 0.077
56459.517820 16.2136 0.088
56459.528403 16.1561 0.089
56459.539171 16.0172 0.087
56459.549800 16.1398 0.099
56495.370786 16.2534 0.089
56495.381346 16.2903 0.089
56495.390288 16.2169 0.088
56495.399313 16.305 0.090
