53610.783426 16.0841 0.122
53610.792571 16.1317 0.143
53610.801696 15.9896 0.121
53610.810777 16.0632 0.120
53711.618303 16.1825 0.100
53711.629782 16.1492 0.099
53711.641086 16.1216 0.098
53711.652201 16.1561 0.100
53724.590224 16.064 0.095
53724.598856 16.0903 0.096
53724.607264 16.1203 0.097
53724.615502 16.1316 0.098
53683.712063 16.0847 0.106
53683.722067 16.1001 0.108
53683.731904 16.0762 0.106
53683.741384 16.139 0.109
53668.719166 16.1552 0.106
53668.728188 16.1466 0.106
53668.737107 16.0867 0.104
53668.745963 16.1823 0.122
53633.762408 16.078 0.116
53633.768917 16.0841 0.116
53633.775482 16.0411 0.114
53633.782135 16.0191 0.113
53835.388592 16.0763 0.088
53835.394029 16.0768 0.088
53835.399541 16.0959 0.088
53835.410747 16.0671 0.088
53836.434544 16.1336 0.091
53836.442738 16.0957 0.093
53836.469471 16.1754 0.093
53957.800408 16.7533 0.142
53957.808743 16.8664 0.148
53957.817239 16.8196 0.145
53957.825570 16.6386 0.134
54085.653831 16.1311 0.115
54085.662422 16.0846 0.113
54085.670999 16.1421 0.115
54085.679589 16.0629 0.112
53742.625815 16.286 0.087
53742.642215 16.6223 0.096
53742.658611 16.9687 0.108
53742.675020 16.5205 0.094
53757.612926 16.3813 0.097
53757.629353 16.143 0.091
53757.645710 16.0813 0.090
53757.661636 16.0889 0.090
53887.348709 16.0188 0.103
53887.353869 16.1149 0.107
53887.359090 16.0815 0.106
53887.364283 16.0868 0.106
53813.429361 16.1248 0.089
53813.440804 16.0933 0.088
53813.452245 16.0729 0.088
53813.463697 16.1023 0.089
53872.378753 16.0982 0.105
53872.383914 16.0555 0.103
53872.389091 16.1311 0.107
53872.394291 16.1036 0.106
53886.351667 16.0112 0.089
53886.368410 16.1093 0.092
53886.377118 16.1176 0.093
53886.385824 16.0142 0.090
54055.608123 16.1291 0.112
54055.615090 16.0879 0.110
54055.622069 16.0851 0.109
54055.629115 16.0949 0.110
54066.617315 16.201 0.342
54066.624154 16.1624 0.174
54031.730486 16.0965 0.109
54031.735949 16.1206 0.110
54031.741390 16.1041 0.110
54031.746838 16.1376 0.111
54006.713281 16.2277 0.116
54006.724035 16.0645 0.109
54006.734995 16.0807 0.109
54006.746001 16.0733 0.109
54199.445031 16.6184 0.119
54199.456484 16.3761 0.109
54199.467933 16.2273 0.104
54199.479404 16.0859 0.099
54444.602245 16.0833 0.111
54444.611164 16.0841 0.111
54444.620173 16.102 0.111
54444.629010 16.093 0.111
54137.502031 16.0823 0.116
54137.510566 15.9691 0.111
54137.519074 16.1054 0.117
54137.527610 16.099 0.117
54153.473225 16.0373 0.112
54153.481788 16.1546 0.116
54153.490338 16.1138 0.114
54110.637632 16.0571 0.097
54110.649783 16.0634 0.098
54110.661915 16.0807 0.098
54110.674041 16.1283 0.100
54125.590771 16.0812 0.095
54125.602734 16.0825 0.095
54125.614728 16.0655 0.095
54125.626689 16.0532 0.095
54172.504425 16.1203 0.099
54172.513081 16.1049 0.099
54172.521763 16.0789 0.099
54172.530396 16.0995 0.100
54226.388418 16.0846 0.099
54226.396604 16.0709 0.099
54226.404773 16.0677 0.099
54226.412947 16.1537 0.103
54241.400374 16.0889 0.117
54241.408101 16.0918 0.117
54241.415834 16.088 0.118
54241.423602 16.1045 0.119
54417.651896 16.2969 0.100
54417.667513 16.1697 0.096
54417.682929 16.0736 0.093
54417.698448 16.0897 0.094
54424.608724 16.1205 0.143
54424.617713 15.9555 0.134
54424.626903 15.8613 0.164
54424.636388 16.1432 0.155
54377.697012 16.0072 0.109
54377.705584 16.0336 0.110
54377.714250 15.9489 0.107
54377.722940 16.0129 0.109
54819.549287 16.0476 0.102
54819.558055 16.0456 0.101
54819.566858 16.022 0.101
54819.575814 16.0609 0.102
54504.597474 16.1311 0.096
54504.608478 16.1036 0.095
54504.619436 16.1256 0.096
54504.630404 16.1282 0.097
54513.530082 16.1423 0.119
54513.538254 16.0829 0.117
54513.546405 16.1731 0.121
54513.554565 16.1883 0.122
54467.695907 16.0649 0.096
54467.705667 16.0008 0.096
54467.715449 16.0412 0.096
54467.725208 16.0305 0.124
54487.556472 16.2249 0.102
54487.567684 16.1111 0.098
54487.578850 16.0521 0.096
54487.590034 16.0414 0.096
54530.547684 16.1279 0.089
54530.555630 16.103 0.088
54530.563583 16.0857 0.088
54530.571526 16.159 0.091
54590.370133 16.805 0.109
54590.379628 16.6521 0.104
54590.388898 16.3919 0.095
54590.397075 16.2482 0.092
54766.735310 16.1334 0.091
54766.739961 16.116 0.091
54766.744614 16.1126 0.091
54766.749323 16.1419 0.091
54720.776931 16.0939 0.089
54720.782474 16.1398 0.090
54720.788058 16.0592 0.088
54720.793617 16.0708 0.088
54927.465060 16.1308 0.091
54927.470383 16.1606 0.092
54927.475708 16.0562 0.089
54927.481035 16.0346 0.089
54929.450904 16.1039 0.127
54929.458939 16.1059 0.128
54929.466981 16.0676 0.126
54929.475021 16.077 0.127
54940.416967 16.0747 0.088
54940.425472 16.0762 0.088
54940.433996 16.0686 0.088
54940.442631 16.0814 0.089
55184.589220 16.2858 0.096
55184.602329 16.1189 0.090
55184.615700 16.0891 0.088
55184.628663 16.0592 0.087
54867.452158 15.9981 0.088
54867.463166 16.0853 0.089
54867.474267 16.0815 0.090
54867.494624 16.0315 0.088
54882.493926 16.0962 0.089
54882.501981 16.0995 0.089
54882.510052 16.1664 0.091
54882.518137 16.182 0.092
54836.606932 16.092 0.086
54836.619816 16.1118 0.087
54836.632780 16.1361 0.088
54836.645699 16.0887 0.087
54855.642677 16.1236 0.090
54855.655509 16.1621 0.091
54855.668372 16.1831 0.099
54855.681241 16.1357 0.091
54898.521575 16.4 0.143
54898.529620 16.2311 0.134
54898.537678 16.1141 0.128
54898.545746 16.1311 0.132
54912.483001 16.1385 0.090
54912.491039 16.1389 0.090
54912.499119 16.1053 0.090
54912.507168 16.174 0.092
54956.426046 16.0088 0.091
54956.431436 16.0852 0.094
54956.436841 16.0551 0.094
54956.442191 16.1816 0.098
55149.690382 15.9268 0.094
55149.703472 16.12 0.081
55149.716545 16.1184 0.081
55149.729533 16.1555 0.082
55119.743591 16.5853 0.117
55119.749815 16.8149 0.127
55119.756053 16.818 0.127
55119.762374 16.9061 0.132
55102.709928 16.0682 0.092
55102.721385 16.0068 0.090
55102.732859 16.0372 0.090
55102.744437 16.0954 0.093
55296.449569 16.2174 0.123
55536.723987 16.0926 0.094
55536.738488 16.0854 0.094
55543.668464 16.1397 0.109
55543.703021 16.0871 0.107
55244.538290 16.0998 0.091
55206.620094 16.7903 0.103
55206.656503 16.3563 0.090
55265.541101 16.1782 0.096
55327.395788 16.1449 0.112
55327.413462 16.3201 0.121
55526.604655 16.2286 0.112
55526.628237 16.3172 0.129
55677.411312 16.1745 0.105
55677.436760 16.102 0.110
55591.617113 16.083 0.084
55591.662033 16.1292 0.086
55626.502704 16.1593 0.085
55626.547614 16.0651 0.083
55647.466821 16.4973 0.105
55647.493467 16.1191 0.093
55574.618809 16.1416 0.094
55574.645717 16.1541 0.094
55883.683390 16.115 0.107
55883.692171 16.0972 0.106
55883.701066 16.105 0.106
55883.710033 16.1354 0.107
55945.586938 16.1798 0.085
55945.598140 16.1784 0.085
55945.609455 16.1541 0.087
55945.620713 16.1641 0.089
55978.466261 16.1112 0.090
55978.475698 16.1118 0.091
55978.485382 16.1233 0.092
55978.494865 16.0605 0.089
56008.475437 16.1208 0.089
56008.484928 16.1514 0.090
56008.494450 16.3181 0.101
56041.409543 16.2932 0.085
56041.420801 16.4317 0.089
56041.432119 16.7364 0.097
56041.443404 16.9687 0.106
56242.635468 16.1698 0.081
56242.649947 16.2733 0.083
56242.664304 16.5122 0.088
56242.679179 16.5687 0.089
56273.662050 16.1624 0.080
56273.676892 16.144 0.080
56273.691334 16.1335 0.080
56273.705842 16.1133 0.080
56368.485972 16.2147 0.088
56368.496624 16.1926 0.088
56368.507469 16.193 0.089
56368.518407 16.213 0.089
56400.407402 16.176 0.087
56400.418315 16.1343 0.086
56400.429180 16.1959 0.087
56400.439877 16.1837 0.088
