53587.568957 16.7369 0.137
53587.577462 16.5906 0.129
53605.623431 16.1881 0.113
53605.639209 16.1772 0.113
53605.654226 16.1548 0.113
53605.669382 16.325 0.121
53606.428643 16.6056 0.099
53606.448858 16.631 0.100
53606.468992 16.7736 0.104
53606.488351 16.7542 0.104
53556.571582 16.2823 0.128
53556.579209 16.3243 0.129
53556.587063 16.3458 0.130
53556.594924 16.4364 0.135
53576.567351 16.2739 0.115
53576.575562 16.4113 0.122
53576.583771 16.4216 0.122
53576.591993 16.4548 0.123
53649.420514 16.4718 0.160
53649.430134 16.5721 0.167
53649.439718 16.2747 0.204
53649.449081 15.782 0.257
53664.420877 16.7778 0.150
53664.429043 16.7786 0.151
53664.437202 16.8483 0.156
53664.445385 16.7714 0.150
53614.422297 16.6095 0.120
53614.435492 16.4575 0.113
53614.448643 16.277 0.105
53614.461281 16.2858 0.106
53636.426049 16.3155 0.102
53636.438712 16.3053 0.106
53636.451320 16.1776 0.107
53636.463939 16.3274 0.113
53835.704886 16.3872 0.104
53835.714134 16.3184 0.102
53835.724825 16.2405 0.099
53835.734086 16.2625 0.099
53851.654186 16.8225 0.093
53851.670345 16.7532 0.090
53851.686527 16.7748 0.091
53851.702699 16.8137 0.092
53959.492045 16.3236 0.096
53959.502095 16.3412 0.097
53959.512129 16.2418 0.094
53959.522167 16.3912 0.098
53972.483583 16.6908 0.145
53972.490888 16.7645 0.162
53972.498177 16.8864 0.460
53972.506045 16.5323 0.151
53973.434913 16.8829 0.159
53973.442985 16.8109 0.154
53973.450813 16.808 0.153
53973.458507 16.7263 0.148
53936.474829 16.7599 0.126
53936.485703 16.6479 0.120
53936.496603 16.5888 0.117
53936.507590 16.4033 0.110
53945.496480 16.5525 0.117
53945.507168 16.5845 0.118
53945.517632 16.6695 0.122
53945.528792 16.7286 0.125
53903.587272 16.5477 0.115
53903.600699 16.6279 0.118
53903.614365 16.6673 0.120
53903.628521 16.5566 0.114
53912.589492 16.7281 0.146
53912.599149 16.6001 0.139
53912.608655 16.5407 0.135
53912.618290 16.2849 0.122
53806.746792 16.6159 0.135
53806.754808 16.5589 0.131
53806.762822 16.6747 0.169
53812.752266 16.6067 0.101
53812.757682 16.7662 0.106
53812.763111 16.6379 0.102
53812.768528 16.7666 0.106
53881.668951 16.5376 0.133
53881.681001 16.6403 0.147
53881.693565 16.6768 0.565
53881.705960 17.4509 0.660
54015.388571 16.5925 0.146
54015.398451 16.5181 0.141
54015.407029 16.3011 0.129
54015.415624 16.2195 0.125
54022.392849 16.3342 0.130
54022.399293 16.4859 0.138
54022.405739 16.405 0.133
54022.412208 16.5648 0.143
54034.456119 16.2945 0.130
54034.462575 16.3143 0.136
54034.469031 16.26 0.140
54034.475464 16.3057 0.134
53991.438913 16.8402 0.202
53991.445789 16.7871 0.157
53991.452662 16.774 0.160
53991.459517 16.7152 0.176
53994.426775 16.7602 0.153
53994.435315 16.7215 0.150
53994.443871 16.5843 0.144
53994.452394 16.2383 0.201
54005.445468 16.5895 0.141
54005.454321 16.635 0.144
54005.463126 16.7911 0.154
54005.471966 16.6837 0.147
54212.668868 16.5488 0.126
54212.683295 16.8927 0.144
54212.697690 16.8435 0.140
54212.712065 16.8943 0.143
54319.528019 16.2749 0.123
54319.538649 16.2679 0.123
54319.549187 16.3152 0.126
54319.559788 16.3598 0.127
54333.539488 16.5805 0.119
54333.550458 16.4942 0.116
54333.561334 16.2564 0.107
54333.572216 16.2354 0.107
54295.546995 16.7674 0.404
54295.554396 16.8615 0.269
54295.561804 16.5961 0.230
54296.509084 16.8242 0.130
54296.517872 16.7351 0.126
54296.526796 16.7915 0.128
54296.535603 16.794 0.128
54260.570864 16.3162 0.120
54260.579661 16.2758 0.118
54260.588537 16.2244 0.114
54260.597507 16.1955 0.113
54169.755665 16.5281 0.149
54169.762882 16.5933 0.152
54169.770091 16.6581 0.155
54169.777257 16.7038 0.158
54236.647110 16.6904 0.182
54236.654002 16.525 0.151
54236.660888 16.3823 0.143
54236.667801 16.4209 0.144
54378.426046 16.2665 0.127
54378.435880 16.2607 0.127
54378.445807 16.2773 0.128
54378.455654 16.189 0.124
54344.523574 16.5871 0.118
54344.532238 16.6875 0.123
54344.540889 16.65 0.121
54344.549557 16.6887 0.123
54356.412160 16.7833 0.138
54356.422290 16.814 0.133
54356.432290 16.724 0.128
54356.442297 16.6529 0.124
54362.411000 16.1723 0.123
54362.419275 16.2421 0.126
54362.427521 16.2559 0.127
54362.435762 16.2362 0.126
54704.409181 16.2916 0.098
54704.417061 16.1709 0.094
54704.424978 16.2642 0.097
54704.433037 16.1994 0.095
54525.774671 16.265 0.150
54525.777305 16.3665 0.156
54525.780014 16.2691 0.150
54525.782751 16.157 0.142
54677.549461 16.5804 0.107
54677.555005 16.5261 0.105
54677.560638 16.3649 0.100
54677.566123 16.3218 0.098
54622.659914 16.3572 0.098
54622.675956 16.4077 0.099
54622.691883 16.3919 0.102
54622.707502 16.5366 0.116
54644.675602 16.5016 0.103
54644.687150 16.6986 0.110
54644.698706 16.5523 0.104
54644.710319 16.7682 0.113
54589.713172 16.6363 0.109
54589.727270 16.6847 0.111
54589.741710 16.6829 0.111
54589.756662 16.705 0.111
54614.753675 16.1275 0.090
54614.766811 16.1138 0.090
54614.779910 16.2316 0.093
54614.793042 16.3768 0.098
54758.398478 16.6542 0.143
54758.408262 16.4193 0.129
54758.418074 16.2886 0.123
54758.427876 16.2535 0.121
54728.466812 16.6486 0.138
54728.475477 16.5931 0.135
54728.484138 16.6536 0.138
54728.492853 16.7464 0.145
54739.385858 16.8382 0.125
54739.394715 16.6978 0.132
54739.403579 16.7548 0.129
54739.412384 16.4971 0.114
54944.673377 16.1812 0.096
54944.681420 16.2391 0.098
54944.689469 16.1956 0.097
54944.697573 16.2825 0.099
55057.470335 16.7245 0.115
55057.478611 16.7524 0.117
55057.486956 16.7203 0.115
55057.495149 16.809 0.119
55031.567807 16.5967 0.134
55031.575123 16.4699 0.127
55031.582512 16.6824 0.139
55031.589842 16.6196 0.136
55031.597184 16.789 0.144
54986.556387 16.2605 0.106
54986.563970 16.2263 0.104
54986.571567 16.1625 0.102
54986.579129 16.1346 0.101
54913.744270 16.4836 0.125
54913.757101 16.6315 0.116
54913.770085 16.5753 0.113
54913.783204 16.8362 0.123
54954.607735 16.5219 0.113
54954.618179 16.5777 0.112
54954.628679 16.7928 0.122
54954.639250 16.7097 0.117
55123.441125 16.3722 0.102
55123.451725 16.2861 0.100
55123.462351 16.4688 0.106
55123.472971 16.4941 0.108
55083.487209 16.2966 0.080
55083.503952 16.3346 0.081
55083.520717 16.4061 0.083
55083.537460 16.5141 0.088
55304.786177 16.4031 0.123
55381.618603 16.1423 0.092
55381.649074 16.1579 0.091
55362.594930 16.4733 0.127
55275.749157 16.7175 0.129
55330.607806 16.1896 0.104
55487.432151 16.4267 0.110
55487.462210 16.4503 0.112
55445.479374 16.2976 0.104
55445.501065 16.2803 0.104
55678.741418 16.6779 0.110
55678.763082 16.6099 0.105
55706.714264 16.476 0.091
55706.726666 16.456 0.091
55706.739195 16.4663 0.091
55706.751639 16.5175 0.092
53972.513878 16.8122 0.351
53972.528487 16.5027 0.221
53972.535825 16.3558 0.271
55660.715631 16.7687 0.154
55660.797777 16.2307 0.120
55736.723074 16.4294 0.091
55736.739493 16.1774 0.084
55736.756052 16.2219 0.086
55736.772614 16.2171 0.086
55769.590218 16.5861 0.097
55769.602863 16.5794 0.097
55769.615689 16.5749 0.096
55769.628457 16.633 0.099
55805.543593 16.361 0.101
55805.557195 16.4612 0.104
55805.570878 16.4754 0.106
55805.584629 16.4647 0.107
55849.429616 16.6088 0.110
55849.439751 16.6311 0.113
55849.449807 16.7329 0.115
55849.459947 16.5083 0.108
56059.755965 16.6147 0.089
56059.771002 16.4657 0.085
56059.786062 16.2701 0.081
56059.801165 16.3013 0.082
56150.512641 16.2388 0.094
56150.521145 16.3181 0.096
56150.529785 16.2995 0.095
56150.538166 16.3703 0.097
56182.495666 16.6307 0.108
56182.506910 16.4197 0.102
56182.518164 16.3396 0.100
56182.529442 16.2648 0.097
56213.431804 16.4511 0.093
56213.442438 16.5788 0.097
56213.453066 16.6465 0.099
56213.463658 16.5633 0.097
56383.771904 16.6619 0.108
56383.779654 16.7517 0.111
56383.787428 16.6439 0.107
56383.795211 16.5274 0.102
56415.765802 16.7918 0.124
56415.775238 16.7743 0.130
56415.783401 16.861 0.148
56415.791283 16.5164 0.132
56459.582799 16.5811 0.158
56459.595358 16.6108 0.134
56459.607737 16.657 0.142
56459.619870 16.758 0.152
