53711.720118 13.0003 0.056
53711.725512 12.9657 0.056
53711.731061 12.9216 0.056
53711.736474 12.8881 0.056
53724.625234 12.7294 0.055
53724.634181 12.735 0.055
53724.642978 12.7377 0.055
53724.651749 12.745 0.055
53683.719063 12.918 0.057
53683.729055 12.7881 0.056
53683.738574 12.8113 0.056
53683.748013 12.7311 0.057
53835.425931 12.8404 0.054
53835.434168 12.8779 0.054
53847.418991 12.6574 0.054
53847.432107 12.6734 0.054
53847.445231 12.6855 0.054
53847.458289 12.7299 0.054
54085.725544 13.0153 0.059
54085.731648 13.0786 0.059
54085.737851 13.1379 0.059
54085.744006 13.2256 0.060
53742.635870 12.8641 0.054
53742.652285 12.804 0.053
53742.668683 12.7451 0.053
53742.685073 12.7034 0.053
53757.622821 12.7226 0.054
53757.639621 12.7528 0.054
53757.655564 12.7858 0.054
53757.671520 12.8376 0.054
53813.436380 12.8301 0.054
53813.447818 12.886 0.054
53813.459254 12.9567 0.055
53813.470737 13.0575 0.055
53881.384032 12.8975 0.057
53881.389204 12.7983 0.056
53881.394367 12.8652 0.056
53881.399536 12.8288 0.056
54055.708952 13.0311 0.058
54066.588823 12.8627 0.059
54066.594412 12.8957 0.061
54066.600070 12.8492 0.059
54007.766509 13.3819 0.060
54007.774787 13.3294 0.060
54007.782983 13.2359 0.059
54007.791189 13.1212 0.058
54199.491771 12.7446 0.055
54199.503254 12.7375 0.055
54199.514766 12.7243 0.055
54199.526208 12.7066 0.055
54444.608879 12.8596 0.057
54444.617900 12.9003 0.058
54444.626738 12.9422 0.058
54444.635645 13.0169 0.058
54137.500764 12.7494 0.057
54137.509296 12.782 0.058
54137.517799 12.8066 0.058
54137.526337 12.8198 0.058
54114.580385 13.3424 0.061
54114.587223 13.2582 0.060
54114.594118 13.1706 0.060
54114.600990 13.0113 0.059
54130.580107 13.0212 0.056
54130.594371 12.9298 0.056
54130.608645 12.8549 0.055
54130.622877 12.8171 0.055
54169.541364 13.3728 0.061
54169.551166 13.3798 0.061
54169.561113 13.3133 0.061
54178.510071 12.8781 0.058
54178.517572 12.8432 0.058
54178.525077 12.8098 0.058
54178.532553 12.7791 0.058
54226.394366 13.0707 0.057
54226.402541 13.0071 0.056
54226.410716 12.9493 0.056
54226.419245 12.9024 0.056
54243.355891 13.3428 0.061
54243.364034 13.3872 0.062
54243.372213 13.3867 0.062
54243.380392 13.3748 0.062
54377.738716 12.779 0.057
54377.748175 12.7464 0.057
54377.757817 12.7895 0.057
54377.767635 12.7587 0.057
54819.555782 13.3081 0.059
54819.564682 13.2737 0.059
54819.573464 13.2847 0.059
54819.582498 13.2237 0.058
54504.605678 13.2185 0.057
54504.616657 13.3447 0.057
54504.627613 13.3691 0.058
54504.638603 13.3797 0.058
54475.623718 12.9633 0.058
54475.634489 12.9109 0.058
54475.645211 12.8484 0.057
54475.655942 12.8095 0.057
54533.529923 12.7576 0.057
54533.537880 12.744 0.057
54533.545820 12.7273 0.056
54533.553820 12.7305 0.057
54593.428438 12.9891 0.054
54593.436796 12.9332 0.054
54593.445166 12.9025 0.054
54593.453551 12.852 0.054
54782.709474 12.9337 0.057
54782.719614 12.861 0.056
54782.728622 12.8396 0.056
54782.737423 12.7891 0.056
54742.706945 12.7359 0.056
54742.716162 12.7102 0.056
54742.725479 12.6956 0.055
54742.734970 12.701 0.055
54925.475435 12.7098 0.053
54925.487178 12.7088 0.053
54925.498919 12.761 0.053
54925.510797 12.8076 0.053
54941.446158 12.7216 0.054
54941.454150 12.7415 0.054
54941.462152 12.7456 0.054
54941.470147 12.7864 0.054
55184.599491 12.7315 0.054
55184.612998 12.7177 0.054
55184.625968 12.6866 0.054
55184.638917 12.7062 0.054
54888.436290 13.2079 0.058
54888.442743 13.1322 0.058
54888.449210 13.0661 0.057
54888.455673 13.0085 0.057
54858.568533 13.3509 0.058
54858.576584 13.3496 0.058
54858.584663 13.2987 0.058
54858.592766 13.2006 0.057
54907.526563 13.3195 0.056
54907.535687 13.3014 0.056
54907.544827 13.2082 0.056
54907.553994 13.0337 0.055
54956.457246 13.2024 0.057
54956.462705 13.2588 0.057
54956.468156 13.3404 0.058
54956.473615 13.3661 0.058
55144.726908 13.2284 0.057
55144.735403 13.1279 0.057
55144.743855 13.0526 0.057
55144.752330 12.9917 0.056
55103.759790 12.7423 0.056
55103.764504 12.749 0.056
55103.769209 12.7661 0.056
55103.773935 12.7777 0.056
55299.462757 12.9642 0.055
55544.639721 12.8796 0.057
55544.661354 12.9018 0.065
55248.522328 12.7159 0.056
55214.578171 13.2438 0.059
55214.602017 13.3686 0.059
55325.400965 12.9293 0.056
55325.422309 12.8406 0.055
55656.395803 12.79 0.052
55656.437985 12.9374 0.053
55574.663128 12.7611 0.055
55574.691472 12.7708 0.055
55590.625055 12.7734 0.053
55590.650681 12.7306 0.053
55686.415246 12.8985 0.057
55686.442429 12.7655 0.056
55883.725257 13.3927 0.060
55883.734041 13.4106 0.060
55883.742880 13.3944 0.060
55883.751557 13.3054 0.059
55945.593215 12.8253 0.054
55945.604513 12.8248 0.055
55945.615763 12.7448 0.054
55945.627063 12.8158 0.056
55978.471557 13.1931 0.056
55978.481114 13.3218 0.057
55978.490699 13.3726 0.057
55978.500181 13.3722 0.063
56041.415841 12.8445 0.053
56041.427177 12.7717 0.053
56041.438447 12.7802 0.053
56041.449713 12.7433 0.053
56243.663016 13.1947 0.054
56243.675888 13.3028 0.055
56243.688905 13.3179 0.055
56243.702124 13.3385 0.055
56281.666915 13.2752 0.056
56281.680275 13.148 0.055
56281.693497 13.1672 0.059
56281.706819 13.0579 0.056
56368.543736 13.323 0.053
56368.557809 13.3602 0.053
56368.571935 13.2898 0.053
56368.586135 13.2132 0.053
56400.450955 12.9787 0.054
56400.461647 13.0725 0.055
56400.472492 13.1936 0.055
56400.483458 13.3204 0.056
