53598.420145 15.2495 0.085
53598.428547 15.2762 0.085
53598.436424 15.2559 0.085
53598.444346 15.2893 0.086
53613.427405 15.2183 0.093
53613.435989 15.3745 0.099
53613.444583 15.3958 0.100
53613.453173 15.3427 0.099
53580.531075 15.2899 0.082
53580.539143 15.3013 0.082
53580.546860 15.3147 0.082
53580.554581 15.2926 0.082
53831.593948 15.5505 0.085
53831.601863 15.5014 0.084
53831.609710 15.4857 0.084
53831.617667 15.4445 0.083
53845.659442 15.2409 0.079
53845.669010 15.2227 0.078
53845.678554 15.2792 0.079
53845.688035 15.217 0.078
53975.428884 15.6098 0.095
53975.437414 15.5538 0.094
53975.445939 15.4959 0.093
53975.454501 15.4492 0.092
53774.691704 15.2923 0.090
53774.703221 15.3333 0.091
53774.714822 15.3048 0.091
53774.726735 15.2858 0.089
53919.462254 15.2405 0.086
53919.471263 15.2522 0.087
53919.480247 15.2427 0.088
53919.489237 15.2668 0.085
53946.389218 15.2596 0.070
53946.400413 15.3361 0.071
53946.411573 15.5439 0.075
53946.422744 15.3984 0.072
53889.489362 15.3287 0.073
53889.500201 15.3126 0.073
53889.510913 15.3641 0.074
53889.521504 15.3405 0.074
53914.516162 15.9484 0.102
53914.524686 15.8965 0.100
53914.533232 15.8068 0.097
53914.541784 15.784 0.097
53817.680169 15.344 0.080
53817.690366 15.3241 0.080
53817.700716 15.3349 0.080
53817.710765 15.3754 0.081
53860.625067 15.2416 0.068
53860.637206 15.4954 0.071
53860.649257 15.2781 0.068
53860.661301 15.2872 0.068
53873.606331 15.2838 0.081
53873.616244 15.2423 0.080
53873.626134 15.2346 0.102
53873.635994 15.2737 0.080
53878.595412 15.3253 0.081
53878.605289 15.3328 0.081
53878.615173 15.3135 0.081
53878.625060 15.3148 0.081
54199.768882 15.2061 0.077
54199.775584 15.2292 0.077
54199.782209 15.1792 0.077
54199.788882 15.2363 0.078
54209.676358 15.3242 0.089
54209.687060 15.3149 0.089
54209.697777 15.3124 0.089
54209.708498 15.285 0.089
54323.437032 15.242 0.075
54323.447922 15.2492 0.075
54323.458924 15.2784 0.076
54323.469802 15.26 0.076
54131.703039 15.327 0.091
54131.733409 15.2736 0.089
54131.743011 15.3067 0.089
54131.752607 15.3026 0.089
54285.519643 15.306 0.076
54285.527940 15.2737 0.075
54285.536138 15.2652 0.075
54285.544366 15.2534 0.075
54297.490265 15.286 0.076
54297.500608 15.2625 0.075
54297.510942 15.2538 0.075
54297.521318 15.2454 0.075
54174.554395 15.647 0.087
54174.556697 15.642 0.086
54174.559014 15.6438 0.087
54174.561326 15.5807 0.085
54181.722699 15.3008 0.079
54181.733832 15.3019 0.079
54181.744964 15.3151 0.079
54181.756094 15.3244 0.079
54187.594100 15.3014 0.088
54187.605224 15.2937 0.088
54187.616603 15.3126 0.089
54187.628406 15.705 0.191
54226.704190 15.2024 0.077
54226.713046 15.1524 0.076
54226.721816 15.1134 0.075
54226.730599 15.1881 0.077
54234.631653 15.2907 0.088
54234.642502 15.269 0.088
54234.653281 15.2486 0.088
54234.664063 15.2365 0.087
54242.592131 15.2787 0.118
54242.601969 15.242 0.094
54242.611781 15.2938 0.089
54242.621630 15.1806 0.121
54247.513576 15.1914 0.086
54247.524017 15.267 0.088
54247.534366 15.2164 0.087
54247.544659 15.2135 0.087
54691.446330 15.2663 0.072
54691.454499 15.2628 0.072
54691.462672 15.2918 0.073
54691.470862 15.2391 0.072
54677.496741 15.2374 0.067
54677.504689 15.2208 0.067
54677.512646 15.2513 0.068
54677.520577 15.2618 0.068
54622.581469 15.8913 0.083
54622.592351 15.8552 0.093
54622.606736 15.7313 0.081
54622.617628 15.7689 0.082
54644.522340 15.2634 0.072
54644.532680 15.349 0.072
54644.543040 15.298 0.073
54644.553503 15.308 0.074
54529.638463 15.1455 0.073
54529.645927 15.283 0.072
54529.653423 15.2751 0.072
54529.660898 15.2863 0.072
54589.670176 15.2148 0.071
54589.678888 15.2666 0.071
54589.687619 15.2632 0.071
54589.696343 15.2655 0.071
54595.637959 15.2292 0.078
54595.648276 15.2464 0.077
54595.658623 15.2563 0.077
54595.669030 15.2364 0.077
54615.651549 15.1983 0.066
54615.658127 15.2182 0.066
54615.664714 15.2158 0.066
54615.671317 15.2973 0.068
54922.720036 15.2455 0.163
54923.750332 15.2181 0.071
54923.760039 15.2397 0.072
54923.769725 15.2563 0.072
54923.779542 15.241 0.072
54943.595493 15.2609 0.068
54943.605161 15.2385 0.067
54943.614759 15.2037 0.067
54943.624307 15.2419 0.068
55045.402696 15.2273 0.081
55045.410932 15.2786 0.082
55045.419191 15.2119 0.081
54869.712335 15.7635 0.098
54869.719253 15.7065 0.074
54869.725343 15.6881 0.074
54869.731414 15.6494 0.073
54998.585337 15.2593 0.074
54998.593909 15.2906 0.075
54998.602487 15.2718 0.075
54998.611244 15.3136 0.076
54910.622195 15.2536 0.080
54910.630588 15.266 0.080
54910.639195 15.2047 0.079
54910.647798 15.2509 0.080
54955.594853 15.2374 0.072
54955.605814 15.2223 0.072
54955.616613 15.2165 0.072
54955.627366 15.2419 0.072
54966.640433 15.2808 0.082
54966.649842 15.2644 0.081
54966.659371 15.2954 0.082
54966.668871 15.2194 0.081
54975.596459 15.2596 0.071
54975.606849 15.5429 0.145
54975.617285 15.2717 0.074
54981.550341 15.2698 0.066
54981.557569 15.2711 0.067
54981.564628 15.2155 0.066
54981.571922 15.2548 0.067
55299.785120 15.2179 0.070
55223.699834 16.0699 0.097
55223.726757 15.9427 0.089
55395.382671 15.3129 0.083
55395.419431 15.2988 0.083
55353.512111 15.2668 0.082
55353.549396 15.3207 0.086
55366.474831 15.2937 0.082
55656.732712 15.3998 0.067
55656.792564 15.3147 0.067
55673.695948 15.7698 0.071
55673.738538 15.4618 0.067
55681.637136 15.254 0.070
55681.680193 15.2981 0.071
55722.454825 15.3752 0.071
55722.469019 15.3834 0.071
55722.483275 15.3452 0.070
55722.497390 15.3891 0.071
55701.561225 15.2959 0.070
55701.575433 15.3093 0.070
55701.589786 15.27 0.070
55701.604079 15.364 0.071
54187.641043 15.3268 0.092
54187.653403 15.2312 0.109
54187.665327 15.262 0.088
54187.676893 15.3263 0.089
55746.461868 15.3513 0.075
55746.474316 15.3422 0.075
55746.486695 15.3644 0.076
55746.499143 15.3534 0.075
55774.454469 15.3044 0.069
55774.467202 15.2689 0.068
55774.479975 15.2257 0.068
55774.492764 15.2331 0.068
55978.731866 15.3214 0.121
55978.744772 15.1148 0.213
55978.757484 15.3925 0.077
55978.770569 15.3349 0.074
56046.684707 15.3052 0.069
56046.693883 15.2947 0.068
56046.703106 15.3063 0.069
56046.712417 15.3359 0.069
56066.555840 15.2875 0.069
56066.567844 15.2959 0.069
56066.579915 15.306 0.069
56066.592098 15.2659 0.068
56076.540553 15.4097 0.077
56076.549019 15.3714 0.076
56076.557493 15.3648 0.076
56076.565786 15.3501 0.075
56102.495206 15.3336 0.074
56102.506531 15.3142 0.074
56102.517874 15.3428 0.074
56102.529183 15.4844 0.076
56149.426723 15.6668 0.071
56149.438054 15.5554 0.070
56149.449344 15.5025 0.069
56149.460745 15.4412 0.069
56366.629196 15.298 0.080
56366.637359 15.2681 0.079
56366.645678 15.2129 0.078
56366.653946 15.2862 0.079
56367.606570 15.3212 0.068
56367.618574 15.2796 0.067
56367.630506 15.4731 0.070
56367.642611 15.2975 0.067
56393.579429 15.2887 0.070
56393.592970 15.3084 0.070
56393.606179 15.3336 0.071
56393.619981 15.3021 0.070
56405.581281 15.5144 0.069
56405.592112 15.5719 0.070
56405.603018 15.7069 0.072
56405.613878 15.7443 0.072
56426.628702 15.2726 0.066
56426.639357 15.3111 0.067
56426.650113 15.3417 0.067
56426.660863 15.3257 0.067
56446.568279 15.3219 0.067
56446.579756 15.2716 0.067
56446.591183 15.3022 0.067
56446.602590 15.3163 0.067
56495.490212 15.3166 0.071
56495.499276 15.2616 0.070
56495.508208 15.3048 0.071
56495.517055 15.2738 0.071
