53605.434982 16.0042 0.100
53605.446694 16.0481 0.102
53605.459095 16.1116 0.104
53605.470709 16.1281 0.105
53817.679250 15.135 0.076
53817.689416 15.1668 0.077
53817.699857 15.1638 0.077
53817.709821 15.1118 0.076
53831.645781 14.9896 0.074
53831.657524 15.0066 0.075
53831.668872 15.0096 0.075
53831.679795 15.002 0.075
53845.699169 14.9624 0.074
53845.707071 14.9961 0.074
53845.714957 14.9867 0.074
53845.722801 14.9666 0.074
53863.609428 15.0317 0.075
53863.619426 15.042 0.076
53863.629436 14.9857 0.075
53863.639538 15.007 0.075
53873.607172 15.0545 0.076
53873.617096 15.0522 0.076
53873.626974 15.3311 0.195
53873.636833 15.0392 0.076
53878.596260 15.0058 0.075
53878.606143 15.0014 0.075
53878.616029 15.0008 0.075
53878.625925 15.0067 0.075
53889.493954 14.9831 0.069
53889.504789 14.9869 0.069
53889.515429 14.9782 0.069
53889.525848 14.9835 0.069
53900.590964 14.9983 0.078
53900.600488 15.0251 0.078
53900.610078 15.0104 0.078
53900.619666 15.0177 0.078
53915.595831 15.3513 0.112
53915.612713 14.6151 0.252
53915.621162 15.2672 0.174
53919.502499 15.0389 0.080
53919.511504 15.0912 0.081
53919.520554 15.0904 0.081
53919.529600 15.0388 0.080
53946.431951 16.0455 0.093
53946.443420 16.0852 0.094
53946.454873 16.0567 0.093
53946.466340 16.0779 0.094
53956.458574 14.9677 0.078
53956.467542 15.0339 0.080
53956.476549 15.0524 0.080
53956.485530 14.9912 0.080
53968.475138 15.0723 0.082
53968.481513 15.0692 0.082
53968.487848 15.0371 0.081
53968.494199 15.0354 0.081
53975.429716 15.9705 0.107
53975.438255 15.9261 0.106
53975.446774 16.0128 0.110
53975.455347 16.0601 0.112
53995.411717 15.1999 0.086
53995.415110 15.1359 0.085
53995.418516 15.1595 0.086
53995.421891 15.1746 0.086
54181.762929 14.9975 0.074
54181.768943 15.0285 0.074
54181.775013 15.0369 0.074
54181.781034 15.07 0.075
54187.697379 15.1086 0.084
54187.708551 15.1516 0.085
54187.719672 15.1158 0.084
54187.730746 15.1329 0.084
54200.730368 15.0324 0.074
54200.735793 15.0181 0.073
54200.741208 15.0034 0.073
54200.746640 15.0104 0.073
54209.675513 15.0498 0.083
54209.686212 15.0725 0.083
54209.696933 15.0487 0.083
54209.707644 15.0029 0.082
54226.708609 14.9705 0.073
54226.717413 15.0032 0.074
54226.726190 14.9879 0.073
54226.734915 14.8887 0.072
54234.630802 15.0367 0.082
54234.641639 15.0657 0.083
54234.652435 15.0619 0.083
54234.663197 15.0402 0.083
54295.449424 14.9936 0.079
54295.454179 14.9632 0.078
54295.458994 14.9633 0.078
54295.463775 14.9728 0.081
54316.382586 15.907 0.102
54316.387757 15.9318 0.103
54316.392894 15.9813 0.105
54316.398058 15.9624 0.104
54592.622258 15.0134 0.073
54592.630810 15.0378 0.073
54592.639364 15.0039 0.073
54592.647919 14.9813 0.073
54644.526859 15.0899 0.069
54644.537179 15.0772 0.069
54644.547591 15.0644 0.069
54644.557982 15.0904 0.069
54869.715965 15.0708 0.066
54869.721909 15.0899 0.066
54869.728087 15.0925 0.066
54869.734244 15.0494 0.066
54910.626360 14.9604 0.075
54910.634821 14.9824 0.075
54910.643450 15.0105 0.076
54910.652081 14.9919 0.075
54923.755166 15.0206 0.069
54923.764877 15.0567 0.069
54923.774657 15.0461 0.069
54923.784412 15.0155 0.069
54943.600938 15.0272 0.065
54943.610565 15.0241 0.065
54943.620164 15.009 0.065
54943.629651 15.0552 0.065
54955.651266 15.0114 0.069
54955.662107 14.9875 0.069
54955.672922 15.0041 0.069
54955.683735 14.9575 0.068
54966.677919 15.0186 0.077
54966.684690 15.0034 0.077
54966.691479 14.985 0.076
54966.698321 14.9968 0.077
54975.601631 14.9753 0.066
54975.612040 14.9815 0.066
54981.592422 14.9854 0.065
54981.599523 14.9918 0.067
54981.606756 15.0225 0.082
55011.472501 15.0022 0.079
55011.480096 14.9973 0.079
55011.487664 15.0017 0.080
55011.495240 14.975 0.080
55045.406796 15.7374 0.093
55045.415042 15.7825 0.095
55045.423303 15.8255 0.096
55045.431568 15.8287 0.096
55223.704563 15.017 0.072
55223.731496 14.9995 0.071
55273.664200 15.0202 0.079
55323.623782 15.0388 0.081
55323.651139 15.0259 0.079
55337.578328 15.1279 0.074
55337.612059 15.1131 0.073
55353.583571 15.0789 0.086
55354.609390 14.9921 0.080
55354.650036 15.0376 0.081
55366.477208 15.0702 0.083
55395.436255 15.1544 0.080
55395.467063 15.1476 0.080
55655.699626 15.0023 0.071
55655.742269 14.9454 0.070
55685.654897 15.1633 0.073
55685.686933 15.1658 0.073
55715.540892 15.0161 0.067
55715.554418 14.9975 0.067
55715.567930 15.019 0.067
55715.581570 15.0081 0.067
55722.506910 15.0404 0.067
55722.519665 15.0584 0.067
55722.532583 15.0558 0.067
55722.545378 15.0166 0.066
55745.504198 16.0221 0.083
55745.514225 16.0835 0.085
55745.524082 16.1434 0.086
55745.533986 16.138 0.086
55775.437439 14.9493 0.068
55775.447998 14.964 0.068
55775.458655 14.9343 0.068
55775.469366 14.9863 0.068
56046.725454 15.5209 0.072
56046.737518 15.4231 0.070
56046.749724 15.4395 0.071
56046.761998 15.3511 0.070
56066.603246 15.1761 0.071
56066.612764 15.1691 0.071
56066.622252 15.1972 0.071
56066.631826 15.1334 0.071
56076.577874 14.9893 0.066
56076.587115 15.0098 0.066
56076.596378 15.0015 0.066
56076.605640 14.9419 0.066
56102.546402 14.9951 0.066
56102.556941 15.0511 0.066
56102.567712 15.024 0.066
56102.578345 15.0404 0.066
56150.420767 15.0484 0.067
56150.432055 15.026 0.067
56150.443480 15.0233 0.067
56150.455007 15.057 0.067
56366.667583 14.9901 0.074
56366.676864 14.9612 0.073
56366.709191 14.9412 0.073
56366.718999 14.9699 0.073
56395.595018 14.9848 0.068
56395.605515 14.9617 0.066
56395.616388 15.0018 0.067
56395.627062 14.9916 0.066
56405.622564 15.908 0.075
56405.635054 16.0011 0.077
56405.647435 15.9452 0.076
56405.659887 16.037 0.078
56432.453222 15.041 0.064
56432.464559 15.0455 0.064
56432.475982 15.0625 0.064
56432.487507 15.0264 0.065
56446.615913 14.9669 0.064
56446.626663 14.9924 0.064
56446.637624 14.9772 0.064
56446.648352 15.0331 0.064
