53588.7679247687 19.377517 0.373752499413791
53588.7804301156 18.743924 0.265132830107399
53588.7928120832 19.033374 0.308583159818612
53588.8049741437 18.530736 0.238134295598629
53608.5480111574 18.733984 0.416123247161797
53608.5599762501 18.702015 0.407053354487571
53608.5719668518 19.096252 0.508147304224072
53608.5839781595 18.942677 0.462466410930001
53707.5071715509 18.949996 0.431694093453843
53707.5148644677 18.90789 0.416643619968505
53707.5225609836 19.077248 0.459203055309239
53707.5302740277 18.503762 0.334342642154486
53724.5009819674 18.64914 0.283113662357016
53724.5096948613 18.762019 0.300827699433638
53724.518379861 19.054455 0.35468571802182
53724.527074479 18.751271 0.302766320376602
53556.7237805786 18.234807 0.311586729681952
53556.7318243866 18.671826 0.362844580264892
53556.7399957522 18.548347 0.333711226834523
53675.5608733219 18.164263 0.326390485684817
53675.5698903819 18.426633 0.374719665450682
53675.5789220023 18.365097 0.361170561866073
53675.587949074 18.455547 0.380470623267633
53690.5451656251 18.622848 0.348836146054874
53690.5622657986 18.677067 0.360298183586487
53667.5858500577 18.838705 0.35377408136746
53667.5945268865 19.020114 0.391210229658359
53667.6032257178 18.600146 0.311357098213035
53667.6119203819 18.719016 0.333152818795084
53620.5348062731 18.848876 1.02090030004449
53620.5424110649 18.443285 0.365532764933252
53620.5500197799 17.901314 0.269084126539865
53620.5573855556 18.365892 0.344777417480474
53636.6897183796 18.806393 0.330400193328013
53636.6995448265 18.714131 0.315090946014976
53636.7093731132 18.693197 0.311816850707048
53636.7192328936 18.442838 0.273255035308228
53643.6153451504 19.045517 0.517786302513275
53643.6230540044 18.993807 0.500689015518459
53643.6308686688 19.258531 0.587030545756128
53643.6386094561 18.641818 0.412023925780939
53961.6756549998 18.775573 0.242660250725651
53961.6955621181 18.726509 0.236953344092239
53961.7148883104 18.95133 0.265779376720746
53961.7336555671 18.652642 0.227345644293629
53973.6338860301 18.357519 0.288705425194954
53973.64500081 18.178839 0.263220993039566
53973.6563946411 18.288901 0.288797536300527
53973.6679664931 18.213411 0.268822698825054
54081.4718624422 18.413557 0.220279656731512
54081.4797647105 18.27157 0.204686497576076
54081.4876643171 18.196696 0.197779820358762
54081.4955647456 18.30037 0.209104135128482
53944.6828176039 18.598316 0.261831084177589
53944.6965660416 18.602373 0.261384063879356
53944.7103587035 18.587184 0.259049132753236
53944.7244943054 19.044338 0.330060662730766
53903.7493752893 19.171615 0.353279603440738
53903.7603387614 19.37417 0.395206771676926
53903.7714168285 18.813275 0.28884363106804
53885.7761232061 17.991631 0.264775656940404
53885.7843448264 18.564316 0.237850254403637
53885.7925225697 18.156511 0.194644465605632
54050.5142966552 18.606717 0.344700667005386
54050.5270766552 18.539119 0.332043932605113
54050.5398408102 18.81319 0.388714983966886
54050.5526299539 18.684927 0.367448129473558
54063.5893051736 19.048405 0.366350187476912
54063.5975593054 18.770122 0.314499017319598
54063.6058162153 18.46739 0.270859272111913
54063.6140836575 19.099148 0.382923452236775
54022.6103115624 18.620338 0.344931040859283
54022.616758912 18.778517 0.378360009225993
54022.6232196993 18.710842 0.542861355248913
54022.6296833681 19.350266 0.527685075697676
54037.6164381943 18.298787 0.288108732403097
54037.6262511804 18.647268 0.348360934236769
54037.6360633566 18.168184 0.270706842181988
54037.6458893057 18.508846 0.325084553051653
53983.5583073377 18.864001 0.377663715043004
53983.568580521 18.652368 0.335686893304091
53983.5788973497 18.856027 0.375498464105381
53983.5891927664 18.11081 0.251268550691762
53997.6354370487 18.467302 0.311242456952335
53997.6461537733 18.385652 0.298213753256509
53997.656864016 18.204099 0.270821137872182
53997.6675989122 18.199386 0.270706842181988
54007.6034541784 18.328111 0.289630512204947
54007.6119966318 18.094075 0.255069561714844
54007.6205297105 18.340067 0.290189739626993
54007.6290586229 18.252536 0.27660338647824
54323.5935641783 18.61523 0.26165888500939
54323.6044778936 18.972326 0.314735400535378
54323.6157520488 18.666419 0.266612415551237
54323.6267126505 18.809169 0.287379301284538
54440.4471969446 19.329925 0.433282494122019
54440.4553601043 18.622115 0.282939945523811
54440.4635134377 18.191303 0.221076808353164
54440.4716754397 18.176489 0.219632257331364
54300.7576403818 18.847552 0.296706686274132
54300.7703169095 18.412884 0.235564647986135
54300.7819938543 18.968751 0.314499017319598
54300.7937658331 18.861376 0.296806473886525
54414.5476083565 18.692686 0.301871106433189
54414.5584982405 18.942765 0.321631976840679
54414.5693624304 18.991604 0.342270096797683
54414.5802368056 18.486712 0.256645718495619
54378.597127604 18.756086 0.367540032932263
54378.6062739004 18.672814 0.35205191307056
54378.6152764351 18.985649 0.419937007172352
54378.6243411341 18.616799 0.34189469949336
54392.4522578355 18.235921 0.290376866336358
54392.4613727663 18.420013 0.320379699755262
54392.470863403 18.287031 0.297507690247708
54392.4803753357 18.240186 0.288062994142145
54352.653162419 18.321779 0.289352072245396
54352.6598081595 18.086817 0.25580575037786
54352.6663483332 18.100659 0.258582966833058
54352.6728934955 18.291534 0.286385100717432
54690.7059810646 18.598467 0.228134739566551
54690.7195020602 18.469355 0.214341402457758
54690.73289169 18.855188 0.287561151297705
54690.7462338656 18.834058 0.257362968152309
54705.6422646642 18.798199 0.248453849174206
54705.6554721179 18.577719 0.221716905880613
54705.6687468058 18.799652 0.249015081211854
54705.6818143288 19.099971 0.292937963018471
54468.4574119444 19.142788 0.36436102927021
54468.4639424072 19.065729 0.42262394278668
54468.4704784146 18.999559 0.33590056758941
54468.4770221873 18.961948 0.329115238969161
54661.7210413888 18.959621 0.273255035308228
54661.7351129861 19.129116 0.298163170242009
54661.7491618982 18.971854 0.27455608787785
54661.7643885301 19.104908 0.294535941442152
54774.5365571065 18.415337 0.27349022313463
54774.5432741434 18.799593 0.336329059332945
54774.5499757986 19.079557 0.395770862649656
54774.5668355787 19.739689 0.784515104989151
54793.5190871642 18.729641 0.291886598666484
54793.5287396298 19.109298 0.356107732782629
54793.5384007637 19.166922 0.365623342758144
54793.5480653704 18.991513 0.333991433497363
54745.6711789118 18.207257 0.191887041914186
54745.6798939928 18.513838 0.223056928998482
54745.6886721063 18.449431 0.216752368076682
54745.6973987036 18.375209 0.209346055192177
54758.5532709259 18.188743 0.558974872808053
54758.5618637266 18.521807 0.31520970665652
54758.5704826966 18.765049 0.34547031288805
54758.5790785068 18.341442 0.275996557941867
54726.6578093401 18.217791 0.248867015847264
54726.6899896298 18.345098 0.266249272254903
55057.7146942825 18.662934 0.240019458108059
55057.7255722452 18.460441 0.217042798886863
55057.7364331945 18.22983 0.193706520873738
55057.7471942478 18.223355 0.192769861251507
55180.470161146 18.830838 0.279279288442003
55180.4797957754 18.717613 0.266249272254903
55180.4893816784 18.789977 0.275634347815322
55180.4989319327 18.937208 0.297256701134327
54845.485996898 19.18416 0.450421739805142
54845.4897723959 18.240345 0.267895136912674
55030.6742983448 18.236824 0.335686893304091
55030.6828620948 18.658607 0.436507983419537
55030.6913744562 18.928498 0.525224025812102
55030.6999040625 18.386365 0.392751046016118
55149.5490463078 18.804921 0.260022838739491
55149.5586569794 18.592605 0.23305411284379
55149.5682429979 18.77662 0.256743168456453
55149.5778453355 18.645408 0.241194215916884
55115.6086972108 18.802967 0.217549117116097
55115.6215765163 18.828554 0.220483196209128
55115.6344723844 18.642967 0.201788719088332
55115.6473802778 18.694169 0.207856955536762
55128.5218061457 18.847243 0.329115238969161
55128.5327165161 18.84955 0.330264253254506
55128.5434958564 19.100605 0.378659525485128
55128.5542511229 19.07538 0.373656160971878
55089.6779246413 18.86914 0.235289901029369
55089.6927983564 18.784156 0.225660915301768
55089.7077336459 18.793023 0.226609328182255
55089.7226481017 18.514955 0.198141616634445
55425.7120449652 18.18395 0.268785410457224
55425.7356684377 18.466874 0.28815450569206
55559.4437492707 18.746127 0.460569437165911
55559.4734122221 19.01764 0.268413393474831
55207.436629734 18.591667 0.256808203439916
55207.4559903243 18.703819 0.278613516111905
55502.6158495716 18.211598 0.179773166614219
55502.6605273265 18.70565 0.232740009740981
55474.5336256827 18.822761 0.244939302522673
55474.5763733912 18.603984 0.252991925464998
55743.7114696064 18.503277 0.214528186762651
55743.7285190973 18.563209 0.220056445689129
55743.7454874654 18.340822 0.199299108961005
55743.7626005093 18.54074 0.218256349105776
55777.6700455093 18.456546 0.183155319932927
55777.6843731481 18.53347 0.189528898145687
55777.6987434838 18.399953 0.178255612327771
55777.7130979745 18.484124 0.18482948653598
55805.6629792014 18.389394 0.207317653322935
55805.672491956 18.444734 0.212610356315546
55805.6820176621 18.333598 0.201881142889276
55805.6915105092 18.196933 0.189982808180404
55837.6322128358 18.246094 0.205269216774229
55867.550208507 19.184675 0.283200631993951
55867.5644710877 18.95766 0.252125787451226
55867.5787613311 18.584094 0.209484690538529
55867.5929774999 18.738413 0.226764898577875
56176.719933993 18.732121 0.20434901813081
56176.7339068752 18.637896 0.197779820358762
56176.7475382987 18.754159 0.209363364782235
56176.7611683336 18.126402 0.15660712409606
56214.6202087733 18.381537 0.201389759722919
56214.6296800925 18.609726 0.22544211504731
56214.6392342825 18.287304 0.192465310446509
56214.6486948379 18.50738 0.215204890225264
56252.4666947917 18.688952 0.20444525640404
56252.481485301 19.210516 0.264775656940404
56252.4963728011 18.519306 0.187906707059714
56252.5147406481 18.78166 0.216098550429093
