53598.4220659143 18.083876 0.274080850808276
53598.4381215048 18.200486 0.291981726979933
53613.3896421182 17.703781 0.265563346044435
53613.4059730439 17.677236 0.26392427066941
53555.5008101041 18.311531 0.303669267384372
53845.6104336923 18.208647 0.24777955678948
53960.4686826854 18.116019 0.219934982203002
54097.717421354 18.101732 0.308304106280431
54097.724780081 18.104845 0.305988542061222
53762.662310139 17.771396 0.254687980950767
53762.6690224192 18.40952 0.356867113218325
53762.6757564584 18.011565 0.296407938836242
53944.4917521644 17.927604 0.200478690379234
53899.5352181715 18.018978 0.232235380882951
53899.5437601043 18.165188 0.249969061318877
53899.552313368 18.432719 0.288108732403097
53915.5652231711 17.94253 0.246591214273273
53806.6580909376 18.229294 0.252867644156076
53806.668125949 18.029207 0.228180076612467
53806.6779559261 18.282846 0.260395059120947
53806.6874961692 18.010775 0.226144610430105
53873.5650231942 16.915602 0.138722919829186
53873.5830540854 17.621243 0.190402047764502
53873.5922442942 17.484738 0.178894795228545
53879.554499699 17.804748 0.207384826303374
54201.6893289238 18.088638 0.224963063783822
54201.7012989353 17.981709 0.213710158100532
54201.7132354975 17.902759 0.205890089524809
54201.7251879284 17.926595 0.209363364782235
54207.6440413312 17.719157 0.235639763835249
54207.6526472221 17.745717 0.23925467910211
54207.6613877082 16.744266 0.14847549195149
54207.670093368 17.571188 0.218553162783014
54322.4485508333 17.577242 0.143794152026354
54322.4585103587 16.773284 0.105777096784215
54322.4685392132 16.666772 0.102345660872786
54322.4786926041 16.923627 0.112492674886109
54155.6385443634 17.94233 0.212175411207121
54155.6632088428 18.150676 0.23636956962053
54155.6756506367 18.046796 0.224057250797839
54285.4483466665 17.55455 0.162793343123771
54285.4538351852 17.856434 0.187202907227666
54285.4592520488 17.695352 0.1738731353832
54285.4646840855 17.706627 0.174776195488661
54297.4462098726 17.22027 0.141171548986201
54297.4571335535 17.190472 0.139296610995639
54297.4681029515 17.373852 0.150834264111245
54297.4790150812 17.243805 0.142785501159449
54260.5306744329 17.751136 0.202097340698584
54260.5415515858 17.628085 0.191769452953672
54260.5524254977 17.87283 0.21682970150243
54260.5632902663 16.790077 0.133593198767309
54267.5675281595 17.858361 0.237413323183297
54267.5761897105 17.820164 0.233515518557328
54267.5847702428 18.017803 0.259517829078683
54267.5934218519 18.075731 0.268971995124656
54172.6525361459 18.057327 0.225902367310669
54172.6580473613 18.041564 0.224854629820473
54185.7049898147 17.69601 0.191534987441762
54185.7159619909 16.598001 0.11866675101263
54185.7269134605 17.641149 0.186234399581201
54185.737856111 17.96577 0.218871158582223
54185.7488173032 16.74114 0.127192550279397
54190.5485608682 18.071544 0.278572058383052
54190.5562679979 17.977725 0.264668789013022
54190.5640145835 18.430944 0.336974714317785
54234.5807009145 17.774376 0.241842446704173
54234.5892695255 17.983114 0.269383843448289
54234.6004676387 18.158811 0.296159641291213
54234.6142190855 18.15892 0.297056356324751
54242.546653565 17.678248 0.205955798157472
54242.5568308104 17.502887 0.195347296289021
54242.5668654512 17.255152 0.233955249641731
54242.576776817 17.648202 0.191508991776727
54247.5118823034 17.633791 0.228566667402263
54247.5223088541 18.297086 0.325084553051653
54247.532654734 17.757936 0.243875088760742
54247.5429698263 17.698307 0.236572118878596
54346.3747960186 16.816393 0.149663168200624
54346.3798803586 17.995431 0.263466496454219
54346.3849535879 16.900576 0.155710848621259
54346.390042558 17.674601 0.225398431442523
54586.6426719794 17.984447 0.263642280114978
54680.4141892479 17.941507 0.175656276403209
54680.4240279282 17.785512 0.163926918043186
54680.433829919 16.864389 0.123564183730211
54680.4549270137 17.987176 0.24508038539107
54705.3884213772 17.978193 0.176979890097647
54705.4035072569 17.967411 0.177250679173535
54705.4110548841 17.505734 0.144627213167037
54512.7109878239 17.6688 0.149668745723563
54512.7258558682 17.636461 0.147617424553195
54512.7416914351 17.542411 0.142124340101321
54512.7571665625 16.816212 0.107572973410882
54477.6993935184 18.336696 0.350272935209286
54477.7083143403 17.851105 0.267086711775028
54477.717373368 17.954503 0.280033913783159
54477.7262587847 18.140592 0.304365068292868
54622.5366705903 17.944314 0.17054502155757
54622.546503264 18.062044 0.180794901491187
54622.5563520254 17.979049 0.175979149088889
54622.5661643287 17.869009 0.167757184867832
54645.5367160069 17.809294 0.199953319495368
54645.5453761692 17.7195 0.191730311527615
54645.5541677085 17.568375 0.179123456548288
54645.5628379515 17.653573 0.187227033109898
54528.5494090044 18.122904 0.223950169092359
54528.5559543865 18.004931 0.210798748588629
54528.5625257059 17.965328 0.205972230846101
54528.5690765278 18.148743 0.224508735766242
54534.7241518867 17.414509 0.190084168841243
54587.6702257292 17.841819 0.167482757012555
54587.6816809145 17.796443 0.164492404603233
54587.6931326273 18.142316 0.19353144971448
54587.7045719675 17.769494 0.163261714671016
54595.6311125696 17.841761 0.196977090946823
54595.6414632058 17.644662 0.179415897765008
54595.6517853589 17.588856 0.174833762775727
54595.662134132 17.621066 0.177857451735529
54615.5631942824 17.986294 0.171949832666203
54615.5697042476 17.963479 0.170500922546882
54615.5761981364 17.857592 0.16271823546449
54615.5826953705 18.114251 0.183481620361346
54922.6751991203 17.487159 0.178122559904943
54922.6871083682 17.243072 0.150565462261216
54922.6989855557 17.574124 0.220769147167506
54922.7108199191 17.450435 0.243541929392646
54939.7137782755 17.87645 0.172699406915865
54939.7268302776 17.990905 0.18306564661281
54939.7398218634 17.977128 0.183188984217366
54939.7527892706 17.655797 0.158176383904191
55057.4126819559 18.072755 0.19209666307651
55057.4211315857 17.983909 0.184621758082274
55057.4295979859 17.714015 0.163627567282107
55057.4380603586 17.998075 0.186890221724409
54869.6100083683 18.059448 0.329519469064878
54869.6219905326 18.081488 0.331082257825344
54869.6338298726 18.140266 0.339666619253018
54869.6457718751 18.225537 0.353526610608099
54844.7140162382 17.949309 0.183696446830829
54844.7248239466 18.01538 0.18818821851799
54844.7356177662 17.802943 0.170035854933031
54844.7464004746 18.104868 0.195305726318641
55031.4615854283 17.818292 0.21987433515602
55031.4699687382 18.26249 0.277050911962913
55031.4784195252 17.976747 0.239781314506346
55031.4868340741 18.080899 0.252557740444997
54999.5696636572 17.932144 0.240072480699903
54999.576243773 17.679233 0.22087155214122
54999.5827635879 17.890353 0.248306791917905
54896.7473984375 17.789719 0.163026943904288
54896.7571577197 18.041664 0.183368885986804
54896.7669573957 17.927477 0.173854291767694
54896.7767342706 17.859978 0.16875126450947
54909.6368326965 18.160181 0.250570942964309
54909.6457657988 17.914565 0.220933063989294
54909.6548095487 18.21368 0.257232111871002
54909.6637958797 18.04403 0.2355896834364
54954.5320259493 17.265769 0.164930810785797
54954.5406724537 17.400023 0.175103275386821
54954.5493796181 17.410569 0.176432562161773
54954.5580563426 17.418367 0.176899924642467
54974.6032035303 17.982089 0.165731845093683
54974.613721528 18.083111 0.173685021202099
54974.6346763888 18.246522 0.188298749598199
54981.4837304512 18.239753 0.154518590644208
54981.4908949537 18.28109 0.157662814259073
54981.4980206946 18.013724 0.140715089994848
54981.5053192363 18.078591 0.145237541064255
55301.6414958797 18.07971 0.208966297625818
55381.486398947 17.692701 0.16977452131374
55381.5226751273 17.775846 0.178347924432353
55264.7265853354 17.805224 0.175403300255181
55654.5681656598 17.596865 0.141574372921233
55654.5948114701 17.552878 0.138744009651242
55673.615703831 16.72837 0.0896268830756274
55673.666467581 16.676495 0.0885438193513873
55680.6359926158 16.818857 0.110041692825497
55680.6616498612 16.910783 0.122463235470706
55618.7263866202 17.898186 0.193652602252007
55618.7476953934 17.171404 0.135841620472012
55647.697806192 17.819022 0.155448047661569
55647.7340906946 17.822064 0.156260745853591
55706.522747801 18.168468 0.180079777687652
55706.5397541205 18.151924 0.178874055149745
55706.5482728471 18.098751 0.17455610534008
54534.7358636806 17.783681 0.229092938292234
54534.7455698379 17.566855 0.205513583870489
54534.7542609029 17.708572 0.220728224266184
54534.7631133219 17.430721 0.192293866618656
55731.5013261112 18.249254 0.223268597503974
55731.5137440623 17.983817 0.19633962407162
55731.5262395716 17.992791 0.198534771196976
55766.420135185 17.305752 0.126737105420046
55766.426456597 16.832252 0.106220501793283
55766.4327816086 17.453657 0.13472966348911
55766.4391191088 17.427866 0.133331090792558
55799.4295161804 16.769506 0.110642022650903
55799.4365676157 16.656727 0.106799424536973
55799.4436614006 16.701024 0.10876614923063
55799.4507541549 16.656683 0.107453701301133
56004.695425868 18.011504 0.180526956852548
56004.7049659374 17.956949 0.176323781031694
56004.7146255672 17.600092 0.151610241388737
56004.7242135531 16.652023 0.105734184981937
56019.6892640162 18.106312 0.191521984268386
56019.6986140278 18.078497 0.18909098673338
56019.7084660302 18.209409 0.20145097594705
56041.6299290623 18.048009 0.158490117257349
56041.6391153008 17.973778 0.1535596599673
56041.6576290856 16.91251 0.102131201305907
56048.4786853239 18.055224 0.163842293151327
56048.4892992707 18.059988 0.1638807410895
56048.4998940163 18.083218 0.165405051955503
56048.5105422222 18.196754 0.173816630926273
56064.5790410068 17.593109 0.134541430562358
56064.5903486226 17.481201 0.128696609698898
56064.6016872454 17.697 0.140777416300346
56064.6130529631 17.5909 0.134873397794338
56074.4880902316 17.761213 0.184437752682031
56074.4988136804 17.909359 0.20630184518609
56074.5094651273 17.726047 0.186710605820921
56074.5201805788 17.564059 0.169135722886039
56102.4221624074 17.911642 0.160965547876268
56102.4315746877 17.775624 0.15244246062471
56102.4407618403 17.899256 0.162032853008447
56102.4500143983 18.070263 0.178255612327771
56153.4484471991 17.547547 0.171157591990452
56153.455703727 17.942738 0.215526778798277
56153.4629323613 18.02131 0.190160298143627
56364.5521801968 18.115576 0.237876034858941
56364.5622378817 18.062627 0.230507079201853
56364.572440359 17.681811 0.190952895157138
56364.5826128471 18.184598 0.24465787615599
56376.6390106711 17.888545 0.166230280562579
56376.6539414469 17.909225 0.166238360341607
56376.6688270951 17.835178 0.161966342082533
56376.6836533682 17.650482 0.16461725032324
56393.5690941666 18.038712 0.170571498598944
56393.5959894215 18.085528 0.174470235094457
56393.609453484 18.045672 0.171157591990452
56404.5869448728 18.106991 0.158285264670632
56404.5976415857 17.757955 0.136296309416695
56404.6083451159 18.050325 0.154456078254784
56419.5302067823 17.698985 0.151185729568664
56419.5392036573 17.71356 0.152157316977961
56419.5483191665 17.713048 0.151980067854083
56419.5573323611 17.815593 0.158881919600555
56446.5282006248 17.981486 0.148927815082613
56446.5397214469 18.100952 0.156758292979256
56495.4468291667 17.71594 0.153510745391777
56495.4557758104 17.316787 0.129887401011829
56495.4658264234 17.12475 0.121546513069161
56495.4748006133 17.374762 0.13429076981901
