53588.497812 17.1672 0.140
53588.515064 17.0121 0.132
53588.532286 17.1027 0.137
53606.431484 17.0671 0.115
53606.451646 17.1285 0.117
53606.471652 17.0823 0.115
53606.491017 17.0993 0.116
53556.572427 17.126 0.180
53556.580149 17.1196 0.179
53556.587997 17.0901 0.176
53556.595804 17.2162 0.187
53576.568974 17.447 0.185
53576.577194 17.4471 0.186
53576.585406 17.2162 0.166
53576.593607 17.3155 0.173
53664.425723 17.3794 0.193
53664.433888 17.228 0.180
53664.442070 17.3942 0.195
53664.450276 17.2917 0.186
53614.429445 17.0954 0.142
53614.442762 17.2236 0.150
53614.455692 17.3333 0.167
53614.468287 17.2664 0.154
53636.433328 17.5618 0.165
53636.445967 17.3918 0.172
53636.458579 17.4365 0.176
53636.471233 17.2704 0.163
53835.708671 17.1555 0.137
53835.717908 17.1345 0.136
53835.728608 17.1916 0.139
53835.737901 17.1836 0.138
53851.662158 17.4684 0.114
53851.678347 17.5145 0.115
53851.694508 17.5577 0.117
53851.710712 17.511 0.114
53959.495385 17.4095 0.140
53959.505409 17.2333 0.132
53959.515487 17.4389 0.142
53959.525497 17.4027 0.140
53973.489372 17.2368 0.182
53973.499266 17.256 0.184
53973.509196 17.3467 0.192
53973.519080 17.3177 0.190
53936.478611 17.0928 0.142
53936.489507 16.9701 0.134
53936.500443 17.0601 0.139
53936.511626 17.0838 0.141
53945.501750 17.2372 0.151
53945.512370 17.1975 0.149
53945.523379 17.3066 0.156
53945.533901 17.2732 0.153
53903.588918 17.3672 0.158
53903.602465 17.2275 0.149
53903.616160 17.4245 0.162
53903.630294 17.5249 0.169
53912.589003 17.3585 0.191
53912.598655 17.4673 0.201
53912.608226 17.5505 0.209
53912.617797 17.4033 0.194
53806.746347 17.2469 0.175
53806.754375 17.215 0.215
53806.762392 17.1641 0.196
53812.751613 17.0682 0.117
53812.757020 17.0692 0.117
53812.762457 16.7074 0.103
53812.767880 17.1494 0.120
53881.668529 17.2732 0.180
53881.680508 17.1761 0.183
53881.705478 17.7343 0.836
54015.389525 16.8844 0.162
54015.398868 17.2253 0.189
54015.407447 17.2671 0.193
54015.416060 17.1264 0.181
54022.417906 17.4571 0.211
54022.425163 17.176 0.184
54022.432511 17.214 0.188
54022.439813 17.1735 0.185
54034.456553 17.5036 0.221
54034.463005 17.5775 0.237
54034.469448 17.4056 0.228
54034.475887 17.4877 0.224
53991.465799 17.3996 0.229
53991.472656 17.4816 0.219
53991.479528 17.5226 0.277
53991.486405 17.6225 0.758
54005.445046 17.3318 0.194
54199.705733 17.2229 0.141
54199.719036 17.4134 0.152
54199.732324 17.2048 0.139
54199.745634 17.2165 0.139
54206.688278 17.4052 0.225
54206.697276 17.3516 0.213
54206.706297 17.5807 0.237
54206.715263 17.4326 0.219
54212.669408 17.0421 0.151
54212.683829 17.1198 0.154
54212.698223 17.1878 0.159
54212.712628 17.1373 0.156
54319.529898 17.1379 0.174
54319.540568 17.1825 0.178
54319.551067 17.2298 0.182
54319.561563 17.1909 0.178
54333.542209 17.2415 0.153
54333.553164 17.3528 0.162
54333.564037 17.2965 0.159
54333.574911 17.3833 0.167
54291.569339 17.2287 0.187
54291.578494 17.1804 0.186
54291.587681 17.0992 0.183
54291.597275 17.3448 0.210
54260.571409 17.4153 0.190
54260.580198 17.4645 0.192
54260.589073 17.5137 0.195
54260.598043 17.4517 0.188
54169.757508 17.621 0.244
54169.764686 17.3561 0.211
54169.771891 17.4467 0.220
54169.779068 17.2103 0.195
54236.646684 17.1591 0.259
54236.653580 17.2928 0.211
54236.660464 17.1525 0.197
54236.667368 17.0272 0.186
54431.429738 17.265 0.203
54431.433723 17.236 0.200
54431.437739 16.7917 0.198
54431.441744 17.2486 0.222
54378.425624 17.3284 0.199
54378.435458 17.4441 0.210
54378.445384 17.5169 0.219
54378.455225 17.4995 0.217
54388.495520 17.3778 0.206
54388.502343 17.5698 0.228
54388.509179 17.5019 0.220
54388.516024 17.4472 0.215
54344.526276 17.1492 0.145
54344.534939 16.9327 0.133
54344.543611 17.0868 0.141
54344.552266 17.1302 0.145
54356.416018 17.175 0.152
54356.426149 17.1369 0.149
54356.436064 17.0508 0.143
54356.446076 17.08 0.145
54362.412271 17.6476 0.234
54362.420564 17.3594 0.203
54362.428783 17.2065 0.188
54362.437032 17.5238 0.222
54704.438674 17.2113 0.134
54704.446488 17.1602 0.131
54704.454305 17.3073 0.140
54704.462171 17.2863 0.139
54525.775995 16.9637 0.202
54525.778641 17.0848 0.214
54525.781386 17.204 0.228
54525.784090 16.8906 0.194
54677.570961 17.4299 0.146
54677.579212 17.3385 0.141
54677.587566 17.3993 0.145
54677.595786 17.3685 0.143
54622.663851 17.277 0.135
54622.679776 17.199 0.132
54622.695758 17.2288 0.142
54622.711297 17.3758 0.163
54644.679403 17.3703 0.141
54644.690944 17.3695 0.140
54644.702616 17.3013 0.137
54644.714157 17.1245 0.129
54589.714858 17.1495 0.131
54589.729013 17.3531 0.142
54589.743419 17.3118 0.139
54589.758431 17.3799 0.143
54599.653669 17.0601 0.110
54599.666916 17.1077 0.111
54599.680197 17.0741 0.110
54599.693442 17.1688 0.114
54745.394214 17.5458 0.161
54745.399700 17.3464 0.148
54745.405090 17.3844 0.154
54758.400234 17.1644 0.175
54758.410027 17.2319 0.182
54758.419841 17.155 0.194
54758.429643 17.0512 0.166
54732.427431 17.2925 0.137
54732.438623 17.2563 0.135
54732.449763 17.4379 0.146
54732.460902 17.4654 0.148
54944.679786 17.0831 0.131
54944.687832 17.0199 0.128
54944.695936 17.0332 0.128
54944.703976 17.1407 0.134
55057.474152 17.4873 0.155
55057.482561 17.6172 0.164
55057.490799 17.6114 0.164
55057.499000 17.4355 0.151
55031.569984 17.3728 0.185
55031.577328 17.4003 0.187
55031.584691 17.3772 0.185
55031.592026 17.4561 0.191
55031.599335 17.4114 0.188
54986.558562 17.254 0.153
54986.566109 17.1765 0.147
54986.573701 17.2748 0.153
54986.581269 17.4014 0.171
54914.752970 17.229 0.128
54954.609395 17.6483 0.177
54954.619833 17.6464 0.172
54954.630345 17.3476 0.150
54954.640907 17.3888 0.152
55115.416152 17.1231 0.137
55115.421953 17.2965 0.179
55115.433601 17.1219 0.140
55123.444802 17.4383 0.152
55123.455417 17.4864 0.156
55123.466038 17.4427 0.153
55123.476660 17.3896 0.150
55083.488081 17.0803 0.099
55083.504828 17.2371 0.104
55083.521591 17.2891 0.107
55083.538336 17.3506 0.113
55304.790961 17.4113 0.220
55413.543801 17.3903 0.157
55413.580154 17.472 0.166
55381.622153 17.3757 0.137
55381.652727 17.5122 0.143
55393.569557 17.4127 0.137
55393.602290 17.3775 0.133
55362.597074 17.1135 0.147
55275.752120 17.1483 0.147
55330.611928 17.1337 0.146
55330.651216 17.145 0.145
55487.432735 17.5418 0.166
55487.462790 17.5155 0.165
55445.480560 17.3025 0.150
55445.502282 17.4904 0.162
55681.698246 16.998 0.119
55681.715352 17.1057 0.124
55706.715126 17.3569 0.120
55706.727499 17.3596 0.120
55706.740022 17.2078 0.114
55706.752493 17.0879 0.108
53588.560538 17.0937 0.137
53588.577573 16.8973 0.126
53588.594604 17.1413 0.139
53588.611670 17.4007 0.156
55736.723883 17.678 0.138
55736.740316 17.5663 0.130
55736.756883 17.581 0.132
55736.773434 17.3787 0.123
55765.561832 17.2457 0.118
55765.570098 17.2181 0.116
55765.578389 17.0352 0.109
55765.586624 17.1709 0.114
55795.479069 17.1275 0.130
55795.490924 17.25 0.137
55795.502811 17.2519 0.151
55795.514695 17.3889 0.155
55830.419711 17.4324 0.155
55830.432673 17.5261 0.161
55830.445836 17.4045 0.151
55830.458978 17.249 0.144
55849.435014 17.5138 0.160
55849.445108 17.3442 0.147
55849.455224 17.3946 0.150
55849.465693 17.3024 0.145
56059.762561 17.1025 0.102
56059.777587 17.0062 0.098
56059.792672 17.4798 0.114
56059.807758 17.6301 0.123
56097.687973 16.7321 0.460
56097.698681 17.2489 0.360
56097.709391 17.279 0.260
56150.516860 17.1337 0.124
56150.525501 17.1841 0.127
56150.533917 17.2429 0.129
56150.542374 17.2109 0.128
56182.499768 17.4011 0.142
56182.511012 17.4283 0.145
56182.522303 17.4428 0.145
56182.533584 17.4567 0.147
56217.427348 17.4024 0.125
56217.439390 17.2288 0.117
56217.451412 17.167 0.114
56217.463583 17.0852 0.111
56388.699207 17.1233 0.125
56388.709090 17.1526 0.127
56388.719068 17.1735 0.127
56388.728944 17.2368 0.129
56415.767026 17.4482 0.157
56415.776690 17.5556 0.176
56415.784597 17.3195 0.171
56415.792489 17.3698 0.175
56459.631046 17.1337 0.187
56459.641036 17.084 0.211
56459.651048 17.477 0.311
56459.661078 17.3473 0.307
