53718.434960 17.4435 0.190
53718.445503 17.542 0.199
53718.455894 17.3729 0.183
53718.466318 17.3293 0.180
53733.482809 17.5097 0.201
53733.491374 17.5665 0.206
53733.499944 17.4185 0.193
53733.508545 17.5102 0.201
53675.600703 17.0009 0.237
53675.609673 17.1668 0.244
53675.618693 17.1173 0.193
53675.627654 17.4068 0.221
53691.607860 17.672 0.217
53691.618545 17.5346 0.205
53691.629262 17.4917 0.199
53691.640019 17.7319 0.225
53653.502316 17.4094 0.229
53653.511505 17.3981 0.227
53653.520496 17.3333 0.219
53653.529326 17.4767 0.234
53618.675095 17.6565 0.193
53618.691494 17.5727 0.187
53618.707271 17.742 0.325
53618.722524 17.9577 0.652
53643.685177 17.6429 0.248
53643.693758 17.5216 0.233
53643.702328 17.5372 0.235
53643.710989 17.598 0.243
53954.662028 17.3008 0.176
53954.671913 17.2897 0.174
53954.681848 17.2228 0.169
53954.691733 17.1204 0.161
54077.535681 17.4398 0.222
54077.544213 17.4234 0.218
54077.552798 17.4195 0.212
54077.561338 17.5437 0.224
54085.525958 17.7123 0.228
54085.534595 17.6851 0.225
53767.437503 17.2627 0.153
53767.448187 17.1705 0.147
53767.457477 17.2238 0.151
53767.466767 17.3697 0.163
54048.510985 17.214 0.143
54048.524324 17.2709 0.148
54048.537784 17.3558 0.153
54048.551152 17.3411 0.152
54060.483787 17.4668 0.207
54060.491097 17.6463 0.228
54060.498316 17.52 0.216
54060.505517 17.4414 0.266
54009.567756 17.5903 0.203
54009.578011 17.5698 0.200
54009.588458 17.5269 0.196
54009.598955 17.815 0.224
54032.555274 17.8036 0.247
54032.562354 17.7582 0.223
54032.568945 17.6499 0.212
54032.575653 17.6071 0.207
53983.660776 17.4549 0.185
53983.671434 17.5756 0.196
53983.682388 17.2359 0.167
53983.693746 17.4534 0.185
53997.740617 17.7434 0.220
53997.753338 17.4746 0.193
53997.766144 17.5762 0.204
53997.778989 17.3622 0.187
54320.666729 17.5678 0.161
54320.680975 17.6617 0.168
54320.694997 17.6154 0.163
54320.709202 17.6242 0.164
54321.711736 17.4866 0.153
54321.725372 17.4827 0.153
54321.739071 17.3648 0.145
54321.752836 17.5247 0.155
54441.613466 17.533 0.148
54441.622422 17.3521 0.138
54441.631380 17.3833 0.140
54441.640340 17.4816 0.147
54120.484484 17.6787 0.180
54120.497553 17.7276 0.185
54120.510614 17.7108 0.185
54120.523678 17.5753 0.174
54285.741927 17.3729 0.154
54285.747350 17.294 0.149
54285.753052 17.5756 0.168
54285.758483 17.2487 0.144
54413.609210 17.3447 0.185
54413.618224 17.3844 0.190
54413.627240 17.3 0.183
54413.636249 17.4575 0.200
54389.652833 17.3968 0.185
54389.661443 17.4957 0.194
54389.670082 17.7126 0.215
54389.678837 17.6193 0.206
54352.715365 17.5061 0.195
54352.722444 17.622 0.206
54352.729615 17.6228 0.206
54352.736685 17.5385 0.198
54521.434461 17.6308 0.215
54521.438448 17.5426 0.207
54521.442462 17.6705 0.221
54521.446474 17.628 0.217
54472.493898 17.3072 0.151
54472.502551 17.1767 0.144
54472.511194 17.1677 0.144
54472.519847 17.1907 0.145
54490.475999 16.8617 0.157
54490.483098 17.5717 0.222
54490.490209 17.8313 0.254
54490.497301 17.5039 0.215
54663.814616 17.531 0.172
54663.818409 17.4216 0.164
54663.822239 17.4947 0.168
54663.826075 17.4261 0.163
54794.531838 17.6185 0.153
54794.541491 17.5051 0.146
54794.551153 17.6565 0.156
54800.512658 17.5083 0.179
54800.524241 17.7137 0.198
54800.535855 17.7082 0.198
54800.547466 17.7295 0.200
54750.607622 17.6291 0.156
54750.614496 17.7204 0.162
54750.621304 17.6645 0.159
54750.635794 17.5115 0.153
54758.627079 17.8002 0.221
54758.636013 17.7463 0.216
54758.644967 17.4511 0.188
54758.653915 17.5731 0.199
54770.601348 17.5312 0.150
54770.607778 17.5073 0.147
54770.614265 17.5383 0.152
54770.620757 17.4171 0.144
54716.724786 17.4404 0.136
54716.729264 17.3751 0.133
54716.733746 17.3933 0.134
54716.738179 17.4079 0.135
54728.646524 17.3492 0.175
54728.657360 17.3091 0.171
54728.668415 17.3301 0.171
54728.679771 17.4493 0.180
55170.516779 17.3029 0.135
55170.525872 17.4677 0.143
55170.534947 17.382 0.138
55170.544009 17.5431 0.150
54836.429884 17.4086 0.138
54836.434708 17.4192 0.139
54836.439539 17.3959 0.137
54836.444371 17.4275 0.139
54857.470468 17.5004 0.145
54857.475850 17.567 0.150
54857.481254 17.6134 0.153
54857.486658 17.6236 0.154
55031.799029 17.6606 0.195
55031.805264 17.5501 0.185
55031.811596 17.5796 0.187
55149.589013 17.3114 0.131
55149.594287 17.3111 0.132
55149.599597 17.4882 0.142
55149.604882 17.3866 0.136
55105.678784 17.413 0.138
55105.692393 17.4342 0.141
55105.706078 17.0426 0.120
55105.719901 17.2527 0.132
55087.736298 17.4415 0.142
55087.749233 17.5316 0.148
55087.762241 17.4395 0.142
55087.775117 17.4322 0.143
55544.522330 17.4882 0.155
55544.561354 17.2618 0.142
55558.503874 17.4981 0.123
55558.528471 17.4995 0.124
55204.487626 17.485 0.148
55204.518372 17.4183 0.147
55503.654327 17.5672 0.140
55506.615224 17.2061 0.292
55506.640746 17.2897 0.126
55518.532900 17.3189 0.142
55518.559644 17.366 0.144
55487.524227 17.5053 0.134
55487.560347 17.4017 0.127
55450.690708 17.4071 0.176
55450.728484 17.5031 0.185
55562.521977 17.4016 0.150
55562.541453 17.5317 0.159
55592.467357 17.673 0.171
55592.488565 17.5206 0.161
55798.755201 17.3136 0.130
55798.770656 17.4276 0.137
55798.786196 17.3376 0.131
55798.801647 17.3459 0.133
55849.584313 17.4426 0.148
55849.596045 17.5016 0.153
55849.607918 17.477 0.152
55849.619917 17.4232 0.149
55879.592519 17.2921 0.141
55879.603405 17.511 0.155
55879.614401 17.6015 0.163
55879.625329 17.3951 0.151
56162.726094 17.471 0.117
56162.736766 17.5408 0.120
56162.747461 17.5307 0.119
56162.758180 17.5347 0.121
56216.564351 17.3785 0.135
56216.574938 17.4562 0.157
56216.585806 17.4655 0.134
56216.596604 17.5215 0.131
56261.529574 17.5935 0.149
56261.541562 17.5627 0.145
56261.555834 17.2637 0.129
56261.567823 17.3371 0.150
56264.476401 17.5426 0.141
56264.489053 17.4914 0.137
56264.501322 17.591 0.150
56264.513348 17.4889 0.137
56297.526435 17.5814 0.150
56297.538387 17.6629 0.158
56297.550208 17.4642 0.147
56297.562281 17.4802 0.149
