53588.629419 16.1933 0.093
53588.640200 16.1273 0.091
53588.650906 16.0912 0.090
53588.661810 16.1027 0.090
53606.623433 16.1279 0.102
53606.639930 16.0717 0.100
53606.656389 16.1113 0.101
53606.672844 16.0226 0.099
53555.570755 16.3042 0.118
53555.578611 16.254 0.116
53555.586518 16.1926 0.113
53555.594368 16.1578 0.112
53576.695152 16.1671 0.094
53576.705132 16.1752 0.095
53576.715089 16.1548 0.095
53576.725050 16.0914 0.094
53691.472973 16.1718 0.120
53691.478046 16.043 0.113
53691.483145 16.043 0.111
53691.488210 16.0614 0.112
53645.476716 16.899 0.177
53645.486549 16.8502 0.173
53645.499238 16.653 0.159
53645.510664 16.4067 0.144
53665.447624 16.0316 0.093
53665.459567 16.1035 0.095
53665.471495 16.0587 0.094
53665.483382 15.9929 0.092
53619.438922 16.0595 0.101
53619.448771 16.0903 0.102
53619.459017 16.0363 0.100
53619.469680 16.0639 0.101
53836.768831 16.0674 0.089
53836.775391 16.149 0.091
53836.781939 16.1572 0.091
53836.788490 16.1271 0.090
53959.714620 16.041 0.092
53959.727820 16.0419 0.092
53959.741083 16.0333 0.092
53959.754305 16.0669 0.094
53973.532913 16.1269 0.108
53973.543633 16.0727 0.106
53973.554469 16.114 0.107
53973.565132 16.1732 0.110
53942.521611 16.1236 0.109
53942.532084 16.1162 0.108
53942.542223 16.072 0.107
53942.552320 16.0971 0.107
53889.647569 16.5683 0.103
53889.654163 16.4815 0.100
53889.660910 16.3486 0.096
53889.667500 16.2553 0.093
53903.678355 16.0016 0.089
53903.690784 15.9872 0.089
53903.703224 15.996 0.089
53903.715619 15.9746 0.089
53912.679012 16.1027 0.106
53912.688485 16.0855 0.105
53912.697758 16.07 0.104
53912.706658 16.0612 0.104
53876.625194 16.1647 0.107
53876.635125 16.176 0.105
53876.644998 16.141 0.104
53876.654917 16.2423 0.107
54059.451621 16.4882 0.113
54059.463205 16.3315 0.107
54059.474680 16.2304 0.104
54059.486147 16.1458 0.102
54015.464319 16.1171 0.111
54015.472922 16.1643 0.113
54015.481547 16.0728 0.109
54015.490116 16.1793 0.113
54022.479108 16.1274 0.111
54022.485602 16.0713 0.109
54022.492047 16.0186 0.107
54022.498522 16.0811 0.110
53991.565041 16.0459 0.136
53991.571910 16.1665 0.146
53991.578748 16.1314 0.124
53991.585627 16.1202 0.122
54003.546163 15.7953 0.079
54003.559432 16.0476 0.084
54003.572693 15.9655 0.083
54003.585991 16.039 0.084
54008.392773 16.1166 0.108
54008.404343 16.0817 0.107
54008.416066 16.0665 0.106
54008.427723 16.0995 0.107
54207.744067 16.1172 0.116
54207.752588 16.072 0.114
54207.761249 16.0199 0.111
54207.769749 16.1138 0.115
54319.607650 16.2874 0.113
54319.618310 16.298 0.114
54319.628863 16.2047 0.110
54319.639189 16.2509 0.112
54291.701146 16.0902 0.108
54291.709869 16.1063 0.108
54291.718778 16.1625 0.111
54291.727574 16.1236 0.110
54260.774701 16.1007 0.090
54260.787694 16.117 0.090
54260.800748 16.1028 0.090
54260.813731 16.1453 0.092
54240.761155 16.1991 0.102
54240.769414 16.1857 0.103
54240.777719 16.1743 0.100
54240.786121 16.1045 0.099
54414.442295 16.123 0.110
54414.450482 16.0422 0.124
54414.458667 15.9979 0.286
54414.466840 16.0932 0.118
54378.478348 16.1131 0.110
54378.487330 16.1576 0.112
54378.496391 16.1387 0.111
54378.505390 16.1191 0.110
54391.417458 16.1553 0.113
54391.427143 16.0166 0.108
54391.436837 16.162 0.113
54391.446519 16.1491 0.113
54344.611276 16.0444 0.091
54344.622204 16.104 0.093
54344.633078 16.0313 0.091
54344.646204 16.0299 0.091
54363.486448 16.0895 0.108
54363.494485 16.2083 0.113
54363.502481 16.1656 0.112
54363.510485 16.1104 0.109
54681.580831 16.0916 0.085
54681.591112 16.1 0.086
54681.601247 16.1069 0.086
54681.611235 16.1277 0.086
54704.558896 16.1405 0.087
54704.570480 16.1291 0.087
54704.582018 16.1932 0.088
54704.593542 16.2837 0.091
54624.617939 16.0094 0.077
54624.631118 16.0293 0.077
54624.644419 16.0663 0.078
54624.657869 16.0701 0.078
54631.654917 16.2081 0.088
54631.666123 16.2529 0.089
54631.677272 16.2305 0.088
54631.688481 16.195 0.087
54643.753769 16.0442 0.084
54643.765071 16.0048 0.083
54643.776365 16.0441 0.084
54643.787588 16.0263 0.083
54590.767842 16.1164 0.086
54590.781066 16.2282 0.089
54590.794411 16.3896 0.093
54590.807763 16.5688 0.098
54794.422708 16.0811 0.089
54794.429085 16.1097 0.090
54794.435474 16.0539 0.089
54794.441859 16.056 0.089
54745.486245 16.2283 0.092
54745.491161 16.1461 0.090
54745.496074 16.1853 0.091
54745.500993 16.238 0.092
54764.453875 16.1035 0.092
54764.460431 16.0724 0.091
54764.467003 16.1112 0.092
54764.473583 16.1163 0.092
54717.444661 16.3055 0.091
54717.452385 16.3604 0.093
54717.460131 16.5291 0.097
54717.467888 16.6062 0.100
54732.483906 16.0347 0.084
54732.495144 16.1057 0.086
54732.506334 16.064 0.084
54732.517494 16.0887 0.085
54940.785519 16.0776 0.080
54940.792053 16.0769 0.080
54940.798610 16.0574 0.080
54940.805411 16.0528 0.079
55058.517333 16.1563 0.081
55058.526683 16.1497 0.081
55058.536048 16.1429 0.081
55058.545199 16.1205 0.081
55031.534518 16.1272 0.105
55031.541950 16.1287 0.105
55031.549370 16.1179 0.104
55031.556935 16.1036 0.104
55005.660308 16.4406 0.090
55005.674341 16.7804 0.108
55005.688022 16.9004 0.105
55005.702221 16.9281 0.106
54954.707565 16.1966 0.105
54954.714945 16.1353 0.103
54954.722416 16.1878 0.104
54954.729819 16.2246 0.105
55145.438959 16.1179 0.087
55145.444222 16.1154 0.087
55145.449488 16.1143 0.087
55145.454755 16.136 0.090
55119.449631 16.1705 0.088
55119.456010 16.2513 0.090
55119.480790 16.5963 0.100
55119.487182 16.6218 0.101
55086.545682 16.1963 0.091
55086.556258 16.1745 0.090
55086.566839 16.1554 0.090
55086.577425 16.1372 0.089
55416.610010 16.0325 0.080
55416.642665 16.0657 0.081
55386.702983 16.1149 0.083
55386.746636 16.0886 0.083
55365.715268 16.0523 0.081
55365.758754 16.0894 0.082
55337.638612 16.0069 0.092
55337.670838 16.0834 0.094
55497.407449 16.026 0.074
55497.446689 16.0803 0.074
55445.551051 16.0895 0.083
55445.577085 15.9738 0.081
55717.631230 16.1443 0.083
55717.641811 16.0476 0.081
55717.652442 16.1266 0.082
55717.663113 16.1054 0.082
55684.750223 16.0777 0.091
55684.771845 16.0332 0.090
55741.709815 16.1379 0.084
55741.722751 16.143 0.085
55741.735744 16.2812 0.088
55741.748645 16.3581 0.090
55767.588499 16.1448 0.085
55767.599804 16.1098 0.084
55767.611098 16.1194 0.084
55767.622384 16.0484 0.094
55796.611766 16.0533 0.085
55796.624809 16.0749 0.085
55796.637981 16.1142 0.087
55796.651167 16.0618 0.086
55823.468146 16.8659 0.104
55823.483315 17.0109 0.112
55823.494599 16.8047 0.105
55823.505924 16.6915 0.099
55858.478645 16.0825 0.086
55858.485701 16.1001 0.089
55858.492775 16.0772 0.092
55858.499837 16.1493 0.096
56036.700182 16.1078 0.101
56036.710827 16.0764 0.099
56036.721600 16.0323 0.093
56036.732363 16.054 0.088
56072.705055 16.1912 0.084
56072.716973 16.1875 0.083
56072.728961 16.146 0.082
56072.740991 16.108 0.082
56132.542837 16.0302 0.085
56132.554470 16.0914 0.086
56132.566290 16.1257 0.087
56132.578117 16.0523 0.085
56156.497327 16.0568 0.076
56156.510004 16.0943 0.076
56156.522866 16.0963 0.076
56156.535742 16.1126 0.076
56183.588977 16.0164 0.076
56183.603040 16.0045 0.076
56183.617218 16.0085 0.076
56183.631409 16.0067 0.076
56219.448041 16.0607 0.079
56219.462070 16.0886 0.081
56219.476184 16.1153 0.082
56219.490323 16.1622 0.083
56267.428372 16.0537 0.085
56267.437321 16.0844 0.086
56267.446266 16.0553 0.086
56267.455162 16.0374 0.086
56400.711385 16.0946 0.078
56400.722097 16.1038 0.078
56400.732832 16.1859 0.079
56400.743573 16.2788 0.081
56464.619992 16.1753 0.080
56464.634201 16.1585 0.080
56464.648728 16.1282 0.079
56464.663077 16.1158 0.079
