53587.566127 15.227 0.081
53587.574652 15.1699 0.080
53587.583134 15.1564 0.080
53972.481907 15.3268 0.087
53972.489212 15.2679 0.086
53972.496491 15.2325 0.087
53972.503795 16.015 0.800
53973.433073 15.4332 0.090
53973.441067 15.4359 0.090
53973.448916 15.3517 0.088
53973.456753 15.3523 0.088
53942.477354 15.2479 0.087
53942.484003 15.2315 0.086
53942.490584 15.3087 0.089
53942.497103 15.2095 0.086
53912.591387 15.216 0.084
53912.601092 15.2245 0.084
53912.610592 15.198 0.084
53912.620082 15.1985 0.084
53806.744652 15.212 0.082
53806.752590 15.2825 0.083
53806.760682 15.2449 0.082
53806.768660 15.2188 0.256
53865.668086 15.4346 0.086
53865.677112 15.4021 0.085
53865.686123 15.4906 0.087
53865.695110 15.4312 0.086
53879.745689 15.3008 0.083
53879.755600 15.3075 0.083
53879.765228 15.3065 0.083
53879.774856 15.3462 0.084
54015.392410 15.3662 0.091
54015.400983 15.3585 0.091
54015.409564 15.3088 0.090
54015.418181 15.3536 0.091
54022.394119 15.2666 0.088
54022.400563 15.2665 0.088
54022.407019 15.2452 0.088
54022.413478 15.2682 0.088
54034.458671 15.2621 0.090
54034.465126 15.2457 0.090
54034.471571 15.2555 0.091
54034.478024 15.2538 0.095
53991.440613 15.4619 0.095
53991.447485 15.3722 0.095
53991.454366 15.3949 0.099
53991.461214 15.5084 0.117
53994.428479 15.2772 0.087
53994.437020 15.2835 0.088
53994.445570 15.2637 0.088
53994.454088 15.2545 0.117
54005.442832 15.2497 0.086
54005.451671 15.1983 0.085
54005.460512 15.2121 0.086
54005.469302 15.2597 0.087
54319.523036 15.433 0.090
54319.533640 15.4556 0.091
54319.544277 15.4758 0.091
54319.554808 15.4256 0.090
54295.545216 15.3866 0.124
54295.552506 15.3791 0.143
54295.559927 15.3432 0.120
54295.567238 15.1008 0.164
54177.731558 15.1415 0.390
54177.737307 15.371 0.097
54246.583369 15.4675 0.097
54246.594741 15.4169 0.096
54246.606221 15.3487 0.093
54246.617615 15.3804 0.094
54378.421388 15.4784 0.094
54378.431249 15.4756 0.094
54378.441163 15.4283 0.093
54378.451002 15.4041 0.092
54362.401118 15.3185 0.090
54697.506370 15.4427 0.084
54697.515232 15.4668 0.085
54697.524134 15.4981 0.086
54697.533012 15.4486 0.085
54643.637218 15.2631 0.072
54643.648491 15.2564 0.072
54643.659792 15.256 0.072
54643.670870 15.2613 0.072
54594.626315 15.2572 0.079
54594.633644 15.2669 0.079
54594.640966 15.2999 0.080
54594.648300 15.3074 0.080
54758.393591 15.2897 0.086
54758.403376 15.3118 0.087
54758.413186 15.3196 0.087
54758.422996 15.3845 0.089
54728.463014 15.3423 0.086
54728.471654 15.3039 0.085
54728.480294 15.2919 0.085
54728.489031 15.2668 0.084
55031.564793 15.4316 0.087
55031.572158 15.4446 0.088
55031.579554 15.4646 0.088
55031.586891 15.4111 0.087
55031.594192 15.3961 0.087
54911.761486 15.4174 0.087
54911.769211 15.4402 0.087
54911.776964 15.4087 0.086
54911.784684 15.3725 0.085
55123.435845 15.3532 0.075
55123.446429 15.3532 0.076
55123.457056 15.3131 0.075
55123.467677 15.3249 0.076
55421.468437 15.3718 0.088
55275.743860 15.3312 0.080
55331.665468 15.4455 0.081
55331.696013 15.4526 0.082
55473.456868 15.2869 0.078
55473.485174 15.281 0.078
55440.461300 15.5145 0.104
55663.646629 15.3951 0.088
55663.673717 15.3637 0.089
53972.512191 15.2693 0.094
53972.534112 15.2999 0.156
54362.405334 15.3193 0.090
54362.413643 15.3026 0.089
54362.421985 15.3716 0.091
54362.430228 15.4259 0.093
54977.776690 15.2243 0.090
54977.786159 15.3953 0.087
54977.708035 15.2768 0.085
54977.717501 15.3084 0.090
54977.776690 15.2498 0.092
54977.786159 15.3913 0.088
55769.584613 15.4239 0.070
55769.597204 15.4012 0.070
55769.610016 15.3775 0.070
55769.622793 15.3161 0.069
55796.460133 15.1843 0.072
55796.471899 15.2023 0.072
55796.484054 15.2422 0.073
55796.495926 15.2555 0.073
55852.410710 15.3544 0.077
55852.422609 15.3338 0.077
55852.434665 15.3231 0.077
55852.446572 15.295 0.077
56065.591931 15.3314 0.071
56065.603597 15.3994 0.072
56065.615076 15.328 0.071
56065.626508 15.2791 0.070
56102.593798 15.3175 0.070
56102.606543 15.3503 0.070
56102.619347 15.2953 0.070
56102.632349 15.2652 0.070
56150.468989 15.28 0.072
56150.479166 15.2292 0.071
56150.489471 15.2525 0.071
56150.499893 15.1947 0.070
56182.447872 15.1658 0.071
56182.457622 15.1931 0.071
56182.467147 15.213 0.072
56182.476544 15.216 0.072
56213.426912 15.2845 0.069
56213.437494 15.3259 0.069
56213.448124 15.2541 0.068
56213.458736 15.2518 0.068
56243.418515 15.1926 0.069
56243.426230 15.2336 0.070
56243.433952 15.2539 0.070
56243.441717 15.2967 0.071
56380.701043 15.1804 0.067
56380.713935 15.2037 0.068
56380.726882 15.1503 0.067
56380.739740 15.1679 0.067
56405.671624 15.1588 0.067
56405.681535 15.1862 0.067
56405.691642 15.1804 0.067
56405.701719 15.2116 0.067
