53722.6840975114 15.14681 0.0688172425904705
53722.6948195949 15.13743 0.068495958232022
53722.7052860997 15.17469 0.0689627234935791
53722.7148853239 15.19074 0.0692054747984332
53901.3810882291 15.08669 0.0664893150450773
53901.3895828935 15.08583 0.0665057137791562
53901.3981050464 15.06258 0.0663471119820872
53901.4066574538 15.05223 0.0663094321423155
53877.3988257639 15.3698 0.067780990044125
53877.4093208333 15.36817 0.0677544087180789
53877.4196009028 15.32161 0.0672488418309064
53877.4299397684 15.22436 0.0661603018666591
54113.6982765162 15.48428 0.0789290658149972
54113.7038799768 15.50901 0.0788214808664467
54113.7095269446 15.48073 0.0782169124608532
54113.715190822 15.56015 0.0792019083009759
54178.5367415279 15.09944 0.0695164219274892
54189.5068238887 15.23541 0.0705600106689569
54189.5137382757 15.27465 0.0710565836759517
54189.5206276622 15.26941 0.070993113513713
54189.5275272337 15.2507 0.0706945781753291
54245.3842255209 14.94343 0.067186802597923
54245.3933619793 14.95424 0.067415719156722
54245.4024249308 15.00259 0.068088847492391
54245.4114532868 15.01435 0.0682569289267919
54818.6620341088 15.15662 0.0626571099932738
54818.6748124883 15.09945 0.0621469158908688
54818.6878335881 15.13702 0.0622181473010343
54818.7007953124 15.22734 0.0629149862460026
54473.7002212615 15.18209 0.064084461549573
54473.7110363771 15.20349 0.0644238940422308
54473.7214750811 15.238 0.0647640310471187
54473.7319037151 15.29117 0.0654188767061137
54534.5540449537 15.25404 0.0692798662184471
54534.5628920488 15.26883 0.069503951182979
54534.571745278 15.28893 0.0698085461799559
54534.5805375117 15.32756 0.0703682862665768
54594.4742865741 15.35738 0.066170585398698
54594.484950185 15.37457 0.0663914675325472
54594.4955943401 15.34043 0.0660657317563182
54594.5062574769 15.38373 0.0666435942016824
54859.5641919791 15.36601 0.067848179023958
54859.5715027895 15.34724 0.0676198188999183
54859.5788803936 15.36197 0.0679423275809691
54859.5862326503 15.40865 0.068510602366427
54909.5169063077 15.32545 0.0678784188953461
54909.5261609607 15.31544 0.067791441579964
54909.5354443054 15.36095 0.0683596796576533
54909.5447388773 15.41427 0.0689958564104764
54977.4399049074 15.31573 0.0686844300763774
54977.4470040278 15.30957 0.0687348960499729
54977.4541353124 15.32068 0.0689806397161782
54977.4612535184 15.31571 0.0689735338472198
55160.6703188658 15.4491 0.069407148775463
55160.6785946527 15.44545 0.0693536687935803
55160.6869112846 15.45039 0.0693918507873895
55160.6951910068 15.45768 0.0697786624911939
55247.5807391784 15.29899 0.069918245947905
55334.3670774886 15.041 0.0668612719989488
55656.4631980093 15.38611 0.0619467713726845
55714.3561703589 15.39982 0.0613459175408659
55714.3688119327 15.37668 0.0615778483075765
55714.3815379975 15.39372 0.0617760742078935
55714.3942234259 15.41242 0.0619915080086716
55644.4891195716 15.52837 0.0654908634730216
54178.5397750928 15.09122 0.0694015088985447
54178.5475000461 15.11803 0.0697986534153532
54178.5552335532 15.0962 0.069523306538966
54178.5629911457 15.0929 0.0695909275134392
55585.6809882638 15.58332 0.0674352101554585
55585.7149055554 15.44035 0.0767917614193713
55980.5919389467 15.35784 0.0600113490874599
55980.594410926 15.377603 0.0601591610662569
55980.5967842823 15.383606 0.0601968783992558
55980.5991276622 15.369721 0.0600961319886536
56006.5384582062 15.07219 0.0607306746384721
56006.5484710997 15.11385 0.0611618758738519
56006.5585466088 15.12943 0.0614830543934966
56006.5687209605 15.137658 0.0616987142145675
56041.4560983333 15.43984 0.0607042953026488
56041.4672903124 15.47032 0.0609460000991888
56041.478639352 15.4574 0.060843605479727
56041.4900084258 15.518607 0.061384466694101
56077.4102245484 15.44094 0.0625409557058308
56077.4172324653 15.41575 0.0623191935762391
56077.4243228937 15.44071 0.0620798127567679
56077.4318956363 15.41785 0.0619325382065532
