53587.569616 14.9652 0.076
53587.578001 14.8784 0.075
53587.586464 14.8309 0.074
53587.594651 14.8045 0.073
53605.622882 15.1252 0.080
53605.638664 14.984 0.078
53605.653681 14.9352 0.077
53605.668742 14.8639 0.076
53606.429599 15.0243 0.066
53606.449744 14.9174 0.065
53606.469874 14.791 0.064
53606.489244 14.7688 0.064
53576.566814 15.18 0.080
53576.575025 15.0488 0.078
53576.583233 15.0995 0.079
53576.591454 15.1066 0.079
53649.419151 14.9451 0.088
53649.428792 14.9256 0.088
53649.438384 15.0263 0.098
53649.447788 15.0588 0.110
53664.451944 15.1259 0.083
53664.458526 15.1432 0.083
53664.465101 15.1528 0.083
53664.471704 15.1958 0.084
53618.442851 14.9232 0.077
53618.458785 14.8252 0.075
53618.474783 14.7847 0.074
53618.490495 14.7506 0.074
53636.483426 15.1765 0.085
53636.494329 15.2098 0.086
53636.505263 15.2499 0.087
53636.516157 15.2594 0.088
53835.705429 15.1545 0.073
53835.714672 15.1299 0.072
53835.725372 15.1969 0.073
53835.734634 15.2061 0.073
53851.655070 15.0656 0.062
53851.671231 15.1059 0.063
53851.687411 15.1463 0.063
53851.703599 15.1571 0.063
53959.492698 14.9069 0.067
53959.502749 14.9926 0.068
53959.512790 14.996 0.068
53959.522826 15.0612 0.069
53972.481058 14.7714 0.076
53972.488366 14.7578 0.076
53972.495645 14.7719 0.076
53972.502941 14.709 0.463
53973.432100 15.0909 0.082
53973.440092 15.1199 0.083
53973.447941 15.0782 0.082
53973.455865 15.0971 0.082
53936.474277 14.8397 0.070
53936.485142 14.7947 0.070
53936.496065 14.8222 0.070
53936.507036 14.8295 0.070
53945.495872 14.9426 0.072
53945.506573 14.884 0.071
53945.517080 14.8167 0.070
53945.528254 14.7598 0.069
53903.586729 15.1236 0.074
53903.600145 15.152 0.075
53903.613815 15.1259 0.074
53903.627908 15.0596 0.073
53912.592370 14.8386 0.077
53912.602078 14.8899 0.077
53912.611572 14.9714 0.079
53912.620992 14.9806 0.079
53806.745491 15.0554 0.106
53806.753474 15.0652 0.080
53806.761535 14.9358 0.217
53812.749641 15.0313 0.067
53812.755056 15.1052 0.068
53812.760510 15.0819 0.067
53812.765918 15.0769 0.067
53879.746565 14.9668 0.076
53879.756468 14.8865 0.075
53879.766069 14.8349 0.074
53879.775729 14.7906 0.073
54015.391326 14.8754 0.080
54015.400136 14.852 0.079
54015.408717 14.925 0.081
54015.417330 14.9154 0.080
54022.393271 15.1061 0.084
54022.399716 15.1099 0.084
54022.406167 15.1221 0.085
54022.412631 15.1522 0.085
54034.457825 15.0466 0.085
54034.464273 15.0059 0.084
54034.470722 14.9834 0.084
54034.477175 14.9102 0.082
53991.439756 15.0165 0.089
53991.446636 14.996 0.082
53991.453514 15.0157 0.084
53991.460363 15.0435 0.100
53994.427634 15.0971 0.083
53994.436161 15.1095 0.084
53994.444718 15.1646 0.088
53994.453241 15.1682 0.108
54005.443775 15.0926 0.083
54005.452518 14.9927 0.081
54005.461440 14.962 0.080
54005.470159 14.8658 0.078
54212.661160 15.0537 0.077
54212.675506 14.8929 0.074
54212.689929 14.8355 0.073
54212.704304 14.7772 0.072
54319.526629 14.8557 0.077
54319.537282 14.8744 0.078
54319.547822 14.9361 0.079
54319.558374 14.9854 0.080
54333.538950 15.153 0.076
54333.549919 15.1267 0.075
54333.560796 15.1122 0.075
54333.571671 15.0318 0.074
54296.508523 15.1966 0.076
54296.517310 15.1606 0.075
54296.526199 15.1703 0.076
54296.534992 15.15 0.075
54268.736250 15.0566 0.074
54268.744599 15.091 0.075
54268.752957 15.0933 0.075
54268.761326 15.119 0.076
54268.769660 15.0843 0.077
54177.735965 15.3675 0.129
54177.741724 15.1753 0.091
54177.747500 15.1164 0.089
54177.753379 15.0791 0.089
54246.588671 14.9399 0.083
54246.600033 14.9559 0.084
54246.611518 14.8919 0.082
54246.622942 15.0034 0.085
54414.412714 15.0416 0.083
54414.419275 14.9717 0.091
54414.425827 15.0614 0.079
54414.432362 15.0054 0.077
54378.422233 14.7583 0.077
54378.432088 14.8083 0.078
54378.441998 14.8565 0.079
54378.451837 14.9245 0.081
54344.523037 14.85 0.071
54344.531700 14.8046 0.070
54344.540351 14.8006 0.070
54344.549012 14.8011 0.070
54356.412703 15.0859 0.075
54356.422835 15.0543 0.075
54356.432829 15.0267 0.074
54356.442836 14.9983 0.074
54362.411422 14.8585 0.079
54362.419712 14.8858 0.080
54362.427944 14.911 0.080
54362.436186 14.9343 0.081
54704.408583 14.7554 0.066
54704.416458 14.7782 0.066
54704.424358 14.8373 0.067
54704.432428 14.8583 0.067
54658.517916 14.8124 0.085
54658.526225 14.7325 0.096
54658.534531 14.606 0.103
54658.542860 14.8174 0.116
54677.548920 14.927 0.068
54677.554460 14.9402 0.068
54677.560093 14.9766 0.069
54677.565586 14.9709 0.069
54622.660466 14.819 0.066
54622.676501 14.8714 0.067
54622.692421 14.9425 0.069
54622.708045 15.0287 0.073
54643.641648 14.7765 0.066
54643.652987 14.7894 0.066
54643.664225 14.8596 0.067
54643.675281 14.8846 0.067
54589.713776 15.1097 0.070
54589.727882 15.1262 0.071
54589.742273 15.1464 0.071
54589.757201 15.1715 0.071
54614.754213 15.1063 0.070
54614.767355 15.097 0.070
54614.780449 15.0691 0.069
54614.793580 15.0499 0.069
54758.397137 14.9368 0.079
54758.406916 14.8645 0.077
54758.416728 14.823 0.077
54758.426538 14.8125 0.077
54728.466384 15.1052 0.081
54728.475054 15.1235 0.081
54728.483716 15.067 0.080
54728.492430 15.0632 0.080
54739.385320 15.0901 0.074
54739.394175 15.1392 0.078
54739.403039 15.1144 0.076
54739.411844 15.1249 0.075
54929.698812 14.8085 0.079
54929.712088 14.8098 0.078
54929.725321 14.8206 0.079
54929.738488 14.8647 0.079
54944.680884 15.05 0.071
54944.688936 15.0533 0.071
54944.697040 15.0691 0.071
54944.705085 15.1303 0.072
55057.469798 14.8757 0.068
55057.478084 14.813 0.067
55057.486429 14.7661 0.067
55057.494623 14.769 0.067
55031.568233 15.1493 0.081
55031.575548 15.1031 0.080
55031.582950 15.1499 0.081
55031.590259 15.1222 0.081
54999.669208 15.1232 0.076
54999.682440 15.0413 0.076
54999.695799 14.9623 0.077
54999.708884 14.8608 0.076
54913.732498 14.7114 0.068
54913.745340 14.6872 0.067
54913.758177 14.7517 0.068
54913.771162 14.8104 0.068
54974.714692 14.8133 0.069
54974.718996 14.8346 0.069
54974.723378 14.8599 0.069
54974.727734 14.8788 0.070
55123.440073 15.0961 0.071
55123.450670 15.1016 0.072
55123.461298 15.1328 0.072
55123.471917 15.1406 0.072
55086.437783 15.1348 0.072
55086.443042 15.1711 0.073
55086.448311 15.1579 0.073
55086.453579 15.1265 0.072
55304.786704 15.0745 0.079
55413.540219 15.203 0.075
55413.576532 15.0149 0.073
55421.474530 15.1198 0.064
55421.503917 15.152 0.064
55381.617909 14.9277 0.067
55362.595635 15.166 0.088
55275.747960 15.0855 0.075
55331.670212 14.885 0.071
55331.700803 15.1237 0.075
55473.461538 15.0777 0.074
55473.489900 14.9306 0.072
55663.650404 15.2249 0.084
55663.677531 15.1122 0.083
55678.742123 15.1923 0.071
55678.763781 15.1337 0.070
55706.713445 15.1139 0.066
55706.725843 15.1215 0.066
55706.738370 15.15 0.066
55706.750813 15.1414 0.066
53972.511345 14.7859 0.093
53972.518647 14.7499 0.131
55736.722263 14.8317 0.063
55736.738675 14.8438 0.063
55736.755229 14.9179 0.064
55736.771788 14.935 0.064
55766.507023 14.7652 0.065
55766.519766 14.8175 0.066
55766.532617 14.825 0.066
55766.545585 14.9 0.067
55796.464833 15.0839 0.071
55796.476935 15.0814 0.070
55796.488808 15.1659 0.072
55796.500683 15.1572 0.072
55852.415412 15.1888 0.074
55852.427436 15.137 0.073
55852.439443 15.1494 0.074
55852.451378 15.0922 0.073
56065.647268 14.9408 0.089
56065.656710 14.8625 0.076
56065.666220 14.9382 0.078
56065.675846 15.0034 0.076
56102.600133 14.734 0.064
56102.612947 14.7084 0.063
56102.625897 14.7192 0.064
56102.638909 14.7319 0.064
56150.474906 15.1445 0.070
56150.485258 15.1231 0.069
56150.495700 15.1286 0.069
56150.505913 15.0484 0.069
56182.453870 15.0359 0.069
56182.463550 15.0024 0.068
56182.473008 14.9434 0.068
56182.482487 14.9044 0.067
56213.432517 14.8307 0.063
56213.443168 14.8289 0.064
56213.453785 14.8169 0.064
56213.464369 14.8424 0.064
56380.708065 14.766 0.065
56380.721166 14.8539 0.067
56380.734047 14.8536 0.065
56380.746918 14.8807 0.064
56405.678724 15.1304 0.066
56405.688704 15.0576 0.066
56405.698800 14.9563 0.064
56405.708832 14.895 0.064
56459.582089 14.8019 0.090
56459.594640 14.804 0.074
56459.607029 14.8751 0.076
56459.619157 14.933 0.079
