53588.498612 16.549 0.110
53588.515719 16.5165 0.109
53588.532941 16.575 0.111
53606.430541 16.7024 0.100
53606.450700 16.8444 0.105
53606.470765 16.7897 0.103
53555.537767 16.7799 0.151
53555.545604 16.8402 0.155
53555.553456 16.7625 0.150
53555.561318 16.6898 0.145
53576.569516 16.5498 0.125
53576.577732 16.5369 0.124
53576.585945 16.5344 0.124
53576.594145 16.7149 0.133
53664.452482 16.5877 0.135
53664.459069 16.6198 0.137
53664.465647 16.6553 0.139
53664.472249 16.6255 0.138
53618.443383 16.8042 0.143
53618.459317 16.8696 0.147
53618.475317 16.823 0.143
53618.491030 16.819 0.145
53636.483958 16.632 0.141
53636.494880 16.6438 0.142
53636.505796 16.5849 0.139
53636.516691 16.7292 0.148
53835.708133 16.7393 0.116
53835.717370 16.6345 0.111
53835.728070 16.7229 0.114
53835.737357 16.4776 0.104
53851.661271 16.7456 0.089
53851.677456 16.8395 0.091
53851.693622 16.7372 0.088
53851.709825 16.5409 0.083
53959.494726 17.0541 0.122
53959.504751 16.8344 0.112
53959.514832 16.8987 0.115
53959.524835 16.5751 0.102
53973.492340 16.5892 0.136
53973.502227 16.8045 0.149
53973.512179 16.7602 0.146
53973.522057 16.7623 0.146
53936.479149 16.6039 0.115
53936.490054 16.4823 0.110
53936.500981 16.4776 0.110
53936.512223 16.4231 0.108
53945.502362 16.5825 0.115
53945.512935 16.5594 0.114
53945.523920 16.6344 0.117
53945.534440 16.6822 0.119
53903.589461 16.7189 0.120
53903.603078 16.7063 0.119
53903.616777 16.5637 0.113
53903.630861 16.4394 0.108
53806.745920 16.8372 0.144
53806.753916 16.8453 0.176
53812.750305 16.3694 0.092
53812.755706 16.504 0.096
53812.761155 16.4858 0.095
53812.766578 16.4391 0.094
53879.747008 16.4893 0.121
53879.756885 16.568 0.125
53879.766502 16.5119 0.123
53879.776162 16.5772 0.125
54015.390742 17.0261 0.172
54015.399713 16.8055 0.156
54015.408294 16.844 0.158
54015.416906 16.6283 0.144
54022.421273 16.8692 0.159
54022.428595 16.7927 0.154
54022.435919 16.8377 0.157
54022.443221 16.9641 0.167
54034.457403 16.972 0.171
54034.463851 16.9453 0.171
54034.470293 16.784 0.162
54034.476747 16.7631 0.157
53991.439334 16.7807 0.187
53991.446212 16.7737 0.153
53991.453091 16.6524 0.145
53991.459940 16.6987 0.178
53994.427212 16.8147 0.152
53994.435738 16.8608 0.155
53994.444295 16.9503 0.177
53994.452818 16.624 0.228
54005.444197 16.5834 0.137
54005.452941 16.668 0.142
54005.461858 16.7076 0.144
54005.470585 16.7885 0.150
54198.705842 16.999 0.179
54198.712401 16.8013 0.163
54198.719014 16.855 0.167
54198.725546 17.0216 0.180
54212.668331 16.4585 0.118
54212.682752 16.5037 0.119
54212.697150 16.4197 0.115
54212.711528 16.4794 0.117
54319.528526 16.5238 0.132
54319.539141 16.3694 0.124
54319.549717 16.4013 0.126
54319.560209 16.4522 0.128
54333.542747 16.8881 0.131
54333.553702 16.8919 0.131
54333.564576 16.9011 0.133
54333.575455 16.9828 0.139
54296.509626 16.4546 0.110
54296.518478 16.3969 0.108
54296.527339 16.4268 0.108
54296.536150 16.4254 0.108
54268.736789 16.8266 0.132
54268.745139 16.8832 0.132
54268.753517 16.863 0.130
54268.761867 16.8674 0.132
54168.762557 16.3091 0.134
54168.769720 16.4951 0.144
54168.776927 16.5208 0.143
54168.784111 16.446 0.139
54246.589087 16.7018 0.157
54246.600475 16.7922 0.163
54246.611943 16.6967 0.156
54246.623364 16.8523 0.166
54414.413251 16.8534 0.145
54414.419813 16.8947 0.215
54414.426372 16.6543 0.132
54414.432894 16.661 0.137
54378.422648 16.8948 0.161
54378.432511 16.9518 0.165
54378.442421 16.8611 0.159
54378.452260 16.8585 0.159
54390.402556 16.9604 0.119
54390.413385 16.8645 0.115
54390.424205 16.9828 0.120
54390.435031 16.9519 0.119
54344.526819 16.6212 0.116
54344.535478 16.6229 0.116
54344.544149 16.735 0.122
54344.552811 16.6681 0.119
54356.415474 16.427 0.111
54356.425607 16.4809 0.113
54356.435526 16.3648 0.109
54356.445537 16.4418 0.112
54362.411843 16.7904 0.154
54362.420135 16.8544 0.159
54362.428360 16.7595 0.152
54362.436609 16.9512 0.166
54704.439239 16.3486 0.097
54704.447043 16.3853 0.098
54704.454844 16.3769 0.098
54704.462717 16.3535 0.097
54525.775094 16.5479 0.164
54525.777737 16.6636 0.173
54525.780443 16.6236 0.169
54525.783174 16.8552 0.188
54658.522858 17.325 0.271
54658.531167 16.8258 0.263
54658.539394 16.9157 0.287
54658.547826 17.1893 0.366
54677.571505 16.7632 0.112
54677.579756 16.7874 0.113
54677.588104 16.7942 0.113
54677.596332 16.8823 0.116
54622.663303 16.7498 0.109
54622.679237 16.6751 0.107
54622.695221 16.6372 0.111
54622.710753 16.4824 0.112
54643.645667 16.3481 0.096
54643.656976 16.3658 0.096
54643.668027 16.4433 0.099
54643.679133 16.4847 0.100
54589.714308 16.7296 0.110
54589.728448 16.7751 0.112
54589.742869 16.8805 0.116
54589.757879 16.8735 0.116
54599.653009 16.5923 0.093
54599.666236 16.4099 0.088
54599.679533 16.4355 0.089
54599.692759 16.4269 0.088
54614.755844 16.2916 0.093
54614.768971 16.3847 0.096
54614.782079 16.3524 0.095
54614.795227 16.4202 0.098
54758.398899 16.9015 0.153
54758.408685 16.8283 0.148
54758.418503 16.7878 0.146
54758.428299 16.7952 0.147
54728.467239 16.4984 0.126
54728.475906 16.5714 0.130
54728.484561 16.558 0.130
54728.493279 16.641 0.134
54739.386413 16.9235 0.130
54739.395324 16.9329 0.134
54739.404131 16.782 0.127
54739.412923 16.6726 0.123
54929.699466 16.626 0.145
54929.712736 16.7514 0.152
54929.725982 16.6558 0.146
54929.739132 16.7742 0.153
54944.673909 16.408 0.101
54944.681953 16.4452 0.102
54944.690001 16.4105 0.101
54944.698106 16.3983 0.101
55057.474692 16.5922 0.107
55057.483090 16.6594 0.110
55057.491328 16.6518 0.110
55057.499526 16.6127 0.108
55031.569559 16.4335 0.122
55031.576892 16.4521 0.123
55031.584272 16.3926 0.120
55031.591586 16.387 0.120
55031.598917 16.382 0.120
54999.674456 16.424 0.112
54999.687671 16.5265 0.122
54999.701029 16.6366 0.132
54999.714088 16.6622 0.141
54913.743731 16.6652 0.154
54913.756571 16.526 0.120
54913.769528 16.7842 0.118
54913.782661 16.8169 0.119
54974.760324 16.4006 0.094
54974.773661 16.3223 0.093
54974.786922 16.2999 0.092
54974.800167 16.4661 0.097
55123.440599 16.3673 0.100
55123.451199 16.4271 0.102
55123.461825 16.4672 0.103
55123.472444 16.5068 0.105
55086.442515 16.8335 0.119
55086.447784 16.8387 0.119
55086.453052 16.901 0.122
55086.458318 16.888 0.122
55304.790442 16.7526 0.141
55413.543207 16.69 0.119
55413.579576 16.8717 0.129
55381.622881 16.4148 0.096
55381.653476 16.9247 0.115
55393.570279 16.3307 0.093
55362.596352 16.7223 0.129
55275.748558 16.6579 0.123
55334.694674 16.8113 0.152
55473.498316 16.772 0.125
55473.526719 16.8846 0.131
55441.488374 16.6683 0.141
55441.511934 16.7043 0.144
55663.653701 16.7508 0.144
55663.680872 16.7842 0.148
55678.747053 16.8147 0.112
55678.768799 16.6605 0.106
55706.715955 16.5166 0.091
55706.728362 16.4511 0.089
55706.740865 16.4924 0.090
55706.753364 16.3637 0.087
53588.561305 16.5972 0.112
53588.578348 16.6552 0.114
53588.595260 16.6453 0.114
53588.612326 16.7479 0.118
55736.724706 16.8505 0.100
55736.741150 16.9 0.102
55736.757717 16.8788 0.102
55736.774268 16.8307 0.100
55766.507736 16.7882 0.109
55766.520474 16.7816 0.109
55766.533334 16.8396 0.110
55766.546300 16.9045 0.114
55796.468958 16.3906 0.098
55796.481112 16.4774 0.101
55796.492929 16.4766 0.101
55796.504850 16.5239 0.104
55852.419614 16.5253 0.108
55852.431623 16.5505 0.110
55852.443574 16.6943 0.116
55852.455671 16.6353 0.113
56066.653432 16.8637 0.120
56066.662365 16.8457 0.120
56066.671337 16.7698 0.116
56066.680367 16.771 0.115
56150.513234 16.8149 0.110
56150.521784 16.8661 0.112
56150.530380 16.8893 0.112
56150.538775 16.8752 0.113
56182.496263 16.8556 0.115
56182.507492 16.8403 0.113
56182.518741 16.7244 0.109
56182.530003 16.5741 0.105
56217.420378 16.5799 0.093
56217.432326 16.683 0.097
56217.444356 16.7335 0.098
56217.456480 16.7211 0.098
56388.698612 16.4033 0.097
56388.708494 16.3874 0.097
56388.718464 16.3952 0.096
56388.728353 16.4202 0.097
56415.766438 16.4374 0.107
56415.776090 16.6309 0.116
56415.784002 16.5731 0.127
56415.791895 16.6008 0.128
56459.625411 16.5183 0.136
56459.635294 16.3239 0.137
56459.645342 16.3511 0.162
56459.655358 16.7221 0.222
