53598.4183773493 16.150355 0.115322709765816
53598.4266508102 16.2109 0.118394578928311
53598.4346434839 16.170584 0.116703472171899
53598.4426454051 16.127526 0.114949198592917
53611.4260983217 16.673406 0.162733243670324
53611.4325700809 16.659686 0.162180992578107
53611.439081412 16.776946 0.171813908281859
53611.4455710879 16.659373 0.163299691411433
53555.5140980093 16.209113 0.116801436186427
53555.521435104 16.127739 0.113612779313116
53555.5287860187 16.171625 0.115611346463987
53555.5361558336 16.193761 0.11663340583317
53580.5289162616 16.350554 0.114578798044321
53580.5369845484 16.203266 0.109152175441581
53580.5446810997 16.219023 0.110175897258355
53580.5524050114 16.237602 0.111579656743329
53830.7008629629 16.253534 0.107278847906172
53830.7102894678 16.295409 0.108816435081371
53830.7197736229 16.273914 0.107986006120591
53830.7292034954 16.211164 0.10608252891495
53845.6611727548 16.797357 0.132105530779767
53845.6707041549 16.537659 0.119365697008286
53845.6802403589 16.375806 0.11264587459338
53845.6897265973 16.279184 0.108714405730695
53774.6927492592 16.188403 0.124019182531919
53774.7044110533 16.320061 0.130263086122639
53774.716060104 16.244059 0.126982001178035
53774.7277887731 16.177662 0.122408835189657
53919.464377199 16.249726 0.122305484957869
53919.4733843633 16.258343 0.124262975460898
53919.4823685071 16.255508 0.123850482256723
53919.4913586692 16.383533 0.124692193717459
53946.3872356483 16.257433 0.0907856800292201
53946.3984385071 16.294221 0.0918017023551038
53946.4095980789 16.198457 0.0892709256811473
53946.4207669099 16.2418 0.0905298844836727
53889.485865023 16.21101 0.0935596878309356
53889.4967728937 16.192652 0.0932117490008334
53889.5076248497 16.203268 0.0934073613058599
53889.518245081 16.176508 0.0926789487509893
53900.5230004281 16.242482 0.115197632016603
53900.5333570369 16.289192 0.118011171054705
53900.5638478819 16.76015 0.141779682963226
53900.5743557757 16.65124 0.135794913748502
53915.5909476738 16.655831 0.299282060039606
53915.59937544 16.949765 0.264775656940404
53915.6078305903 16.253709 0.267453273885122
53806.6628087961 16.747681 0.1304925413413
53806.672811574 16.39383 0.113937325716408
53806.6824614584 16.311342 0.110830563929657
53806.6920051618 16.24954 0.108164546445006
53820.5834503008 16.471383 0.116812105003273
53820.5953599072 16.801523 0.132631019417163
53820.6074340741 16.63931 0.124276728864599
53820.6195012151 16.347512 0.111406444244509
53860.6223691896 16.231089 0.0852249690508754
53860.6345050697 16.206876 0.0848253016254277
53860.6465734722 16.251479 0.0860005152745002
53860.6586110879 16.336014 0.0879450407725544
53875.6051651618 16.191153 0.10681969401065
53875.612868102 16.145521 0.10494556376194
53875.6206609376 16.197979 0.107183072710473
53875.6284170255 16.179248 0.106369236202325
53881.6154477663 16.547868 0.122174225995888
53881.6235756363 16.395786 0.115607260922063
53881.6317759838 16.292473 0.111478039531621
53881.6399087963 16.236343 0.109429572563158
54001.3911724767 16.217933 0.127021000333249
54001.3942819677 16.211258 0.12766679203577
54001.3973714352 16.258811 0.1302465197174
54001.4004692362 16.228469 0.129042965539666
54210.6380607872 16.209841 0.103558285390965
54210.6479720371 16.167844 0.102295710172178
54210.6579342247 16.199931 0.103454148807658
54210.6678884258 16.128436 0.100841546484229
54336.381785162 16.264779 0.121341005882902
54336.3869483216 16.205692 0.118950742295703
54336.392112639 15.549083 0.203997364819126
54336.397282859 16.187097 0.118082527349513
54131.7051585416 16.223504 0.125749950321834
54131.7355522915 16.896626 0.166546472301142
54131.7451681599 16.741265 0.154045745715359
54131.754758692 16.550128 0.142013710179905
54283.3959002548 16.383649 0.125871313843512
54294.4310159373 16.2037 0.17435596527294
54294.4380827548 16.286354 0.118485015287421
54295.4120529975 16.391343 0.240631355703739
54295.4201788773 16.167459 0.18701028267085
54295.4305093635 16.195475 0.168243281177754
54173.576609815 16.589234 0.119955382707796
54173.5864315974 16.437795 0.113192977055456
54173.5962360301 16.244153 0.105502983756455
54173.6060577082 16.16358 0.102468644508671
54181.718325567 16.239398 0.105346037055055
54181.7295070137 16.193881 0.103718566635804
54181.7406305904 16.218681 0.104876154711215
54187.5932266784 16.253459 0.12413399287908
54187.6043481712 16.128865 0.118473695066764
54187.6157520718 16.136759 0.118662194642421
54187.6274608566 16.152758 0.17906100013805
54234.6324974421 16.127393 0.118739774036136
54234.643367882 16.145425 0.119727529519675
54234.6541486109 16.167288 0.121189043836593
54242.5877112616 16.129125 0.174737849038229
54242.5976405786 16.190904 0.125617557424268
54242.6074614353 16.216432 0.110657255904537
54242.6172868172 16.300221 0.123774595101371
54247.5145011574 16.187112 0.122554121907241
54247.5248890511 16.230107 0.124845932972959
54247.5352175577 16.182819 0.122481392797519
54247.5455198033 16.159949 0.121433558541266
54347.3814979862 16.223157 0.101371176381949
54347.3896760764 16.219962 0.101262159066321
54347.3978585647 16.228121 0.102140636435819
54347.4060470718 16.287772 0.104837539442723
54691.4420230091 16.317748 0.0967657862581096
54691.4501825692 16.343145 0.0976280229183552
54691.4583542938 16.476203 0.102209159568315
54691.4665298378 16.738297 0.112250130556383
54653.4640643403 16.201112 0.105542728350735
54653.4726836459 16.345953 0.138537851911484
54653.4812416087 16.16286 0.104464071795405
54622.5792974769 16.263984 0.0933350885289133
54622.5901939701 16.263766 0.0939983979060552
54622.6045695255 16.508914 0.102019476548548
54622.6154564121 16.724026 0.112351215953766
54529.6377159724 16.278947 0.0937831815942382
54529.6452673034 16.279364 0.0936475230244947
54529.6527567132 16.317067 0.0946553563598986
54529.6602355785 16.347915 0.0954940158418937
54594.5926381132 16.279944 0.104167570076634
54594.6003631714 16.23109 0.102515389959483
54594.608062199 16.225048 0.102277897978778
54594.6157822918 16.231204 0.102534598008035
54615.6075231945 16.238062 0.0907580889654169
54615.6108314237 16.284318 0.0921139055614094
54615.6141481018 16.249278 0.0911282970087209
54710.3909674306 16.315623 0.0947797104224462
54710.3991344096 16.331148 0.0959284710229081
54710.4072974539 16.392492 0.097886344861375
54710.4154530903 16.544545 0.103133510822564
54926.5549150001 16.759531 0.102623647157523
54926.562752338 16.9307 0.107667318498624
54926.5705790858 16.729601 0.100537190623999
54926.5785014353 16.549892 0.0946276533161643
54927.6248037849 16.407209 0.0841734841436688
54927.6342511342 16.505157 0.0864335946085685
54927.6437503474 16.663547 0.0904362277642455
54927.6531894791 16.702813 0.0915745661515181
54859.6860183911 16.639125 0.10831202151925
54859.6967779398 16.515124 0.1035419423382
54859.7075866899 16.308568 0.0961750196873626
54859.7187474188 16.214682 0.0931974249752537
54998.5832056017 16.233875 0.0974435098409359
54998.591776412 16.229191 0.0973889587240165
54998.6003470025 16.240266 0.0984339140739031
54998.6091228011 16.215244 0.0984289678148627
54896.7522145948 16.270919 0.0933951701083069
54896.7619653009 16.292337 0.0941097251101282
54896.7717734375 16.334622 0.0952779007706153
54910.6188207294 16.214549 0.108670584135721
54910.6272395604 16.369088 0.114673392151491
54910.6356964932 16.423087 0.117220569112611
54910.6443259839 16.55778 0.123152948305199
54952.6290456249 16.322075 0.121441076764605
54952.6371090162 16.364189 0.139193973901954
54952.6451595488 16.245879 0.153922167217168
54952.6593977084 16.282257 0.138947089324193
54952.6674099422 16.335606 0.128048774044536
54966.6370626503 16.540763 0.125218025001681
54966.646455486 16.856224 0.142701057590409
54966.655981898 16.657877 0.13162938986971
54966.6654426736 16.606971 0.129238400231332
54981.5468124883 16.242967 0.0820791630107036
54981.5538792014 16.242271 0.0824579786688795
54981.5611006599 16.259517 0.0833761142736737
54981.5683044098 16.226199 0.0832880444956837
55301.6953204052 16.256897 0.0851846082606084
55381.4935436691 16.81279 0.119786695715716
55353.5109708565 16.264345 0.108586290681446
55353.5482036574 16.224309 0.116493805912553
55366.4718078123 16.507397 0.108271993771524
55264.7301185763 16.610942 0.109581604570918
55273.6593811574 16.523723 0.130733665956407
55328.5955284722 16.208147 0.0983746382862339
55656.7261560299 16.322958 0.0821684804160168
55656.7859233567 16.298348 0.0846254378305461
55673.6884095138 16.519093 0.086258491877694
55673.7309770137 16.235456 0.0801810762984077
55681.6315470718 16.218056 0.0894157900121518
55722.4504178011 16.278035 0.0897383833032427
55722.4647586344 16.421497 0.0934096486454963
55722.4789682062 16.649945 0.100456322537795
55722.4931306712 16.591854 0.098739938169199
55701.5598233681 16.63901 0.101674999124123
55701.5740397683 16.524462 0.097855555090103
55701.5884068751 16.389394 0.0938244652152497
55701.6026547568 16.255903 0.0905234088715975
54187.6401557868 16.209784 0.12510762951298
54187.6525458332 16.179707 0.136748844476318
54187.6644482637 16.176745 0.125073736939169
54187.6759734723 16.200488 0.121571672294002
55746.4612897802 16.546679 0.107676320751871
55746.4737305325 16.412678 0.102487808833001
55746.4861016087 16.180679 0.095157771199252
55746.4985501156 16.25326 0.0974765021627083
55978.7232114468 16.710016 0.140255308916001
55978.7360831248 16.562611 0.324243668937179
55978.7489980902 16.220125 0.111701077861147
55978.7618336692 16.235624 0.0940488473177519
56041.6991643403 16.459858 0.0802409043901106
56041.7095201854 16.335475 0.078049518555769
56041.7199297222 16.274785 0.0771565272429253
56041.730318889 16.312557 0.0781861037248999
56048.5728448609 16.232544 0.0853078926131308
56048.5813877777 16.204783 0.0847117857557807
56048.5899295372 16.211849 0.0849437981966958
56048.5984817244 16.249039 0.0857737975571898
56066.5516311343 16.30888 0.0877583308711347
56066.5635980208 16.264696 0.0903462863981368
56066.5756619096 16.224678 0.0857911550012024
56066.5878326389 16.241885 0.086243078191709
56074.578178287 16.800897 0.1174008905118
56074.5888384259 16.631311 0.110962178358321
56074.5996453241 16.460254 0.105015179584458
56074.6105577778 16.28393 0.0996349007309889
56102.4924039816 16.259875 0.0957057056900647
56102.5037177199 16.209252 0.0952947627055397
56102.515050683 16.210127 0.0946545421557583
56102.5263639701 16.299507 0.0965755830207434
56149.4225392592 16.276937 0.0826418647187544
56149.4338139932 16.290724 0.0829832742950814
56149.4451246181 16.242857 0.0821906213908878
56149.4564587268 16.322403 0.0841695930079522
56366.6263994674 16.194829 0.106466063041766
56366.6344342708 16.173005 0.105246957996306
56366.6427432757 16.129208 0.103258484816642
56366.6510099072 16.160711 0.104051587613781
56367.602302315 16.341825 0.0860230317725204
56367.614309375 16.543426 0.0911887574353556
56367.6263016205 16.791286 0.098426990132846
56367.6383555553 16.7522 0.0968643278937031
56393.5781323728 16.375862 0.0922420599623229
56393.5917768749 16.191417 0.0874036713957418
56393.6049858332 16.234514 0.0885869961761279
56393.6187930903 16.160675 0.0865878254904135
56405.5666537502 16.422364 0.0866392405152911
56405.5753158912 16.339947 0.0853931556647945
56405.5864207175 16.288524 0.0841665682329495
56405.5972827085 16.270016 0.0837843878725347
56405.6081477086 16.229985 0.082881430941861
56419.5760668864 16.291014 0.0839082487133815
56419.5867983101 16.31171 0.0852133595266735
56419.5976537153 16.881521 0.356276085854038
56419.666834514 16.259649 0.0843247662685176
56419.6775980092 16.349507 0.0866035885152597
56419.6883902083 16.640768 0.0979586947716597
56419.6991591322 16.80345 0.115045098757889
56426.6243349885 16.291969 0.0831702583006874
56426.6350850578 16.203946 0.0813169936643234
56426.6458624423 16.340019 0.0842889764040343
56426.6565162035 16.479133 0.087787928287992
56495.4890444558 16.279626 0.0926767536442609
56495.4980876274 16.310245 0.0936869553171899
56495.5070284838 16.354538 0.0952106020937542
56495.5158711807 16.637294 0.111509530577257
