53723.667877 16.0921 0.111
53723.679884 16.0967 0.111
53723.692022 16.056 0.109
53723.704968 16.0596 0.109
53847.476779 15.8985 0.077
53847.492657 16.0068 0.079
53847.508500 16.0149 0.079
53847.524394 15.982 0.078
53852.449692 16.0025 0.116
53852.461443 16.0518 0.111
53852.473155 16.0204 0.115
53852.484865 16.0196 0.095
54100.701936 16.0916 0.115
54100.712669 16.1074 0.116
54100.723446 16.0981 0.115
54100.733874 16.0695 0.114
53740.635373 15.9097 0.085
53740.645295 16.1656 0.092
53740.655254 15.9746 0.087
53740.665234 15.9469 0.086
53763.660319 16.6189 0.115
53763.667101 16.8062 0.125
53763.673855 16.9494 0.132
53763.680526 17.1448 0.143
53899.392074 16.0556 0.100
53899.400620 16.0428 0.100
53899.409163 16.0544 0.100
53899.417695 16.0482 0.100
53813.572861 15.9849 0.085
53813.588056 16.1151 0.088
53813.603259 16.106 0.088
53813.618466 16.0506 0.087
53879.468978 16.0023 0.099
53879.478034 16.0076 0.099
53879.487044 15.9818 0.099
53879.496033 15.9425 0.098
54064.673633 16.0913 0.100
54064.688393 16.0747 0.100
54064.703297 16.2754 0.105
54064.718174 15.591 0.085
54197.536540 15.9654 0.110
54197.548174 16.0021 0.111
54197.559770 16.1008 0.115
54197.571308 16.0396 0.113
54212.457123 16.5364 0.113
54212.470408 16.3426 0.106
54212.483712 16.2228 0.102
54212.496891 16.1676 0.100
54450.698511 16.0662 0.304
54450.705050 15.9432 0.108
54450.711590 16.1161 0.161
54450.718152 16.1552 0.102
54120.605756 16.0133 0.094
54120.618966 15.9926 0.093
54120.632191 16.0565 0.095
54120.645511 16.042 0.095
54130.682770 16.0917 0.112
54130.693144 16.0897 0.112
54130.703425 16.0354 0.110
54130.713738 16.0323 0.110
54297.364514 16.1564 0.112
54297.369666 16.1817 0.113
54297.374825 16.1119 0.111
54297.379984 16.1382 0.112
54258.378699 16.2391 0.105
54258.397911 16.2204 0.124
54167.616488 15.9851 0.114
54167.623334 16.0648 0.118
54167.630168 16.0772 0.118
54167.637001 16.1233 0.120
54178.571889 16.0867 0.131
54178.577905 16.0844 0.157
54178.583920 15.9972 0.112
54189.544459 16.0485 0.111
54189.552178 16.0731 0.112
54189.559924 16.1234 0.115
54189.567630 16.1022 0.114
54241.496047 16.0333 0.097
54241.505955 16.09 0.099
54241.515791 16.0734 0.099
54241.525713 16.0754 0.099
54816.622256 16.1659 0.110
54816.631528 16.1237 0.108
54816.640797 16.211 0.112
54816.650065 16.2555 0.113
54476.611810 16.034 0.109
54476.621268 15.9648 0.107
54476.630718 16.0356 0.109
54476.640340 16.1239 0.113
54527.565144 16.0441 0.093
54527.573694 16.0365 0.093
54527.582169 16.1079 0.095
54527.590569 15.9065 0.090
54536.588274 16.0829 0.107
54536.598574 16.0486 0.106
54536.608886 16.0833 0.107
54536.619200 16.0469 0.106
54589.487804 17.3211 0.117
54589.494450 17.3672 0.119
54589.501088 16.838 0.099
54589.507718 16.557 0.090
54595.495656 16.0506 0.096
54595.505977 16.0254 0.098
54595.516353 16.1314 0.102
54595.526700 16.0697 0.101
54602.497195 16.2497 0.091
54602.502744 16.2046 0.090
54602.508295 16.282 0.092
54602.513861 16.2944 0.092
54615.461288 16.0582 0.085
54615.471125 15.9885 0.084
54615.480967 16.0796 0.086
54615.490799 16.045 0.085
54923.526747 16.0876 0.087
54923.539187 16.0478 0.086
54923.551692 16.071 0.087
54923.564115 16.0629 0.087
54938.519041 16.2644 0.091
54938.529816 16.0741 0.086
54938.540589 16.037 0.085
54938.551344 15.9938 0.085
54868.609384 17.6046 0.156
54888.581592 16.1723 0.084
54888.596737 16.4509 0.090
54888.611947 16.0593 0.081
54888.627050 16.2983 0.086
54839.656730 16.1322 0.104
54839.667108 16.3206 0.108
54839.677608 16.2188 0.105
54839.692337 16.0034 0.096
54858.719482 15.9724 0.084
54858.728679 16.0917 0.087
54858.737953 16.0197 0.086
54858.747187 16.0172 0.085
54999.439482 16.1999 0.096
54999.452563 16.2062 0.097
54999.465521 16.1996 0.099
54999.478407 16.1073 0.098
54909.558413 16.6574 0.126
54909.567236 16.5756 0.122
54909.576067 16.3776 0.113
54909.584914 16.267 0.109
54953.490746 16.1426 0.103
54953.499123 16.04 0.099
54953.507505 16.0362 0.099
54953.515898 16.0354 0.099
54974.432279 16.2676 0.095
54974.438698 16.1069 0.091
54974.445129 16.0162 0.089
54974.451746 16.1222 0.092
55160.706854 16.1351 0.105
55160.714387 16.1493 0.107
55160.721879 16.2713 0.110
55160.729371 16.1955 0.107
55299.593617 16.1309 0.081
55248.561556 17.3287 0.180
55208.649402 16.0869 0.083
55208.697399 16.0391 0.081
55385.395803 16.0311 0.107
55385.409045 16.1455 0.119
55386.373055 16.0796 0.094
55386.394705 16.0324 0.092
55362.423558 16.1266 0.101
55330.438620 17.0713 0.159
55653.602996 16.0808 0.078
55653.633665 16.0761 0.079
55665.418327 16.0952 0.092
55665.461484 15.977 0.089
55680.520339 16.0747 0.087
55680.542041 16.1131 0.089
55586.682641 16.097 0.107
55586.705771 16.1322 0.109
55627.589507 16.1088 0.093
55627.633984 16.0899 0.092
55685.408948 16.0491 0.089
55685.436067 16.1259 0.092
55709.380338 16.0191 0.086
55709.393074 15.9974 0.083
55709.405813 16.0467 0.084
55709.418586 16.0779 0.084
53826.564762 17.7358 0.160
53826.580332 17.54 0.147
53826.595607 17.3691 0.137
53826.610916 16.8672 0.113
54508.667112 15.9651 0.090
54508.672042 16.0013 0.091
54508.676993 16.0077 0.091
54508.681914 16.0709 0.093
55739.393870 16.0417 0.083
55739.400119 16.1024 0.085
55739.406491 16.0517 0.083
55739.412837 16.0521 0.084
55942.684101 16.4932 0.094
55942.698262 16.7245 0.101
55942.712519 17.1615 0.118
55942.726748 17.5032 0.136
56042.479757 16.1043 0.080
56042.489594 16.0467 0.079
56042.499461 16.0975 0.080
56042.509347 15.9739 0.078
56074.370745 16.2456 0.094
56074.382577 16.2029 0.093
56074.394725 16.1073 0.091
56074.406791 16.0913 0.092
56302.722975 15.965 0.081
56302.730932 15.9836 0.081
56302.738752 15.9568 0.081
56302.746552 16.0162 0.082
56362.539621 16.1156 0.086
56362.555776 16.0645 0.085
56362.570662 16.0288 0.084
56362.585440 16.0199 0.084
56389.581541 16.0433 0.077
56389.593591 16.0173 0.077
56389.605826 16.0094 0.077
56389.618013 16.0641 0.078
56414.438052 16.081 0.076
56414.449004 16.0584 0.076
56414.459948 16.0976 0.077
56414.470913 16.0224 0.075
