53588.402191 16.5828 0.124
53729.686205 16.6618 0.144
53729.693977 16.6284 0.142
53729.701776 16.5719 0.138
53729.709582 16.644 0.142
53555.508114 16.7906 0.151
53555.515406 16.8478 0.156
53555.522746 16.7365 0.149
53555.530103 16.7566 0.151
53831.516715 16.6081 0.123
53831.524341 16.6581 0.125
53831.532031 16.6145 0.123
53831.539459 16.7446 0.130
53847.616185 16.4379 0.090
53847.636910 16.5031 0.092
53847.657630 16.6428 0.096
53847.678390 16.6925 0.098
53960.369085 16.5292 0.111
53960.377274 16.5881 0.114
53960.385429 16.6009 0.115
53960.393618 16.7424 0.121
54087.700752 16.4004 0.139
54087.709366 16.3896 0.137
54087.718223 16.4476 0.140
54087.726984 16.3629 0.135
53762.600293 16.3902 0.134
53762.605637 16.4051 0.138
53762.610960 16.3959 0.138
53762.616316 16.2939 0.128
53764.746687 16.8892 0.130
53766.630940 16.5437 0.104
53766.648397 16.4993 0.102
53766.666384 16.6568 0.108
53766.685181 16.6342 0.107
53924.484509 16.681 0.117
53924.493250 16.8609 0.126
53924.501985 16.8737 0.128
53924.510704 16.8904 0.130
53944.390006 16.4885 0.110
53944.398179 16.4012 0.107
53944.406373 16.4311 0.108
53944.414559 16.4357 0.108
53899.467516 16.5094 0.120
53899.476051 16.5738 0.123
53899.484600 16.5595 0.123
53899.493111 16.5908 0.124
53806.582624 16.6741 0.126
53806.591835 16.6853 0.127
53806.601165 16.6124 0.123
53806.610662 16.6421 0.125
53820.530353 16.7183 0.128
53820.540965 16.8925 0.137
53820.551527 16.8555 0.135
53820.562488 16.8148 0.133
53860.452736 16.7668 0.100
53860.464232 16.7766 0.101
53860.475743 16.7788 0.100
53860.487121 16.8255 0.102
53875.520773 16.7435 0.131
53882.544483 16.819 0.103
53882.553795 16.8277 0.103
53882.563129 16.7929 0.102
53882.572427 16.8146 0.104
54197.631279 16.4337 0.134
54197.641568 16.3562 0.131
54197.651906 16.3408 0.130
54197.662350 16.3216 0.130
54210.535663 16.8185 0.130
54210.546760 16.7393 0.125
54210.557664 16.7114 0.124
54210.568554 16.6734 0.122
54444.689672 16.7157 0.153
54444.698823 16.7727 0.156
54444.707972 16.7512 0.153
54444.717185 16.8458 0.159
54150.686921 16.6366 0.152
54150.696101 16.5791 0.148
54150.705203 16.542 0.151
54150.714412 16.7524 0.164
54122.706093 16.8046 0.129
54122.718110 16.7268 0.125
54122.729968 16.8435 0.130
54122.742002 17.2426 0.224
54297.386283 16.5679 0.112
54297.398431 16.6642 0.116
54297.410460 16.6494 0.115
54297.422497 16.7008 0.118
54167.683178 16.4921 0.139
54167.691714 16.6092 0.146
54167.700250 16.7873 0.158
54167.708783 16.665 0.151
54182.574793 16.3801 0.110
54182.580630 16.3695 0.109
54182.590284 16.3502 0.109
54182.595827 16.2929 0.106
54189.620149 16.7527 0.150
54189.628754 16.5534 0.138
54189.637360 16.3721 0.128
54189.645933 16.2867 0.124
54225.565791 16.6385 0.123
54225.576651 16.7082 0.124
54225.587529 16.5757 0.123
54225.598412 16.4312 0.129
54240.462981 16.4798 0.114
54240.471998 16.5339 0.117
54240.480968 16.5364 0.117
54240.490012 16.6049 0.120
54246.454756 16.7871 0.154
54246.463322 16.8298 0.157
54246.471875 16.5925 0.142
54246.480427 16.8519 0.159
54508.694705 16.8024 0.122
54508.707378 16.8153 0.122
54508.719874 16.7791 0.121
54508.732082 16.8646 0.125
54487.742919 16.7252 0.124
54487.750300 16.8228 0.129
54487.757720 16.7559 0.126
54487.764978 16.7747 0.127
54661.413317 16.6933 0.107
54661.419811 16.8201 0.112
54661.426301 16.6726 0.107
54661.432776 16.6907 0.107
54677.408150 16.4484 0.099
54527.657198 16.7167 0.106
54527.664046 16.7549 0.108
54527.670765 16.7531 0.108
54527.677542 16.7467 0.107
54534.684355 16.4501 0.127
54534.694231 16.573 0.134
54534.704212 16.6989 0.141
54534.714196 16.6519 0.138
54589.601696 16.4688 0.090
54589.608287 16.4367 0.089
54589.614866 16.5115 0.091
54589.621435 16.5216 0.091
54597.554437 16.4943 0.098
54597.566348 16.5555 0.100
54597.578215 16.6133 0.102
54597.590059 16.6276 0.103
54612.502249 16.3186 0.093
54612.512086 16.3434 0.102
54612.521889 16.3224 0.100
54612.534730 16.4608 0.099
54923.698221 16.3295 0.096
54923.709060 16.3511 0.097
54923.719871 16.3883 0.098
54923.730686 16.3323 0.097
54939.621599 16.3962 0.097
54939.632891 16.4242 0.098
54939.644185 16.4391 0.099
54939.655699 16.4595 0.100
55060.371734 16.7132 0.111
55060.376493 16.7707 0.114
55060.381257 16.7693 0.114
55060.386020 16.7547 0.113
54867.639402 16.3203 0.096
54867.652587 16.2745 0.095
54867.665552 16.2745 0.095
54867.678665 16.3322 0.096
54885.750151 16.3265 0.112
54885.758519 16.3586 0.114
54885.766901 16.3918 0.115
54885.775281 16.3904 0.115
54845.650396 16.5499 0.123
54845.659268 16.5842 0.124
54845.668158 16.6534 0.127
54845.677087 16.7388 0.132
55043.418969 16.9065 0.127
55043.425402 16.804 0.122
55043.431836 16.8987 0.128
55043.438269 16.8526 0.126
54999.497693 16.8126 0.128
54999.505830 16.8455 0.130
54999.513926 16.8506 0.131
54999.522018 16.7922 0.129
54897.688218 16.256 0.085
54897.701271 16.3618 0.088
54897.714374 16.4269 0.089
54897.727548 16.4805 0.091
54912.613892 16.6656 0.097
54912.625011 16.5792 0.095
54912.636118 16.5156 0.093
54912.647212 16.3326 0.089
54953.579215 16.7139 0.129
54953.589823 16.6938 0.128
54953.600430 16.8089 0.134
54953.611199 16.7898 0.134
54968.554812 16.2915 0.112
54968.561285 16.5989 0.110
54968.567766 16.5937 0.143
54968.574285 16.476 0.139
55300.651693 16.2828 0.105
55237.649935 16.6959 0.103
55380.471081 16.7653 0.152
55380.492867 16.5865 0.134
55362.534970 16.823 0.148
55265.686119 16.769 0.099
55328.495578 16.5546 0.110
55653.656471 16.596 0.092
55653.718019 16.8455 0.103
55674.445119 16.5829 0.086
55674.496479 16.3931 0.082
55633.626796 16.8029 0.121
55633.666282 16.5222 0.110
55706.371793 16.8033 0.118
55706.382482 16.8239 0.119
55706.393210 16.8086 0.118
55706.404176 16.9198 0.122
53875.522653 16.8217 0.135
53875.531256 16.7704 0.133
53875.539813 16.6762 0.128
53875.548406 16.7253 0.131
55738.503108 16.3551 0.093
55738.508700 16.3765 0.094
55738.514326 16.3977 0.094
55738.520004 16.379 0.094
55774.413567 16.6802 0.110
55774.420539 16.6684 0.110
55774.427592 16.6532 0.109
55774.434675 16.5322 0.105
56008.672970 16.3972 0.098
56008.682963 16.3694 0.097
56008.692910 16.3396 0.096
56008.702859 16.3345 0.096
56029.554229 16.772 0.087
56029.570208 16.7595 0.087
56029.586205 16.6265 0.084
56029.602173 16.4476 0.080
56056.533816 16.3624 0.098
56056.543325 16.353 0.098
56056.552815 16.3164 0.097
56056.562275 16.4661 0.102
56075.479508 16.5347 0.106
56075.489020 16.3832 0.101
56075.498588 16.4025 0.102
56075.508142 16.375 0.101
56115.375572 16.8013 0.099
56115.388904 16.7297 0.096
56115.402293 16.6472 0.093
56115.415724 16.5502 0.091
56362.655873 16.4913 0.115
56362.667378 16.2555 0.105
56362.679042 16.3401 0.109
56362.690662 16.3616 0.109
56375.640137 16.7481 0.105
56375.652062 16.7399 0.105
56375.664055 16.6514 0.102
56375.675977 16.5004 0.097
56385.642626 16.2825 0.084
56385.656747 16.3396 0.086
56385.670922 16.4301 0.088
56385.685203 16.3684 0.087
56392.595325 16.8582 0.097
56392.609741 16.8414 0.096
56392.624111 16.8119 0.095
56392.638341 16.7253 0.094
56408.627631 16.5506 0.080
56408.639756 16.5279 0.080
56408.652017 16.526 0.080
56408.664264 16.5656 0.081
56420.546364 16.5253 0.098
56420.557100 16.5736 0.100
56420.567869 16.6725 0.103
56420.578826 16.7567 0.106
56485.428682 16.535 0.099
56485.440051 16.6436 0.103
56485.450850 16.7201 0.107
56485.462008 16.7633 0.123
