53589.4212769331 17.583724 0.190734493113657
53589.4313227432 17.603449 0.193062649731568
53589.4440465742 17.652772 0.19932869825412
53590.4180374304 18.092449 0.256515954803661
53590.428318507 18.087414 0.257395715944673
53590.4384272918 18.024602 0.250601144973294
53590.4489918286 18.079983 0.259820489627143
53607.3702668287 17.392292 0.181683164952713
53607.3800848266 17.41076 0.184334522645812
53607.3898977432 17.617144 0.204477371280351
53607.399714618 17.596953 0.204061161210761
53729.7179754168 17.756242 0.240872091060068
53729.7231139235 17.254891 0.187809107930399
53729.7282444329 17.653635 0.227435390559821
53729.7333761111 17.812043 0.246103528487268
53555.5093882062 18.130879 0.288613386315801
53555.5166831135 18.213617 0.302766320376602
53555.5240691553 17.839264 0.249669756111348
53555.5313943864 18.01719 0.275073681617853
53830.5475057062 18.173316 0.252960835529727
53830.5571120835 18.076673 0.241598733547117
53830.566730729 18.033776 0.235364733013977
53830.5763571297 18.040598 0.235815280456236
53845.515097859 17.4695 0.244489490014234
53845.5227604631 17.251954 0.302238795970593
53845.5377108335 17.629506 0.258383947841464
53960.4049461344 18.033324 0.215072781231716
53960.4147837847 18.090221 0.222656471384114
53960.4246091549 17.898277 0.203362931740462
53960.4344308218 18.087331 0.2238005195119
54088.696681655 18.371654 0.301556978024668
53762.6208953012 17.491538 0.228384493841283
53762.627621933 17.487426 0.249819273068298
53762.6342948612 17.526707 0.234991287581769
53762.6409837731 17.732579 0.258516572734118
53764.7512925114 17.702686 0.187384090545972
53924.4926402895 18.103821 0.222362839145384
53924.5013725692 17.146877 0.143091975679857
53924.5100958101 17.392179 0.161001694481513
53924.5188261112 17.399466 0.162337046531313
53936.434346979 17.816854 0.190850018088355
53936.4452014235 17.912814 0.200013141135296
53936.456043391 17.838943 0.193652602252007
53936.4669218054 17.842452 0.194617068995461
53944.4248902546 18.131917 0.226034397545323
53944.4332421874 18.116073 0.225573323911977
53944.4415877545 18.094563 0.223843246585766
53944.4499466433 18.119102 0.22847553122616
53889.3456919445 18.191807 0.210147219869053
53889.3565410762 18.191596 0.210869572401259
53889.3674216783 18.241754 0.21596471929532
53889.3783 18.025819 0.194194047092467
53899.5029349073 18.117345 0.252712548942232
53899.5115059029 18.254357 0.271625274838627
53899.5200460997 18.155699 0.25815234743045
53899.528597037 18.087697 0.250179216723417
53806.6215931365 17.921173 0.22399297237129
53806.6311243173 17.596245 0.191094646919212
53806.6407452316 18.075391 0.242386713111386
53806.6501109029 17.792342 0.21035782786452
53820.5341886461 17.829238 0.217042798886863
53820.5449016897 17.975628 0.22786323438822
53820.555539271 17.909684 0.22064644956794
53820.5664726618 18.124158 0.245704101519346
53860.4991125347 17.861052 0.153786641570338
53860.5125981251 18.005616 0.163842293151327
53860.5260338195 17.923803 0.158251213150341
53860.5394298149 17.765085 0.147231872077111
53875.5239270024 18.162977 0.255101429908418
53875.5325232522 18.223399 0.263431390158608
53875.5410678589 18.072339 0.243486542992404
53875.5496675811 17.860739 0.218871158582223
53881.534898183 17.810157 0.214846903460689
53881.5453378355 17.971799 0.233296612217182
53881.5556430902 17.887047 0.223502152355987
53881.5659243983 18.065583 0.245505120991773
54197.6325538775 17.941935 0.27660338647824
54197.6428603937 18.246858 0.328578477291767
54197.6532065046 17.947355 0.279195805402245
54197.6636460183 17.482282 0.220523977191813
54210.5461453586 17.731265 0.195458301261402
54210.5570548032 17.904886 0.212175411207121
54210.5679412154 17.781683 0.199729514142809
54210.5788037847 17.8111 0.203000984691701
54323.3844094905 17.521644 0.165859977534831
54323.3961740625 17.445883 0.160878915211173
54323.4077343401 17.516627 0.166611588461176
54323.4193126736 17.474459 0.164189455722224
54334.374771528 18.349071 0.257658139907813
54444.7231652664 17.957183 0.279949776456455
54444.7286802895 17.803445 0.257264809649787
54444.734211412 18.20354 0.315805503503663
54444.7397453009 18.44425 0.355269308658729
54153.751595764 18.19522 0.247023967621445
54153.7610264584 17.790287 0.202563128408955
54153.7704837616 17.918409 0.216791023951697
54153.7799330903 17.916336 0.216405460501952
54125.6987234373 18.023183 0.21682970150243
54125.712408449 17.940443 0.208009444360174
54125.726109433 18.116867 0.226409806370792
54125.7399943401 17.924335 0.205742494366543
54287.4991905787 17.784667 0.195694847451184
54296.4677557754 17.697081 0.181891068685161
54296.4759645369 17.6064 0.174891399963223
54296.4841458681 17.652117 0.179009006721487
54296.4923516205 17.379766 0.158586028501925
54274.4015046066 17.514482 0.203268314649436
54274.4104520485 17.414432 0.194126096898741
54274.4194001967 17.720424 0.225529561256805
54274.4282981019 17.655724 0.219753197939057
54167.7173884028 18.024797 0.30886294503985
54167.7259195253 17.615154 0.254087320403014
54167.7345142939 17.529555 0.254592858851333
54182.6159914467 18.121399 0.238341520582581
54182.6311743171 17.844424 0.207468885050801
54182.6461508218 18.190958 0.246821725960678
54182.6609082175 17.828595 0.205890089524809
54189.6544980669 18.625326 0.391538994029271
54189.6630990856 18.097407 0.291034558778287
54189.6717072918 17.853989 0.256678192706244
54189.6804487036 17.704985 0.240738257544703
54225.5760387732 17.763483 0.198141616634445
54225.5869188081 17.75306 0.200644732761764
54225.620163484 17.721301 0.200222962842959
54240.5016820254 17.561855 0.181563164885814
54240.5127885882 17.554624 0.180324206960037
54240.5238368055 17.692056 0.192769861251507
54240.5350765856 17.81681 0.205171723692992
54246.4903669676 17.843256 0.261796615142703
54246.4989205326 17.91223 0.271972078020682
54246.5074861345 17.631342 0.235314831913524
54246.5160656252 17.824962 0.260802946131394
54681.3680034491 17.611992 0.188644013800501
54681.3788125461 17.975413 0.225924351316362
54681.3877986457 17.769316 0.204365044570995
54681.3968259605 17.865296 0.214809327909534
54508.6995160068 17.556922 0.168369785239508
54508.7120343056 17.841034 0.19209666307651
54508.7242898727 17.556283 0.168403576846839
54508.7363909143 17.841626 0.192070417554927
54487.746180729 18.210133 0.248365577867597
54487.7536899308 18.205027 0.24719770851327
54487.7610178702 18.142468 0.239517554146322
54487.7682630555 18.037343 0.225858406044016
54527.6956947915 17.826505 0.166457081226777
54527.7093717129 17.755957 0.161423083220013
54527.7232337039 17.88256 0.171184394845802
54527.736472743 18.049092 0.18527057877671
54587.6451419909 17.567528 0.152982317429948
54587.650555972 17.769175 0.175074327738884
54587.6559318751 17.675311 0.160864486428654
54587.6613196991 17.621102 0.157281475293944
54592.5664277893 17.654904 0.195319585325944
54592.5759006135 17.71161 0.200569206563287
54592.5853536345 17.76893 0.20646728477406
54592.5948633795 17.817697 0.211869023004915
54597.6115139583 17.592181 0.150428863230042
54597.6234052777 17.754429 0.162598306326018
54597.6352976272 17.518099 0.147090200561074
54597.6472076969 17.695482 0.159360803320063
54612.5521861576 17.916557 0.178832605363108
54612.5632787151 17.787262 0.176531652661638
54612.5697464468 18.079425 0.19318284801084
54923.7041186458 17.75131 0.168024780052771
54923.7149867709 17.755139 0.168836440952907
54923.7257592822 18.005122 0.190465832804792
54923.7365816897 17.863218 0.178594871953161
54938.6655659721 17.897462 0.152952145527109
54938.6795035418 18.028148 0.162583341391983
54938.6933464351 18.055596 0.165420942280562
54938.7071819211 18.073987 0.167399900924936
54867.6464396413 17.920756 0.183662472085117
54867.659533889 17.972975 0.187094478217056
54867.6725753704 17.877983 0.178988222260994
54867.6857729978 18.007016 0.190071485261131
54887.6260505673 17.866302 0.176859984475159
54887.6370117478 17.86525 0.176810104898111
54887.6480044215 17.944391 0.183099256176926
54887.6590995253 18.138857 0.200796060173891
54845.6545867591 18.053436 0.249789346203241
54845.6634838657 17.904081 0.230507079201853
54845.6723682407 17.476898 0.186151473378765
54845.6812927664 18.196786 0.265779376720746
55043.4248228008 17.433878 0.15918670969586
55043.4312641318 17.933923 0.201558243816652
55043.4376952779 17.652616 0.176800137054367
55043.4441235415 18.063622 0.216636541886455
55000.4669177428 17.842714 0.162092055766333
55000.4786924998 17.743677 0.155627347144313
55000.4905357755 17.673672 0.150903176923314
55000.5022834491 17.72013 0.154700388972634
54911.6804408218 18.042712 0.242304830054663
54911.6900547339 18.106137 0.250631367060688
54911.6993929284 17.65737 0.200043073587552
54911.7083322803 18.19051 0.262141897101281
54954.4523528821 17.922857 0.231876985730109
54954.4618651622 17.799604 0.21861267518408
54954.4715068519 17.933132 0.233759500830969
54954.4813337267 17.748497 0.212901883397564
54974.5454299076 17.945431 0.166270702713806
54974.5566118172 17.814196 0.156876960671844
54974.5678213889 17.805522 0.15714844089048
54974.5789773728 17.898353 0.164664150907511
55300.6565876043 18.088056 0.329182515600399
55238.7433404862 17.734406 0.178894795228545
55385.4244146412 17.708177 0.177049961965915
55385.4462448265 18.41213 0.355102293811402
55386.4105714466 17.461974 0.157535335924519
55386.432379433 17.560717 0.16830227681667
55351.4927935416 18.118895 0.398049780632103
55351.5245002081 17.525562 0.297206574275786
55360.5564053934 17.763647 0.180569741505674
55265.6975674421 17.939435 0.158469586614214
55328.5360413427 17.605329 0.170819304865845
55654.5211962502 17.795967 0.158264827324377
55654.554534919 17.811678 0.159027128998319
55674.5171783798 18.109629 0.182441984420694
55674.5682390163 18.100146 0.18075194499798
55634.6645246063 17.565943 0.147495550587633
55634.7090279514 17.443561 0.144152482746125
55706.4189865394 17.844584 0.185621281154517
55706.4298320948 17.778816 0.180270976981118
55706.4406518401 17.791815 0.181204729958599
55706.4515663772 17.758239 0.176919906109571
55741.457366065 17.548987 0.149302147786644
55741.463002859 17.811769 0.168674734563239
55741.4686636113 17.770736 0.167350251903614
55741.4743343055 17.929968 0.18195688380417
55766.385793588 17.617003 0.14790499927974
55766.3921654745 17.67136 0.151627781668253
55766.3984735881 17.901393 0.168234861186829
55766.4048396874 17.52515 0.1502757266294
56008.7320694327 17.749111 0.167823945162431
56008.7432365278 17.739766 0.178153233791382
56008.7545329165 17.57569 0.156508815310335
56011.5468532986 17.817286 0.1487092029345
56011.5589920719 17.816085 0.148638408123928
56011.5710529516 17.916316 0.156007584731524
56011.5831266785 18.033686 0.165365351594365
56033.5866409489 17.649253 0.119718070612579
56033.5979857175 17.719078 0.120598609988874
56033.6093208795 17.793603 0.12304174620827
56033.6206736225 18.189956 0.144509217855509
56046.5839837732 18.051216 0.165524350988404
56046.5952704398 18.022396 0.163765491088887
56046.6066358102 17.921205 0.156561222674215
56046.6180159956 17.846258 0.151727295375185
56075.5221015392 17.702105 0.172077022790675
56075.5328264814 17.555033 0.159689914658298
56075.5423484952 17.777758 0.177049961965915
56075.5520302313 17.678576 0.169127148794217
56116.4157079052 17.416783 0.133956855346621
56116.4212997801 17.434274 0.126414449685375
56116.4270228011 17.439728 0.165811888994332
56116.4326852894 17.749687 0.163261714671016
56153.406043611 18.08974 0.187870084168433
56153.4130932987 18.096873 0.19674966336089
56153.4202067708 17.738887 0.165309830188434
56153.4273178009 17.569466 0.175161207622864
56362.6630038425 17.75511 0.200811209487233
56362.6746688887 17.584535 0.185492438385676
56362.6863027892 17.855396 0.211420987818968
56362.6979127197 17.553259 0.182909063558525
56376.5717929052 17.612271 0.149601851705437
56376.5839208104 17.579453 0.148167724826609
56376.5959269446 17.528279 0.151750746573592
56376.6079151388 17.643471 0.161016157528269
56391.6172883567 18.089113 0.182586132991472
56391.6269617593 17.767686 0.157837845811811
56391.6365371295 17.9177 0.168844969773627
56391.6460916665 17.853591 0.164019417034959
56404.4803543057 17.761507 0.139753368752013
56404.4909926852 17.737134 0.138684992638201
56404.5016025811 18.108352 0.162830942226214
56404.5138818751 17.759758 0.139796749188336
56420.5529420371 17.816659 0.16317069929793
56420.563630648 18.020126 0.17937402616399
56420.5745249423 18.195377 0.195347296289021
56459.4759358911 18.035608 0.163178275591803
56459.4865622221 17.906441 0.154807311199476
56459.4971887962 18.181123 0.184460721007316
56459.5086649306 18.119148 0.173901410953125
56495.3655170025 17.844906 0.166856561365832
56495.3760221643 17.991332 0.177816780483049
56495.3849707637 17.729748 0.157763711331834
56495.3939390509 18.29619 0.205660645066822
