53588.373877 11.9465 0.053
53588.380395 11.9654 0.053
53588.387175 11.9351 0.053
53588.393848 11.9346 0.053
53726.676630 12.4946 0.056
53726.684356 12.5097 0.056
53726.692089 12.4795 0.056
53726.699807 12.5008 0.056
53763.696198 12.3135 0.053
53763.702952 12.3174 0.053
53763.709698 12.2975 0.053
53763.716386 12.303 0.053
53806.534056 12.1861 0.053
53806.543075 12.191 0.053
53806.552437 12.173 0.053
53806.562091 12.1727 0.053
53820.490007 12.002 0.053
53820.500506 12.0035 0.053
53820.511331 11.9955 0.053
53820.522547 11.9914 0.053
53831.476164 12.0434 0.053
53831.486718 12.03 0.053
53831.497477 12.0489 0.053
53831.508225 12.0568 0.053
53847.539828 11.9769 0.051
53847.555790 11.9743 0.051
53847.571723 11.9795 0.051
53847.587726 11.9764 0.051
53860.402589 12.0247 0.051
53860.413361 12.0193 0.051
53860.424218 12.0302 0.051
53860.435150 12.0277 0.051
53876.531202 11.9934 0.053
53876.539829 11.9848 0.053
53876.548421 11.9932 0.053
53876.556991 11.9873 0.053
53882.490892 11.9381 0.053
53882.499949 11.9425 0.053
53882.509088 11.9406 0.053
53882.518225 11.9425 0.053
53899.428885 12.0081 0.053
53899.438340 12.0044 0.053
53899.447792 12.0034 0.053
53899.457253 12.0007 0.053
53944.360730 11.9613 0.052
53944.367281 11.9576 0.052
53944.373830 11.9628 0.052
53944.380395 11.9607 0.052
54084.717723 12.237 0.055
54084.725526 12.2224 0.055
54084.733355 12.238 0.055
54084.741318 12.2753 0.055
54122.655178 12.0616 0.053
54122.666779 12.0595 0.053
54122.678383 12.0813 0.053
54122.690245 12.0812 0.053
54150.681758 12.0512 0.055
54150.690902 12.0617 0.054
54150.700085 12.047 0.054
54150.709166 12.068 0.055
54167.681473 12.0239 0.054
54167.690012 12.0498 0.054
54167.698570 12.0216 0.054
54167.707084 12.0208 0.054
54178.643161 11.9342 0.054
54178.651874 11.9466 0.054
54178.660661 11.9412 0.054
54178.669453 11.939 0.054
54187.468775 11.9476 0.054
54187.478768 11.9616 0.054
54187.488745 11.9501 0.054
54187.498725 11.9514 0.054
54197.589241 11.9864 0.054
54197.599679 12.0012 0.054
54197.610105 12.0033 0.054
54197.620422 11.9887 0.054
54212.512989 11.9852 0.053
54212.525142 11.9855 0.053
54212.537200 11.9801 0.053
54212.549258 11.9869 0.053
54239.511865 11.9531 0.053
54239.543776 11.9625 0.053
54239.554716 11.9461 0.053
54239.601569 12.4809 0.079
54260.444826 12.007 0.053
54260.454638 12.0066 0.053
54260.464481 12.0204 0.053
54260.474298 12.0124 0.053
54296.434960 12.1697 0.053
54296.443158 12.1724 0.053
54296.451354 12.1692 0.053
54296.459530 12.176 0.053
54444.654503 12.0748 0.054
54444.663806 12.0892 0.054
54444.672846 12.0911 0.054
54444.682059 12.0779 0.054
54474.708721 12.001 0.054
54474.717884 12.0609 0.054
54474.727010 12.0633 0.054
54474.736367 12.0497 0.054
54506.724049 11.9467 0.056
54506.732731 11.9985 0.055
54506.741391 12.0675 0.071
54508.690279 12.0351 0.052
54508.703042 12.0382 0.052
54508.715544 12.0542 0.052
54508.727738 12.037 0.052
54527.604151 11.8813 0.052
54527.617738 11.8832 0.052
54527.631221 11.8835 0.052
54527.644723 11.8825 0.052
54534.678600 11.8325 0.053
54534.688462 11.8386 0.053
54534.698400 11.8487 0.053
54534.708366 11.8312 0.053
54590.540732 12.158 0.052
54590.548908 12.1628 0.052
54590.557072 12.1595 0.052
54590.565262 12.1572 0.052
54617.527354 12.406 0.053
54617.534497 12.393 0.053
54617.541671 12.3983 0.053
54617.548846 12.4028 0.053
54632.482764 12.5851 0.053
54632.490316 12.5682 0.053
54632.497986 12.5982 0.053
54632.505553 12.562 0.053
54660.401695 12.4148 0.053
54660.411539 12.4146 0.053
54660.421434 12.4029 0.053
54660.431309 12.4182 0.053
54817.668599 11.9152 0.053
54817.676991 11.9174 0.053
54817.685400 11.9171 0.053
54829.633518 12.0361 0.052
54829.642901 12.0257 0.052
54829.652217 12.0329 0.052
54829.661580 12.0307 0.052
54864.740917 12.1214 0.052
54864.748885 12.1263 0.052
54864.756848 12.1253 0.052
54864.764829 12.1197 0.052
54885.706087 12.2331 0.052
54885.716759 12.2272 0.052
54885.727448 12.2347 0.052
54885.738138 12.2476 0.052
54896.669754 12.3113 0.052
54896.683559 12.2983 0.052
54896.697359 12.305 0.052
54896.711162 12.3091 0.052
54912.574223 12.5243 0.053
54912.579143 12.5276 0.053
54912.584081 12.5312 0.053
54912.589023 12.53 0.053
54923.578037 12.5772 0.053
54923.591064 12.5905 0.053
54923.604047 12.5769 0.053
54923.617010 12.5666 0.053
54938.598247 12.372 0.053
54938.606310 12.3634 0.053
54938.614432 12.3773 0.053
54938.622522 12.3724 0.053
54953.533616 12.5216 0.054
54953.542108 12.5054 0.054
54953.550631 12.521 0.054
54953.559348 12.5207 0.054
54974.460197 12.3407 0.053
54974.467783 12.3384 0.053
54974.475376 12.3394 0.053
54974.483040 12.3386 0.053
55006.447941 12.101 0.053
55006.454796 12.1015 0.053
55006.461650 12.104 0.053
55006.468436 12.1144 0.054
55162.717947 12.1321 0.053
55162.721278 12.1476 0.054
55162.724631 12.1387 0.053
55162.728029 12.1319 0.053
55263.610680 12.436 0.053
55274.623962 12.4581 0.055
55299.653556 12.1007 0.051
55329.452401 12.1794 0.054
55329.482632 12.1748 0.054
55363.368448 12.0408 0.052
55363.393881 12.0525 0.052
55380.440366 11.966 0.053
55633.616712 12.1663 0.053
55650.696121 12.0772 0.052
55650.738329 13.6311 0.072
55651.575224 12.0761 0.052
55651.617756 12.0705 0.052
55673.547517 12.0454 0.052
55673.585581 12.0671 0.052
55680.596820 11.9805 0.052
55680.622384 11.9482 0.052
55707.411918 12.0346 0.052
55707.422596 12.0203 0.052
55707.433228 12.0427 0.052
55707.443762 12.0452 0.052
55737.422392 11.9727 0.052
55737.436446 11.9591 0.052
55737.450623 11.9954 0.052
55737.464757 11.9757 0.052
56006.587693 11.9815 0.052
56006.594796 12.0026 0.052
56006.601938 12.0175 0.052
56006.609125 12.0156 0.052
56029.543942 12.0149 0.051
56029.559876 12.0264 0.051
56029.575858 12.0243 0.051
56029.591870 12.0336 0.051
56056.493130 12.0399 0.052
56056.502660 12.0426 0.052
56056.512234 12.0622 0.052
56056.521684 12.042 0.052
56077.482160 12.107 0.052
56077.495551 12.1105 0.052
56077.508991 12.0741 0.052
56077.522499 12.0906 0.052
56107.410925 12.3376 0.052
56107.425700 12.3216 0.053
56107.440516 12.323 0.052
56107.455398 12.3162 0.052
56139.382837 12.4674 0.052
56139.390634 12.456 0.052
56139.398088 12.4497 0.052
56139.405377 12.4498 0.052
56358.632835 12.1003 0.053
56358.642560 12.0837 0.053
56358.652247 12.0839 0.053
56358.661958 12.0873 0.053
56375.559902 12.0893 0.052
56375.569110 12.1035 0.052
56375.578117 12.0864 0.052
56375.587302 12.0846 0.052
56385.583239 12.11 0.051
56385.598405 12.0345 0.051
56385.613623 12.0957 0.051
56385.627778 12.0947 0.051
56392.508559 12.1386 0.051
56392.524518 12.1198 0.051
56392.539814 12.1302 0.051
56392.554808 12.1386 0.051
56408.579149 12.2446 0.052
56408.590379 12.2538 0.052
56408.601732 12.2276 0.052
56408.613104 12.2438 0.052
56422.527952 12.3649 0.052
56422.537467 12.354 0.052
56422.546990 12.3508 0.052
56422.556648 12.3536 0.052
56485.384146 12.3268 0.054
56485.394109 12.4112 0.058
56485.403786 12.3605 0.057
56485.413572 12.239 0.056
