53587.570153 16.7124 0.129
53605.622339 16.7028 0.132
53555.542497 16.8339 0.151
53555.550321 16.7881 0.148
53555.558190 16.7724 0.147
53555.566060 16.8425 0.151
53576.566265 16.8057 0.135
53576.574482 16.7779 0.133
53576.582695 16.6393 0.126
53576.590915 16.6674 0.128
53652.397383 16.8868 0.182
53652.406950 16.7215 0.169
53652.416316 16.8118 0.176
53652.425659 16.6984 0.167
53664.453563 16.7068 0.139
53664.460154 16.7844 0.144
53664.466737 16.7896 0.145
53664.473337 16.7847 0.144
53618.442307 16.6857 0.132
53618.458247 16.6799 0.132
53618.474243 16.7438 0.136
53618.489955 16.7243 0.137
53636.482886 16.64 0.138
53636.493790 16.6492 0.139
53636.504726 16.634 0.139
53636.515620 16.5663 0.135
53835.705967 16.7384 0.113
53835.715211 16.7353 0.113
53835.725916 16.7093 0.112
53835.735178 16.7436 0.112
53851.655960 16.6779 0.086
53851.672120 16.7353 0.087
53851.688295 16.6734 0.085
53851.704487 16.7359 0.087
53959.493384 16.8259 0.109
53959.503409 16.7691 0.107
53959.513449 16.814 0.109
53959.523486 16.6924 0.104
53972.480610 16.8475 0.147
53972.487917 16.8299 0.145
53972.495210 16.9734 0.204
53972.502512 16.6838 0.159
53973.431678 16.8559 0.149
53973.439663 16.904 0.151
53973.447518 16.796 0.145
53973.455424 16.9224 0.152
53934.504200 16.7059 0.119
53934.510872 16.7036 0.142
53934.517573 16.7058 0.118
53934.524329 16.7668 0.121
53944.507648 16.7651 0.121
53944.514251 16.7033 0.118
53944.520860 16.8152 0.123
53944.527496 16.8063 0.123
53893.618402 16.6965 0.131
53893.627045 16.7393 0.133
53893.635678 16.7758 0.135
53893.644507 16.701 0.131
53912.594279 16.8004 0.143
53912.603888 16.7948 0.143
53912.613479 16.7363 0.139
53912.622872 16.8071 0.143
53805.739867 16.6926 0.137
53805.745161 16.7745 0.142
53805.750453 16.7247 0.138
53805.755766 16.7646 0.140
53879.747455 16.7142 0.130
53879.757330 16.7436 0.131
53879.766936 16.7304 0.131
53879.776587 16.7434 0.131
54015.393676 16.8508 0.155
54015.402269 16.6824 0.144
54022.395830 16.8243 0.151
54022.402267 16.8908 0.156
54022.408746 16.7373 0.146
54022.415188 16.8491 0.154
54034.460387 17.6091 0.234
54034.466845 17.7087 0.246
54034.473270 17.3522 0.201
54034.479726 17.3256 0.213
53991.442302 16.825 0.154
53991.449195 16.715 0.148
53991.456071 16.8348 0.171
53991.462906 16.7309 0.168
53994.430161 16.8266 0.149
53994.438713 16.8124 0.150
53994.447263 16.8523 0.160
53994.455785 16.6719 0.214
54004.472735 16.6712 0.139
54004.482198 16.751 0.144
54004.491637 16.7863 0.146
54004.501079 16.753 0.144
54212.667793 16.8018 0.132
54212.682205 16.7838 0.130
54319.527079 16.6124 0.133
54319.537708 16.7685 0.143
54319.548247 16.7587 0.143
54319.558802 16.7976 0.145
54333.538407 16.6686 0.118
54333.549380 16.7676 0.123
54333.560257 16.7707 0.123
54333.571130 16.7989 0.125
54296.507983 16.897 0.127
54296.516771 16.9667 0.130
54296.525657 17.0811 0.137
54296.534452 17.2164 0.145
54303.525069 17.0699 0.164
54303.534128 17.1663 0.171
54303.543523 17.2099 0.175
54303.552712 17.326 0.184
54268.735711 16.8517 0.128
54268.744059 16.772 0.122
54268.752411 16.8208 0.126
54268.760785 16.7625 0.125
54268.769119 16.8285 0.132
54177.736388 17.1568 0.221
54177.742147 16.8259 0.166
54177.747926 16.8429 0.168
54177.753872 16.8155 0.166
54246.612787 16.782 0.157
54246.624219 16.4093 0.134
54414.412171 17.3783 0.209
54414.418737 17.1601 0.211
54414.425290 17.2527 0.174
54414.431823 17.2403 0.163
54382.444885 16.8054 0.149
54382.454443 16.7567 0.146
54382.464021 16.8407 0.151
54382.473572 16.8363 0.151
54344.527362 16.8394 0.124
54344.536017 16.816 0.123
54344.544688 16.8069 0.123
54344.553357 16.7661 0.121
54356.425068 16.7797 0.125
54356.434987 16.8544 0.128
54356.444996 16.7928 0.125
54704.408040 16.7466 0.109
54704.415920 16.7868 0.111
54704.423819 16.8153 0.111
54704.431884 16.7577 0.109
54658.518464 16.8568 0.178
54658.526765 17.2776 0.285
54658.535070 16.5116 0.226
54658.543398 17.2191 0.349
54678.458761 16.747 0.099
54678.464138 16.7627 0.099
54678.469393 16.7742 0.100
54678.474708 16.7568 0.099
54643.642188 16.8151 0.110
54643.653605 16.8325 0.111
54643.664764 16.7627 0.108
54643.675851 16.7242 0.107
54530.778056 17.3998 0.184
54530.782508 17.3121 0.176
54530.786941 17.232 0.169
54530.791390 17.2795 0.172
54587.772232 16.8257 0.112
54587.780501 16.7518 0.109
54587.788703 16.7375 0.109
54587.796965 16.8059 0.111
54599.593764 16.7842 0.111
54599.599189 16.7572 0.110
54599.604609 16.8575 0.114
54599.610004 16.7796 0.111
54758.397558 16.6769 0.136
54758.407345 16.7134 0.138
54758.417151 16.7252 0.139
54758.426961 16.7313 0.141
54728.465963 17.2464 0.170
54728.474631 17.0339 0.155
54728.483287 16.9379 0.148
54728.492006 17.0044 0.153
54739.384782 16.7734 0.120
54739.393635 16.8161 0.131
54739.402499 16.7166 0.121
54739.411304 16.7225 0.119
54929.698164 16.7643 0.151
54929.711293 16.8477 0.155
54929.724663 16.7663 0.149
54929.737840 16.9283 0.160
54944.632921 16.7617 0.102
54944.645962 16.7798 0.102
54944.659002 16.762 0.101
54944.672045 16.6983 0.098
55031.568659 16.7546 0.135
55031.575989 16.7055 0.133
55031.583402 16.7977 0.138
55031.590677 16.795 0.138
55031.598025 16.71 0.133
54999.669860 16.9241 0.133
54999.683123 16.92 0.136
54999.696471 16.9759 0.147
54999.709532 16.839 0.144
54913.733029 16.7862 0.117
54913.745873 16.6655 0.113
54913.758710 16.7557 0.115
54913.771714 16.7524 0.114
54974.714120 16.6512 0.111
54974.718463 16.6866 0.113
54974.722830 16.7285 0.115
54974.727179 16.6671 0.112
55124.430024 16.8108 0.135
55124.438763 16.8313 0.136
55124.447492 16.8826 0.140
55124.456218 16.7475 0.133
55086.441989 16.8407 0.117
55086.447257 16.795 0.115
55086.452525 16.7394 0.113
55086.457791 16.7086 0.111
55304.787237 16.7613 0.152
55413.540834 16.7279 0.118
55413.577156 16.7416 0.119
55421.475482 16.7598 0.092
55421.504875 16.7398 0.089
55385.537256 16.6883 0.104
55385.569798 16.7778 0.132
55360.728398 17.8118 0.155
55360.771293 17.0513 0.116
55331.701407 16.848 0.125
55473.462094 16.8393 0.124
55473.490503 16.8893 0.127
55440.465693 16.8075 0.153
55663.650874 16.8128 0.144
55663.678004 16.7647 0.142
55678.746347 16.7345 0.107
55678.768074 16.7596 0.107
55706.716788 16.8078 0.097
55706.729201 16.7573 0.096
55706.741706 16.735 0.095
55736.721452 16.8262 0.098
55736.737850 16.8721 0.099
55736.754382 16.8189 0.098
55736.770959 16.8159 0.098
55766.457611 16.7359 0.105
55766.466052 16.7875 0.106
55766.474553 16.7876 0.107
55766.483073 16.7655 0.106
55796.465422 16.8291 0.113
55796.477542 16.7786 0.112
55796.489418 16.8473 0.113
55796.501290 16.8014 0.111
55852.416009 16.8125 0.118
55852.428036 16.6725 0.112
55852.440039 16.6208 0.111
55852.451990 16.8345 0.119
56065.646683 16.9703 0.233
56065.656141 16.8622 0.148
56065.665627 16.8806 0.146
56065.675251 16.6777 0.123
56102.599435 16.7469 0.100
56102.612240 16.675 0.097
56102.625190 16.8388 0.103
56102.638201 16.7558 0.100
56150.475518 16.6487 0.102
56150.485885 16.7574 0.105
56150.496307 16.7084 0.104
56150.506519 16.6832 0.103
56182.454464 16.8146 0.109
56182.464153 16.8153 0.110
56182.473603 16.8466 0.111
56182.483081 16.7181 0.106
56217.419685 16.7996 0.100
56217.431627 16.7029 0.096
56217.455750 16.7566 0.098
56380.707356 16.8569 0.122
56380.720453 16.8699 0.118
56380.733361 16.7441 0.104
56380.746148 16.83 0.099
56405.679439 16.8601 0.100
56405.689426 16.8592 0.100
56405.699522 16.8579 0.100
56405.709552 16.7501 0.096
56459.581383 16.7425 0.223
56459.593941 16.5659 0.122
56459.606322 16.8811 0.145
56459.618454 16.8901 0.151
