53589.556082 13.5472 0.057
53589.565953 13.5338 0.057
53589.575488 13.4911 0.057
53589.585157 13.4908 0.057
53590.457237 13.4931 0.059
53590.464989 13.5112 0.059
53590.472943 13.5329 0.059
53590.480719 13.5326 0.059
53607.578630 13.5098 0.059
53607.591982 13.5412 0.059
53607.605357 13.5015 0.059
53607.618639 13.4981 0.059
53555.574201 13.5441 0.061
53555.582070 13.5644 0.061
53555.589945 13.5847 0.061
53555.597795 13.595 0.061
53576.657391 13.9359 0.060
53576.667356 13.9678 0.060
53576.677308 13.9271 0.060
53576.687288 13.9404 0.060
53692.479299 13.8315 0.067
53692.484400 13.7881 0.067
53692.489495 13.7196 0.066
53692.494595 13.6757 0.066
53652.438637 13.4999 0.063
53652.447813 13.5072 0.063
53652.456975 13.5531 0.064
53652.466106 13.5746 0.064
53620.449017 13.5814 0.063
53620.458834 13.5967 0.063
53620.468444 13.7125 0.065
53620.477829 12.8036 0.084
53635.474554 13.6846 0.062
53635.486010 13.5558 0.061
53635.497480 13.4741 0.060
53635.508971 13.4784 0.060
53831.746239 13.958 0.059
53831.755228 13.9557 0.059
53831.764336 13.948 0.059
53831.773478 13.9054 0.059
53959.705839 13.9512 0.060
53959.719028 13.9509 0.060
53959.732256 13.9117 0.060
53959.745505 13.7511 0.059
53973.535880 13.6292 0.061
53973.546607 13.6629 0.061
53973.557446 13.7 0.061
53973.568118 13.7565 0.062
53942.525012 13.9595 0.064
53942.535589 13.9247 0.064
53942.545601 13.9749 0.064
53942.556023 13.9389 0.064
53945.609931 13.5897 0.058
53945.623648 13.6319 0.058
53945.637357 13.6786 0.058
53945.651069 13.7347 0.059
53893.655281 13.979 0.062
53893.663876 13.9851 0.063
53893.672510 13.9743 0.062
53893.681471 13.9722 0.062
53903.648636 13.5485 0.056
53903.656710 13.5284 0.056
53903.664917 13.5561 0.056
53903.673062 13.5418 0.056
53912.682836 13.5587 0.060
53912.692259 13.5372 0.060
53912.701318 13.5178 0.060
53912.710107 13.5207 0.060
53861.751904 13.7307 0.057
53861.758565 13.6551 0.057
53861.765156 13.5894 0.057
53861.771803 13.5619 0.057
53876.704209 13.6884 0.060
53876.713733 13.7093 0.060
53876.723399 13.8049 0.063
53876.733158 13.7749 0.061
53886.630765 13.7983 0.058
53886.642887 13.8457 0.058
53886.655012 13.8839 0.059
53886.667220 13.9182 0.059
54059.446196 13.9819 0.062
54059.457702 13.9764 0.062
54059.469262 13.9751 0.062
54059.480742 13.9774 0.062
54015.429392 13.703 0.062
54015.438035 13.7208 0.062
54015.446644 13.7514 0.062
54015.455249 13.7892 0.063
54022.451386 13.8106 0.063
54022.457863 13.8445 0.063
54022.464317 13.8733 0.064
54022.470785 13.8977 0.064
53991.567599 13.6341 0.067
53991.574452 13.6573 0.067
53991.581285 13.6821 0.064
53991.588181 13.7226 0.067
54003.592055 13.9761 0.058
54003.602025 13.9902 0.058
54003.611970 13.9981 0.059
54003.621946 13.9922 0.059
54008.391903 13.538 0.060
54008.403439 13.5253 0.060
54008.415161 13.5638 0.060
54008.426850 13.6074 0.061
54207.704586 13.809 0.064
54207.714488 13.8488 0.065
54207.724312 13.8853 0.065
54207.734404 13.8995 0.065
54319.571931 13.5473 0.060
54319.581050 13.5087 0.060
54319.590034 13.5301 0.060
54319.598975 13.5401 0.060
54303.589264 13.5047 0.060
54303.600074 13.5232 0.060
54303.611105 13.5538 0.060
54303.621841 13.5909 0.060
54260.748103 13.9277 0.061
54260.753604 13.9028 0.061
54260.759028 13.8798 0.061
54260.764443 13.849 0.061
54238.843125 13.6804 0.059
54238.848720 13.7179 0.060
54238.854210 13.7279 0.060
54238.859683 13.7522 0.060
54415.416874 13.9704 0.061
54415.427756 13.9794 0.060
54415.438638 13.9723 0.060
54415.449524 13.9788 0.060
54382.489812 13.7488 0.062
54382.498932 13.7704 0.062
54382.508025 13.8339 0.063
54382.517160 13.8681 0.063
54390.452310 13.9774 0.058
54390.463119 13.9556 0.058
54390.473932 13.9284 0.058
54390.484743 13.8479 0.058
54344.606964 13.5458 0.058
54344.617868 13.5867 0.058
54344.628756 13.6048 0.058
54344.639614 13.644 0.058
54681.541540 13.9479 0.058
54681.551441 13.9305 0.058
54681.561579 13.9448 0.058
54681.571738 13.9518 0.058
54704.527071 13.9783 0.058
54704.534881 13.9614 0.058
54704.542549 13.9827 0.058
54704.550157 13.9802 0.058
54622.797992 13.9861 0.063
54622.804595 14.0086 0.062
54622.811285 13.9994 0.062
54622.818041 13.9735 0.061
54631.653821 13.5188 0.056
54631.665012 13.5293 0.056
54631.676169 13.5453 0.056
54631.687385 13.5817 0.056
54643.737039 13.973 0.058
54590.760327 13.8444 0.058
54590.773906 13.8935 0.058
54590.787134 13.9345 0.058
54590.800517 13.9474 0.058
54745.483548 13.8194 0.058
54745.488475 13.8408 0.058
54745.493389 13.859 0.058
54745.498300 13.9074 0.059
54764.450092 13.9061 0.059
54764.456648 13.9069 0.059
54764.463223 13.9143 0.059
54764.469784 13.9129 0.059
54732.478840 13.9543 0.058
54732.490098 13.9512 0.058
54732.501300 13.9094 0.058
54732.512472 13.83 0.057
54929.756532 13.5629 0.064
54929.766263 13.5392 0.064
54929.776162 13.5353 0.063
54929.785988 13.5664 0.064
55031.532843 13.5602 0.060
55031.540248 13.5472 0.060
55031.547630 13.5185 0.059
55031.555170 13.5144 0.059
55005.653811 13.5489 0.055
55005.667689 13.5036 0.057
55005.681372 13.5539 0.055
55005.695212 13.5881 0.056
54955.694597 13.6031 0.059
54955.703068 13.632 0.060
54955.711668 13.6417 0.060
54955.720252 13.6815 0.060
55148.407883 13.8257 0.058
55148.414237 13.7709 0.058
55148.420613 13.6982 0.057
55148.426966 13.6288 0.057
55119.448580 13.6723 0.057
55119.454956 13.6889 0.057
55119.479737 13.6216 0.062
55119.486127 13.8457 0.059
55086.519137 13.5065 0.056
55086.527076 13.5287 0.057
55086.535027 13.5487 0.057
55086.543014 13.5749 0.057
55414.648870 13.7172 0.057
55414.674970 13.822 0.057
55386.695773 13.5577 0.056
55386.739333 13.7221 0.057
55362.666122 13.9341 0.057
55362.701059 13.938 0.057
55337.633911 13.9265 0.060
55337.666027 13.9707 0.061
55445.521192 13.8675 0.059
55445.543142 13.9389 0.060
55717.627023 13.5596 0.056
55717.637547 13.5676 0.056
55717.648180 13.6022 0.056
55717.658858 13.6442 0.056
55684.716550 13.5274 0.056
55684.742380 13.5108 0.056
54643.749661 13.9786 0.058
54643.761109 13.9733 0.058
54643.772408 13.9625 0.058
54643.783622 13.9396 0.058
55741.705606 13.6304 0.056
55741.718348 13.5619 0.056
55741.731366 13.5843 0.056
55741.744393 13.5722 0.056
55767.582188 13.6851 0.056
55767.593426 13.5745 0.056
55767.604748 13.4914 0.056
55767.616033 13.5344 0.059
55796.609438 13.9821 0.059
55796.622427 13.9483 0.059
55796.635591 13.956 0.059
55796.648768 13.8723 0.058
55823.461860 13.5951 0.056
55823.473130 13.5754 0.056
55823.488258 13.5869 0.056
55823.499560 13.5952 0.056
55858.444199 13.7085 0.057
55858.452642 13.7401 0.057
55858.461095 13.7659 0.058
55858.469535 13.8091 0.057
56036.696051 13.5718 0.058
56036.706693 13.7331 0.062
56036.717441 13.6697 0.059
56036.728154 13.7274 0.058
56066.699974 13.7546 0.058
56066.708897 13.7772 0.058
56066.717996 13.8363 0.058
56066.726835 13.8516 0.058
56123.700579 13.7466 0.054
56123.713760 13.8071 0.054
56123.727017 13.874 0.054
56123.740260 13.9218 0.055
56156.495892 13.498 0.054
56156.508585 13.5464 0.054
56156.521450 13.5523 0.054
56156.534317 13.6052 0.055
56183.583362 13.6294 0.055
56183.597376 13.6651 0.055
56183.611552 13.7168 0.055
56183.625743 13.7512 0.056
56218.479827 13.6023 0.056
56218.490373 13.6127 0.056
56218.501007 13.6866 0.055
56218.511600 13.7128 0.056
56392.712208 13.6488 0.057
56392.719952 13.674 0.057
56392.727685 13.6912 0.057
56392.735622 13.7219 0.057
56429.786893 13.897 0.059
56429.796620 13.9124 0.058
56429.806264 13.8191 0.058
56429.815925 13.7845 0.058
56464.566333 13.7295 0.056
56464.579355 13.7999 0.056
56464.592132 13.8305 0.056
56464.604999 13.8803 0.056
