53588.373334 13.1005 0.057
53588.379852 13.1341 0.057
53588.386637 13.1753 0.058
53588.393300 13.205 0.058
53847.539163 13.0236 0.054
53847.555130 12.9802 0.053
53847.571064 12.9668 0.053
53847.587066 12.9762 0.053
54084.718156 12.942 0.058
54084.725949 12.9367 0.058
54084.733779 12.9505 0.058
54084.741741 12.9396 0.058
53763.695661 13.0765 0.056
53763.702405 13.0296 0.056
53763.709155 13.0231 0.056
53763.715836 13.0213 0.056
53944.360188 13.0464 0.056
53944.366742 13.032 0.056
53944.373291 13.0161 0.056
53944.379856 13.007 0.056
53908.457219 13.0852 0.058
53908.478071 13.1719 0.059
53908.488536 13.2467 0.062
53814.565373 13.0022 0.054
53814.577439 13.0372 0.054
53814.589383 13.0853 0.054
53814.601343 13.1311 0.054
53825.620088 13.2672 0.056
53825.632206 13.1744 0.055
53825.644234 13.1306 0.055
53825.656244 13.0827 0.055
53860.401705 13.1802 0.053
53860.412474 13.2567 0.053
53860.423332 13.3633 0.053
53860.434263 13.4417 0.054
53876.534198 13.0159 0.057
53876.542803 13.0417 0.057
53876.551371 13.0684 0.057
53876.559951 13.0978 0.057
53882.493012 13.1189 0.057
53882.502078 13.1611 0.058
53882.511268 13.2295 0.058
53882.520346 13.307 0.058
54197.590535 13.208 0.060
54197.600952 13.2963 0.061
54197.611379 13.3439 0.061
54197.621698 13.3941 0.061
54212.513526 12.9627 0.056
54212.525681 12.9172 0.056
54212.537738 12.9205 0.056
54212.549796 12.9139 0.056
54150.682185 13.3804 0.062
54150.691325 13.4006 0.062
54150.700508 13.3704 0.061
54150.709589 13.3253 0.062
54122.655721 13.3468 0.058
54122.667320 13.4124 0.058
54122.678922 13.4032 0.058
54122.690787 13.3191 0.058
54296.435508 13.0065 0.056
54296.443701 13.0477 0.056
54296.451893 13.0899 0.056
54296.460068 13.148 0.056
54260.445367 13.0582 0.057
54260.455178 13.1012 0.057
54260.465018 13.1779 0.058
54260.474840 13.2451 0.058
54167.685308 12.9805 0.059
54167.693831 12.9494 0.059
54167.702370 13.0144 0.059
54167.710909 13.0287 0.059
54187.471305 12.9131 0.058
54187.481323 12.9207 0.060
54187.491274 12.9287 0.058
54187.501260 12.9175 0.058
54239.511319 12.996 0.056
54239.543136 13.1466 0.057
54239.554169 13.2335 0.058
54239.601026 13.3919 0.088
54817.669015 12.9317 0.057
54817.677411 12.9467 0.057
54817.685824 12.9628 0.057
54829.634165 13.1877 0.055
54829.643550 13.1112 0.055
54829.652869 13.0591 0.054
54829.662228 13.0187 0.054
54506.724479 12.9841 0.067
54506.733155 13.0127 0.060
54506.741818 13.1893 0.109
54509.602973 12.9334 0.055
54509.616520 12.9161 0.055
54509.630000 12.928 0.055
54509.643784 12.9307 0.055
54474.712086 13.0397 0.058
54474.721090 13.0021 0.058
54474.730344 12.9647 0.058
54474.739592 12.9372 0.058
54660.402235 12.9779 0.055
54660.412083 12.9624 0.055
54660.421973 12.9203 0.055
54660.431853 12.9164 0.054
54632.483301 13.0564 0.055
54632.490854 13.0899 0.055
54632.498534 13.1703 0.055
54632.506095 13.2393 0.055
54527.604694 12.9223 0.055
54527.618277 12.9183 0.055
54527.631762 12.9096 0.055
54527.645262 12.9541 0.055
54534.679029 12.8986 0.057
54534.688892 12.9019 0.057
54534.698823 12.9011 0.057
54534.708797 12.9182 0.057
54590.540190 12.9586 0.054
54590.548369 12.9817 0.054
54590.556534 13.0251 0.055
54590.564724 13.0658 0.055
54923.578568 12.8947 0.054
54923.591602 12.9156 0.054
54923.604586 12.9431 0.054
54923.617540 12.8528 0.055
54943.496044 13.3409 0.055
54943.505274 13.375 0.055
54943.514527 13.3602 0.055
54943.523798 13.2962 0.055
54864.740268 13.0327 0.054
54864.748232 13.008 0.054
54864.756188 12.968 0.054
54864.764161 12.9342 0.054
54885.706618 12.9806 0.055
54885.717292 12.9514 0.055
54885.727981 12.8989 0.054
54885.738671 12.899 0.054
55006.448356 13.0302 0.057
55006.455219 13.0097 0.057
55006.462067 12.9678 0.057
55006.468857 12.9503 0.057
54896.670400 12.8899 0.053
54896.684219 12.8712 0.053
54896.698015 12.8975 0.053
54896.711811 12.9126 0.053
54912.574754 13.0585 0.055
54912.579682 13.0467 0.055
54912.584624 13.0195 0.055
54912.589573 12.9916 0.055
54953.534033 13.3745 0.059
54953.542525 13.3538 0.058
54953.551108 13.2722 0.058
54953.559765 13.2167 0.058
54974.459665 13.1949 0.056
54974.467249 13.274 0.056
54974.474843 13.3314 0.056
54974.482505 13.3669 0.057
55299.652735 13.0678 0.054
55363.367845 13.3527 0.057
55363.393280 13.3974 0.057
55263.611269 13.3513 0.057
55274.624439 12.9691 0.057
55654.481665 13.113 0.054
55654.508290 13.2749 0.055
55673.548224 12.9687 0.054
55673.586285 13.0089 0.054
55680.596125 12.9932 0.054
55680.621663 12.9584 0.054
55633.563519 13.3906 0.057
55633.599096 13.3361 0.057
55707.411226 13.3474 0.055
55707.421898 13.2595 0.055
55707.432518 13.193 0.055
55707.443052 13.1138 0.054
55737.421700 13.1531 0.055
55737.435745 13.2395 0.055
55737.449913 13.3893 0.055
55737.464059 13.4476 0.056
55971.621624 13.1646 0.054
55971.632280 13.2329 0.054
55971.642881 13.3553 0.055
55971.653632 13.3725 0.057
56006.588285 13.0508 0.055
56006.595429 13.0484 0.055
56006.602608 13.005 0.055
56006.609719 12.9771 0.055
56029.543012 13.3992 0.053
56029.558964 13.3024 0.053
56029.574923 13.159 0.053
56029.590936 13.0828 0.053
56056.493730 13.0408 0.055
56056.503256 13.0304 0.055
56056.512831 13.0148 0.055
56056.522266 12.9838 0.055
56077.481462 12.9813 0.054
56077.494849 12.987 0.054
56077.508277 12.9941 0.054
56077.521788 13.045 0.054
56107.410232 13.2109 0.055
56107.424989 13.364 0.056
56107.439805 13.4241 0.056
56107.454696 13.4624 0.056
56139.382130 13.227 0.055
56139.389924 13.1727 0.054
56139.397376 13.1442 0.054
56139.404665 13.1158 0.054
56363.646177 12.9915 0.054
56363.657535 13.0158 0.054
56363.668855 13.0649 0.055
56363.680242 13.1001 0.055
56385.582526 13.3141 0.054
56385.597703 13.3936 0.054
56385.612922 13.4565 0.055
56385.627061 13.4336 0.055
56392.507856 13.1272 0.053
56392.523808 13.0601 0.053
56392.539107 13.0085 0.053
56392.554106 12.9758 0.053
56408.578451 13.2047 0.054
56408.589669 13.2808 0.054
56408.601014 13.3765 0.054
56408.612392 13.4374 0.055
56422.528532 13.4743 0.056
56422.538070 13.4197 0.056
56422.547604 13.3405 0.055
56422.557259 13.2464 0.055
56485.383663 13.3874 0.058
56485.393615 13.5483 0.071
56485.403309 13.495 0.066
56485.413101 13.4172 0.065
