53580.439091 13.1727 0.057
53580.449014 13.1609 0.057
53580.459135 13.1826 0.057
53580.469039 13.1756 0.057
53611.399875 13.0676 0.060
53611.405978 13.03 0.060
53611.412068 13.0103 0.060
53611.418152 13.6464 0.111
53762.660507 12.7192 0.057
53762.667240 12.7188 0.057
53762.673941 12.7003 0.057
53817.632804 12.8433 0.055
53817.642319 12.8457 0.055
53817.652084 12.8445 0.055
53817.661789 12.835 0.055
53830.657034 12.8041 0.057
53830.666502 12.7756 0.055
53830.675966 12.7835 0.055
53830.685441 12.7783 0.055
53845.614716 12.6584 0.055
53845.623407 12.6595 0.055
53845.632093 12.6576 0.055
53845.640863 12.6629 0.055
53860.566217 12.6811 0.053
53860.580848 12.6935 0.053
53860.595462 12.6912 0.053
53860.610094 12.6801 0.053
53875.562711 12.8274 0.055
53875.571309 12.8275 0.055
53875.579879 12.8275 0.055
53875.588403 12.8264 0.055
53889.397232 12.8753 0.054
53889.406080 12.8709 0.054
53889.414874 12.8868 0.054
53889.423714 12.87 0.054
53904.514766 12.9834 0.055
53904.526263 12.9993 0.055
53904.537788 12.991 0.055
53904.549323 12.9762 0.055
53915.559506 13.2295 0.059
53915.568212 13.2358 0.059
53915.576877 13.2286 0.059
53915.585530 13.2422 0.059
53945.432393 13.3447 0.057
53945.442221 13.3384 0.057
53945.452034 13.3668 0.057
53945.461851 13.3519 0.057
53962.408409 13.4996 0.058
53962.418233 13.4994 0.058
53962.428057 13.4982 0.058
53962.437895 13.5007 0.058
54097.715306 13.0892 0.059
54097.722648 13.0796 0.059
54097.729992 13.0837 0.059
54097.737391 13.0876 0.059
54155.635836 12.6208 0.054
54155.648179 12.6263 0.054
54155.660512 12.6466 0.054
54155.672930 12.6261 0.054
54172.588566 12.6495 0.054
54172.596770 12.6407 0.054
54172.604928 12.6267 0.054
54172.613140 12.6527 0.055
54185.702277 12.7312 0.055
54185.713251 12.7364 0.055
54185.724190 12.7353 0.055
54185.735133 12.7227 0.055
54185.746100 12.7346 0.055
54190.576943 12.7947 0.057
54190.583199 12.7916 0.057
54190.589469 12.7809 0.057
54190.595766 12.7923 0.057
54197.677794 12.8694 0.058
54197.687325 12.8931 0.058
54197.696800 12.8753 0.058
54197.706325 12.8494 0.058
54210.630951 12.9772 0.056
54210.640865 12.9839 0.056
54210.650800 12.9732 0.056
54242.544915 13.0145 0.059
54242.555180 12.9493 0.056
54242.565249 13.0052 0.056
54242.575154 12.9666 0.058
54247.516620 12.9414 0.058
54247.527042 12.9543 0.058
54247.537338 12.9384 0.058
54247.547653 12.9361 0.058
54285.407086 12.6062 0.054
54285.416929 12.5921 0.054
54285.426772 12.6038 0.054
54285.436715 12.6212 0.054
54297.443497 12.7006 0.054
54297.454420 12.6927 0.054
54297.465395 12.694 0.054
54297.476314 12.7113 0.054
54322.446589 12.8027 0.053
54322.456539 12.7864 0.053
54322.466565 12.7839 0.053
54322.476710 12.799 0.053
54346.372678 13.1589 0.059
54346.377768 13.1534 0.059
54346.382840 13.151 0.059
54346.387924 13.1505 0.059
54510.697258 13.3592 0.057
54510.708343 13.3415 0.057
54510.738090 13.3541 0.057
54510.749339 13.3505 0.057
54528.547243 13.2564 0.057
54528.553799 13.2321 0.057
54528.560377 13.2394 0.057
54528.566929 13.2474 0.057
54587.667511 12.7802 0.054
54587.678983 12.8037 0.054
54587.690440 12.7824 0.054
54587.701879 12.7847 0.054
54595.595119 12.7463 0.055
54595.604160 12.7481 0.055
54595.613285 12.7425 0.055
54595.622307 12.7504 0.055
54615.559402 12.7606 0.053
54615.565908 12.7584 0.053
54615.572410 12.7571 0.053
54615.578902 12.7584 0.053
54622.533965 12.7692 0.053
54622.543819 12.7681 0.053
54622.553664 12.7706 0.053
54622.563470 12.7621 0.053
54677.456657 13.0181 0.054
54677.466454 13.0148 0.054
54677.476277 13.0084 0.054
54677.486198 13.0154 0.054
54705.385701 12.7204 0.053
54705.393274 12.7244 0.053
54705.400815 12.723 0.053
54705.408351 12.7243 0.053
54859.639550 13.4452 0.059
54859.648491 13.4522 0.059
54859.657427 13.4589 0.059
54859.666363 13.4597 0.059
54887.736252 13.4473 0.056
54887.747119 13.4523 0.056
54896.745785 13.5071 0.056
54896.755549 13.4959 0.056
54896.765353 13.5095 0.056
54896.775112 13.5118 0.056
54912.711779 13.5803 0.057
54912.720416 13.6123 0.057
54912.729095 13.6121 0.057
54912.737753 13.6361 0.057
54925.525891 13.5966 0.056
54925.533718 13.7043 0.060
54925.546469 13.5948 0.056
54925.554505 13.5965 0.056
54943.563247 13.3924 0.055
54943.571175 13.3906 0.055
54943.579144 13.3864 0.055
54943.587160 13.4049 0.055
54954.527939 13.3318 0.058
54954.536735 13.3247 0.058
54954.545285 13.3053 0.058
54954.554093 13.3427 0.058
54974.643663 13.0312 0.054
54974.651514 13.0188 0.054
54974.659387 13.0195 0.054
54974.667255 13.0242 0.054
54981.481043 12.9289 0.052
54981.488182 12.9314 0.052
54981.495318 12.9364 0.053
54981.502582 12.9446 0.053
54999.567708 12.7815 0.057
54999.574291 12.7795 0.056
54999.580818 12.7833 0.056
54999.587318 12.7829 0.057
55044.414531 12.6523 0.053
55044.421016 12.6645 0.053
55044.427486 12.6663 0.053
55044.433958 12.6561 0.053
55060.404870 12.6511 0.053
55060.411224 12.6628 0.053
55060.417580 12.6455 0.053
55060.423934 12.6498 0.053
55264.720962 13.2802 0.056
55301.638569 13.6704 0.058
55328.585539 13.6913 0.058
55328.620947 13.6939 0.058
55351.497035 13.8521 0.073
55351.528693 13.9526 0.076
55353.467449 13.9016 0.064
55353.493477 13.9076 0.064
55361.586706 13.8834 0.059
55380.507425 13.8045 0.091
55380.534896 13.7501 0.066
55618.723440 13.0373 0.055
55618.744721 13.0466 0.055
55647.694290 13.201 0.054
55647.730541 13.1767 0.054
55658.682286 13.1285 0.056
55658.725258 13.1786 0.057
55674.592738 13.2281 0.056
55674.636073 13.229 0.056
55691.548884 13.3766 0.055
55691.566599 13.3797 0.055
55691.602358 13.3997 0.055
55714.511252 13.5771 0.056
55714.524032 13.5725 0.056
55714.536820 13.5659 0.056
55714.549548 13.5845 0.057
55744.447400 13.8498 0.059
55744.456933 13.8495 0.059
55744.466342 13.8261 0.059
55744.476043 13.8095 0.059
55980.610626 12.8018 0.054
55980.622736 12.8221 0.054
55980.634779 12.8143 0.054
55980.646755 12.8194 0.054
56041.594278 12.8632 0.053
56041.604974 12.86 0.053
56041.615679 12.8494 0.053
56041.626412 12.8393 0.053
56048.532294 12.9431 0.053
56048.541495 12.9632 0.053
56048.550735 12.956 0.053
56048.560017 12.9664 0.053
56069.556840 12.9856 0.053
56069.567386 12.9763 0.053
56069.578061 12.997 0.053
56069.588712 13.0045 0.053
56101.539716 13.1918 0.054
56101.551736 13.1654 0.054
56101.563851 13.1853 0.054
56101.575993 13.1854 0.054
56368.741264 13.4717 0.054
56368.754049 13.482 0.054
56368.766898 13.4775 0.054
56368.779769 13.4657 0.054
56393.524135 13.1608 0.054
56393.534146 13.1664 0.054
56393.544016 13.1639 0.054
56393.553792 13.1741 0.054
56418.605444 13.0669 0.052
56418.620471 13.0547 0.052
56418.635645 13.0757 0.052
56418.650737 13.1043 0.052
