53610.785580 13.6024 0.064
53610.794688 13.5606 0.065
53610.803806 13.6285 0.064
53610.812928 13.6169 0.064
53711.667994 13.5607 0.059
53711.689777 13.5748 0.059
53711.700649 13.544 0.059
53713.721645 13.5727 0.059
53713.725594 13.5659 0.059
53713.729527 13.5466 0.058
53713.733451 13.5704 0.059
53734.668575 13.5243 0.061
53734.677213 13.5664 0.062
53734.685884 13.5442 0.062
53734.694574 13.5265 0.062
53683.672710 13.525 0.060
53683.682188 13.5332 0.060
53683.691568 13.5359 0.060
53683.700832 13.56 0.060
53633.765385 13.5845 0.063
53633.771938 13.5809 0.063
53633.778545 13.5957 0.063
53633.785234 13.5442 0.062
53851.393067 13.5211 0.057
53851.403401 13.5384 0.057
53851.413750 13.5406 0.057
53851.424121 13.5614 0.057
54085.685559 13.5748 0.062
54085.694192 13.5797 0.062
54085.702818 13.5612 0.062
54085.711642 13.5809 0.062
53756.623395 13.5714 0.057
53756.636131 13.544 0.057
53756.648884 13.5706 0.057
53756.661649 13.5877 0.057
53887.349974 13.561 0.060
53887.355156 13.5616 0.060
53887.360372 13.5506 0.060
53887.365570 13.5853 0.060
53806.481894 13.518 0.059
53806.490551 13.4953 0.059
53806.499271 13.4805 0.059
53806.507855 13.4819 0.059
53823.461214 13.5107 0.057
53823.469945 13.4937 0.056
53823.479274 13.5062 0.057
53823.488006 13.4953 0.058
53872.380868 13.5359 0.060
53872.386056 13.5215 0.060
53872.391240 13.5163 0.060
53872.396401 13.5225 0.060
53886.355133 13.5786 0.057
53886.371108 13.6013 0.058
53886.379811 13.599 0.058
53886.388540 13.6167 0.058
54055.611132 13.4854 0.061
54055.618099 13.4922 0.061
54055.625193 13.4794 0.060
54055.632174 13.4919 0.061
54005.738568 13.5449 0.061
54005.747373 13.5505 0.061
54005.756573 13.5482 0.061
54005.765356 13.5397 0.061
54201.444215 13.4409 0.060
54201.452924 13.4586 0.060
54201.461668 13.4606 0.058
54201.470405 13.4682 0.058
54444.605264 13.5704 0.061
54444.614240 13.5718 0.061
54444.623180 13.608 0.062
54444.632011 13.6049 0.062
54137.590972 13.479 0.062
54137.601283 13.4845 0.062
54153.476188 13.5066 0.061
54153.484756 13.4961 0.061
54153.493303 13.4884 0.061
54153.501856 13.4655 0.061
54109.722446 13.5005 0.059
54109.728964 13.456 0.059
54109.735484 13.4687 0.059
54109.742016 13.4799 0.059
54119.649620 13.4915 0.061
54119.658364 13.4885 0.061
54119.667123 13.4681 0.061
54119.675837 13.4834 0.061
54129.567533 13.4397 0.061
54129.576110 13.4359 0.061
54129.584702 13.4441 0.061
54129.593312 13.4617 0.061
54172.510388 13.4732 0.058
54172.519056 13.468 0.058
54172.527708 13.4443 0.058
54172.536346 13.4436 0.058
54226.390042 13.5222 0.059
54226.398221 13.5272 0.059
54226.406395 13.5056 0.059
54226.414774 13.5121 0.059
54243.352048 13.5019 0.062
54243.360219 13.505 0.062
54243.368381 13.4841 0.062
54243.376542 13.4977 0.062
54417.658287 13.562 0.058
54417.673869 13.5493 0.058
54417.689186 13.5351 0.058
54417.704810 13.5349 0.058
54378.756532 13.5538 0.061
54378.764403 13.5489 0.061
54378.772715 13.5572 0.061
54378.781293 13.5151 0.061
54379.755875 13.5717 0.062
54379.762921 13.5688 0.062
54379.769969 13.5773 0.063
54379.777470 13.5959 0.062
54819.589510 13.5615 0.057
54819.601435 13.5716 0.057
54819.613438 13.515 0.057
54819.625587 13.5203 0.057
54501.524577 13.5369 0.057
54501.531136 13.528 0.057
54501.537745 13.5238 0.057
54501.544351 13.5284 0.057
54511.495272 13.5544 0.058
54511.503967 13.566 0.058
54511.512619 13.551 0.058
54511.521289 13.5606 0.058
54475.572635 13.5291 0.061
54475.582266 13.5478 0.061
54475.591748 13.5502 0.061
54475.601216 13.5693 0.061
54527.501568 13.6053 0.058
54527.511390 13.6012 0.058
54527.521209 13.5993 0.058
54527.531021 13.5795 0.058
54590.372835 13.5425 0.056
54590.382325 13.5376 0.056
54590.391596 13.5464 0.057
54590.399774 13.5373 0.057
54742.700053 13.5913 0.060
54742.709250 13.5954 0.060
54742.718460 13.5929 0.060
54742.727784 13.5869 0.060
54769.719789 13.5869 0.060
54769.729091 13.5947 0.060
54769.738298 13.6045 0.061
54769.747533 13.6156 0.061
54925.468906 13.5678 0.056
54925.480692 13.5785 0.056
54925.492440 13.6138 0.056
54925.504189 13.599 0.056
54940.419625 13.5832 0.057
54940.428138 13.5653 0.057
54940.436661 13.5644 0.057
54940.445302 13.5255 0.057
55180.700695 13.4805 0.055
55180.708510 13.497 0.055
55180.716421 13.5025 0.056
55180.724345 13.5324 0.056
54867.453904 13.5985 0.057
54867.464826 13.574 0.057
54867.476110 13.5823 0.057
54867.496253 13.5675 0.057
54855.645331 13.5789 0.057
54855.658186 13.6067 0.057
54855.671051 13.6156 0.059
54855.683955 13.6201 0.058
54899.527739 13.4536 0.172
54912.485658 13.609 0.057
54912.493735 13.6109 0.057
54912.501776 13.5657 0.057
54912.509832 13.6104 0.057
54956.453950 13.6164 0.059
54956.459418 13.6284 0.059
54956.464879 13.638 0.059
54956.470330 13.6354 0.059
55149.692329 13.5291 0.059
55149.705419 13.5221 0.055
55149.718472 13.5175 0.055
55149.731485 13.5321 0.055
55119.745653 13.5453 0.059
55119.751889 13.5429 0.059
55119.758144 13.5568 0.059
55119.764584 13.532 0.059
55093.762015 13.5159 0.058
55093.767694 13.5198 0.058
55093.773335 13.5236 0.058
55093.779006 13.5566 0.058
55101.734149 13.5712 0.060
55101.747259 13.5733 0.059
55101.760262 13.6168 0.064
55101.773192 13.5478 0.059
55298.454103 13.5365 0.058
55299.423228 13.5547 0.058
55543.670845 13.5385 0.060
55543.705431 13.5669 0.061
55206.622026 13.5802 0.056
55206.658548 13.5329 0.056
55214.543619 13.5136 0.057
55214.569433 13.495 0.057
55263.493793 13.5163 0.058
55330.357409 13.5972 0.060
55526.609554 13.517 0.060
55526.632543 13.5902 0.081
55677.416235 13.516 0.057
55677.441704 13.5188 0.057
55619.595623 13.5319 0.057
55592.590075 13.5366 0.056
55592.626372 13.5615 0.056
55626.504835 13.5708 0.056
55626.549739 13.5558 0.056
55647.469767 13.4778 0.057
55647.496420 13.4985 0.057
54899.531685 13.5528 0.064
54899.537012 13.5311 0.064
54899.542349 13.5807 0.065
54899.547685 13.4617 0.064
55574.621756 13.4952 0.057
55574.648752 13.5471 0.058
55883.687869 13.5383 0.060
55883.696560 13.5359 0.060
55883.705474 13.5446 0.060
55883.714394 13.5091 0.060
55918.628455 13.5425 0.056
55918.638987 13.5418 0.056
55918.649576 13.5062 0.056
55918.660167 13.5255 0.056
55962.568940 13.5159 0.055
55962.579710 13.5446 0.055
55962.590477 13.5284 0.055
55962.601182 13.5383 0.056
56004.522862 13.5411 0.055
56004.534123 13.5431 0.055
56004.545410 13.5438 0.055
56004.556695 13.5284 0.055
56037.443935 13.4644 0.055
56037.455200 13.4809 0.055
56037.466558 13.4751 0.055
56037.477837 13.512 0.055
56068.384921 13.5827 0.058
56068.389726 13.5786 0.057
56068.394496 13.5521 0.058
56068.399202 13.5457 0.057
56251.699751 13.5181 0.055
56251.710382 13.5395 0.056
56251.721243 13.5251 0.055
56251.731958 13.5415 0.055
56281.609144 13.4691 0.056
56281.622859 13.4855 0.056
56281.636258 13.4831 0.056
56281.649744 13.5176 0.056
56368.491261 13.4717 0.056
56368.501981 13.487 0.056
56368.512920 13.4437 0.056
56368.523776 13.4715 0.056
56400.409172 13.5116 0.056
56400.420136 13.5142 0.056
56400.430923 13.5113 0.056
56400.441698 13.5114 0.056
