53763.592418 13.8382 0.061
53763.602526 13.7488 0.061
53763.612569 13.7204 0.061
53763.622744 13.7045 0.060
53763.633127 13.6644 0.060
53877.400112 13.7414 0.062
53877.410587 13.7663 0.062
53877.420890 13.8109 0.062
53877.431266 13.8826 0.063
54064.649242 14.0196 0.069
54064.653269 13.9907 0.069
54064.657213 13.949 0.068
54064.661231 13.9478 0.068
54197.501449 13.6671 0.065
54197.511780 13.709 0.065
54197.522083 13.717 0.065
54197.532386 13.7585 0.065
54113.699979 13.6855 0.067
54113.705564 13.6658 0.067
54113.711250 13.6888 0.067
54113.716927 13.7186 0.067
54130.637935 13.9429 0.067
54130.648342 14.0142 0.067
54130.658717 14.0349 0.068
54130.669025 14.0096 0.067
54167.556475 13.6688 0.065
54167.587011 13.6793 0.065
54167.593857 13.7341 0.066
54167.600694 13.7519 0.066
54178.543196 13.9746 0.068
54178.550895 13.945 0.068
54178.558660 13.9051 0.068
54178.566378 13.8691 0.068
54189.509370 13.6723 0.064
54189.516291 13.6643 0.064
54189.523157 13.7116 0.065
54189.530117 13.6692 0.064
54508.582626 13.7033 0.060
54508.589416 13.7302 0.060
54508.596187 13.7517 0.060
54508.602865 13.7965 0.061
54473.705810 13.6724 0.060
54473.716492 13.6416 0.060
54473.726941 13.652 0.060
54473.737401 13.655 0.060
54534.558004 13.9036 0.066
54534.566888 13.9536 0.066
54534.575712 13.9923 0.067
54534.584516 13.9622 0.066
54594.478246 13.707 0.061
54594.488906 13.6653 0.060
54594.499575 13.6466 0.060
54594.510219 13.6263 0.060
54602.470007 13.7138 0.058
54602.476665 13.6784 0.058
54602.483310 13.6788 0.058
54602.489938 13.6651 0.058
54922.511243 13.813 0.057
54922.520483 13.8805 0.058
54922.529693 13.9573 0.058
54922.538907 13.9649 0.059
54943.455461 13.6377 0.056
54943.463425 13.6161 0.056
54943.471369 13.6052 0.056
54943.479313 13.5982 0.056
54888.532700 13.5975 0.061
54888.541593 13.6079 0.061
54888.550570 13.6339 0.061
54888.559538 13.673 0.061
54858.673982 13.8492 0.062
54858.684706 13.9003 0.063
54858.695486 13.9198 0.063
54858.706289 13.92 0.063
54909.520230 13.7113 0.062
54909.529497 13.6869 0.062
54909.538786 13.6327 0.061
54909.548072 13.6213 0.061
54977.474039 13.8408 0.064
54977.479496 13.8888 0.065
54977.485021 13.7586 0.067
54977.490488 13.8536 0.067
55247.586630 13.8308 0.065
55330.404753 13.766 0.064
55330.429023 13.874 0.065
55656.470277 13.5825 0.057
55656.500101 13.6831 0.058
55585.686879 13.7595 0.060
55585.720914 13.6615 0.059
55714.364591 13.6976 0.057
55714.377291 13.7569 0.058
55714.389993 13.8161 0.058
55714.402642 13.9023 0.059
55634.535953 13.687 0.060
55634.562586 13.7724 0.061
56006.541967 13.6697 0.058
56006.552015 13.7228 0.059
56006.562150 13.7458 0.059
56006.572340 13.8161 0.060
56041.461674 13.8655 0.057
56041.472934 13.7904 0.057
56041.484318 13.7213 0.057
56041.495676 13.6869 0.056
56077.415814 13.725 0.058
56077.422880 13.7319 0.058
56077.430462 13.6991 0.057
56077.437524 13.6924 0.057
56299.714343 13.9835 0.059
56299.724123 13.9498 0.059
56299.733146 13.9344 0.059
56299.742145 13.8831 0.059
56358.586231 13.6829 0.061
56358.595974 13.6974 0.061
56358.605790 13.7366 0.061
56358.615574 13.7859 0.062
56388.515911 13.6583 0.062
56388.526516 13.6849 0.075
56388.537085 13.7789 0.083
56388.547801 13.8065 0.081
56388.567732 13.9625 0.072
56388.578396 13.9802 0.063
56388.589141 14.0607 0.072
56414.390133 13.7261 0.056
56414.400046 13.6735 0.056
56414.410354 13.6547 0.056
56414.420238 13.6269 0.056
