53610.786423 16.3968 0.139
53610.795534 16.2939 0.140
53610.804648 16.2808 0.131
53711.662586 16.569 0.115
53711.673492 16.1663 0.122
53711.684370 16.39 0.134
53711.695248 16.2858 0.106
53734.628372 16.4527 0.129
53734.637009 16.273 0.120
53734.645642 16.3749 0.126
53734.654267 16.2384 0.119
53676.734892 16.3242 0.137
53676.740213 16.3555 0.141
53676.745481 16.2412 0.133
53676.750763 15.8722 0.184
53633.724177 16.2749 0.125
53633.732760 16.3454 0.129
53633.741393 16.2501 0.123
53633.750053 16.3534 0.128
53851.388207 16.3013 0.094
53851.398540 16.3696 0.096
53851.408885 16.4095 0.098
53851.419259 16.3863 0.097
53957.796885 16.3748 0.121
53957.805180 16.6255 0.134
53957.813670 16.6785 0.136
53957.822020 16.6958 0.137
54085.686420 16.4183 0.128
54085.695042 16.3568 0.126
54085.703665 16.3956 0.127
54085.712493 16.3686 0.126
53745.547884 16.3363 0.127
53745.552302 16.4526 0.132
53756.616809 16.3142 0.096
53756.629566 16.2902 0.095
53756.642304 16.3358 0.096
53756.655075 16.2413 0.094
53806.481039 16.3373 0.110
53806.489692 16.4555 0.115
53806.498413 16.4211 0.114
53806.507008 16.4403 0.115
53825.446992 16.4235 0.099
53825.453554 16.4467 0.100
53825.460115 16.3869 0.098
53825.466678 16.3469 0.097
53872.359305 16.4765 0.120
53872.364486 16.4237 0.118
53872.369660 16.4201 0.118
53872.374818 16.4102 0.117
53886.349605 16.3288 0.098
53886.366764 16.3374 0.099
53886.375501 16.3637 0.100
53886.384195 16.8617 0.119
54055.610272 16.4446 0.125
54055.617247 16.4582 0.126
54055.624272 16.4567 0.126
54055.631277 16.4654 0.126
54005.699891 16.4257 0.124
54005.709164 16.4409 0.124
54005.717993 16.3595 0.120
54005.726917 16.4185 0.122
54201.438793 16.4725 0.130
54201.447523 16.4254 0.123
54201.456263 16.3563 0.114
54201.464983 16.375 0.112
54442.713775 16.4853 0.099
54442.717134 16.528 0.101
54442.720498 16.4853 0.099
54442.723866 16.5467 0.101
54137.533332 16.4184 0.132
54137.541904 16.41 0.132
54137.550515 16.4039 0.133
54137.559101 16.5291 0.140
54153.471941 16.4607 0.131
54153.480522 16.4417 0.130
54153.489072 16.3875 0.127
54153.497620 16.3981 0.127
54110.632751 16.4278 0.111
54110.644913 16.4209 0.110
54110.657024 16.4108 0.110
54110.669163 16.4242 0.110
54119.614156 16.3943 0.126
54119.622956 16.4513 0.130
54119.631713 16.4705 0.131
54119.640436 16.4382 0.129
54129.568378 16.5461 0.134
54129.576957 16.6744 0.141
54129.585550 16.5035 0.132
54129.594165 16.5039 0.132
54172.469572 16.4931 0.112
54172.479399 16.4651 0.111
54172.489248 16.453 0.111
54172.499077 16.4728 0.112
54226.362249 16.4297 0.111
54226.370428 16.4642 0.113
54226.378624 16.4423 0.112
54226.386809 16.5983 0.119
54241.396559 16.4375 0.134
54241.404296 16.3728 0.131
54241.412017 16.4789 0.137
54241.419750 16.572 0.143
54417.650250 16.4698 0.107
54417.665880 16.6374 0.113
54417.681250 16.5957 0.111
54417.696770 16.4482 0.106
54378.757458 16.4163 0.124
54378.765399 16.3428 0.121
54378.773714 16.3539 0.121
54378.782203 16.4574 0.125
54379.756792 16.3608 0.130
54379.763890 16.3387 0.148
54379.770960 16.2967 0.120
54379.778464 16.3666 0.123
54819.586286 16.4449 0.100
54819.598187 16.3879 0.098
54819.610189 16.4349 0.100
54819.622366 16.5017 0.102
54503.493561 16.4029 0.126
54503.502304 16.4408 0.128
54503.510945 16.4786 0.130
54503.519665 16.3383 0.124
54472.632111 16.5438 0.114
54472.643587 16.4986 0.113
54472.655100 16.5468 0.115
54472.666610 16.4614 0.112
54531.483559 16.3602 0.105
54531.491807 16.4576 0.109
54531.500065 16.4062 0.107
54531.508324 16.42 0.108
54588.369038 16.6361 0.104
54588.374445 16.7381 0.108
54588.379867 16.6478 0.104
54588.385261 16.6444 0.104
54602.365855 16.675 0.123
54602.370069 16.6148 0.120
54602.374367 16.5902 0.119
54602.378605 16.5234 0.116
54769.687758 16.5453 0.125
54769.696783 16.4242 0.119
54769.705913 16.5031 0.123
54769.715049 16.4897 0.122
54720.775317 16.4268 0.098
54720.780857 16.4303 0.098
54720.786441 16.4785 0.100
54720.791998 16.4647 0.099
54739.760793 16.3415 0.109
54739.777377 16.5057 0.109
54927.462402 16.5905 0.105
54927.467719 16.4277 0.100
54927.473046 16.4639 0.101
54927.478372 16.5045 0.103
54929.448254 16.555 0.153
54929.456279 16.3619 0.142
54929.464317 16.5301 0.152
54929.472364 16.4154 0.146
55174.708714 16.4079 0.100
55174.718355 16.3552 0.100
55174.727962 16.467 0.109
55174.737627 16.4048 0.109
54867.448337 16.506 0.103
54867.459345 16.44 0.100
54867.470425 16.4348 0.101
54867.481731 16.369 0.100
54882.490150 16.3796 0.098
54882.498190 16.439 0.100
54882.506260 16.4789 0.101
54882.514355 16.442 0.100
54836.601087 16.4924 0.098
54836.613956 16.4921 0.098
54836.626892 16.6193 0.102
54836.639820 16.7531 0.107
54855.638945 16.6736 0.108
54855.651772 16.5131 0.102
54855.664628 16.4081 0.105
54855.677505 16.4627 0.104
54898.518921 16.6037 0.156
54898.526961 16.3913 0.143
54898.535019 16.4734 0.149
54898.543075 16.5926 0.157
54912.480344 16.4518 0.100
54912.488372 16.476 0.101
54912.496453 16.4204 0.099
54912.504491 16.4006 0.099
54956.423385 16.7375 0.116
54956.428774 16.5926 0.111
54956.434177 16.6293 0.113
54956.439527 16.5053 0.109
55149.685163 16.4601 0.089
55149.698225 16.515 0.091
55149.711371 16.4673 0.089
55149.724352 16.4937 0.090
55119.741515 16.6296 0.119
55119.747745 16.5194 0.114
55119.753990 16.5007 0.113
55119.760296 16.4542 0.111
55101.725524 16.5654 0.104
55101.738507 16.3944 0.102
55101.751627 16.4374 0.110
55101.764635 16.4539 0.118
55299.418531 16.5952 0.110
55542.608788 16.3723 0.118
55542.637675 16.5903 0.128
55559.645423 16.4889 0.094
55559.688068 16.2325 0.115
55204.631887 16.4825 0.093
55204.676129 16.5802 0.096
55267.467185 16.5906 0.110
55329.382735 16.4104 0.105
55329.398594 16.4647 0.108
55524.690687 16.5099 0.106
55524.720866 16.7628 0.116
55678.402206 16.3396 0.104
55678.421302 16.2927 0.100
55619.535070 16.3962 0.094
55619.585694 16.4104 0.096
55591.605206 16.3798 0.092
55591.649877 16.4071 0.093
55626.494997 16.388 0.091
55626.539770 16.5127 0.096
55649.478716 16.3392 0.107
55649.505535 16.6704 0.113
55868.704368 16.4522 0.090
55868.717231 16.4431 0.090
55868.730028 16.5538 0.093
55868.742855 16.6587 0.096
55908.540089 16.3928 0.091
55908.553992 16.3558 0.090
55908.567892 16.4816 0.094
55908.581850 16.6363 0.098
55971.547390 16.3576 0.095
55971.572290 16.4239 0.099
55971.583212 16.4607 0.100
55971.593914 16.4162 0.100
56004.468095 16.337 0.086
56004.479404 16.391 0.087
56006.498772 16.3733 0.096
56006.508212 16.4304 0.098
56006.517669 16.3397 0.096
56006.527160 16.4634 0.100
56037.401739 16.3221 0.087
56037.413027 16.4377 0.089
56037.424357 16.4098 0.088
56037.435607 16.3774 0.088
56069.366366 16.3614 0.099
56069.371166 16.3158 0.098
56069.375950 16.4038 0.101
56069.380657 16.3031 0.098
56242.691829 16.4665 0.087
56242.704716 16.435 0.086
56242.717662 16.4444 0.086
56242.730492 16.4864 0.087
56274.628443 16.4288 0.086
56274.637240 16.4628 0.087
56274.645855 16.416 0.086
56274.654372 16.4355 0.086
56368.484205 16.5671 0.098
56368.494842 16.4992 0.096
56368.505657 16.5089 0.097
56368.516584 16.4616 0.096
56400.402100 16.4368 0.094
56400.412790 16.5387 0.097
56400.423761 16.3609 0.092
56400.434524 16.4717 0.095
