53740.672423 11.8047 0.051
53740.685173 11.803 0.051
53740.697953 11.765 0.051
53740.710769 11.7879 0.051
53763.664249 11.7264 0.052
53763.670970 11.7184 0.052
53763.677728 11.7066 0.052
53763.684305 11.7036 0.052
53813.578802 11.1912 0.051
53813.593999 11.1985 0.051
53813.609205 11.1838 0.051
53813.624421 11.1921 0.051
53826.570713 10.8414 0.050
53826.586256 10.8152 0.050
53826.601570 10.8215 0.050
53826.616891 10.822 0.050
54064.682824 11.2446 0.051
54064.697712 11.2451 0.052
54064.712598 11.3021 0.051
54064.727444 11.2645 0.051
54100.703280 11.8645 0.053
54100.714067 11.8802 0.053
54100.724797 11.9015 0.054
54120.609529 12.1201 0.053
54120.622753 12.1532 0.053
54120.636035 12.1507 0.053
54120.649511 12.1352 0.053
54130.685839 12.2305 0.054
54130.696122 12.2435 0.054
54130.706414 12.2356 0.054
54130.716701 12.2557 0.054
54167.650434 12.2705 0.055
54167.658972 12.2201 0.055
54167.667511 12.2466 0.055
54167.676067 12.2211 0.055
54178.601632 12.1915 0.055
54178.611554 12.2004 0.055
54178.621510 12.2061 0.055
54189.572712 12.0378 0.054
54189.582179 12.042 0.054
54189.591680 12.047 0.054
54189.601132 12.0182 0.054
54197.539504 12.0173 0.054
54197.551148 12.0183 0.054
54197.562722 11.9911 0.054
54197.574260 11.9922 0.054
54212.459866 11.8601 0.052
54212.473163 11.8703 0.052
54212.486411 11.8513 0.052
54212.499584 11.8569 0.052
54241.540979 11.2987 0.051
54241.550809 11.2849 0.051
54241.560753 11.2773 0.051
54241.570641 11.2852 0.052
54476.653993 11.6223 0.053
54476.665674 11.6137 0.053
54476.677283 11.6121 0.053
54476.689142 11.5926 0.053
54506.681204 11.9525 0.053
54506.689893 11.9458 0.053
54506.698566 11.9638 0.054
54506.707199 11.9 0.056
54527.569113 12.1803 0.053
54527.577559 12.1813 0.053
54527.585987 12.1909 0.053
54527.594456 12.1849 0.053
54536.592101 12.2716 0.054
54536.602393 12.2706 0.054
54536.612721 12.267 0.054
54536.623053 12.2577 0.054
54591.447364 12.005 0.052
54591.458353 12.0449 0.052
54591.469223 12.0215 0.052
54591.480202 11.9966 0.052
54615.468322 11.8525 0.051
54615.478160 11.8516 0.051
54615.487999 11.8356 0.051
54615.497807 11.8394 0.051
54622.403160 13.2871 0.055
54622.409641 11.9716 0.052
54622.416118 11.861 0.051
54622.422595 12.1232 0.074
54816.658898 10.4241 0.051
54816.669018 10.4286 0.051
54816.679158 10.4386 0.051
54816.689427 10.4366 0.051
54858.724293 11.0347 0.050
54858.733514 11.0418 0.051
54858.742790 11.0348 0.050
54858.752095 11.0443 0.051
54868.583029 11.1708 0.051
54868.592833 11.1634 0.051
54868.603381 11.1674 0.051
54868.613274 11.1592 0.051
54888.636172 11.3556 0.051
54888.650537 11.3542 0.051
54888.664933 11.384 0.051
54888.679407 11.3611 0.051
54896.638242 11.45 0.051
54896.642549 11.4619 0.051
54896.646816 11.447 0.051
54909.562173 11.6842 0.052
54909.571008 11.6796 0.052
54909.579838 11.6632 0.052
54909.588686 11.6937 0.052
54923.570566 11.8244 0.052
54923.583588 11.8272 0.052
54923.596582 11.8427 0.052
54923.609542 11.8278 0.052
54943.489494 11.8606 0.051
54943.498762 11.8647 0.051
54943.508001 11.8497 0.051
54943.517266 11.8346 0.051
54953.493649 11.8184 0.052
54953.502042 11.8134 0.052
54953.510422 11.8139 0.052
54953.518814 11.823 0.052
54974.454356 11.7008 0.052
54974.461936 11.6956 0.052
54974.469474 11.6854 0.052
54974.477114 11.6875 0.052
54999.448724 11.3719 0.051
54999.461691 11.3843 0.051
54999.474578 11.3592 0.051
54999.487467 11.3705 0.051
55248.568652 10.8421 0.051
55299.600975 11.6256 0.051
55330.477210 12.0322 0.052
55330.503893 12.0154 0.052
55362.425342 12.237 0.053
55362.443516 12.26 0.053
55386.378366 12.0977 0.052
55386.400190 12.0956 0.052
55586.715699 10.379 0.051
55586.743314 10.4245 0.051
55627.594800 10.9406 0.051
55627.639410 10.9656 0.051
55653.612301 11.2115 0.050
55653.643065 11.2317 0.050
55665.424739 11.3903 0.051
55665.468113 11.4087 0.051
55680.555773 11.5417 0.051
55680.581310 11.5382 0.051
55709.385360 11.8809 0.052
55709.398019 11.8561 0.052
55709.410804 11.8455 0.051
55709.423453 11.7975 0.051
55739.398715 12.0033 0.052
55739.405059 11.9939 0.052
55739.411427 11.998 0.052
55739.417781 11.983 0.052
55740.429051 11.9877 0.052
55740.438922 12.0041 0.053
55740.448821 12.0423 0.054
55740.458717 12.0101 0.065
56029.495925 10.7041 0.050
56029.506457 10.676 0.050
56029.517103 10.7004 0.050
56029.527690 10.6957 0.050
56056.449968 11.1294 0.051
56056.459462 11.1361 0.051
56056.469175 11.1158 0.051
56056.478622 11.056 0.051
56074.376112 11.3213 0.051
56074.387988 11.3165 0.051
56074.400172 11.325 0.051
56074.412218 11.3227 0.051
56362.616518 9.6737 0.050
56362.628691 9.6438 0.051
56362.640813 9.6985 0.051
56390.546145 10.4338 0.050
56390.565392 10.4097 0.050
