53555.645146 16.5082 0.129
53555.655037 16.401 0.123
53555.666671 16.4582 0.126
53555.675864 16.447 0.125
53588.763186 16.4165 0.099
53588.775526 16.4885 0.101
53588.788211 16.5297 0.103
53588.800261 16.5429 0.104
53608.545887 16.4745 0.138
53608.557852 16.5377 0.141
53608.569836 16.4982 0.138
53608.581848 16.4792 0.137
53620.566342 16.4658 0.153
53620.575946 16.4862 0.155
53620.586221 16.5116 0.156
53620.596862 16.4867 0.155
53636.685954 16.4833 0.115
53636.695772 16.3644 0.110
53636.705593 16.5282 0.117
53636.715438 16.4984 0.116
53644.551851 16.6434 0.156
53644.560708 16.6554 0.157
53644.569453 16.7051 0.160
53644.581174 16.8452 0.171
53647.644746 16.4151 0.199
53647.645049 16.4602 0.204
53647.645364 16.4592 0.204
53647.645677 16.4865 0.207
53647.645981 16.475 0.204
53665.612527 16.4743 0.110
53665.621229 16.5035 0.111
53665.629958 16.3843 0.107
53665.638666 16.4476 0.109
53675.566394 16.3912 0.141
53675.575402 16.5399 0.149
53675.584453 16.4692 0.145
53675.593454 16.3495 0.144
53690.548147 16.7673 0.143
53690.556681 16.9576 0.155
53690.565235 17.0134 0.160
53690.573801 16.7231 0.141
53712.450219 16.5057 0.109
53712.455694 16.5126 0.110
53712.461223 16.5457 0.111
53712.466713 16.5009 0.109
53729.501663 16.5208 0.132
53729.510216 16.5372 0.133
53729.518780 16.5585 0.134
53729.527358 16.4926 0.131
53892.767356 16.4092 0.176
53892.776053 16.4092 0.164
53892.784749 16.4174 0.171
53892.793492 16.372 0.192
53924.679973 16.6095 0.135
53924.692702 16.6637 0.147
53924.705445 16.5239 0.147
53924.718185 16.4653 0.151
53945.769788 16.5233 0.106
53945.783124 16.5417 0.106
53945.796432 16.3394 0.099
53945.809739 16.5006 0.105
53962.776891 16.4882 0.105
53962.787542 16.528 0.106
53962.798226 16.5913 0.108
53962.809012 16.5288 0.106
53973.639804 16.4411 0.120
53973.651079 16.495 0.124
53973.662475 16.4818 0.128
53973.673980 16.5106 0.123
53983.520047 16.4802 0.122
53983.530191 16.2961 0.113
53983.540345 16.3278 0.115
53983.550547 16.29 0.113
53997.639276 16.4367 0.122
53997.649981 16.5245 0.126
53997.660694 16.4512 0.123
53997.671425 16.4931 0.125
54007.608112 16.4778 0.123
54007.616644 16.4602 0.122
54007.625194 16.4858 0.124
54007.633721 16.46 0.123
54022.614142 16.4982 0.127
54022.627059 16.472 0.126
54022.633529 16.5294 0.128
54036.459284 16.4626 0.123
54036.467493 16.4259 0.120
54036.475625 16.5179 0.125
54036.483642 16.4195 0.121
54052.452051 16.4673 0.124
54052.462389 16.4821 0.125
54052.472961 16.466 0.124
54052.483351 16.5164 0.126
54065.495961 16.5073 0.134
54065.502451 16.4812 0.135
54065.508967 16.4751 0.151
54065.515463 16.526 0.138
54078.525152 16.4777 0.126
54078.534993 16.4948 0.126
54078.544820 16.2618 0.118
54078.554655 16.444 0.128
54300.808221 16.542 0.106
54300.812236 16.462 0.103
54300.816254 16.5038 0.104
54300.820264 16.4899 0.104
54322.670813 16.5058 0.104
54322.684574 16.5342 0.104
54322.698393 16.5615 0.105
54322.712215 16.4642 0.102
54351.595276 16.4926 0.130
54351.604638 16.5086 0.128
54351.613783 16.5479 0.129
54351.622885 16.5207 0.127
54361.606635 16.4758 0.105
54361.619858 16.5185 0.106
54361.633163 16.5305 0.106
54361.646443 16.545 0.107
54382.617823 16.927 0.148
54382.627735 16.9174 0.149
54382.637702 17.042 0.157
54382.647565 16.8711 0.146
54392.421237 16.4526 0.129
54392.430048 16.4759 0.129
54392.438881 16.501 0.130
54392.448280 16.479 0.129
54414.510409 16.4561 0.096
54414.520332 16.5186 0.097
54414.530240 16.505 0.096
54414.540159 16.4932 0.097
54440.445585 16.5308 0.108
54440.453739 16.4892 0.107
54440.461899 16.5539 0.110
54440.470066 16.529 0.110
54466.508595 16.5152 0.143
54466.512663 16.5921 0.134
54466.516737 16.623 0.137
54466.520752 16.5622 0.133
54661.719395 16.471 0.095
54661.733476 16.5465 0.097
54661.747517 16.5993 0.099
54661.762670 16.5118 0.096
54690.704325 16.7588 0.105
54690.717830 16.746 0.105
54690.731218 16.9114 0.119
54690.744611 16.9393 0.111
54705.637409 16.5322 0.097
54705.650573 16.5123 0.096
54705.663786 16.4331 0.094
54705.676946 16.4184 0.093
54726.656886 16.4773 0.115
54726.667558 16.5175 0.117
54726.678275 16.411 0.113
54726.689049 16.4564 0.115
54745.669567 16.5269 0.099
54745.678277 16.483 0.097
54745.687053 16.5401 0.099
54745.695779 16.5128 0.098
54758.551141 16.5033 0.160
54758.559754 16.45 0.118
54758.568348 16.5158 0.121
54758.576938 16.4817 0.120
54774.535316 16.9566 0.139
54774.542023 16.9094 0.136
54774.548730 16.8768 0.134
54774.555438 16.9553 0.168
55030.672186 16.5303 0.147
55030.680716 16.4936 0.148
55030.689224 16.5279 0.153
55030.697775 16.4382 0.151
55057.711967 16.5161 0.098
55057.722889 16.5309 0.098
55057.733765 16.5322 0.098
55057.744518 16.5286 0.099
55115.605494 16.5433 0.089
55115.618360 16.5524 0.090
55115.631253 16.4946 0.088
55115.644163 16.4995 0.088
55149.547428 16.4738 0.097
55149.557033 16.447 0.096
55149.566652 16.5438 0.099
55149.576259 16.5621 0.100
55180.468584 16.4998 0.101
55180.478217 16.582 0.105
55180.487800 16.4956 0.102
55180.497351 16.4576 0.101
55207.435008 16.557 0.106
55207.454325 16.4924 0.105
55474.609575 16.6714 0.110
55474.652238 16.8734 0.110
55500.611541 16.5361 0.094
55500.643388 16.4758 0.109
55559.441650 16.2628 0.093
55559.471286 16.5168 0.093
55743.707936 16.4826 0.095
55743.724950 16.6187 0.098
55743.741962 16.5034 0.096
55743.759003 16.5339 0.096
55777.667924 16.5642 0.089
55777.682224 16.4534 0.086
55777.696590 16.533 0.088
55777.710951 16.5355 0.088
55821.596521 16.4896 0.095
55821.607866 16.5122 0.095
55821.619271 16.4174 0.092
55821.630688 16.4659 0.094
56124.784389 16.4626 0.086
56124.795211 16.4952 0.087
56124.805995 16.4897 0.087
56124.816769 16.453 0.085
56176.627313 16.4989 0.086
56176.641548 16.5338 0.087
56176.655840 16.4791 0.085
56176.670078 16.5143 0.086
56214.582705 16.5223 0.095
56214.592543 16.5343 0.096
56214.602079 16.5078 0.094
56214.611545 16.5382 0.096
56252.460416 16.4879 0.087
56252.475217 16.4757 0.087
56252.490033 16.5289 0.089
56252.504930 16.5175 0.088
56253.506353 16.4386 0.084
56253.521123 16.4951 0.086
56253.535924 16.4473 0.085
56253.550804 16.4893 0.087
