53588.506197 17.7463 0.172
53588.523346 17.7921 0.176
53588.540444 17.4749 0.152
53607.462931 17.2468 0.162
53607.477737 17.9679 0.228
53607.492965 17.087 0.151
53607.507724 17.2096 0.159
53555.541215 17.2038 0.176
53555.549045 17.2136 0.176
53555.556904 17.2109 0.176
53555.564772 17.1152 0.168
53576.601370 18.3209 0.230
53576.627875 17.338 0.145
53576.641144 17.4509 0.153
53652.398657 17.4448 0.235
53652.408232 17.4144 0.231
53652.417618 17.3317 0.221
53652.426939 17.4084 0.230
53668.435471 18.1023 0.254
53668.446952 18.5677 0.326
53668.458416 17.7016 0.237
53668.469869 17.7047 0.224
53618.448628 17.2895 0.169
53618.464462 17.4541 0.182
53618.480286 17.4841 0.185
53618.496018 17.4001 0.179
53636.488834 17.4188 0.192
53636.499756 17.427 0.194
53636.510648 17.5134 0.202
53636.521557 17.5072 0.203
53849.735952 17.3876 0.140
53849.747548 17.6192 0.155
53849.759285 17.513 0.147
53849.771049 17.6569 0.157
53959.662353 17.4262 0.157
53959.678176 17.2001 0.142
53973.493640 17.3075 0.178
53973.503569 17.2628 0.175
53973.513460 17.3571 0.182
53973.523353 17.1631 0.166
53936.596295 17.551 0.164
53936.606613 17.4327 0.156
53936.616713 17.3887 0.153
53936.626670 17.1596 0.139
53936.636539 17.136 0.138
53945.599033 17.374 0.152
53945.612771 17.5456 0.164
53945.626472 17.3989 0.153
53945.640204 17.9241 0.196
53893.653560 17.3177 0.168
53893.662186 17.3792 0.173
53893.670747 17.3747 0.172
53893.679529 17.4581 0.178
53912.644390 17.8411 0.228
53912.653880 17.7551 0.218
53912.663204 17.7121 0.213
53912.672072 17.649 0.207
53804.762693 17.413 0.183
53804.768003 17.3277 0.175
53804.773322 17.5664 0.195
53804.778613 17.3159 0.172
53879.676227 17.5141 0.181
53879.686248 17.3305 0.166
53879.696439 17.3006 0.164
53879.707042 17.2657 0.162
54015.436330 15.3043 0.087
54015.453519 15.5822 0.094
54022.422541 17.6436 0.218
54022.429858 17.762 0.231
54022.437181 17.5383 0.207
54022.444512 17.5439 0.208
54034.485688 17.7143 0.233
54034.492128 17.5655 0.221
54034.498575 17.7132 0.235
54034.505047 17.6802 0.267
53991.470020 17.5307 0.217
53991.476881 17.5887 0.238
53991.483767 17.2805 0.280
53991.490663 17.18 0.387
54004.474010 17.0474 0.160
54004.483469 17.3102 0.181
54004.492908 16.648 0.135
54004.502356 17.4879 0.198
54198.703681 17.873 0.266
54198.710249 17.4852 0.217
54198.716827 17.9225 0.269
54198.723416 17.556 0.223
54213.715183 17.2678 0.163
54213.726750 17.3887 0.171
54213.738266 17.4094 0.171
54213.749993 17.3758 0.168
54319.532676 17.167 0.166
54319.543315 17.1762 0.167
54319.553837 17.2869 0.176
54319.564196 17.2471 0.173
54291.607400 17.4653 0.210
54291.616542 17.6313 0.227
54291.625719 17.5426 0.212
54291.634697 17.5204 0.208
54303.526355 17.6428 0.210
54303.535502 17.6118 0.207
54303.544891 17.3931 0.186
54303.554086 17.387 0.186
54260.607460 17.412 0.171
54260.616208 17.3578 0.168
54260.624959 17.4445 0.175
54260.633717 17.3815 0.171
54168.766555 17.1934 0.253
54168.773761 17.0445 0.174
54168.780974 16.7502 0.152
54168.788130 17.2316 0.190
54243.647845 17.3075 0.160
54243.661014 16.3101 0.107
54243.674238 17.2962 0.158
54243.687422 17.01 0.140
54415.408151 17.1128 0.150
54415.419142 17.3978 0.157
54415.430026 17.0085 0.148
54415.440895 17.2082 0.146
54382.446166 17.5028 0.200
54382.455726 17.4811 0.198
54382.465300 17.6825 0.218
54382.474851 17.4254 0.192
54390.408610 17.494 0.142
54390.419438 17.6936 0.154
54390.430261 17.4574 0.140
54390.441100 17.5285 0.144
54344.565057 17.1695 0.139
54344.575935 18.6564 0.284
54344.586833 17.1856 0.141
54344.597710 17.0537 0.133
54681.534996 17.4376 0.139
54681.544914 17.3573 0.135
54681.554895 17.4772 0.141
54681.565045 17.6573 0.152
54704.471925 17.1795 0.125
54704.483758 17.2237 0.128
54704.495864 17.2504 0.129
54704.507677 17.2678 0.130
54623.637695 17.0382 0.134
54623.651204 17.2423 0.135
54627.583820 17.6173 0.150
54627.592524 17.4973 0.143
54627.601218 17.6126 0.150
54627.609922 17.6587 0.152
54643.685902 18.4017 0.213
54643.697283 18.3084 0.205
54643.708633 17.4388 0.138
54643.719927 17.3121 0.131
54589.778161 17.2898 0.131
54589.787115 17.4159 0.138
54589.796111 17.2789 0.130
54589.805064 17.3865 0.135
54599.621896 17.7288 0.139
54599.629875 17.7015 0.137
54599.637928 17.6872 0.135
54599.645904 17.6012 0.131
54745.398073 17.3658 0.141
54745.403474 17.5827 0.157
54745.408862 17.1882 0.134
54745.414265 17.0518 0.126
54760.447105 19.2236 0.364
54760.460749 17.3284 0.142
54760.474383 18.3429 0.229
54760.488026 17.1936 0.136
54732.431298 17.1564 0.123
54732.442480 17.1128 0.121
54732.453621 17.2521 0.128
54732.464785 17.1968 0.126
54942.766103 17.234 0.116
54942.779514 17.1045 0.111
55031.499437 17.5233 0.191
55031.507496 18.223 0.271
55031.515745 17.3332 0.174
55031.523990 17.2124 0.165
54999.692458 17.5762 0.185
54999.705584 17.2892 0.170
54999.718735 18.1717 0.276
54914.758811 17.0379 0.112
54914.766615 17.098 0.114
54914.774415 17.3081 0.135
54914.782205 17.1969 0.118
54974.768965 17.7297 0.149
55145.412038 17.0444 0.124
55145.418377 16.1196 0.091
55145.424731 17.1171 0.129
55145.431084 17.139 0.127
55123.490547 17.7367 0.203
55123.498391 17.6963 0.200
55123.506256 17.1852 0.159
55123.514117 17.6104 0.194
55086.486803 17.0788 0.126
55086.492060 17.2938 0.138
55086.497329 17.3283 0.140
55086.502600 17.3856 0.144
55413.548576 17.9293 0.192
55413.585021 17.6765 0.180
55385.606792 17.1575 0.206
55360.739028 17.1277 0.116
55360.781981 17.3878 0.129
55334.698995 17.7837 0.230
55334.728144 17.4221 0.191
55473.503594 17.374 0.152
55473.532045 17.5839 0.168
55441.492701 17.665 0.215
55441.516363 17.274 0.199
55681.732230 17.3208 0.125
55681.769419 17.5655 0.137
55706.792803 17.5811 0.138
55706.804235 19.1043 0.287
55706.815779 17.5797 0.138
55706.827390 17.2719 0.123
53588.568592 17.2445 0.138
53588.585953 17.379 0.146
53588.602717 17.0802 0.129
53588.619551 17.1271 0.131
54623.705293 17.224 0.105
54623.716148 17.4137 0.142
54623.726992 17.1661 0.276
55738.593956 17.217 0.122
55738.609072 17.1355 0.119
55738.624270 17.2236 0.123
55738.639566 17.3795 0.131
55766.511253 17.6 0.143
55766.524041 17.5903 0.144
55766.536934 17.7039 0.150
55766.549877 17.5066 0.138
55796.511724 17.5149 0.145
55796.523584 17.602 0.151
55796.535487 17.5757 0.149
55796.547444 17.6184 0.152
55823.413817 17.654 0.146
55823.425068 17.721 0.149
55823.436407 17.4042 0.130
55823.447720 17.7556 0.150
55858.402674 17.1975 0.123
55858.411115 17.3315 0.136
55858.419525 17.3916 0.141
55858.428010 17.5026 0.145
56066.659979 17.3395 0.139
56066.668908 17.3316 0.138
56066.677946 17.4276 0.144
56066.686951 17.4299 0.145
56129.568131 17.6516 0.136
56129.579830 17.7059 0.139
56129.591410 17.7495 0.140
56129.602994 17.6865 0.137
56156.447666 17.4976 0.131
56156.458890 17.6563 0.127
56156.470193 17.5694 0.123
56156.481584 17.634 0.126
56182.503898 17.1519 0.122
56182.515197 17.2461 0.128
56182.526452 17.1593 0.124
56182.537724 17.3415 0.133
56219.407996 17.1596 0.114
56219.417819 17.2118 0.116
56219.427672 17.4403 0.127
56219.437553 17.6026 0.136
56388.703385 17.1365 0.121
56388.713318 17.1673 0.123
56388.723201 17.143 0.121
56388.733134 17.3338 0.129
56429.738833 17.4008 0.132
56429.749062 17.3187 0.127
56429.759405 17.3707 0.131
56429.770300 17.0875 0.116
56459.633171 17.7134 0.243
56459.643196 18.3288 0.401
56459.653210 17.9209 0.392
56459.663241 17.8444 0.397
