53714.543199 15.3099 0.079
53714.553090 15.2436 0.078
53714.562969 15.3005 0.079
53714.572852 15.2558 0.078
53734.669848 15.3414 0.089
53734.678492 15.232 0.086
53734.687166 15.3752 0.090
53734.695843 15.3139 0.088
53835.428102 15.3713 0.075
53835.436358 15.3641 0.074
53847.421166 15.7077 0.080
53847.434280 15.339 0.073
53847.447402 15.3738 0.074
53847.460469 15.324 0.073
54085.726833 15.2855 0.088
54085.732969 15.2998 0.088
54085.739182 15.2787 0.088
54085.745292 15.2735 0.087
53769.575196 15.3245 0.074
53769.585136 15.289 0.073
53769.595125 15.2988 0.074
53769.605072 15.3031 0.074
53754.699443 15.7522 0.082
53754.709411 15.737 0.083
53754.719384 15.6534 0.081
53754.729336 15.5587 0.079
53813.438541 15.2866 0.073
53813.449985 15.2849 0.073
53813.461431 15.3269 0.073
53813.472962 15.2829 0.073
53881.385310 15.8611 0.097
53881.390491 15.77 0.094
53881.395659 15.8447 0.097
53881.400807 15.9059 0.099
54048.706724 15.2312 0.086
54048.714695 15.302 0.087
54048.722780 15.1953 0.085
54048.730815 15.2456 0.086
54062.587177 15.2974 0.077
54062.600321 15.2853 0.077
54062.613479 15.3229 0.078
54062.626644 15.3513 0.078
54005.739841 15.2974 0.086
54005.748693 15.27 0.085
54005.757889 15.2461 0.084
54005.766667 15.2624 0.085
54199.497741 15.2346 0.078
54199.509210 15.2639 0.079
54199.520705 15.304 0.080
54199.532149 15.2654 0.080
54464.662137 15.6639 0.107
54464.673414 15.6673 0.107
54464.684758 15.7473 0.110
54137.569041 15.292 0.091
54137.579333 15.1341 0.090
54137.589694 15.3104 0.091
54137.600005 15.3249 0.092
54114.583344 15.4267 0.092
54114.590192 15.4817 0.094
54114.597102 15.5202 0.096
54114.603953 15.494 0.095
54130.582803 15.6357 0.085
54130.597087 15.635 0.085
54130.611335 15.6203 0.085
54130.625580 15.5205 0.083
54169.546012 15.5353 0.095
54169.555830 15.4875 0.093
54169.565780 15.4117 0.091
54169.575633 15.3493 0.090
54185.501008 15.3004 0.079
54185.511909 15.252 0.078
54185.522773 15.2888 0.079
54185.533638 15.2224 0.078
54226.395984 15.291 0.079
54226.404151 15.2812 0.079
54226.412326 15.3059 0.080
54226.420866 15.2706 0.079
54243.357159 15.3055 0.090
54243.365313 15.3192 0.091
54243.373488 15.2938 0.090
54243.381665 15.3032 0.091
54382.742686 15.4326 0.090
54382.750707 15.3994 0.089
54382.758860 15.3397 0.087
54382.766882 15.351 0.088
54819.594373 15.2677 0.073
54819.606308 15.3039 0.074
54819.618348 15.3759 0.075
54819.630429 15.3609 0.075
54505.586174 15.1947 0.084
54505.593689 15.1789 0.083
54505.601179 15.1928 0.084
54505.608704 15.2364 0.085
54475.576772 15.3259 0.088
54475.586266 15.2742 0.086
54475.595752 15.3032 0.087
54475.605204 15.3086 0.087
54529.591544 15.6431 0.079
54529.602341 15.6408 0.079
54529.613107 15.4896 0.077
54529.623889 15.4813 0.077
54593.432298 15.2829 0.071
54593.440673 15.3663 0.072
54593.449041 15.3418 0.072
54593.457434 15.2647 0.071
54742.740512 15.6602 0.134
54742.748872 16.2891 0.322
54742.765682 15.8499 0.249
55184.644678 15.455 0.070
55184.660040 15.2765 0.068
55184.675291 15.3843 0.070
55184.690260 15.3867 0.070
54888.441002 15.315 0.082
54888.447450 15.3102 0.082
54888.453922 15.3139 0.082
54888.460382 15.3305 0.082
54858.570617 15.3261 0.080
54858.578673 15.2986 0.080
54858.586757 15.324 0.080
54858.594862 15.375 0.081
54908.447039 15.3729 0.083
54908.455492 15.3285 0.082
54908.463962 15.3395 0.082
54908.472444 15.3184 0.082
54953.415352 15.3328 0.082
54953.424126 15.3038 0.082
54953.432919 15.3539 0.083
54953.441715 15.3029 0.082
55144.729460 15.2613 0.078
55144.737931 15.2914 0.079
55144.746426 15.2493 0.078
55144.754839 15.2441 0.078
55103.760611 15.284 0.082
55103.765327 15.3103 0.083
55103.770035 15.2928 0.082
55103.774766 15.2597 0.082
55300.453335 15.4506 0.080
55544.642117 15.3411 0.085
55544.663780 15.4835 0.138
55236.579609 15.4529 0.073
55214.546809 15.3282 0.075
55214.572603 15.39 0.076
55274.506893 15.3345 0.086
55330.364281 16.0068 0.109
55330.396032 16.2929 0.140
55616.535197 15.4182 0.085
55616.560978 15.3339 0.084
55574.699920 15.3925 0.086
55574.733505 15.2706 0.180
55586.588255 15.6519 0.092
55586.611180 15.8027 0.097
55686.416652 15.3507 0.084
55686.443858 15.3673 0.085
55918.634744 15.3791 0.070
55918.645317 15.376 0.071
55918.655906 15.3094 0.070
55918.666508 15.3923 0.071
55962.614394 15.708 0.075
55962.625831 15.8178 0.077
55962.637235 15.7801 0.077
55962.658708 15.6544 0.075
56281.673429 15.7279 0.088
56281.686855 15.9614 0.084
56281.700113 15.6329 0.092
56281.713601 16.0165 0.085
56368.546496 15.2772 0.063
56368.560631 15.4162 0.064
56368.574754 15.3398 0.064
56368.588956 15.2954 0.063
56380.485406 15.3552 0.067
56380.499565 15.266 0.067
56380.513742 15.3319 0.067
56380.527915 15.3442 0.068
56400.453889 15.7494 0.078
56400.464608 15.6906 0.078
56400.475604 15.6898 0.077
56400.486437 15.751 0.079
