53675.4821303125 17.787764 0.252002785368167
53622.5932055555 17.107473 0.250359782437138
54015.5514194096 17.115142 0.117562636722988
54323.5429735994 17.434418 0.108361378830683
54323.5501618404 17.521658 0.111746975979224
54323.5572919678 17.489014 0.110285784615179
54323.5644687498 17.524927 0.11155684819684
54295.7189762152 17.218147 0.546364825738288
54299.6637965045 17.327201 0.109672622558399
54299.6777182175 17.237917 0.105892385491873
54299.6915952428 17.298371 0.108004260323189
54299.7055191551 17.296991 0.11269531271039
54271.7920966321 16.902768 0.0994199548865091
54271.8020457407 17.249316 0.352459802732131
54246.7099015626 17.417874 0.139888011412004
54246.7189238888 17.224085 0.128740892409467
54246.7279571064 17.262077 0.130512572052096
54246.7369607987 17.101134 0.122166521406599
54416.471038403 17.458265 0.110770963227651
54416.4796787733 17.437411 0.110015265823885
54416.4883454167 17.435617 0.110146010701025
54416.4970046645 17.490018 0.11261662674627
54382.5302586226 17.35615 0.125405745923083
54382.5394543402 17.406656 0.127996139840791
54382.5486699652 17.373437 0.126520653244488
54382.5578521296 17.278429 0.121778783241928
54391.5277317708 17.18192 0.122161388163375
54391.5354422454 17.208736 0.123432734845765
54391.5431774884 17.239668 0.124809524712375
54391.5509145834 17.258956 0.125764374090536
54344.6775915623 17.372407 0.106829833457073
54344.6907141665 17.356519 0.106604872114082
54344.703839317 17.36971 0.107526683818288
54344.7169609955 17.40666 0.109275256882716
54352.5964305207 17.003329 0.11129161239723
54352.6029160648 17.016758 0.112065220124748
54352.6093847106 16.939362 0.109002742571763
54352.6158533564 16.899206 0.107462627680462
54364.5462906133 17.428671 0.112316875972974
54364.5552305323 17.280394 0.106750277106304
54364.5641777432 17.367719 0.11014767171486
54364.5731070256 17.337783 0.109296098263042
54681.6198816435 17.428901 0.0994490412213156
54681.6281948034 17.458553 0.10049453170853
54681.6364756711 17.460852 0.100526244661322
54681.6447683564 17.475787 0.100999846773748
54647.6309213424 17.290726 0.0958336765274123
54647.6453811573 17.335272 0.0969440682463587
54647.6601919099 17.254461 0.0941065565164791
54647.6753060301 17.305571 0.0954200074329795
54599.7338018054 17.459673 0.0991221104503634
54599.7470494099 17.412602 0.0973598613924422
54599.7601694791 17.45767 0.0984022792826912
54599.7733468404 17.443052 0.0976556108923868
54800.4754303127 17.091898 0.10898215075697
54800.4837929049 16.985789 0.105253730672627
54800.4921892939 16.928779 0.103584708034055
54800.5005642708 16.839293 0.10062056351668
54745.583592581 17.271226 0.0899799252030778
54745.5941847571 17.207645 0.0881485314853301
54745.6134157058 17.324798 0.0903956965838092
54745.6239723613 17.292754 0.0899648839261097
54758.472183102 17.137698 0.113047699699843
54758.4811219905 17.476981 0.301035539436003
54758.490055544 17.221019 0.124803928795945
54758.498984479 16.985239 0.119214323349843
54710.5676837964 17.42217 0.0992493808142367
54710.5761277545 17.466657 0.100622761474664
54710.5844696183 17.514495 0.102193781805259
54710.5928231827 17.504057 0.10192466828482
54726.5355453705 17.466069 0.104454911635303
54726.54700669 17.354622 0.100586517523556
54726.5582796875 17.355208 0.100739609675355
54726.5695385765 17.504765 0.106237455317064
54733.5615784489 18.011575 0.0940031223654048
54733.5758344331 19.061555 0.13765079527785
54733.5901017594 17.758147 0.0874068849359992
54733.6043556598 17.79249 0.088572017478986
55058.5971419793 17.503421 0.103582190691671
55058.6079707407 17.471851 0.102546610819449
55058.6188654862 17.481144 0.102878331716109
55058.6297650812 17.479337 0.102822294010778
55179.4368639932 17.261673 0.0976470440701297
55179.4446524883 17.303439 0.0987479749022037
55179.4524511805 17.162223 0.0942679898463073
55179.4601970835 17.254318 0.0980866672174867
55030.5662812383 16.703587 0.106607745568068
55030.5739059492 16.879836 0.114726745839481
55030.5814886458 16.74517 0.109903266779742
55030.5891457639 16.802978 0.111472793346774
54955.7385063541 17.062249 0.106391984512609
54955.746275521 17.045583 0.105662374604355
54955.7540628586 17.116483 0.108013388848629
54955.7618058563 17.018741 0.104238741363752
55152.4099094444 17.118878 0.0912285066029325
55152.4162533218 17.154027 0.0921629214439449
55152.4225974423 17.136212 0.0917307525502195
55152.4289402776 17.098721 0.0907239934093613
55121.4816120484 17.548402 0.0928016495628689
55121.489329236 17.709494 0.0976175703882625
55121.4970578936 17.606001 0.0944614776113701
55121.5048419906 17.484359 0.0910713885783798
55087.591972847 17.044877 0.0920933454530916
55087.5979669327 17.027636 0.091626243637623
55087.603966007 17.075718 0.0930652848947854
55087.6099704052 17.012456 0.0911229309769998
55416.6476743636 17.360668 0.102350422910175
55416.6660206714 17.368652 0.102686438356808
55386.7667568055 17.494276 0.0982929239113517
55386.8106176619 17.443605 0.0969854404238959
55360.7958012268 17.332571 0.0922213509779501
55360.8129816669 17.325037 0.0926599202658667
55502.5256449653 17.443376 0.0967931093013226
55502.5426806829 17.479737 0.0982909594398911
55449.6030419562 17.310964 0.101946869494487
55449.6148176389 17.365156 0.103640176556419
55449.6266826736 17.359494 0.103563314996605
55449.6385462154 17.215747 0.0987208657268115
55737.7171949538 17.398987 0.0947125227000143
55737.7228903126 17.374818 0.0940046968101689
55737.7285990858 17.398151 0.0945650635022062
55737.7342983795 17.468203 0.096646015089548
55770.7090120947 17.476263 0.0904884835734865
55770.721762928 17.31065 0.0863013329007475
55770.7345907407 17.400964 0.0886707973583759
55770.8119230786 17.246894 0.084496640632422
55803.6410890971 17.346721 0.0985022946156148
55803.6498975349 17.231341 0.0949172919797888
55803.6587661691 17.310926 0.0975454913570875
55803.6676574769 17.304058 0.0974152741316594
55823.521448044 17.362525 0.0965332659698291
55823.5355181367 17.253099 0.0945188631834705
55823.5496790971 17.381879 0.0988234685203872
55823.5638042822 17.338626 0.0992164625424848
56075.7383560183 17.54088 0.0969128676402699
56075.7736092246 17.250544 0.0884087021611255
56075.7843842826 17.230853 0.0878192258232765
56075.7951139816 17.253787 0.0885030528814151
56132.6074175579 17.492047 0.102078207752167
56132.619124942 17.328651 0.0967239659480263
56132.6309504053 17.333358 0.0968716473652977
56132.6428014352 17.349217 0.0973111503771918
56164.4984019678 17.401654 0.0970112274160127
56164.5087813078 17.408543 0.0968982007585827
56164.5183387268 17.261928 0.0925709066911618
56164.5277591087 17.351806 0.0950650444843884
56215.5103636575 17.100853 0.0915642489269498
56215.5186838079 17.082523 0.0920664376974417
56215.5270237615 17.094392 0.091785677128656
56215.5355276968 17.025618 0.0882413721996434
