53587.5627640048 18.16563 0.25358479531454
53587.5713035879 18.19957 0.258350821035264
53587.579686088 18.2805 0.2696845439235
53587.5881578354 18.17063 0.255324900967556
53649.4182305207 18.28844 0.377564530199095
53649.4278846413 17.93259 0.311127937479731
53649.4374933682 18.3092 0.43576914049175
53649.4469290741 17.98689 0.424670469432696
53972.4797669562 18.49722 0.333361904143323
53972.4870641089 18.53903 0.341744881085368
53972.494346331 18.3524 0.343935863739016
53972.5016567941 18.39834 0.408650564864123
53973.4306940508 17.94406 0.252033521205899
53973.4386994445 17.98879 0.257526822582885
53973.446635625 18.24798 0.294682486441783
53973.4545500462 18.0432 0.264136353224682
53942.4787247685 18.06629 0.272436540337664
53942.4854136805 18.03906 0.267306471496391
53942.4918833679 18.31623 0.312684206159303
53942.4985168401 18.3515 0.317673284820646
53893.6175318748 18.09475 0.252218165004156
53893.6261692594 18.4873 0.311414447364801
53893.6347879052 18.62499 0.335829299789606
53893.6435453935 18.06451 0.248571683421793
53912.5952888775 17.94851 0.247575442900838
53912.6048333795 17.93384 0.245561925030903
53912.6144616899 18.01159 0.254974000361257
53912.6237755326 18.16655 0.276643984551029
53805.7363502082 17.92693 0.243958591461969
53805.7416316668 18.03699 0.256063316370498
53805.7469223842 18.14983 0.27124147064284
53805.7522247915 18.14293 0.26889731055359
53865.6671826622 18.55835 0.316224503113186
53865.6761640973 18.73487 0.349792147011214
53865.6852308215 18.74738 0.351564221514435
53865.6942084838 18.0808 0.246218012024206
53879.7483412266 18.54454 0.312336425906823
53879.7581690859 18.4467 0.296756567858855
53879.7678045488 18.27553 0.27135643821798
53879.7774744906 18.23991 0.266794541674499
54015.3928381481 18.04789 0.282420657941845
54015.401411852 17.99202 0.27423900026754
54015.4099886805 17.91512 0.262453816526824
54015.4186045254 17.85903 0.255324900967556
54022.3949743404 18.60105 0.374331950391084
54022.4014207639 18.64484 0.384583396295443
54022.4078825812 18.32438 0.32277112971146
54022.4143368864 18.55165 0.366259116740032
54034.4595140048 17.77867 0.255069561714844
54034.4659872802 17.65615 0.236218010213297
54034.4724177431 17.91 0.270706842181988
54034.4788849998 17.92456 0.30441878560086
53991.4414568866 17.98314 0.275996557941867
53991.4483350461 18.03421 0.288337798467902
53991.4552133104 17.93341 0.297961027096359
53991.4620601043 17.90814 0.290330051552877
53994.4293226736 18.2231 0.297457440032825
53994.4378660532 18.56396 0.363555992578983
53994.4464164932 18.25426 0.31755183366485
53994.4549317478 18.50687 0.665402725050527
54001.5512317826 18.38714 0.408897826038459
54001.569309896 17.9768 0.439196515028742
54212.6595426737 18.00607 0.228316296296228
54212.6738826851 18.15913 0.245334956695842
54212.68829794 18.05611 0.231425452352075
54212.7026719791 18.20125 0.248867015847264
54319.5234621295 18.16822 0.281305100754261
54319.5340713311 18.22928 0.290330051552877
54319.5446975349 18.26733 0.296906359346874
54319.555234051 18.3481 0.310102776966415
54295.5447876967 17.56144 0.323281135023254
54295.5594301621 18.44206 0.543128737570962
54303.4940748496 18.05334 0.268487678760974
54303.5026267941 18.29493 0.304580086452916
54303.5111588311 18.1834 0.286926141024669
54303.5197468867 18.52631 0.345856967066714
54177.7377310648 18.60589 0.420872071577215
54177.7434879976 18.14236 0.32482514240677
54177.7492780324 17.7154 0.258020272550232
54246.5837924999 18.26713 0.336902795785948
54246.595166655 18.04508 0.298011525475691
54246.6066464932 18.18483 0.319944710786146
54246.6180388193 18.19419 0.320566660286433
54382.4440283679 18.57652 0.36436102927021
54382.4535920487 18.45194 0.339152659950634
54382.4631730785 18.27266 0.308359861945402
54382.4727123381 18.25213 0.305281952381413
54697.5059477893 18.20149 0.252434092104725
54697.5148034489 18.35631 0.27423900026754
54697.5236928008 18.12811 0.243763884277638
54697.5325888541 18.35043 0.27423900026754
54622.6507965624 18.11928 0.191730311527615
54622.6707766205 18.03489 0.183088052952708
54622.686781412 18.05383 0.186878232477926
54622.7025233335 18.16555 0.218831326783287
54643.6377570368 17.93253 0.175132233414367
54643.6491669677 17.91705 0.174061941422781
54643.6603367245 18.0249 0.182953758084167
54643.671414352 18.10922 0.191146282663332
54533.7442485762 17.9086 0.261075929664865
54533.7525831481 18.28837 0.318833873837805
54533.7608651735 18.24926 0.313500045098847
54533.7691553125 17.69254 0.233102538984005
54758.3940120602 18.05835 0.261452690720917
54758.4037993519 17.9958 0.25396141010479
54758.413612581 18.35567 0.307803647402452
54758.4234251158 17.77538 0.227682790725756
54728.4625920254 18.19033 0.27266965554653
54728.4712247687 18.29491 0.289120639139222
54728.4798713887 18.14101 0.266977039044146
54728.4885912847 18.5411 0.331906053392034
54739.3809506712 18.67269 0.273608054033186
54739.3898460302 18.37555 0.250299547061806
54739.3986338656 18.54528 0.265455516168501
54739.4074398726 18.23203 0.269084126539865
54938.7568875345 18.14939 0.171309666029474
54938.7690268865 18.06025 0.164515792366013
54938.7812262036 18.09521 0.167069880786619
54938.7933637037 18.01965 0.161561956370798
54911.7619151158 18.65475 0.34107294246052
54911.7696464236 18.23474 0.27150996895716
54977.7076156597 18.12827 0.261624483770245
54977.7170508566 18.01411 0.264136353224682
55124.3982499076 18.29897 0.289166885162166
55124.4061700117 18.32436 0.277132502595513
55124.4142222802 18.23841 0.265132830107399
55124.4221609027 18.13004 0.251543129567776
55421.4689382409 18.01604 0.25580575037786
55421.4983154053 18.00637 0.245363293934393
55331.6660816553 17.85316 0.195750645461916
55331.6966115395 18.03458 0.21533724379689
55473.457445648 18.36972 0.253898520723712
55473.4857695368 18.65317 0.295615511199877
55440.4617890279 17.82729 0.242005328581573
55440.485417477 18.28623 0.306097657862524
55663.6470947803 18.28324 0.293419524714409
55663.6741896758 17.91213 0.246908334455172
53972.5100736573 18.3794 0.360559263463842
53972.5173602776 18.44735 0.337407123453345
54977.7762550695 17.77639 0.221303275239172
54977.7857197916 17.76231 0.245419998271165
54977.7076156597 18.06983 0.261075929664865
54977.7170508566 18.05514 0.277746759279555
54977.7762550695 17.85797 0.237004319679768
54977.7857197916 17.79287 0.256418754118072
55762.6033195253 18.06088 0.209571487121445
55762.6140430789 18.16026 0.220769147167506
55762.6248559952 17.891326 0.194589684917915
55762.6355937962 17.91553 0.198710318306215
55796.4607234723 18.03803 0.188335648141298
55796.4728106367 18.12295 0.196778046373848
55796.4846612038 17.92208 0.17922771704203
55796.4965224303 17.91718 0.17888442729298
55852.4112910186 17.98605 0.198681024180107
55852.4232006134 17.91652 0.192597531533612
55852.4352787384 18.07874 0.208777242910017
55852.4471554631 17.96741 0.198170654589324
56065.5926453125 18.27284 0.189894274155147
56065.6042854631 18.36982 0.200826371573976
56065.615794699 18.07683 0.174279927799942
56065.6272551965 18.37275 0.199387910486662
56102.59309581 18.087 0.171336555512377
56102.6058354167 18.07562 0.170316132956123
56102.6186399654 17.94344 0.161540005501198
56102.6316463657 18.29246 0.188557502679188
56150.4684136459 18.18587 0.19154798569968
56150.4785619443 18.06692 0.180827142839269
56150.4888867592 18.09037 0.183301351571033
56150.4993083449 18.17783 0.191120459086844
56182.4484926043 18.07059 0.186567320814902
56182.45821625 18.01473 0.182165833544811
56182.4677105905 17.92763 0.175277272363715
56182.4771272801 17.98248 0.180516269183232
56214.4712025346 18.15536 0.19795321755748
56214.47953978 17.93027 0.17878083369915
56214.4879925349 17.91062 0.177857451735529
56214.4963846412 17.98005 0.184667849320535
56380.7003376157 18.01706 0.159179761578762
56380.713231169 18.00933 0.158544897502807
56380.7261698612 18.02933 0.158840517945686
56380.7390298609 17.98975 0.155891228040493
56405.6723247337 17.90114 0.151047101533645
56405.6822549886 18.142984 0.168836440952907
56405.6923638311 18.08934 0.162906231169604
56405.7024201274 17.95627 0.152246220196372
56459.5729289929 17.9105 0.263677481032298
56459.5861093633 18.03766 0.249371532961704
56459.5982061227 17.91376 0.22786323438822
56459.6105912038 18.12343 0.27150996895716
56490.451321817 18.12244 0.197592530095324
56490.4603000577 18.11989 0.197148219293596
56490.4692476271 18.17384 0.20229875768693
56490.4784963657 17.950328 0.181803429599501
