53610.787305 15.6566 0.105
53610.796397 15.6852 0.109
53610.805504 15.6515 0.104
53610.814656 15.8008 0.109
53711.663667 15.7043 0.087
53711.685454 15.7147 0.093
53711.696328 15.7406 0.088
53713.565735 15.816 0.089
53713.577409 16.0097 0.094
53713.589043 16.1399 0.098
53713.600736 16.1595 0.098
53734.629222 15.7155 0.099
53734.637859 15.7338 0.099
53734.646495 15.6947 0.098
53734.655120 15.6576 0.097
53676.735757 15.6638 0.116
53676.741078 15.6276 0.121
53676.746345 15.7823 0.423
53676.751641 15.6495 0.201
53633.767105 15.9864 0.112
53633.773681 16.0539 0.115
53633.780264 16.0559 0.114
53633.786992 16.0375 0.114
53851.389277 15.7332 0.080
53851.399619 15.7466 0.080
53851.409973 15.7321 0.080
53851.420345 15.8098 0.082
54085.688113 15.8287 0.103
54085.696786 15.8072 0.102
54085.705377 15.7867 0.102
54085.714229 15.861 0.104
53745.550518 15.7563 0.102
53756.622083 15.7905 0.082
53756.634819 15.7758 0.082
53756.647548 15.7952 0.082
53756.660329 15.9814 0.087
53806.484464 15.7038 0.090
53806.493151 15.7283 0.090
53806.501835 15.7137 0.090
53806.510393 15.8108 0.093
53823.457959 15.6774 0.082
53823.466699 15.7339 0.080
53823.475416 15.7525 0.084
53823.484757 15.6616 0.081
53876.358466 15.6904 0.091
53876.363752 15.6858 0.090
53876.369047 15.7046 0.091
53876.374341 15.7045 0.091
54055.611987 15.8544 0.101
54055.618969 15.8339 0.100
54055.626061 15.7374 0.097
54055.633045 15.7935 0.099
54005.700741 16.1672 0.112
54005.710029 16.0607 0.108
54005.718842 15.9337 0.103
54005.727761 15.7635 0.097
54201.439874 15.782 0.101
54201.448602 15.7679 0.097
54201.457340 15.7672 0.092
54201.466068 15.7609 0.090
54444.603536 15.6531 0.096
54444.612437 15.7434 0.098
54444.621444 15.7022 0.097
54444.630296 15.6913 0.097
54137.581453 15.6916 0.108
54137.591821 15.666 0.101
54137.602122 15.7219 0.105
54153.474495 15.7416 0.100
54153.483058 15.7599 0.101
54153.491611 15.7691 0.101
54153.500149 15.7877 0.102
54110.639807 15.8109 0.090
54110.651942 15.777 0.089
54110.664077 15.9002 0.092
54110.676220 15.8507 0.091
54119.650472 15.7669 0.101
54119.659215 15.7581 0.101
54119.667974 15.7757 0.101
54119.676688 15.7563 0.101
54129.570089 15.8163 0.102
54129.578671 15.8112 0.102
54129.587254 15.8418 0.103
54129.595868 15.8491 0.103
54172.506051 15.7503 0.088
54172.514704 15.763 0.089
54172.523379 15.7882 0.090
54172.532018 15.7917 0.090
54227.356541 15.7878 0.104
54227.363394 15.7924 0.104
54227.370235 15.7703 0.104
54227.377091 15.7444 0.105
54242.391210 15.7797 0.116
54242.398087 15.7939 0.131
54242.404975 15.5852 0.118
54242.411935 15.7266 0.106
54415.667523 15.8301 0.087
54378.758308 15.779 0.099
54378.766265 15.8008 0.099
54378.774674 15.75 0.098
54378.783084 15.776 0.098
54379.757643 15.7564 0.107
54379.764760 15.6969 0.103
54379.771868 15.6712 0.097
54379.779339 15.7035 0.097
54819.587361 15.7623 0.082
54819.599252 15.7968 0.082
54819.611299 15.7508 0.081
54819.623441 15.7675 0.082
54501.519305 15.7403 0.080
54501.525892 15.7473 0.081
54501.532450 15.7446 0.081
54501.539070 15.7165 0.080
54511.487683 15.7102 0.086
54511.496361 15.6969 0.085
54511.505047 15.7232 0.086
54511.513695 15.7132 0.086
54472.633193 15.8154 0.089
54472.644672 15.8376 0.090
54472.656186 15.8053 0.090
54472.667681 15.7686 0.089
54527.496067 15.8513 0.088
54527.505999 15.8873 0.089
54527.515811 15.8703 0.089
54527.525630 15.8587 0.089
54590.371755 15.7428 0.079
54590.381248 15.7452 0.079
54590.390519 15.7446 0.079
54590.398697 15.7458 0.080
54769.689460 15.8281 0.097
54769.698566 15.8325 0.097
54769.707662 15.9067 0.099
54769.716753 15.8966 0.099
54735.752879 15.8436 0.091
54735.761570 15.8284 0.091
54735.770428 15.8095 0.090
54735.779282 15.8022 0.090
54927.463466 15.8081 0.083
54927.468784 15.8038 0.083
54927.474112 15.7367 0.081
54927.479439 15.8842 0.085
54929.452498 15.7707 0.112
54929.460537 15.7454 0.111
54929.468578 15.7126 0.110
54929.476625 15.7337 0.111
54940.418561 15.7483 0.080
54940.427071 15.753 0.081
54940.435597 15.7504 0.081
54940.444234 15.8157 0.082
55180.695465 15.8152 0.077
55180.703331 15.8231 0.078
55180.711247 15.8136 0.077
55180.719179 15.8042 0.077
54867.450567 16.1999 0.093
54867.461539 16.1598 0.091
54867.472670 15.9565 0.087
54868.550903 15.8128 0.077
54868.558257 15.819 0.077
54868.565757 15.815 0.077
54868.573327 15.7462 0.076
54882.492331 15.7297 0.081
54882.500382 15.7231 0.081
54882.508443 15.7067 0.080
54882.516538 15.6993 0.080
54836.608529 16.1416 0.088
54836.621425 16.1368 0.088
54836.634377 15.9181 0.083
54836.647307 15.8145 0.081
54855.641077 16.107 0.090
54855.653908 16.1512 0.091
54855.666765 16.1228 0.099
54855.679635 15.9967 0.089
54898.523170 15.8255 0.114
54898.531225 15.855 0.115
54898.539284 15.8711 0.116
54898.547363 15.7836 0.113
54912.481408 15.7519 0.081
54912.489439 15.7597 0.081
54912.497521 15.7356 0.081
54912.505565 15.7569 0.082
54956.424449 15.75 0.084
54956.429838 15.7537 0.084
54956.435244 15.7112 0.084
54956.440591 15.7337 0.085
55119.742361 15.7601 0.089
55119.748582 15.7831 0.089
55119.754819 15.8068 0.090
55119.761141 15.7528 0.088
55101.733076 15.8316 0.088
55101.746152 15.787 0.093
55101.759140 15.59 0.138
55101.772133 15.7115 0.161
55297.449331 15.3001 0.181
55298.450602 15.7811 0.085
55299.420859 15.7791 0.085
55543.669906 15.9127 0.100
55543.704467 16.2637 0.114
55206.612285 15.759 0.079
55206.648266 15.7716 0.077
55214.542566 15.7529 0.082
55214.568371 15.7602 0.082
55263.491431 15.8047 0.087
55329.385033 15.7995 0.087
55526.603253 15.6984 0.094
55526.626825 15.5481 0.117
55677.413423 15.7814 0.083
55677.438877 15.7632 0.086
55619.592771 15.6612 0.084
55591.614991 15.781 0.078
55591.659882 15.7363 0.077
55647.468591 15.8321 0.085
55647.495243 15.832 0.086
54415.688680 16.0576 0.093
54415.700641 16.0844 0.094
54415.711584 16.1411 0.095
54415.722460 16.0754 0.093
54415.733323 15.8954 0.088
55574.620602 15.7912 0.085
55574.647539 15.7231 0.084
55883.685025 15.8768 0.099
55883.693635 15.8094 0.097
55883.702590 15.8316 0.097
55883.711478 15.83 0.097
55918.627068 15.8118 0.077
55918.637586 15.8361 0.078
55918.648177 15.7796 0.077
55918.658760 15.8087 0.077
55962.564647 15.8843 0.078
55962.575403 15.8536 0.077
55962.586173 15.8404 0.077
55962.596888 15.8401 0.077
56003.478417 15.7327 0.074
56003.489709 15.7939 0.075
56003.501219 15.5152 0.162
56003.512560 15.2496 0.248
56004.520063 16.1336 0.082
56004.531282 16.1931 0.083
56004.542584 15.9967 0.080
56004.553892 15.8505 0.077
56037.441152 15.7839 0.075
56037.452374 15.8285 0.076
56037.463748 15.7645 0.075
56037.475010 15.7879 0.076
56068.382575 15.8121 0.084
56068.387307 15.7978 0.084
56068.392109 15.7677 0.084
56068.396869 15.7936 0.084
56242.694680 15.8446 0.075
56242.707578 15.7898 0.073
56242.720501 15.7812 0.074
56242.733353 15.7527 0.073
56274.634390 15.8324 0.074
56274.642915 15.8112 0.074
56274.651534 15.8024 0.075
56274.660010 15.7705 0.073
56368.487734 15.7822 0.079
56368.498408 15.8297 0.080
56368.509280 15.7903 0.079
56368.520213 15.8239 0.080
56400.405620 15.7907 0.079
56400.416426 15.7561 0.078
56400.427377 15.8294 0.079
56400.438093 15.7668 0.078
