53592.750298368 15.954296 0.11042465866122
53592.7658993054 15.976278 0.111166928407598
53592.7837813773 15.96821 0.110917659018262
53592.7983822568 16.20537 0.121961823533777
53608.712849942 15.960891 0.0951745268638699
53608.7262988426 15.972669 0.0956265844120278
53608.7396757524 16.047193 0.098052656425045
53608.7529190974 16.130329 0.100738503254612
53734.5366862152 15.944655 0.106669545793782
53734.5432810301 15.984937 0.108330518339216
53734.5498984146 15.874638 0.104448370458147
53734.5565185763 15.994924 0.110003714273667
53555.7195844792 16.625487 0.133901511635788
53555.7288127315 16.36286 0.120385051492078
53555.7380557984 16.184772 0.112638560685956
53555.7473429629 16.167348 0.111750513652444
53676.5566341553 16.225719 0.127072067471544
53676.5657214584 16.476308 0.140741792544264
53676.5748377663 16.707456 0.155653023567932
53676.583975787 16.428462 0.138137257770309
53692.5712815739 16.202244 0.115981650311679
53692.5793495715 16.223999 0.117075851084282
53692.5874050811 16.166091 0.114867550458444
53692.5954114005 16.17047 0.115284316679927
53653.4600397802 16.009617 0.112342174259343
53653.469078669 16.016604 0.112612973622953
53653.4780364122 16.017817 0.112421851721747
53653.4868286459 16.075132 0.114427745794419
53619.5421922105 16.243752 0.108609675835017
53619.5556527893 16.697837 0.128369519942975
53619.5692417594 16.55799 0.121383493677074
53619.5826334837 16.202016 0.106119053737596
53643.6535433332 16.020297 0.118140639716474
53643.6621126623 16.057652 0.119628395941729
53643.670768507 16.049477 0.119692087491503
53643.6793728933 16.022203 0.118347217630131
53970.7376659258 16.262438 0.118719215401589
53970.7473333102 16.441195 0.124051943356466
53970.7572555558 16.740278 0.173854291767694
54080.5243183216 16.042423 0.098412160016892
54080.5372489118 16.005556 0.0973467359362855
54080.5501747453 16.023837 0.0982811375318929
54080.563169803 16.069031 0.100444329777647
53924.7328700577 16.557241 0.174632551375738
53924.7437895718 17.013704 0.23271590862718
53924.7547643981 16.347832 0.183211440738464
53924.765725764 15.889513 0.15809490460875
53947.7515284955 16.682074 0.112336749863223
53947.7667993289 16.283503 0.0978267320314938
53947.7821088196 16.069981 0.0915731921859554
53947.7973974766 16.076199 0.0916697728045664
53892.8053771757 16.513944 0.208760076509277
53892.8098824538 16.84435 0.233979762918114
53892.814355266 16.943099 0.262280389825155
53892.818809271 16.552743 0.199998184806747
54052.5427306248 16.020865 0.0909833813116797
54052.5558291664 16.111411 0.0910313303088626
54052.5690179747 15.964341 0.0895692698954467
54052.5823762384 15.966308 0.0897346746558725
54065.5501477776 16.08373 0.114025824564576
54065.555776817 16.043366 0.113468957583178
54065.5613974074 16.079229 0.116506465036428
54065.5670948379 16.221273 0.168008011434765
54012.5786558103 16.129681 0.108581619381326
54012.58933272 16.12524 0.108288919262377
54012.6107261341 16.206384 0.111814209723203
54026.5638912961 16.110091 0.0872778108930164
54026.5733822802 16.127418 0.0876807691806197
54026.5828625 16.107616 0.0872390800167527
54026.5923459724 16.482749 0.149612990924567
54033.5639911691 16.237529 0.115365200943846
54033.5717841784 16.474566 0.126476358411255
54033.5795860879 16.722637 0.139814111233843
54033.5885560994 16.506068 0.128394566269865
53983.6063420253 16.692717 0.132912925895608
53983.6167120949 16.881392 0.144006817500373
53983.6270818172 16.615507 0.128924983224526
53983.6377222684 16.305528 0.114396462284717
53997.698741065 16.459558 0.123769183140971
53997.7094773493 16.811019 0.142528065450417
53997.720170926 16.590787 0.1306933559966
53997.7310814119 16.317629 0.11784905473261
54322.7830013428 16.646022 0.109059866078269
54322.7920534257 16.899195 0.120067589001381
54322.8014720716 16.480297 0.10306205945426
54322.8104902315 16.231829 0.0952459037892458
54442.5039270604 16.110312 0.0969202051777034
54442.5104293982 16.079217 0.0959528979457487
54442.5169090508 16.100906 0.096644206425669
54442.523392743 16.061414 0.0957048430715289
54301.7927138312 16.055655 0.0912447014364199
54301.8005141318 15.990653 0.089430952991234
54301.8084217245 16.007605 0.0898350791017172
54301.8162557059 16.066521 0.0914504788289523
54415.6117683332 16.063361 0.0928592445655257
54415.6253961688 16.059377 0.092986161405777
54415.6390220253 16.084349 0.0938955648555544
54415.6526315739 16.375408 0.103451646082801
54388.6359723729 16.122978 0.10928166593646
54388.6446075348 15.978415 0.104242630492981
54388.6532668864 16.003868 0.10518204038638
54388.662012824 16.030241 0.106026444475691
54351.6297414351 16.177328 0.111814209723203
54351.6365167016 16.148243 0.110713196521959
54351.6433758798 16.1183 0.109524887710668
54351.6502675811 16.12917 0.109706837129443
54362.6302099886 16.027315 0.10595373195837
54362.6391460879 16.075815 0.107695842684694
54362.6480796413 16.035508 0.105874290051406
54362.6570236112 15.97485 0.10372743376796
54705.7627449654 16.168551 0.0805343329276303
54705.7793482638 16.149507 0.0801038751278127
54705.7958615048 16.15542 0.0802623164038523
54705.8124866782 16.081978 0.0786373034611988
54467.4806038193 16.225554 0.0979886764826463
54467.4887900115 16.559636 0.109786861952679
54467.4969872106 16.891132 0.12604259423938
54467.5051786113 16.809457 0.136256883894832
54672.7919134723 16.026498 0.0972550928523639
54672.79892647 16.123033 0.100485791566143
54672.8058449073 16.0952 0.0995501186886815
54672.8128354514 16.157751 0.101533447301565
54774.5809404049 16.160551 0.0900862261187057
54774.5895173494 16.216487 0.150937672351917
54774.5981242824 16.056059 0.092079179473964
54774.6067401157 16.498257 0.194713007906244
54794.4698827546 16.159276 0.0903149195486112
54794.4796948149 16.123892 0.0893619224366785
54794.4894569907 16.14144 0.0897149110428377
54794.499121713 16.116459 0.0890518260303838
54758.586525324 16.359117 0.118000037650414
54758.5954581827 16.140289 0.111722251791058
54758.6043648842 16.141687 0.109004329061942
54758.6132662615 16.08665 0.108628403095428
54721.5680175116 16.056547 0.0866219140681012
54721.5768810418 16.194223 0.0900874893779362
54721.5859096297 16.08946 0.0873001352218133
54721.5985020022 16.134129 0.0884320934741787
54738.6556981136 16.629541 0.0999700642724247
54738.6711586691 16.783684 0.105410051577954
54738.686509375 16.239305 0.0887532851691245
54738.7023580093 16.055703 0.0844313434391651
55180.5392581367 16.034976 0.0814414672868801
55180.5456851156 16.042307 0.0817004641445161
55180.5521381482 16.06764 0.0825309317000381
55180.5586492823 16.035101 0.082106754979255
55030.7134374535 16.127711 0.132482075928716
55030.7220782872 16.002517 0.125497164921873
55030.7307210995 15.996118 0.123653026843653
55030.7393539582 16.040035 0.122794335252828
55152.5108517478 16.052505 0.0851328075614186
55152.5220470834 16.094685 0.0861065331011795
55152.5332472799 16.028797 0.084456457446628
55152.5444539469 16.051876 0.0850660124482323
55105.5704612383 16.087127 0.0935781439269839
55105.5820223265 16.13082 0.0947944916004912
55105.5937625924 16.158869 0.0959799785165737
55105.6054433566 16.459837 0.106662351109021
55121.5489686807 16.1126 0.0855058659722302
55121.5603831252 16.239011 0.0885122290368954
55121.5713503356 16.469091 0.0947592008013486
55121.5822115163 16.726757 0.103092829058578
55415.8176253937 16.000365 0.0926401841148287
55415.8276571413 16.077574 0.0940417435619153
55553.4553280901 16.158476 0.0927736541578418
55553.4820871642 15.890012 0.117707688174889
55220.468044919 16.377436 0.104583499345245
55220.4823622569 16.738822 0.119929187066125
55501.6358046991 16.025092 0.0823587709925177
55501.6739409956 16.026796 0.0827068279189515
55486.5316506828 16.106559 0.0841423822499561
55486.5683660995 16.106135 0.084121253446546
55449.6900339582 16.03826 0.0812769301405581
55449.7041266322 16.049379 0.0814539076355094
55449.7183580788 16.037733 0.0810984717081032
55449.7325657987 16.020345 0.0807594392805614
55590.4289172337 15.90267 0.0812271938651643
55590.4542733104 15.882301 0.0818692201543304
53715.4965240047 16.062785 0.0955965692612298
53715.5042106365 16.053819 0.0954871980353439
53715.5120154978 16.099026 0.096918368851775
53715.5198828704 15.991993 0.0939881669987617
55768.7915931596 15.985657 0.0876323481373892
55768.8022857062 16.0613 0.089797203646893
55768.812992014 16.204668 0.0939991858750817
55768.8236590973 16.331631 0.097529404629746
55798.6707588658 16.178795 0.0877435554132604
55798.6852304745 16.57288 0.0987238766297216
55798.6998052201 16.473168 0.0956265844120278
55798.7143410766 16.097336 0.0856758166224905
55849.4864583104 16.670643 0.108373734718784
55849.4986050692 16.39205 0.0989397682521141
55849.5104371295 16.174433 0.0922993154439729
55849.5224121297 16.029664 0.0883665627522869
55879.5470644329 16.76192 0.113633657247633
55879.5559863774 16.477902 0.1020042346066
55879.564946088 16.22725 0.0953226180027191
55879.5737609142 16.03389 0.0900465218354067
56160.7281316205 16.064173 0.0769841030399053
56160.738658646 16.078462 0.0770739924105435
56160.7492721298 16.036577 0.0861692116314893
56160.7599036688 16.036844 0.0771577861280859
56215.6165021875 16.609906 0.090845610898752
56215.6277764815 16.305192 0.0834228171484521
56215.6391585417 16.07988 0.0788498855900473
56215.6505174421 15.993771 0.0771880404786412
56252.5283654745 15.927053 0.11146579867258
56252.5537029168 16.032276 0.0825266971812544
56261.4810565741 16.11216 0.0811884469262567
56261.4922949768 16.158955 0.082140016035522
56261.5035159028 16.087714 0.08071632414723
56261.5149735183 16.032256 0.0795826528635095
56294.5048249769 16.01637 0.0836507438500931
56294.5159126734 16.01961 0.0848036107810981
56294.5271987617 15.976111 0.0839981131786874
56294.5368318865 16.042362 0.085696895687024
