53877.401385 11.4598 0.052
53877.411870 11.4684 0.052
53877.422187 11.4485 0.052
53877.432548 11.451 0.052
54197.501871 11.4943 0.053
54197.512203 11.5087 0.053
54197.522506 11.5057 0.053
54197.532809 11.5139 0.053
54113.702108 11.4192 0.053
54113.707728 11.4214 0.053
54113.713407 11.4258 0.053
54113.719075 11.4496 0.053
54130.636180 11.4724 0.053
54130.646610 11.4901 0.053
54178.545311 11.4129 0.053
54178.553033 11.4105 0.053
54178.560792 11.399 0.053
54178.568511 11.3472 0.054
54189.511513 11.5438 0.053
54189.518401 11.5436 0.053
54189.525302 11.5402 0.053
54189.532308 11.5541 0.053
54473.705205 11.3595 0.052
54473.715953 11.3587 0.052
54473.726403 11.366 0.052
54473.736862 11.3684 0.052
54534.558429 11.4317 0.052
54534.567317 11.4135 0.052
54534.576133 11.4301 0.052
54534.584939 11.4199 0.052
54594.478678 11.5008 0.052
54594.489329 11.5115 0.052
54594.500002 11.501 0.052
54594.510641 11.5009 0.052
54922.511890 11.4121 0.051
54922.521130 11.4137 0.051
54922.530341 11.3839 0.051
54922.539555 11.3642 0.051
54888.532285 11.3787 0.052
54888.541172 11.3464 0.052
54888.550148 11.3771 0.052
54888.559092 11.3724 0.052
54858.673555 11.5091 0.052
54858.684276 11.4983 0.052
54858.695053 11.5257 0.052
54858.705858 11.5242 0.052
54909.520647 11.5004 0.052
54909.529914 11.4897 0.052
54909.539200 11.5137 0.052
54909.548495 11.4902 0.052
54977.473622 11.4048 0.052
54977.479079 11.3989 0.052
54977.484601 11.5127 0.053
54977.490071 11.5699 0.053
55247.586217 11.534 0.053
55330.404283 11.586 0.053
55330.428557 11.5519 0.053
55656.469584 11.3107 0.051
55585.686324 11.5282 0.052
55585.720324 11.5472 0.052
55714.363899 11.3369 0.051
55714.376580 11.3511 0.051
55714.389282 11.3599 0.051
55714.401946 11.3299 0.051
55634.535364 11.4875 0.052
55634.562005 11.4667 0.052
56006.541383 11.5335 0.051
56006.551431 11.5454 0.051
56006.561541 11.5398 0.051
56006.571741 11.5572 0.051
56041.462378 11.4852 0.051
56041.473659 11.5242 0.051
56041.485028 11.4814 0.051
56041.496395 11.5203 0.051
56077.416519 11.3544 0.051
56077.423611 11.3509 0.051
56077.431174 11.3187 0.051
56077.438209 11.3305 0.051
56299.713753 11.3667 0.051
56299.723553 11.3938 0.051
56299.732551 11.3933 0.051
56299.741559 11.3836 0.051
56358.586710 11.3678 0.052
56358.596448 11.3537 0.052
56358.606289 11.3589 0.052
56358.616059 11.3802 0.052
56388.515443 11.4971 0.052
56388.526025 11.5861 0.058
56388.536594 11.6274 0.058
56388.547329 11.4051 0.057
56388.567246 11.7813 0.054
56388.577928 11.5508 0.052
56388.588662 11.627 0.054
