53589.412382 16.0293 0.101
53589.422367 15.9229 0.098
53589.432501 15.9398 0.098
53589.445124 15.8915 0.097
53590.419122 15.8355 0.097
53590.429407 15.9611 0.101
53590.439610 15.9445 0.101
53590.450079 15.8982 0.100
53607.371342 15.905 0.099
53607.381161 15.9192 0.100
53607.390975 15.9248 0.101
53607.400793 15.9831 0.103
53718.713452 15.4419 0.107
53718.720509 15.4363 0.108
53718.727710 15.5046 0.110
53718.734957 15.3409 0.104
53556.417950 15.9218 0.106
53556.425361 15.8734 0.104
53556.432840 15.9268 0.106
53556.440312 15.9141 0.106
53826.630309 15.9527 0.085
53826.642391 15.9511 0.085
53826.653933 15.9302 0.084
53826.665521 15.9337 0.084
53834.493956 15.9342 0.085
53834.506549 15.8907 0.084
53834.519170 15.8235 0.082
53834.531841 15.8846 0.083
53849.582389 15.8517 0.077
53849.590345 15.7981 0.076
53849.598353 15.81 0.076
53849.606352 15.7752 0.076
53960.406027 15.8776 0.090
53960.415867 15.8722 0.090
53960.425692 15.9075 0.091
53960.435516 15.8907 0.091
54088.695593 15.9934 0.103
54088.706417 16.0222 0.103
54088.717324 16.0176 0.107
54088.728151 16.0209 0.117
53769.616910 15.9451 0.089
53769.630986 16.1944 0.119
53924.489925 15.9121 0.090
53924.498661 15.819 0.088
53924.507380 15.9431 0.092
53924.516121 15.9169 0.092
53944.423197 15.7297 0.086
53944.431544 15.7442 0.087
53944.439889 15.7827 0.088
53944.448233 15.7102 0.087
53889.346774 16.0264 0.089
53889.357619 16.0059 0.088
53889.368500 15.9719 0.087
53889.379378 15.9621 0.087
53904.466035 15.8932 0.088
53904.475917 15.8618 0.088
53904.485764 15.8225 0.087
53904.495782 15.8091 0.087
53904.505647 15.7643 0.086
53817.560713 15.8209 0.093
53817.569594 15.7997 0.092
53817.578689 15.7844 0.092
53817.587816 15.7785 0.092
53860.497798 15.9043 0.078
53860.511289 15.9265 0.079
53860.524716 15.9274 0.079
53860.538112 15.9466 0.079
53875.528183 15.8921 0.096
53875.536779 15.9355 0.098
53875.545330 15.9383 0.098
53875.553900 15.9087 0.097
53881.540142 15.9624 0.099
53881.550430 15.9303 0.098
53881.560739 15.9297 0.098
53881.571014 15.9273 0.098
54197.637235 15.8868 0.109
54197.647564 15.8176 0.107
54197.657936 15.8968 0.110
54197.668330 15.9587 0.113
54210.544989 15.6779 0.088
54210.555955 15.6739 0.087
54210.566849 15.6762 0.087
54210.577727 15.7107 0.088
54334.375860 15.8901 0.092
54334.392000 16.252 0.110
54336.363175 15.792 0.103
54336.368314 15.7233 0.101
54336.373472 15.8065 0.103
54336.378633 15.6915 0.100
54153.749978 15.7507 0.089
54153.759390 15.7387 0.089
54153.768845 15.723 0.089
54153.778304 15.7594 0.090
54125.697092 15.8081 0.089
54125.710785 15.8194 0.089
54125.724467 15.8367 0.089
54125.738373 15.8198 0.089
54287.500356 15.9184 0.093
54296.468850 15.8801 0.090
54296.477042 15.8829 0.090
54296.485228 15.931 0.092
54296.493429 15.9153 0.092
54274.400658 15.8986 0.103
54274.409607 15.9127 0.103
54274.418552 15.9046 0.103
54274.427453 15.9201 0.104
54174.520079 15.7169 0.089
54174.528248 15.6619 0.087
54174.536428 15.5975 0.085
54174.544620 15.6552 0.087
54185.647732 15.6066 0.087
54185.659343 15.6459 0.089
54185.670981 15.6737 0.090
54185.682604 15.6261 0.087
54240.499959 15.8809 0.093
54240.511076 15.8641 0.093
54240.522122 15.8033 0.091
54240.533430 15.8028 0.091
54246.494614 15.6662 0.100
54246.503182 15.6409 0.100
54246.511756 15.626 0.099
54246.520322 15.6368 0.100
54509.691660 15.896 0.091
54509.700133 15.9651 0.093
54509.708659 15.98 0.093
54509.717323 15.9513 0.092
54527.692265 15.8624 0.082
54527.705963 15.8451 0.082
54527.719913 15.8687 0.082
54527.733162 15.8096 0.081
54589.634414 15.734 0.080
54589.640987 15.6946 0.079
54589.647548 15.6974 0.079
54589.654090 15.7222 0.080
54597.612589 15.7918 0.080
54597.624489 15.778 0.081
54597.636374 15.834 0.082
54597.648297 15.8415 0.082
54612.553266 15.5789 0.079
54612.564362 15.6936 0.079
54923.703055 15.66 0.079
54923.713909 15.6485 0.079
54923.724692 15.6827 0.080
54923.735512 15.6966 0.081
54938.664256 15.6893 0.074
54938.678207 15.7131 0.074
54938.692028 15.6836 0.074
54938.705870 15.6799 0.074
54867.644751 15.8008 0.083
54867.657936 15.833 0.083
54867.670960 15.8321 0.083
54867.684120 15.8496 0.084
54887.624988 15.799 0.083
54887.635941 15.7968 0.082
54887.646938 15.7369 0.081
54887.658031 15.7303 0.081
54845.652892 15.879 0.098
54845.661791 15.8695 0.097
54845.670679 15.9055 0.098
54845.679602 15.8619 0.096
55043.423760 15.7338 0.085
55043.430198 15.7536 0.086
55043.436629 15.7129 0.085
55043.443056 15.7045 0.085
54995.414730 15.9252 0.098
54995.422691 15.8893 0.097
54995.430703 15.8856 0.097
54995.438703 15.9172 0.098
54911.681300 15.9602 0.099
54911.690941 15.9489 0.099
54911.700248 15.933 0.098
54911.709192 15.9582 0.099
54954.453186 15.708 0.092
54954.462700 15.6986 0.092
54954.472342 15.7594 0.094
54954.482172 15.7512 0.093
54974.546764 15.8684 0.079
54974.557949 15.8422 0.079
54974.569136 15.809 0.079
54974.580278 15.803 0.079
55301.612969 15.84 0.081
55385.423219 15.9431 0.089
55385.445041 15.9815 0.111
55386.409387 15.8136 0.086
55386.431161 15.7706 0.086
55360.557579 15.8803 0.087
55360.579061 15.9265 0.088
55360.586204 15.9011 0.088
55265.695119 15.7989 0.076
55328.534878 15.9015 0.089
55328.570252 15.8847 0.089
55634.656820 15.9741 0.083
55634.701244 15.8817 0.083
55701.506884 15.7164 0.077
55701.518271 15.6757 0.077
55701.529987 15.653 0.076
55701.541345 15.6121 0.075
55741.482824 15.799 0.083
55741.487053 15.7573 0.083
55741.491384 15.7922 0.093
55741.495627 15.7677 0.108
56008.722181 15.6163 0.250
56008.733308 15.7455 0.081
56008.744423 15.6885 0.084
56008.755741 15.6787 0.080
56011.545465 15.8455 0.077
56011.557586 15.7883 0.076
56011.569643 15.8181 0.076
56011.581716 15.8603 0.077
56033.584773 15.7219 0.068
56033.596111 15.6909 0.068
56033.607435 15.7399 0.069
56033.618783 15.661 0.068
56046.582593 15.7602 0.076
56046.593860 15.7837 0.076
56046.605223 15.784 0.075
56046.616607 15.7534 0.075
56075.520915 15.754 0.083
56075.531632 15.749 0.083
56075.541170 15.7839 0.083
56075.550841 15.7846 0.084
56116.414342 15.9237 0.080
56116.419898 15.9808 0.082
56116.425623 15.995 0.083
56116.431273 15.9543 0.081
56368.677942 15.8905 0.076
56368.691454 15.9026 0.076
56368.705031 15.9086 0.076
56368.718631 15.9047 0.076
56391.618477 15.9228 0.081
56391.628162 15.9516 0.082
56391.637745 15.931 0.081
56391.647276 15.9391 0.082
56408.637853 15.998 0.071
56408.650116 15.867 0.069
56408.662376 15.8679 0.069
56408.674708 15.7902 0.068
56420.554118 15.6747 0.077
56420.564871 15.7028 0.077
56420.575740 15.7111 0.078
56420.586602 15.4776 0.212
