53879.468121 14.6822 0.072
53879.477181 14.7372 0.073
53879.486196 14.8548 0.075
53879.495185 14.8948 0.075
54064.681743 14.845 0.074
54064.696630 14.7758 0.078
54064.711517 14.5382 0.068
54064.726344 14.5634 0.069
54197.541201 14.6255 0.077
54197.552853 14.6005 0.076
54197.564417 14.5813 0.076
54197.575956 14.5745 0.076
54212.458765 14.8233 0.072
54212.472024 14.7451 0.071
54212.485334 14.6522 0.070
54212.498507 14.5806 0.069
54129.618559 14.728 0.077
54129.627750 14.6668 0.076
54129.636998 14.5834 0.075
54129.646544 14.5549 0.074
54178.576150 14.8995 0.089
54178.582159 14.9348 0.083
54178.588204 14.8549 0.082
54178.594233 14.8052 0.080
54189.547443 14.682 0.077
54189.555149 14.7502 0.078
54189.562900 14.6498 0.077
54189.570601 14.634 0.076
54816.624349 14.6299 0.074
54816.633621 14.6006 0.073
54816.642876 14.6022 0.073
54816.652190 14.6038 0.073
54476.613950 14.6869 0.076
54476.623402 14.8382 0.079
54476.632850 14.8176 0.079
54476.642466 14.8673 0.080
54531.623013 14.7423 0.066
54531.627057 14.7436 0.066
54531.631099 14.6725 0.066
54531.635126 14.6821 0.066
54536.589553 14.8104 0.077
54536.599847 14.7539 0.076
54536.610153 14.6638 0.074
54536.620480 14.6044 0.073
54591.446809 14.4975 0.064
54591.457807 14.5086 0.064
54591.468685 14.525 0.064
54591.479643 14.5654 0.064
54595.498621 14.6541 0.070
54595.508949 14.7534 0.071
54595.519318 14.8315 0.074
54595.529681 14.8407 0.073
54602.499356 14.8365 0.067
54602.504925 14.8921 0.068
54602.510467 14.8506 0.067
54602.516042 14.8755 0.068
54615.462915 14.8951 0.067
54615.472742 14.8758 0.067
54615.482583 14.7973 0.066
54615.492417 14.7011 0.065
54923.528382 14.6635 0.066
54923.540839 14.6684 0.066
54923.553324 14.6524 0.066
54923.565712 14.6356 0.065
54943.462024 14.64 0.062
54943.469961 14.6071 0.062
54943.477912 14.6042 0.062
54943.485867 14.6094 0.062
54868.580850 14.6188 0.066
54868.590660 14.6149 0.066
54868.601111 14.5779 0.066
54868.611073 14.5801 0.066
54888.584295 14.7222 0.063
54888.599483 14.7715 0.064
54888.614626 14.904 0.065
54888.629732 14.8659 0.065
54858.723221 14.9099 0.068
54858.732440 14.9132 0.068
54858.741718 14.8665 0.068
54858.750987 14.7856 0.067
54909.559665 14.8528 0.075
54909.568486 14.7548 0.073
54909.577313 14.7671 0.074
54909.586169 14.6476 0.072
54953.492818 14.6577 0.071
54953.501207 14.6727 0.071
54953.509585 14.6559 0.071
54953.517979 14.6985 0.072
55248.564432 14.6038 0.073
55330.441932 14.6479 0.074
55330.463416 14.8294 0.077
55662.526343 14.5334 0.065
55662.556494 14.7201 0.067
55586.712838 14.9512 0.079
55586.740406 14.775 0.076
55627.591294 14.773 0.069
55627.635787 14.5832 0.066
55709.382448 14.703 0.067
55709.395200 14.7812 0.067
55739.395959 14.5667 0.063
55739.402226 14.5813 0.063
55739.408607 14.5965 0.063
55739.414952 14.5729 0.063
55945.690347 14.7284 0.065
55945.700920 14.805 0.066
55945.711562 14.9073 0.066
55945.722197 14.9124 0.067
55978.562275 14.7118 0.067
55978.571290 14.7844 0.067
55978.580229 14.8523 0.068
55978.589381 14.9379 0.069
56029.493135 14.6344 0.062
56029.503638 14.6701 0.062
56029.514275 14.6801 0.062
56029.524869 14.6945 0.062
56056.448789 14.7533 0.067
56056.458265 14.8469 0.068
56056.468007 14.922 0.070
56056.477466 14.9383 0.070
56074.372529 14.664 0.067
56074.384389 14.7729 0.068
56074.396558 14.8782 0.070
56074.408626 14.9972 0.071
56303.570885 14.9595 0.069
56303.582829 14.9244 0.068
56303.595257 14.797 0.066
56303.607387 14.6846 0.065
56362.603350 14.4966 0.071
56362.615496 14.5538 0.078
56362.627744 14.6252 0.092
56362.639851 14.4272 0.129
56389.585055 14.8756 0.063
56389.597307 14.8422 0.063
56389.609384 14.7019 0.062
56389.621542 14.6513 0.061
56414.441632 14.6714 0.061
56414.452612 14.7123 0.062
56414.463504 14.8217 0.062
56414.474440 14.9142 0.063
