53607.3735188078 16.467549 0.120662008464531
53607.3833272108 16.392421 0.117646059957111
53607.3931408795 16.337583 0.115558266920249
53607.4029622106 16.448966 0.121166688202016
53718.7143217825 17.265025 0.232933153932352
53718.7213977316 17.003394 0.205513583870489
53718.728610764 16.966578 0.202345328690194
53718.7358382062 17.130316 0.216578690141121
53826.6324668056 16.324981 0.0942472364356414
53826.6445570719 16.465227 0.0984715455034422
53826.6561046876 16.433361 0.0974077532091905
53826.6677010069 16.5663 0.101674999124123
53834.4961065045 16.363604 0.0964220586313592
53834.5087260418 16.391943 0.0970416624494056
53834.5213439236 16.364214 0.096189151588203
53834.5340255094 16.563066 0.102540603594398
53849.5850161806 16.726672 0.0976603710459956
53849.5930060994 16.717393 0.0973233175164759
53849.600992963 16.763875 0.0988769861110313
53849.6089825 16.725888 0.0975237289654428
53769.6188932176 16.455921 0.103862146669309
53769.6329523147 16.340969 0.137300297883465
53924.4910173146 16.324606 0.102914955738643
53924.4997488889 16.399684 0.106193689433196
53924.5084745716 16.609969 0.11499710386306
53924.5172097338 16.327255 0.104254301877267
53944.4265103354 16.714412 0.118349467992198
53944.4348628474 16.69534 0.117968884075414
53944.4432029859 16.523121 0.111206693121314
53944.4515784145 16.424795 0.107691335655207
53889.3489358216 16.738428 0.111558599668555
53889.3597997571 16.764336 0.112458148191116
53889.3706770139 16.603554 0.10604185227445
53889.3815450347 16.5685 0.104599293921669
53904.5088027082 16.737621 0.117294293204084
53904.5203173612 16.758778 0.118324690671953
53904.5318370485 16.81192 0.120781858247202
53904.5433749422 16.67638 0.115385459538909
53817.5997919097 16.602163 0.121206441543868
53817.6088501966 16.529622 0.117931105743052
53817.6179363426 16.456447 0.114734657262304
53817.627086736 16.377031 0.111474539100321
53860.5032030901 16.397569 0.0887340796773942
53860.5166407524 16.377688 0.0884973190176507
53860.530045891 16.591125 0.0942847708566524
53860.5433696642 16.691225 0.0973298714342374
53875.5290430902 16.433523 0.115466644567627
53875.537626574 16.455884 0.116479041646414
53875.5461984493 16.590528 0.122736717990769
53875.5547465279 16.588994 0.122133164845481
53881.5444204283 16.400482 0.114663523215539
53881.5547270832 16.435219 0.1160397049985
53881.5650015624 16.411264 0.115282300612427
53881.575298947 16.416594 0.115615432615447
54197.6380859145 16.478777 0.137150533269536
54197.6484092247 16.689546 0.150224803623346
54197.6588064932 16.488941 0.13795923887896
54197.6691782872 16.565499 0.14301158802835
54210.5879645487 16.706988 0.12306818564038
54210.5989145022 16.582416 0.117523205872547
54210.6098370254 16.527541 0.115264133054699
54210.6207044562 16.485001 0.113538876865637
54334.3769515855 16.454775 0.110496903244674
54334.3932387848 16.166321 0.101005442183822
54336.3640188656 16.324855 0.124002816808034
54336.3691586458 16.494851 0.133049355330321
54336.3743235415 16.465947 0.131736551285073
54336.3794772105 16.315391 0.124158647617218
54129.6922551158 16.687069 0.144201158651799
54129.7023713544 16.588931 0.138195406628017
54129.7125101738 16.546086 0.135705557641975
54129.722670972 16.381384 0.126976007210298
54287.5014391551 16.375494 0.10677917587801
54296.4699293636 16.332292 0.102885652875823
54296.4781273496 16.404609 0.1056224252722
54296.4863105323 16.391303 0.105351476945303
54296.494505405 16.396409 0.105796505154711
54273.4701893056 16.390071 0.122207628140873
54273.4800182638 16.519873 0.128766220933467
54273.4898476854 16.600558 0.133070945023666
54273.4996721294 16.620976 0.13436914242144
54174.5649931249 16.436684 0.11069962319743
54174.5701877778 16.494807 0.112980921001461
54174.5753752431 16.489872 0.112770556120434
54174.5805969676 16.516699 0.113814676183243
54185.6498857522 16.204467 0.104548000606064
54185.6615348035 16.412486 0.113872096620599
54185.6731520253 16.394246 0.112858925269574
54185.684781516 16.461936 0.114083701302548
54226.654207604 16.554948 0.117274760713346
54226.6651345254 16.454798 0.113235969081845
54226.676037014 16.554296 0.117709888394084
54226.6869887039 16.367012 0.10993451246963
54240.5033035069 16.512636 0.115171483504204
54240.5144121414 16.579709 0.117942212112293
54240.5256103706 16.640089 0.120776955110032
54240.5367021062 16.813253 0.129376863107972
54509.6961766896 16.358381 0.104908164374742
54509.7047532871 16.403483 0.106622103993003
54509.7133456366 16.401705 0.106072701705103
54509.7217979282 16.44666 0.107583437162922
54662.4783969675 16.752462 0.115159419642438
54662.4849690972 16.52176 0.102713060359817
54662.49153081 16.646483 0.107484954491625
54662.4980917014 15.792339 0.0966360661812046
54622.4915308682 16.393799 0.0943809488528303
54622.50136331 16.449233 0.0960570556332888
54622.5111995717 16.448318 0.0961388494352272
54622.5210073609 16.531724 0.0990017271552937
54527.6935848727 16.408871 0.0952467459395499
54527.7072717476 16.503641 0.0982772110633014
54527.7212435765 16.655513 0.103405382304417
54527.7344703589 16.547069 0.0997674771732492
54590.5719946874 16.446927 0.0972140830376428
54590.5803192016 16.465476 0.0978651719742491
54590.5886709145 16.395065 0.0957100151402339
54590.5969962385 16.396818 0.0958094001042688
54595.5477711807 16.537026 0.114969149656383
54595.5580888197 16.640219 0.1210131442832
54595.5684562267 16.730629 0.122284856091606
54595.5788346414 16.777105 0.129681589629806
54612.5543482755 16.713299 0.10720661406013
54612.5654390971 16.711309 0.107392801447894
54612.571911227 16.757052 0.1092336266326
54887.7281566667 16.765228 0.11009793767631
54887.7389765391 16.874896 0.114351557705245
54887.7498483681 16.815675 0.111984846219145
54887.7606295832 16.602141 0.104113371678773
54995.4155641204 16.40775 0.116352803405771
54912.6573907984 16.418644 0.099153855144925
54912.6697086226 16.380943 0.0981519333646108
54912.682085949 16.420549 0.0999828573670964
54912.6944880439 16.455444 0.100626060185275
54954.4883384026 16.45002 0.118762630529518
54954.4973712616 16.444608 0.118596194696687
54954.5063243864 16.457617 0.119151678679935
54954.5154308678 16.353739 0.114722790996404
54974.5480631132 16.67085 0.0994355315055963
55303.6584018169 16.535799 0.0997316207724627
55386.4531128821 16.318871 0.111500778239906
55360.5581577779 16.42257 0.103256000865004
55271.6420518171 16.564274 0.13362610281993
55329.5475395137 16.424372 0.124564193075832
55664.6052199998 16.629157 0.112698977344963
55664.6182736345 16.795502 0.119883985872659
55664.6314438079 16.62402 0.112469044315641
55664.6445049536 16.5996 0.111392497166225
55634.6624276506 16.568846 0.100084416516059
55634.7069083102 16.733057 0.108279686747758
55741.4842148957 16.502316 0.103469174102473
55741.4884511804 16.447205 0.103421626001371
55741.4927917359 16.46927 0.104619053306371
55741.4970266203 16.487184 0.134725889860695
56011.5891332755 16.31242 0.0945959244738709
56011.6025665508 16.345834 0.0873214274304124
56011.6160881364 16.329012 0.0870536608390594
56011.6296307872 16.317779 0.0886493743281407
56033.6295022108 16.441233 0.0794671479284534
56033.6407936113 16.335523 0.077516523665406
56033.6521379166 16.451828 0.0797984052906443
56033.6634440162 16.365395 0.078297888613016
56046.592439433 16.414447 0.089006225912816
56046.6037905555 16.281576 0.085765127479036
56046.6151813887 16.45809 0.0903469277751813
56046.6265263887 16.533529 0.0925120486622271
56076.4323460994 16.686336 0.100862661296405
56076.4450239929 16.810145 0.105401868241667
56076.4576945024 16.68936 0.101370036829749
56076.4703785878 16.534693 0.0966677365247912
56116.4184841666 16.514299 0.112052702011373
56116.4242111229 16.405235 0.0977826182983032
56116.4298496413 16.477893 0.0949727714907463
56116.4355034492 16.48677 0.101527712741464
56368.6828763656 16.378952 0.0857468368921732
56368.696458611 16.464247 0.0877550480306089
56368.7100389929 16.544082 0.0899893332074211
56368.7237100116 16.762438 0.0962130264600318
56391.5757744676 16.420082 0.0938713128091963
56391.5853946298 16.468413 0.095373367819396
56391.5949224304 16.451021 0.0948405513572985
56391.6045419099 16.596095 0.0991815422404476
56418.5942374305 16.69716 0.0884892927725831
56418.6092156829 16.735191 0.0845684482418931
56418.6243572338 16.567317 0.0810242458822174
56418.6394373379 16.417193 0.0784401454859587
