53592.5510703588 16.471216 0.103830302412119
53592.5629980789 16.471155 0.103752789474542
53592.5755790972 16.434818 0.102479422202522
53592.5881204397 16.510219 0.105058124672681
53607.6999912732 15.885253 0.0779977517227493
53607.7146473262 16.02579 0.0808003272105465
53554.6712889119 16.629094 0.102677975793142
53554.6797554397 16.638526 0.102916178779665
53554.6882067939 16.599278 0.101668071529066
53554.6966890508 16.386995 0.095125975723336
53579.6858721874 16.131294 0.0817829382809187
53579.6990475464 16.168635 0.0832945497372836
53579.7122093868 16.134616 0.0833867507363846
53579.7253476391 16.170365 0.0851268076586601
53676.4473815045 16.181253 0.0979857726929369
53676.4560602314 16.034343 0.0935850711710403
53676.4647210764 15.865076 0.0890910146506775
53676.4733424421 15.827808 0.0881322669773387
53693.4834714701 16.020689 0.0940180878968013
53693.4912418054 16.068199 0.0957497083473068
53693.4991359722 16.077822 0.0961856181890459
53693.5069096528 16.131347 0.0980915305845187
53644.4046703704 16.454726 0.109636823290151
53644.4132208681 16.593826 0.115670667934846
53644.4218611691 16.531723 0.112607492657017
53644.4305638309 16.507836 0.111521792291851
53614.6173809143 16.177767 0.0847382837900255
53614.632851447 16.173265 0.0847900710357322
53614.6483869907 16.059241 0.0822459380758752
53614.6639341666 16.191222 0.0853514001267058
53633.5454967247 16.752097 0.112084902409951
53633.5541656946 16.522955 0.103375427245858
53633.5628336921 16.384068 0.098758024644742
53633.5714669099 16.224422 0.0939740125355124
53960.6898165974 16.032917 0.0757830432438023
53960.7063308796 15.925005 0.0740597813922004
53960.7228820832 15.847344 0.0729287962694498
53960.7395423264 15.92494 0.0742444461567514
53969.5754770023 16.563688 0.0985271273447214
53969.5841421528 16.567151 0.0986117857398991
53969.592801273 16.587424 0.0993681172001733
53969.6014448844 16.638932 0.101065967704124
53978.4911961576 16.52581 0.0984111707587092
53978.5017528126 16.545581 0.0989966416045975
53978.5123852661 16.473502 0.0965377634798801
53978.52312978 16.574941 0.0996726944862004
54087.4591678471 16.495148 0.105674789063454
53934.744975972 16.062196 0.0774784163259829
53934.7575870487 15.865244 0.0748087001939371
53934.7701317244 15.841395 0.0745171342896788
53934.7826826852 15.825394 0.0750618761620004
53913.7536638427 16.27428 0.0892553071797559
53913.7623530442 16.307219 0.0900982185261542
53913.7711444326 16.279026 0.089352256184527
53913.7799973033 16.308999 0.0900037677950879
53871.7560846877 16.239389 0.0855475817593009
53886.6812239238 16.053265 0.0739037413715615
53886.6928850114 16.101005 0.0745498862038347
53886.7045198842 16.150706 0.0751624884388263
53886.7161231018 16.192021 0.0759637607321931
54050.4187868979 16.532708 0.100592005379336
54050.4265278239 16.543926 0.101073825387806
54050.4342608682 16.527963 0.104696938257891
54050.4420103474 16.512645 0.102907627886476
54063.4473001274 15.964866 0.0860657062205054
54063.4579418517 16.039465 0.0879877531247888
54063.4685732756 16.052339 0.0884258160714407
54063.4791350231 16.068234 0.0890672531973458
54014.4948382524 16.471831 0.0967530493900475
54014.5034809375 16.563549 0.0995167194819519
54014.5120985184 16.48039 0.097114711070879
54014.5207135418 16.438221 0.0960237356096434
54029.5182815972 15.784738 0.072577150428538
54029.5292638424 15.834906 0.0731825835852272
54029.540284757 15.857053 0.0763466748244895
54030.4672672106 16.598802 0.0880194471143717
54030.4782873034 16.601876 0.0879018862777356
54030.4893053123 16.654294 0.0895246623253003
54030.5002458911 16.642726 0.0891852101673971
54031.4630270486 16.549012 0.0997242439380839
54031.4725557754 16.537224 0.0993401792003393
54031.482102662 16.511837 0.0984794771729937
54031.4916075349 16.570499 0.100489069031293
54031.5011012961 16.490133 0.0980264567522555
53993.5378157293 15.837076 0.0805147835049486
53993.5465953473 15.924269 0.0823793164262476
53993.5552882638 15.917616 0.0822617851048099
53993.5640042244 15.971807 0.0834117411043549
54000.5738001737 16.350632 0.0999679306730917
54000.58455522 16.388184 0.101918829322084
54000.5953638425 16.403336 0.10288931436303
54000.6061817363 16.416308 0.10402974697488
54006.5333364817 16.605739 0.101136796359698
54006.542372361 16.537095 0.098940783444416
54006.551410197 16.552931 0.0994667198812018
54006.5604556828 16.510735 0.0981763406905425
54324.5479472568 16.454582 0.0836553298769944
54324.5587227778 16.508796 0.0848597070236365
54324.5695801387 16.530005 0.0851841445139862
54324.5805596067 16.514958 0.0849128342098573
54295.711657419 16.459576 0.19378750269885
54295.7168447684 16.257081 0.209190431698152
54295.7220269099 16.058392 0.180356168880006
54295.7272089354 16.371736 0.222866956162442
54261.7563655092 16.626722 0.102979806984902
54261.7697883565 16.726905 0.121806675018088
54261.7831327315 16.617454 0.137138420446342
54261.796577801 16.492125 0.184806365835512
54416.4694199422 15.930603 0.074475005492768
54416.4780625114 16.000993 0.0756037084857895
54416.4867295022 15.99702 0.0755969100502863
54416.49537647 16.045838 0.0765886976342998
54382.5349932869 16.069997 0.0857208854938808
54382.5442106483 15.920777 0.0824143902304953
54382.5533848379 15.846863 0.0809576274361049
54382.5625944447 15.81994 0.0804082774920325
54391.4646914351 16.609352 0.103546968280347
54391.4737688658 16.658484 0.105633439981907
54391.4827983679 16.552198 0.101977289546205
54391.4918240627 16.528415 0.101266692057277
54348.5930825924 16.706584 0.0905597045874962
54348.6072614817 16.678558 0.0899742835345826
54348.6214409489 16.60901 0.0882583098995161
54348.6356455442 16.474345 0.0851411194666775
54688.5043149423 15.981369 0.0903899147330117
54688.5119464928 16.1521 0.140608490283283
54815.4395904859 16.665278 0.0984864190098506
54815.4446273727 16.684666 0.10016924549617
54815.4496669212 16.629018 0.0986357545203388
54815.4547091319 16.651398 0.0995229763075123
54662.5913117016 15.974676 0.0713272991842192
54662.6034840392 16.059394 0.0725493898697099
54662.6156598609 16.055297 0.0724813071190483
54662.6454857756 16.448262 0.0841985894616283
54632.6710332409 16.484907 0.0851194249329839
54632.6875426737 16.540644 0.0916400500766524
54632.7040502662 16.577364 0.109477993041788
54632.7206049422 16.607321 0.111830161579753
54647.6292433911 16.647042 0.08294831851644
54647.6437460301 16.676251 0.0832717954938731
54647.6585722915 16.670539 0.0829098872216699
54647.6734278356 16.585474 0.0809569434022315
54596.6999279975 16.489134 0.0887538681112715
54596.7111303934 16.530254 0.0895277137113919
54596.7223175114 16.526323 0.089291973078601
54596.7335573031 16.514596 0.0887812612807933
54617.6880994099 16.167077 0.0731513259160996
54617.6957348841 16.233038 0.0741433818150252
54617.703416551 16.241507 0.0742757723805795
54617.7110703127 16.274157 0.0749729512582187
54710.563168345 16.547722 0.0804675228852345
54710.571624456 16.535708 0.0802331274681921
54710.5800579977 16.516012 0.0798294398645145
54710.5883953474 16.494984 0.0793599509618574
54737.4723131596 16.533514 0.0809932983179339
54737.4824467707 16.561726 0.0816419151550841
54737.4926097686 16.52851 0.0808226822180171
54737.5030142246 16.503467 0.0804398415716119
55055.6035576967 16.544933 0.0959939687247739
55055.6130204398 16.521411 0.0952618945213647
55055.6224185994 16.520809 0.0951795572696881
55171.4628072684 16.505346 0.0812352380077777
55171.4691630672 16.49605 0.0811651123920207
55171.4755236111 16.540174 0.082228980262751
55171.4819187615 16.477464 0.0810283783964699
55022.722301111 16.501816 0.0788548186389973
55022.7389290741 16.616207 0.0817578161563613
55022.7624346063 16.444098 0.0768526559702506
55022.7742945602 16.479845 0.0775365350896503
54955.7354380672 16.544949 0.0938728760634818
54955.7432745948 16.474497 0.0917634102872625
54955.7509978126 16.334142 0.0879433772710372
54955.7588254168 16.138078 0.0833132663109401
55149.4389193752 16.648332 0.0830446609273125
55149.4452717127 16.658839 0.0834565050577272
55149.4516319097 16.607662 0.0824266119660189
55149.4579872452 16.568521 0.0816466035034201
55118.5093370718 16.537317 0.0800856090029013
55118.5178431827 16.474945 0.0789545006328731
55118.5263457061 16.477243 0.0789911362342552
55118.5348176737 16.5103 0.0796480755586263
55086.6088953242 16.163491 0.0750152439195329
55086.6168680904 16.201744 0.0757823748710867
55086.6248481367 16.228231 0.0762865648207957
55086.6328234491 16.243579 0.0765058612370174
55415.5659117014 16.630581 0.086011278217798
55415.5877664816 16.579851 0.0847769948848383
55360.7922684493 16.208046 0.0720972402221911
55360.80941706 16.266439 0.0732452206324323
55502.5235496297 16.188688 0.0724874617323795
55502.5405924072 15.915733 0.0688481766812957
55446.6001556249 16.331967 0.0745250647739462
55446.6261831251 16.314585 0.086089304227727
55709.6756706134 16.328252 0.075968519829166
53894.789836111 16.475206 0.0957065683473452
53894.7986432868 16.447834 0.0963114797013737
53894.8074046183 16.479532 0.0987509897990384
53894.8161816783 16.482445 0.0931252298174135
53871.7612052547 16.122989 0.0828250819492522
53871.7716308219 16.005984 0.080279537449933
53871.7820151273 15.78923 0.0762418658804956
53871.7925327776 15.80029 0.0764231530370172
55739.6741052893 15.798373 0.0669290413494536
55739.6884041087 15.851191 0.0674677459622617
55739.7027325461 15.908008 0.0680849332084028
55739.7170387617 15.934784 0.0684901909029214
55770.6496674655 16.520468 0.0736593587488404
55770.6624755905 16.585333 0.0746972328159171
55770.6752848726 16.567353 0.0743709067635474
55770.6881401156 16.609133 0.0750953089648227
55804.639571713 16.570066 0.113694498335509
55804.6438421413 16.588882 0.104832219414706
55804.6482054975 16.690206 0.100791624859155
55804.6525848379 16.581281 0.0938424097790585
55823.5179645716 16.445105 0.0779774857871359
55823.532004109 16.554143 0.0806904577402334
55823.5461717824 16.526752 0.0810122020727503
55823.5602773031 16.58403 0.0828861686585552
56145.666224109 15.858671 0.0681502626359702
56145.6781019908 15.927921 0.0690672770490919
56145.6900648265 15.966863 0.0695592173814274
56145.702051979 15.998416 0.070032087274029
56156.5591174653 16.555849 0.0782569174833114
56156.5710998727 16.713582 0.0812765788934112
56156.5829478935 16.580592 0.0784558685809783
56156.5948949885 16.603816 0.0791019963046391
56220.4684557406 16.534734 0.0756159970647764
56220.4811363196 16.575452 0.0763692115464845
56220.4938445719 16.634044 0.0774541116857473
56220.5066073382 16.617613 0.0772229303527366
