53591.497579 14.837 0.080
53591.508370 14.8718 0.080
53591.518968 14.8834 0.080
53591.529637 14.9301 0.083
53607.464555 15.2376 0.079
53607.479365 15.2589 0.079
53607.494582 15.2679 0.080
53607.509345 15.252 0.079
53707.434661 15.2466 0.087
53707.439734 15.2174 0.087
53707.444851 15.2396 0.088
53707.449956 15.2825 0.089
53554.556014 15.0601 0.080
53554.563806 14.9813 0.078
53554.571613 14.9355 0.077
53578.603908 15.0651 0.075
53578.617051 15.0928 0.075
53676.411781 14.9339 0.084
53676.420887 14.8784 0.083
53676.429994 14.8773 0.083
53676.439085 14.8803 0.083
53652.441212 15.2235 0.092
53652.450381 15.1455 0.090
53652.459537 15.1218 0.089
53652.468675 15.1304 0.090
53669.464931 15.172 0.083
53669.473599 15.091 0.081
53669.493737 14.9066 0.078
53618.453659 15.293 0.081
53618.469670 15.2152 0.080
53618.485496 15.1645 0.079
53618.501534 14.9652 0.075
53636.569919 15.2249 0.084
53636.581732 15.187 0.083
53636.593586 15.1706 0.083
53636.605376 15.1492 0.083
53831.740571 14.9385 0.068
53831.749601 14.9682 0.068
53831.758609 15.0039 0.068
53831.767730 15.0142 0.068
53849.738686 15.2583 0.072
53849.750293 15.2243 0.071
53849.762024 15.1726 0.070
53849.773794 15.0611 0.069
53959.639355 15.0574 0.072
53959.655202 15.0784 0.072
53959.671037 15.1453 0.073
53959.686845 15.2316 0.075
53970.503435 14.8789 0.076
53970.513637 14.8732 0.076
53970.523825 14.8733 0.076
53970.534009 14.8778 0.076
53978.417374 15.2656 0.083
53978.426038 15.3208 0.085
53978.434802 15.3241 0.085
53978.443663 15.2982 0.084
53936.722945 15.2404 0.076
53936.736112 15.1873 0.074
53936.749281 15.0667 0.072
53936.762548 14.9794 0.072
53945.602829 15.2401 0.074
53945.616568 15.2612 0.075
53945.630274 15.2835 0.075
53945.644003 15.2532 0.075
53893.658274 14.9662 0.074
53893.666853 14.9965 0.075
53893.675600 15.0158 0.075
53893.684664 15.0417 0.076
53913.646755 15.2998 0.083
53913.655485 15.3033 0.083
53913.664258 15.3132 0.083
53913.673019 15.288 0.083
53879.679711 15.2772 0.079
53879.689730 15.2739 0.079
53879.700051 15.2566 0.079
53879.710709 15.2006 0.078
54014.422322 15.2702 0.084
54014.430984 15.2446 0.083
54014.439628 15.2999 0.085
54014.448245 15.3057 0.085
54019.411178 15.1294 0.081
54019.421566 15.0746 0.080
54019.431911 14.9435 0.077
54019.442306 14.8986 0.077
54027.407046 15.3724 0.094
54027.415691 15.5696 0.123
54027.424339 15.2831 0.086
54027.433051 15.2635 0.085
54004.479972 14.8883 0.076
54004.489428 14.8889 0.076
54004.498877 14.8806 0.076
54198.700670 15.0568 0.084
54198.707189 15.0926 0.084
54198.713777 15.1343 0.085
54198.720400 15.1161 0.085
54213.764079 15.2499 0.078
54213.777927 15.2872 0.079
54213.791267 15.2638 0.078
54213.804699 15.2178 0.078
54320.564043 15.1974 0.073
54320.577400 15.2273 0.074
54320.590834 15.2486 0.074
54320.604189 15.2355 0.074
54321.516190 15.2098 0.073
54321.526293 15.1668 0.073
54321.536170 15.1205 0.072
54321.546073 15.0024 0.070
54303.593433 15.2624 0.083
54303.604251 15.2747 0.083
54303.615212 15.2656 0.083
54303.625790 15.2804 0.083
54260.610166 15.0316 0.075
54260.618922 15.0554 0.075
54260.627674 15.1081 0.076
54260.636420 15.1399 0.077
54168.769206 15.1824 0.088
54168.776410 15.1971 0.086
54168.783606 15.2536 0.087
54168.790824 15.2911 0.088
54243.650553 15.1269 0.075
54243.663735 15.1976 0.077
54243.676950 15.2365 0.077
54243.690138 15.2592 0.077
54415.409791 15.2113 0.079
54415.420761 15.1923 0.074
54415.431640 15.2823 0.092
54415.442511 15.033 0.072
54382.494513 15.1961 0.082
54382.503623 15.2228 0.083
54382.512751 15.247 0.083
54382.521865 15.291 0.084
54390.412631 14.9215 0.066
54390.423469 14.9145 0.066
54390.434283 14.8698 0.066
54390.445126 14.8453 0.065
54346.447771 15.0575 0.072
54346.458642 15.1183 0.073
54346.469615 15.1515 0.074
54346.480558 15.7218 0.722
54360.385639 15.2797 0.075
54360.394528 15.258 0.075
54360.403278 15.1999 0.074
54360.412007 15.1698 0.073
54681.536613 15.198 0.070
54681.546536 15.1655 0.069
54681.556516 15.0778 0.068
54681.566665 14.9642 0.067
54704.480808 15.2011 0.070
54704.492884 15.2006 0.070
54704.504836 15.252 0.070
54704.516564 15.2781 0.071
54627.586514 15.193 0.070
54627.595217 15.2173 0.070
54627.603917 15.2116 0.070
54627.612623 15.2376 0.070
54643.689287 15.0985 0.068
54643.700690 15.1724 0.069
54643.711979 15.1868 0.069
54643.723278 15.215 0.070
54589.781420 14.9018 0.066
54589.790400 14.9424 0.066
54589.799394 14.9387 0.066
54589.808419 14.991 0.067
54599.623869 15.1075 0.065
54599.631852 15.126 0.065
54599.639901 15.1642 0.066
54599.647874 15.1927 0.066
54617.630536 14.9792 0.066
54617.643376 14.8789 0.065
54617.656113 14.8834 0.065
54617.669040 14.8576 0.065
54745.455131 15.2643 0.072
54745.461748 15.2451 0.073
54745.468343 15.2586 0.072
54745.474945 15.2232 0.072
54763.464188 14.8687 0.068
54763.470721 14.8822 0.069
54763.477237 14.9233 0.069
54763.483743 14.9299 0.069
54732.435173 15.2304 0.070
54732.446340 15.2602 0.070
54732.457490 15.2643 0.070
54732.468681 15.2549 0.070
54942.760076 15.2237 0.067
54942.773487 15.1906 0.066
54942.786888 15.0916 0.065
54942.800268 14.9811 0.064
55058.494782 15.2513 0.071
55058.500043 15.2701 0.072
55058.505340 15.2671 0.071
55058.510611 15.2645 0.071
55029.675975 15.2579 0.084
55029.684387 15.2507 0.085
55029.692833 15.2378 0.084
55029.701286 15.2418 0.084
55005.611090 14.9076 0.065
55005.619182 14.8903 0.064
55005.627072 14.8581 0.064
55005.635036 14.8553 0.064
54915.756455 14.8965 0.068
54915.766210 14.8689 0.068
54915.776030 14.8514 0.067
54915.785814 14.8271 0.067
54980.696966 15.2205 0.080
54980.707212 15.1883 0.080
54980.717810 15.2346 0.081
54980.728168 15.2509 0.081
55147.404851 14.9407 0.149
55147.409058 15.0194 0.072
55147.426651 14.7576 0.090
55123.493423 14.9739 0.074
55123.501271 15.0283 0.075
55123.509139 15.0456 0.076
55123.517012 15.0472 0.076
55086.489430 15.2123 0.072
55086.494694 15.1874 0.071
55086.499964 15.1508 0.071
55086.505233 15.1072 0.070
55414.561725 14.9925 0.066
55414.581182 14.8984 0.065
55381.673187 15.2671 0.069
55381.698048 15.2586 0.072
55392.510689 15.0515 0.064
55362.658230 15.2678 0.069
55362.693044 15.2363 0.068
55334.700449 15.2692 0.084
55334.729625 15.252 0.083
55501.451797 15.3673 0.143
55501.472998 15.2939 0.070
55473.505331 15.2499 0.075
55473.533827 15.2998 0.075
55441.494180 15.1045 0.080
55441.517858 15.1946 0.081
55681.729901 15.2421 0.068
55681.767100 15.2612 0.068
55707.679232 15.2783 0.069
55707.693503 15.2929 0.070
55707.707734 15.2933 0.070
55707.722034 15.2979 0.069
55414.594753 14.8819 0.064
55414.614493 14.851 0.065
55738.601113 14.9455 0.066
55738.616325 14.941 0.065
55738.631655 14.8968 0.065
55738.646760 14.9132 0.065
55766.516194 15.0413 0.067
55766.529037 14.9565 0.066
55766.541920 14.9476 0.066
55766.554909 14.912 0.065
55796.514676 14.8946 0.066
55796.526568 14.8954 0.066
55796.538460 14.9069 0.066
55796.550456 14.8947 0.066
55823.417341 15.2076 0.068
55823.428639 15.2532 0.069
55823.439949 15.2995 0.069
55823.451243 15.2941 0.069
55858.406165 15.0119 0.067
55858.414610 14.97 0.067
55858.423040 14.9319 0.069
55858.431533 14.9326 0.067
56066.694061 14.8931 0.067
56066.702951 14.8875 0.067
56066.711972 14.9091 0.067
56066.720940 14.8786 0.067
56101.720363 15.2312 0.067
56101.731078 15.2502 0.068
56101.741762 15.2352 0.068
56101.752524 15.1364 0.067
56156.449783 15.2444 0.079
56156.461027 15.2267 0.065
56156.472344 15.1692 0.064
56156.483745 15.0802 0.063
56183.490013 15.2465 0.066
56183.500561 15.2247 0.065
56183.511174 15.2756 0.066
56183.521788 15.2813 0.066
56220.418285 15.1615 0.067
56220.431775 15.0392 0.065
56220.443056 14.9476 0.064
56220.454410 14.9354 0.064
56388.743291 14.9487 0.066
56388.752239 14.9677 0.066
56388.761210 15.0019 0.066
56388.770080 15.0332 0.066
56429.740621 15.2442 0.069
56429.750886 15.2693 0.069
56429.761738 15.2481 0.069
56429.772177 15.2464 0.069
56459.672241 15.1471 0.102
56459.686465 15.1875 0.114
56459.700996 15.2997 0.119
56459.715350 15.0836 0.110
56464.564188 15.2433 0.066
56464.577052 15.3262 0.067
56464.589982 15.3011 0.067
56464.602853 15.2988 0.067
