53591.5430898035 15.215766 0.0930540672565729
53591.5538855439 15.228484 0.0887631894416387
53591.5645768635 15.215916 0.0899448477143142
53591.5756576738 15.234225 0.104402634700865
53607.5901021645 15.253715 0.0794698927141165
53607.6034876159 15.252944 0.0795181816850055
53607.6167762615 15.240197 0.0792518688286721
53607.6301403474 15.194973 0.0784699240780368
53554.5873261459 15.280329 0.0848054165835526
53554.595116574 15.266355 0.084415944505053
53554.6030035416 15.234945 0.0837293538349771
53554.6108575348 15.252079 0.0840353310214932
53579.6427938775 15.362696 0.0809946735609744
53579.6521252198 15.349495 0.0806676554333122
53579.6618472454 15.359711 0.0809104441214192
53579.6711822799 15.385818 0.0814237154571706
53676.408294398 15.466603 0.0981080743241967
53676.4187543054 15.481936 0.0985629407247034
53676.4278630788 15.399517 0.0961291582175374
53676.4369518749 15.427807 0.0971211963921862
53694.4801038308 15.208346 0.0769464633671604
53694.4866640396 15.250949 0.0778646296138217
53694.4932221645 15.245195 0.0780259106493615
53694.4997801622 15.208572 0.0774102860949031
53644.4438560299 15.246023 0.09296308623389
53644.4525165164 15.176877 0.0911410426709488
53644.4611921992 15.20339 0.0918862398594344
53644.4697810762 15.148134 0.0903995532920943
53620.4907059028 15.452876 0.117405248821588
53620.4987844095 15.350154 0.0942679898463073
53620.5070157174 15.344037 0.0934699764659144
53620.5152993404 15.30748 0.0925810984794692
53834.7873307061 15.41372 0.0742049404065975
53834.79230728 15.386088 0.0737423144767166
53834.7973118867 15.410502 0.0813314325282649
53834.8022841783 15.378883 0.0736420474175177
53959.7178645372 15.294109 0.0758073716868459
53959.7310874886 15.316591 0.0763262907373485
53959.7443361343 15.272642 0.0756628667416957
53959.7575766784 15.309313 0.0765511437021034
53970.5453727661 15.415133 0.0874449559040932
53970.5540689353 15.420387 0.087697124338223
53970.5627924075 15.426868 0.0878792493996624
53970.5715268866 15.426399 0.0879295349877353
53978.4530381134 15.316337 0.0851697889969379
53978.461710428 15.318338 0.0851961953809412
53978.4704665511 15.271451 0.0841350473577087
53978.4792811225 15.306091 0.0849023763542718
54086.4359242247 15.378135 0.0918890407212337
54086.4409514933 15.354253 0.0912933800093211
54086.4459678937 15.351337 0.0914395511611814
54086.4509919329 15.386447 0.0926277659965628
53942.607660683 15.225696 0.0829059313248328
53942.617530741 15.181903 0.0818457676005137
53942.6280269676 15.232312 0.082868406186677
53942.6381971414 15.26656 0.083552257273949
53903.6878335532 15.281315 0.0748211366333151
53903.7002460067 15.334809 0.075601294825177
53903.7126556481 15.28197 0.0748117566909652
53903.7251482289 15.301909 0.07510179781452
53913.6823135993 15.305971 0.0835336342428326
53913.6911644099 15.283407 0.0830490543380306
53913.6999438081 15.312796 0.0837226462607589
53913.7088078937 15.298027 0.0833601705855877
53876.7102459722 15.272774 0.0800290501806466
53876.7198095603 15.217562 0.0820836343745616
53876.7295429396 15.237921 0.0796174826714536
53876.7394757291 15.216494 0.0790219944491881
53886.6378231943 15.241634 0.072499459542999
53886.6499403706 15.25654 0.0725949923855898
53886.6621381482 15.262309 0.0725899155507998
53886.6742959954 15.250083 0.0723255103888551
54060.4533936923 15.418218 0.0959162702126871
54014.460133345 15.362725 0.0865310120985178
54014.4687421179 15.54563 0.0912703771990535
54014.4773976506 15.412776 0.0879057553057815
54014.4860572453 15.440412 0.0882317809545192
54027.4431102082 15.436204 0.0896896239092664
54029.4715698497 15.281931 0.0752812825196828
54029.482532199 15.303072 0.0756571356189163
54029.4935179167 15.294376 0.0754525427328205
54029.5044768984 15.3016 0.0757583252444128
54003.5382433104 15.376359 0.0717568581149606
54003.5515367592 15.387714 0.0720554864478682
54003.5647903819 15.388648 0.0721251250422023
54003.5780847453 15.383612 0.0720573454358821
54008.4443651737 15.265694 0.0837356446624206
54008.4550396527 15.282621 0.0840499013534018
54008.4657192246 15.265 0.0836049483872736
54008.4763754049 15.236785 0.0829872521698108
54207.7453431018 15.288231 0.0888824962457473
54207.7539004862 15.288667 0.08879351695535
54207.7625164354 15.282425 0.0885225626109272
54207.7710245137 15.34125 0.0899623788568697
54320.6154269446 15.317015 0.0753682922456305
54320.6204962269 15.34156 0.0757906267699527
54320.6255746642 15.323504 0.0755237253261264
54320.6306196414 15.353771 0.0760666674228851
54321.644422824 15.370386 0.0761679935233983
54321.6577774999 15.394159 0.0767290064058483
54321.6711521992 15.367539 0.0762742076847645
54321.6844611457 15.358142 0.0761883230483649
54291.6631011112 15.35951 0.0873203636969797
54291.6721154514 15.367778 0.0865639595700499
54303.5956038196 15.278744 0.083483266865074
54303.6064792244 15.321854 0.0845418111953265
54303.617452095 15.285004 0.0836845586731052
54303.6279223959 15.290042 0.0837991274348857
54261.6485408219 15.353671 0.0806797220770933
54261.6617909721 15.355052 0.0810242458822174
54261.674885104 15.379344 0.0828077903324636
54261.6880264585 15.346433 0.0818783925104981
54240.7950594099 15.310237 0.0789615259409216
54240.8159281481 15.682048 0.143577848221394
54240.8325040047 15.298864 0.104045161523141
54240.8456464005 15.291142 0.0785161405240324
54414.4488681364 15.371003 0.0849073756640915
54414.4570473842 15.413112 0.0821172110149652
54414.4652218865 15.352566 0.100083343859412
54382.4966347801 15.227504 0.0829063272477027
54382.5057490162 15.231886 0.0831569639787198
54382.5148847687 15.246728 0.083483266865074
54382.5239888194 15.257696 0.0837646177814944
54391.4187243056 15.413629 0.0892523054233067
54391.4284222337 15.428944 0.089865570022236
54391.4381314005 15.43121 0.0897879024959861
54391.4477942592 15.377283 0.088686450525267
54348.5806460069 15.390871 0.0773456228211298
54348.5948412269 15.396363 0.0775852747135923
54348.6090240511 15.387806 0.0775258754246563
54348.623199699 15.390214 0.0777366865523075
54360.4266427085 15.34728 0.0770634978270066
54360.437631655 15.328991 0.0766006838547025
54360.4486869327 15.326702 0.0764557851213609
54360.4597124653 15.320711 0.0763017375556356
54686.6393056135 15.347031 0.0726500318505956
54686.6524622454 15.343804 0.0727603857597588
54686.6655766321 15.365822 0.0732550261102447
54686.6787074651 15.352867 0.0730841098233954
54704.5643886225 15.277309 0.0711385857734092
54704.5758957756 15.26412 0.0709095382661168
54704.587458021 15.278887 0.0711326936299428
54704.5989796529 15.259522 0.0708698103728766
54661.5766772917 15.266625 0.070995461741811
54661.5865474539 15.304865 0.0715101737244898
54661.5966756251 15.32738 0.0718609645893974
54661.6068474306 15.295496 0.0713702311313365
54627.7047791667 15.301166 0.0835958061344889
54627.7114095138 15.365354 0.0809148810944773
54627.7179676388 15.275616 0.0706875012193835
54627.7245566668 15.299049 0.0710297834607194
54627.7311741668 15.270189 0.0706861665247077
54643.7553945487 15.314708 0.0710428271966621
54643.7667753007 15.319626 0.0711373237314303
54643.7780446066 15.323505 0.071239618856318
54643.7892246642 15.319763 0.0712218998270749
54590.7700459608 15.29693 0.0713840590161785
54590.7832440394 15.33228 0.0718611157157383
54590.7966271993 15.32718 0.071716881466181
54590.809974236 15.315692 0.0714996586458177
54616.7179741552 15.418277 0.0722468100701482
54616.7335636458 15.411087 0.0721255943183101
54616.7491072915 15.41737 0.0721548141162069
54616.7649950581 15.418045 0.0720876002176233
54780.4620814584 15.275916 0.0742475369989434
54780.4701279397 15.273671 0.0743402676880475
54780.4781841552 15.263201 0.0742270836460397
54780.4862345718 15.270858 0.0744763877202919
54745.4605430905 15.42959 0.075612924698846
54745.4671390741 15.453869 0.075499584714528
54745.4737403472 15.433139 0.0751414497212781
54745.4803960417 15.455818 0.0756443601001177
54717.4468918983 15.2519 0.070946006883343
54717.4546300345 15.273614 0.0711143416141428
54717.4623717708 15.27557 0.0710897434190601
54717.4701720718 15.257988 0.0708099350548038
54732.4855928472 15.4649 0.0734553402894204
54732.4967764933 15.431757 0.0729564670812396
54732.5079597915 15.44812 0.0731378117372263
54732.5191271179 15.445427 0.0731385050176298
55057.6301414003 15.348204 0.0731317535025693
55057.6381280441 15.370484 0.0734793198844972
55057.646222801 15.33301 0.0729391436226134
55057.6542779747 15.33561 0.0728865064517087
55057.6623345255 15.36037 0.0732998013683389
55029.7137088773 15.325295 0.0853499955637045
55029.7243275695 15.336793 0.0862192441148255
55029.7349594558 15.339357 0.0860568678776299
55029.7455640278 15.332886 0.0854058472070269
55005.6622781715 15.247488 0.0686071749350702
55005.6762853124 15.238653 0.0684714741750767
55005.6899962498 15.240232 0.0685090542093119
55005.7042617247 15.233976 0.0685066811503577
54955.6987725577 15.265108 0.0802769357602265
54955.7073107294 15.273888 0.0803885892274051
54955.7158971645 15.245728 0.0796678922591073
54955.7245426389 15.275726 0.0802347473375786
55118.4684553011 15.265803 0.0708897204086764
55118.4769088659 15.271619 0.0709466938068699
55118.4853832638 15.271997 0.0709678772142911
55118.4939261805 15.239949 0.0705671193690244
55086.5488432525 15.456206 0.0754640129798748
55086.5594193516 15.454696 0.0752855418598021
55086.5700017014 15.477187 0.0756712513753509
55086.5805936572 15.503205 0.0759819049326184
55414.6865240739 15.524013 0.0732697541312363
55414.7213138308 15.515244 0.0728371736698766
55365.7131288656 15.328486 0.0704447104962725
55365.7566012618 15.287293 0.0692161580799064
55337.6825832175 15.47267 0.0794339484236451
55337.7110868632 15.463638 0.0793690254615746
55497.460747581 15.525123 0.0672495444822511
55497.5026786924 15.506291 0.0675947062869593
55445.5489247687 15.241815 0.0692533753545062
55445.574900648 15.261792 0.0695724751266579
55717.6987434489 15.292387 0.0690726938743053
55717.7099686459 15.310183 0.0693599630005171
55717.721317801 15.301645 0.069390930584044
55717.7326447455 15.325852 0.0698136177523841
55684.7808298841 15.337741 0.0757576583724173
55684.7987179514 15.366212 0.0761938749101429
54060.4546244099 15.378851 0.0935858397691646
54060.4613783682 15.431366 0.0955914276839763
54060.4681968057 15.407077 0.0953852280770283
54060.4749262269 15.463713 0.0967849092909123
55741.7154992478 15.470069 0.0727667213530677
55741.7284680324 15.45292 0.0724347866738017
55741.7414728127 15.481301 0.0729505188679693
55741.7543866205 15.49028 0.0731664218597801
55768.5887798149 15.472553 0.0728064872503513
55768.5972324539 15.509437 0.0734109347788442
55768.6057794214 15.491939 0.0730966888244053
55768.6142783564 15.51095 0.0733888929797757
55797.4743728358 15.305955 0.0715610174573168
55797.4861492128 15.326929 0.0718231113205245
55797.4980705092 15.30897 0.0715130966203427
55797.5099769794 15.328307 0.071688835831219
55823.4660666435 15.277261 0.0693174841260555
55823.481229375 15.272094 0.0700302291795266
55823.4924946179 15.288135 0.0705638278343863
55823.5038213193 15.287019 0.0698676559739738
56036.7037172569 15.356604 0.09340278935302
56036.7144754282 15.377603 0.0859731488782388
56036.7251588195 15.376616 0.0760096325102649
56036.7359836572 15.366968 0.0779021294788224
56072.7127485535 15.340006 0.0693210154346561
56072.7247580326 15.371367 0.0697827526056264
56072.7367788659 15.352677 0.0754859069692382
56072.7487704166 15.347259 0.0696502023000314
56145.6156579396 15.371483 0.0713547007817661
56145.624520428 15.363715 0.0712492721614406
56145.6334639466 15.399557 0.0717549065669233
56145.6424207641 15.372798 0.0713765665087365
56156.505062396 15.390426 0.0669355163406357
56156.5178499188 15.388269 0.0668449663761304
56156.5307377892 15.391077 0.0668536138991393
56156.5436309952 15.400815 0.0669869267719972
56223.4300021761 15.35781 0.0675476465661025
56223.4419581945 15.344535 0.0676870049777199
56223.4532060878 15.400414 0.0695298453912996
56223.4645081366 15.317782 0.067449613413723
56404.7238751622 15.389494 0.0715707190160351
56404.7348093749 15.335929 0.0707276351208546
56404.7457763543 15.350637 0.0708229358201162
56404.7568639354 15.364698 0.0708839879316966
56464.6313602201 15.391513 0.0685339637233834
56464.6458677201 15.324003 0.0676631538807907
56464.6602028821 15.37965 0.0683016495803317
56464.6746852662 15.364635 0.0680744728434413
