53587.462839 14.12 0.065
53587.470687 14.129 0.065
53587.478441 14.1649 0.065
53587.486326 14.108 0.065
53607.378372 13.9909 0.063
53607.388174 14.038 0.064
53607.397993 14.041 0.064
53830.660874 14.135 0.064
53830.670339 14.1148 0.064
53830.679815 14.0903 0.063
53830.689303 14.1142 0.064
53845.617707 14.0063 0.063
53845.626420 14.02 0.063
53845.635078 14.025 0.063
53845.643848 14.0191 0.063
53948.391685 14.104 0.059
53948.397171 14.098 0.059
53948.402679 14.1005 0.059
53948.408176 14.0836 0.059
53769.620877 13.9208 0.060
53889.352701 14.0613 0.060
53889.363573 14.0766 0.060
53889.374449 14.07 0.060
53889.385334 14.0985 0.060
53904.509345 14.0565 0.061
53904.520850 14.0578 0.061
53904.532376 14.0511 0.061
53904.543914 14.0483 0.061
53817.600227 14.03 0.063
53817.609287 14.0231 0.063
53817.618371 14.0287 0.063
53817.627512 14.0224 0.063
53860.503885 14.1194 0.058
53860.517307 14.115 0.058
53860.530701 14.1182 0.058
53860.544036 14.0514 0.058
53875.568255 14.0135 0.063
53875.576851 14.0426 0.063
53875.585390 13.9693 0.063
53875.593948 14.0523 0.063
53881.543997 14.0853 0.064
53881.554297 14.1152 0.064
53881.564569 14.0721 0.064
53881.574867 14.0983 0.064
54197.683796 14.0752 0.068
54197.693321 14.0806 0.069
54197.702837 14.0576 0.068
54197.712345 14.0694 0.069
54210.589580 14.1048 0.063
54210.600536 14.0892 0.063
54210.611454 14.0922 0.063
54210.622326 14.0776 0.063
54334.380732 14.0173 0.065
54337.401059 14.0365 0.066
54337.404458 14.0531 0.067
54337.407863 14.0249 0.066
54337.411272 14.0584 0.067
54129.692699 14.1047 0.067
54129.702809 14.1291 0.067
54129.712934 14.1226 0.067
54129.723104 14.0842 0.067
54296.474801 14.0454 0.061
54296.482990 14.0454 0.061
54296.491189 14.0363 0.061
54296.499382 14.0296 0.061
54273.471566 14.0584 0.065
54273.481349 14.0397 0.065
54273.491177 14.084 0.065
54273.501009 13.9862 0.065
54174.567700 13.9752 0.062
54174.572885 13.9897 0.062
54174.578072 13.9683 0.062
54174.583303 13.9688 0.061
54185.650426 14.0342 0.063
54185.662083 14.0335 0.063
54185.673702 14.0171 0.063
54185.685329 14.0252 0.063
54226.655839 14.0961 0.063
54226.666757 14.0636 0.063
54226.677663 14.1109 0.063
54226.688615 14.0521 0.063
54240.504938 14.1128 0.063
54240.516042 14.07 0.063
54240.527302 14.0721 0.063
54509.696736 14.0328 0.062
54509.705303 14.0363 0.061
54509.713910 14.0167 0.061
54509.722343 14.0225 0.061
54662.478940 14.1351 0.062
54662.485512 14.0822 0.060
54662.492070 14.1005 0.060
54662.498630 13.8877 0.070
54622.492075 13.9979 0.059
54622.501907 14.0034 0.059
54622.511739 13.9894 0.059
54622.521546 14.0206 0.059
54527.699742 14.0804 0.059
54527.713623 14.0711 0.059
54527.727173 14.087 0.059
54527.740433 14.0589 0.059
54590.573074 14.036 0.059
54590.581401 14.0147 0.059
54590.589749 14.0221 0.059
54590.598073 14.0252 0.059
54595.554139 14.0035 0.062
54595.564498 13.9946 0.062
54595.574860 13.9974 0.062
54595.585241 13.959 0.062
54887.728688 14.0122 0.059
54887.739509 13.9926 0.059
54887.750386 14.005 0.059
54887.761170 13.9979 0.059
54995.418062 14.0966 0.064
54954.494825 14.0208 0.063
54954.503784 14.0079 0.063
54954.512857 14.0097 0.063
54954.521921 14.0325 0.064
54974.552598 13.9923 0.058
54974.563825 13.9905 0.058
54974.574986 13.9838 0.058
54974.586135 14.0145 0.058
55386.453705 14.0381 0.070
55265.753428 14.0274 0.059
55273.612225 14.0308 0.065
55329.550418 14.0761 0.065
55329.577944 14.0729 0.065
55714.500745 14.1241 0.059
55714.513400 14.1366 0.060
55714.526147 14.1163 0.060
55714.538952 14.106 0.060
55691.505135 14.1407 0.061
55691.515195 14.113 0.061
55691.535536 14.1089 0.061
55744.439771 14.1085 0.061
55744.449209 14.0883 0.061
55744.458696 14.0919 0.061
55744.468193 14.0962 0.061
55980.605892 14.0939 0.060
55980.617979 14.081 0.060
55980.629939 14.0905 0.060
55980.641940 14.1177 0.060
56011.594104 14.1178 0.058
56011.607550 14.138 0.058
56011.621076 14.1011 0.058
56011.634620 14.1 0.059
56033.630439 14.095 0.056
56033.641736 14.0922 0.056
56033.653076 14.1071 0.056
56033.664367 14.0897 0.056
56046.630937 14.0589 0.058
56046.642931 14.026 0.058
56046.655062 14.0299 0.058
56046.667184 14.0349 0.058
56076.434446 14.0484 0.059
56076.447120 14.0181 0.058
56076.459784 14.039 0.058
56076.472510 14.0224 0.058
56101.459736 13.9979 0.058
56101.472383 14.0345 0.058
56101.485111 13.9832 0.058
56101.497928 14.0217 0.059
56368.686439 13.982 0.057
56368.700026 13.9905 0.057
56368.713624 13.9949 0.057
56368.727288 14.0112 0.057
56391.659718 14.0283 0.059
56391.673449 14.0212 0.059
56391.687285 14.0212 0.059
56391.701203 14.0001 0.058
