53554.554723 14.5253 0.071
53554.562491 14.4877 0.071
53554.570303 14.5044 0.071
53554.578132 14.503 0.071
53578.560405 14.5887 0.068
53578.569067 14.5912 0.068
53578.577756 14.5824 0.068
53578.586450 14.5764 0.068
53591.454838 14.5088 0.074
53591.465457 14.5195 0.074
53591.476140 14.5145 0.074
53591.486557 14.4921 0.074
53607.453142 14.5011 0.068
53607.467988 14.5259 0.068
53607.482748 14.5037 0.068
53607.497966 14.491 0.068
53618.445138 14.5017 0.069
53618.460950 14.5542 0.069
53618.476944 14.5396 0.069
53618.492673 14.5228 0.069
53636.485585 14.5737 0.072
53636.496509 14.5257 0.071
53636.507416 14.5744 0.072
53636.518315 14.5826 0.072
53652.401394 15.8159 0.113
53652.410889 15.7669 0.111
53652.420253 15.7005 0.109
53652.429523 15.6967 0.109
53664.456292 14.5739 0.071
53664.462859 14.5554 0.071
53664.469462 14.567 0.071
53664.476058 14.5494 0.071
53804.760007 14.4815 0.069
53804.765312 14.5185 0.069
53804.770636 14.5059 0.069
53804.775934 14.5024 0.069
53834.732018 14.4947 0.063
53834.746504 14.498 0.063
53834.760979 14.4914 0.063
53834.775462 14.481 0.063
53851.658618 14.4881 0.058
53851.674785 14.4986 0.058
53851.690962 14.4947 0.058
53851.707162 14.4868 0.058
53879.680996 14.5073 0.068
53879.691017 14.5213 0.068
53879.701381 14.5077 0.068
53879.712067 14.5043 0.068
53893.623113 14.4637 0.068
53893.631720 14.4684 0.068
53893.640493 14.4595 0.068
53893.649573 14.4564 0.068
53913.648112 14.5535 0.070
53913.656807 14.5508 0.070
53913.665561 14.5329 0.070
53913.674294 14.5395 0.070
53934.507500 14.8356 0.069
53934.514188 14.9119 0.071
53934.520941 14.9893 0.071
53934.527641 15.0484 0.072
53944.510343 14.5633 0.066
53944.516982 14.5373 0.065
53944.523571 14.567 0.066
53944.530209 14.544 0.066
53970.504719 14.4689 0.070
53970.514921 14.4532 0.070
53970.525093 14.459 0.070
53970.535284 14.4772 0.070
53978.418654 14.5199 0.071
53978.427310 14.4945 0.070
53978.436145 14.4986 0.070
53978.445036 14.4883 0.070
53993.437094 14.4863 0.070
53993.445405 14.4836 0.070
53993.453668 14.4708 0.070
53993.461913 14.4785 0.070
54004.478707 14.4857 0.070
54004.488157 14.5015 0.070
54004.497604 14.4969 0.070
54004.507048 14.5008 0.071
54014.388157 14.4804 0.070
54014.396785 14.4653 0.070
54014.405421 14.4897 0.071
54014.414074 14.474 0.070
54027.405769 14.5057 0.071
54027.414397 15.193 0.319
54027.423041 14.5295 0.078
54027.431747 14.5867 0.075
54168.763824 14.4481 0.073
54168.771016 14.4783 0.073
54202.715221 14.5016 0.067
54202.729331 14.4849 0.067
54202.743510 14.4726 0.066
54202.757874 14.4775 0.066
54296.511254 14.4748 0.065
54296.520102 14.4948 0.065
54296.528962 14.4838 0.065
54296.537774 14.4719 0.065
54303.529979 14.4677 0.070
54303.539139 14.4745 0.070
54303.548556 14.4671 0.070
54303.557754 14.4758 0.070
54320.559123 14.5326 0.065
54320.572513 14.5035 0.065
54320.585767 14.4931 0.065
54320.599315 14.498 0.065
54321.472646 14.5338 0.065
54321.483054 14.5503 0.065
54321.493415 14.5239 0.065
54321.503761 14.5485 0.065
54333.617341 15.5116 0.076
54333.621224 15.5103 0.076
54333.625098 15.5365 0.076
54333.628984 15.636 0.078
54333.632867 15.6619 0.080
54346.438542 14.4789 0.065
54346.449457 14.4133 0.078
54346.460330 14.4638 0.065
54346.471368 14.5625 0.075
54354.474928 14.4867 0.071
54354.482847 14.5037 0.071
54354.490781 14.4957 0.071
54354.498702 14.5085 0.071
54382.439321 14.5057 0.071
54382.448868 14.4772 0.070
54382.458431 14.4817 0.070
54382.468007 14.4696 0.070
54390.404528 14.477 0.062
54390.415353 14.5052 0.062
54390.426183 14.4629 0.062
54390.437004 14.458 0.062
54414.414880 14.5102 0.070
54414.421440 14.7707 0.094
54414.427986 14.4746 0.066
54414.434515 14.4791 0.067
54530.779515 14.4926 0.069
54530.783969 14.505 0.069
54530.788397 14.4724 0.069
54530.792855 14.4485 0.068
54587.773922 14.4242 0.062
54587.782131 14.4578 0.062
54587.790386 14.462 0.062
54587.798592 14.4491 0.062
54599.619266 14.4514 0.060
54599.627242 14.4576 0.060
54599.635290 14.4581 0.060
54599.643266 14.4658 0.060
54615.784083 15.1072 0.068
54615.792473 15.2244 0.070
54615.800912 15.316 0.071
54615.809284 15.3843 0.072
54627.644769 14.4659 0.062
54627.657973 14.4434 0.062
54627.671146 14.4455 0.062
54627.684320 14.7054 0.175
54643.643832 14.4716 0.062
54643.655297 14.4617 0.062
54643.666405 14.4526 0.062
54643.677511 14.4738 0.062
54678.462174 14.4665 0.060
54678.467431 14.4744 0.060
54678.472676 14.4737 0.060
54678.477996 14.4786 0.060
54704.441491 14.4903 0.062
54704.449215 14.4789 0.062
54704.457078 14.4875 0.062
54704.464965 14.4767 0.062
54728.468504 14.4937 0.069
54728.477173 14.5086 0.069
54728.485832 14.5234 0.069
54728.494557 14.5057 0.069
54739.388097 15.0717 0.072
54739.396944 14.9579 0.070
54739.405748 14.87 0.070
54739.414660 14.7525 0.067
54764.424669 14.4806 0.064
54764.431242 14.4874 0.064
54764.437794 14.4978 0.065
54764.444344 14.4464 0.064
54913.742134 14.5554 0.072
54929.701425 14.4987 0.072
54929.714707 14.4934 0.071
54929.727980 14.5003 0.071
54929.741107 14.4953 0.071
54944.675511 14.5104 0.063
54944.683553 14.4998 0.063
54944.691610 14.4918 0.063
54944.699705 14.5018 0.063
54974.762297 14.4667 0.061
54974.775616 14.466 0.061
54974.788879 14.4613 0.061
54974.802121 14.454 0.061
54999.672461 14.4867 0.066
54999.685723 14.484 0.069
54999.699079 14.4829 0.069
54999.712134 14.4733 0.070
55029.548458 14.4727 0.076
55029.569889 14.5114 0.078
55029.639520 14.4477 0.068
55029.647969 14.4525 0.069
55029.656421 14.4392 0.068
55029.664857 14.4525 0.069
55086.466242 14.5141 0.064
55086.471514 14.5147 0.064
55086.476782 14.5174 0.064
55086.482046 14.5293 0.064
55124.431256 14.4757 0.067
55124.439998 14.4564 0.067
55124.448726 14.4629 0.067
55124.457454 14.4818 0.067
55334.696132 14.6838 0.073
55334.725245 14.544 0.071
55360.731912 14.4955 0.061
55360.774859 14.5147 0.062
55367.560525 14.8456 0.068
55367.576938 15.0105 0.072
55385.545877 14.5153 0.062
55385.578506 14.5191 0.071
55414.535406 14.4718 0.061
55414.554899 14.4825 0.061
55441.489822 14.5638 0.071
55441.513412 14.5677 0.071
55473.500082 15.7101 0.084
55473.528496 15.3875 0.078
55503.411481 14.4835 0.065
55503.432632 14.4695 0.065
55663.652289 14.5742 0.071
55663.679455 14.5616 0.071
55679.756869 14.486 0.060
55679.801324 14.5011 0.061
55706.789325 14.5051 0.061
55706.800682 14.4929 0.061
55706.812218 14.4706 0.061
55706.823845 14.5063 0.061
55736.727151 14.5104 0.060
55736.743629 14.4849 0.059
55736.760194 14.4955 0.060
55736.776762 14.4975 0.060
55766.461141 14.4763 0.062
55766.469600 14.461 0.062
55766.478113 14.4695 0.062
55766.486621 14.47 0.062
55796.467210 14.5876 0.063
55796.479349 14.5601 0.063
55796.491172 14.5726 0.063
55796.503089 14.5548 0.063
55852.417813 14.5022 0.064
55852.429817 14.4832 0.064
55852.441777 14.4851 0.064
55852.453798 14.4969 0.064
56066.655229 14.6268 0.065
56066.664105 14.5765 0.064
56066.673164 14.5534 0.064
56066.682190 14.5184 0.063
56101.670469 14.5601 0.061
56101.681277 14.6051 0.062
56101.691981 14.636 0.062
56101.702670 14.727 0.063
56131.628372 14.5366 0.062
56131.639660 14.5464 0.062
56131.651076 14.5078 0.063
56131.662478 14.5068 0.066
56165.424624 14.4872 0.062
56165.433589 14.5076 0.062
56165.442493 14.4881 0.062
56165.459621 14.5088 0.062
56217.422466 14.4767 0.060
56217.434454 14.4758 0.060
56217.446454 14.4784 0.060
56217.458592 14.6809 0.061
56388.696890 14.5051 0.062
56388.706725 14.4718 0.062
56388.716714 14.488 0.062
56388.726585 14.4899 0.062
56429.734717 14.4492 0.061
56429.744834 14.4618 0.061
56429.755018 14.4484 0.061
56429.766033 14.442 0.061
56459.627549 14.4186 0.071
56459.637454 14.4414 0.075
56459.647496 14.423 0.082
56459.657531 14.3715 0.084
