53591.455264 12.2907 0.055
53591.465884 12.2349 0.055
53591.476568 12.1702 0.055
53591.486980 12.1442 0.054
53607.453680 12.2801 0.054
53607.468527 12.3895 0.054
53607.483285 12.3814 0.054
53607.498507 12.3801 0.054
53554.562060 12.0869 0.054
53554.569874 12.0752 0.054
53554.577709 12.0624 0.053
53554.585528 12.0476 0.053
53578.560945 12.0748 0.053
53578.569631 12.0813 0.053
53578.578305 12.048 0.053
53578.586993 12.0543 0.053
53652.402760 12.203 0.055
53652.412220 12.1845 0.055
53652.421564 12.1385 0.055
53652.430835 12.108 0.055
53669.433073 12.2615 0.054
53669.440230 12.3198 0.054
53669.447364 12.3047 0.054
53669.454702 12.328 0.054
53618.502547 12.1794 0.053
53618.513157 12.2502 0.054
53618.523650 12.3115 0.054
53618.534434 12.3504 0.054
53636.524745 12.3011 0.054
53636.535108 12.2438 0.054
53636.545496 12.1771 0.054
53636.555869 12.152 0.054
53834.732562 12.1526 0.052
53834.747056 12.0843 0.052
53834.761517 12.0435 0.052
53834.776004 12.0136 0.052
53959.540930 12.0122 0.052
53959.554015 12.0095 0.052
53959.567104 12.0369 0.052
53959.580179 12.0618 0.052
53970.505142 12.3473 0.054
53970.515347 12.3263 0.054
53970.525516 12.2678 0.054
53970.535707 12.2044 0.054
53978.419076 12.3507 0.054
53978.427739 12.3488 0.054
53978.436569 12.3662 0.054
53978.445465 12.3332 0.054
53934.508037 11.9993 0.052
53934.514731 11.9933 0.052
53934.521485 11.9967 0.052
53934.528178 12.0039 0.052
53944.509799 12.0112 0.052
53944.516441 11.9912 0.052
53944.523033 11.9966 0.052
53944.529671 12.0009 0.052
53893.624399 11.9843 0.053
53893.632994 11.9934 0.053
53893.641769 12.014 0.053
53893.650878 12.0317 0.053
53913.648538 12.0075 0.053
53913.657234 11.9914 0.053
53913.665987 12.0031 0.053
53913.674720 12.0264 0.053
53804.760429 12.0113 0.053
53804.765735 12.0125 0.053
53804.771056 12.0216 0.053
53804.776356 12.0222 0.053
53861.634441 12.1935 0.052
53861.644288 12.1349 0.052
53861.654155 12.0879 0.052
53861.663998 12.0365 0.052
53879.681425 12.0663 0.053
53879.691450 12.0912 0.053
53879.701808 12.1284 0.053
53879.712507 12.1785 0.053
54014.389434 12.0499 0.053
54014.398063 12.0335 0.053
54014.406715 12.0164 0.053
54014.415354 12.0024 0.053
54027.409603 12.0565 0.063
54027.418273 12.1652 0.054
54027.426926 12.1905 0.054
54027.435635 12.1685 0.055
53993.432387 12.2963 0.054
53993.440701 12.3115 0.054
53993.448959 12.3313 0.054
53993.457232 12.3216 0.054
54004.481266 12.2404 0.054
54004.490705 12.2876 0.054
54004.500145 12.2975 0.054
54004.509585 12.3022 0.054
54202.714672 12.2611 0.053
54202.728791 12.2452 0.053
54202.742962 12.1522 0.053
54202.757335 12.0806 0.053
54213.710866 12.0788 0.053
54213.722392 12.1415 0.053
54213.733929 12.2166 0.053
54213.745609 12.2698 0.053
54320.559661 12.2841 0.053
54320.573052 12.3044 0.053
54320.586305 12.2984 0.053
54320.599863 12.2553 0.053
54321.474886 12.0508 0.052
54321.485289 12.0123 0.052
54321.495643 11.9776 0.052
54321.505992 11.9744 0.052
54333.618000 12.0039 0.052
54333.621884 11.9969 0.052
54333.625758 11.9838 0.052
54333.629638 12.0043 0.052
54333.633525 12.0257 0.052
54158.773710 12.0123 0.054
54158.777626 12.0062 0.054
54158.781532 11.9978 0.054
54296.511802 12.0289 0.052
54296.520642 12.0524 0.052
54296.529503 12.0785 0.052
54296.538316 12.1093 0.052
54303.532204 12.051 0.053
54303.541504 12.0198 0.053
54303.550787 12.0056 0.053
54303.560126 11.9871 0.053
54260.685661 12.2776 0.053
54260.699273 12.2781 0.053
54260.713047 12.2869 0.053
54260.726667 12.2451 0.053
54268.738960 11.9852 0.052
54268.747313 12.0037 0.052
54268.755686 12.007 0.052
54268.764029 12.0394 0.052
54268.772356 12.0613 0.053
54189.779442 12.2693 0.054
54189.782947 12.2756 0.054
54189.786379 12.2617 0.054
54189.789798 12.267 0.054
54243.642334 12.1111 0.053
54243.655566 12.064 0.053
54243.668804 12.0289 0.053
54243.681969 11.9841 0.052
54385.450605 12.2835 0.054
54385.459643 12.281 0.054
54385.468515 12.2935 0.054
54385.477412 12.2892 0.054
54402.418217 12.099 0.053
54402.429216 12.0587 0.053
54402.440140 12.0291 0.053
54402.451070 11.9982 0.052
54346.439078 12.3079 0.053
54346.449995 12.3365 0.060
54346.460869 12.2989 0.053
54346.471912 12.2603 0.058
54354.473655 11.976 0.053
54354.481564 11.9782 0.053
54354.489513 11.981 0.053
54354.497430 11.9955 0.053
54705.490938 12.3124 0.052
54705.503180 12.2968 0.052
54705.515381 12.2614 0.052
54705.527612 12.1892 0.052
54678.461509 12.0058 0.051
54678.466776 12.0059 0.051
54678.472022 11.9811 0.051
54678.477342 11.9975 0.051
54627.645315 12.2797 0.052
54627.658515 12.3303 0.052
54627.671684 12.3503 0.052
54627.684858 12.201 0.053
54642.635166 12.0956 0.053
54642.646157 12.1457 0.053
54642.657079 12.2015 0.053
54642.667999 12.2802 0.053
54535.743208 12.0726 0.054
54535.748008 12.0893 0.054
54535.752793 12.0408 0.054
54535.757607 12.0169 0.054
54587.774466 12.0964 0.052
54587.782669 12.1382 0.052
54587.790929 12.1761 0.052
54587.799135 12.2233 0.052
54600.633224 12.0406 0.052
54600.645876 12.019 0.052
54600.658586 12.0078 0.052
54600.671265 12.0157 0.052
54615.788464 12.2842 0.052
54615.796883 12.2915 0.052
54615.805304 12.2631 0.052
54615.813632 12.1952 0.052
54780.429932 12.2111 0.053
54780.436312 12.157 0.052
54780.442709 12.1346 0.052
54780.449104 12.1056 0.052
54764.424126 12.0214 0.052
54764.430698 12.0248 0.052
54764.437255 12.0236 0.052
54764.443806 12.0408 0.052
54727.542142 12.0837 0.053
54727.546538 12.1016 0.053
54727.550948 11.9865 0.056
54735.457619 12.0475 0.053
54735.466247 12.0679 0.053
54735.475140 12.0892 0.053
54735.483767 12.126 0.053
54929.702080 12.1147 0.054
54929.715368 12.1752 0.054
54929.728628 12.2506 0.054
54929.741773 12.3327 0.054
54944.676045 12.0208 0.052
54944.684090 12.0172 0.052
54944.692148 12.0194 0.052
54944.700238 12.0495 0.052
55056.583876 12.3324 0.052
55056.589038 12.3442 0.052
55056.594187 12.3242 0.052
55056.599349 12.3391 0.052
55029.548871 12.0949 0.056
55029.570307 12.2004 0.055
54913.741595 12.1475 0.053
54913.754432 11.9301 0.052
54913.767371 12.0709 0.052
54913.780479 12.0519 0.052
54974.766287 12.133 0.052
54974.779618 12.207 0.052
54974.792900 12.2767 0.052
54974.806135 12.355 0.052
55124.431666 12.252 0.053
55124.440409 12.2036 0.053
55124.449137 12.1599 0.053
55124.457863 12.1344 0.053
55086.467293 12.2219 0.052
55086.472568 12.1911 0.052
55086.477835 12.1621 0.052
55086.483099 12.1335 0.052
55414.536142 12.0986 0.052
55414.555634 12.2077 0.052
55503.412063 12.1254 0.052
55511.438122 12.2049 0.051
55511.449567 12.1392 0.051
55474.406806 12.0692 0.053
55474.429492 12.1924 0.054
55679.757689 12.3142 0.052
55679.802145 12.1301 0.052
55706.788624 12.0696 0.052
55706.799976 12.1036 0.052
55706.811515 12.1336 0.052
55706.823150 12.1759 0.052
54158.789865 12.0063 0.054
55736.664543 12.2299 0.051
55736.676853 12.2927 0.052
55736.689233 12.3662 0.052
55736.701617 12.3854 0.052
55766.460449 12.065 0.052
55766.468894 12.0817 0.052
55766.477413 12.1237 0.052
55766.485920 12.1484 0.052
55803.404543 12.1208 0.051
55803.418622 12.1504 0.051
55803.432695 12.2384 0.051
55803.446814 12.3305 0.051
56033.675504 12.0162 0.051
56033.690536 12.0149 0.051
56033.705592 12.0281 0.051
56033.720598 12.0646 0.051
56066.655791 12.0229 0.052
56066.664703 12.0347 0.052
56066.673760 12.0427 0.052
56066.682795 12.0887 0.052
56101.671186 12.0555 0.051
56101.682000 12.0488 0.051
56101.692702 12.0099 0.051
56101.703397 12.0272 0.051
56131.627676 12.3279 0.052
56131.638950 12.3133 0.052
56131.650372 12.2875 0.052
56131.661757 12.2418 0.053
56165.425224 12.323 0.052
56165.434196 12.3258 0.052
56165.443088 12.3013 0.052
56165.460238 12.2603 0.052
56217.423173 12.2004 0.051
56217.435166 12.1152 0.051
56217.447153 12.09 0.051
56217.459302 12.0523 0.051
56389.700921 12.3521 0.053
56389.708835 12.387 0.053
56389.716873 12.3729 0.053
56389.724609 12.3568 0.053
56441.760040 11.9968 0.051
56441.771316 12.0118 0.051
56441.782706 12.0115 0.051
56441.794225 12.0591 0.051
56476.632151 12.0669 0.052
56476.641865 12.114 0.053
56476.651591 12.1304 0.053
56476.661339 12.1925 0.053
