53589.413460 13.9085 0.063
53589.423447 13.9001 0.063
53589.433579 13.9031 0.063
53589.446208 13.8753 0.063
53590.420205 13.7611 0.062
53590.430498 13.7937 0.062
53590.440693 13.8545 0.063
53590.451176 13.7973 0.063
53607.372427 13.4695 0.060
53607.382238 13.3316 0.059
53607.392052 13.1969 0.058
53607.401870 13.1578 0.058
53718.712595 13.9159 0.072
53718.719631 13.9339 0.072
53718.726813 13.9476 0.072
53718.734065 13.9265 0.072
53826.629234 13.6937 0.058
53826.641313 13.7134 0.058
53826.652848 13.7381 0.058
53826.664435 13.7602 0.058
53834.495032 13.1689 0.055
53834.507635 13.2097 0.055
53834.520256 13.2536 0.056
53834.532930 13.316 0.056
53849.581075 13.7005 0.056
53849.589031 13.7178 0.056
53849.597038 13.7319 0.056
53849.605036 13.7526 0.056
53952.364951 13.8974 0.065
53952.370149 13.9553 0.065
53952.375314 13.9431 0.065
53952.380535 13.8982 0.065
53769.618233 14.0532 0.061
53769.632298 14.2272 0.073
53889.347856 13.9127 0.060
53889.358697 13.9279 0.060
53889.369578 13.9405 0.060
53889.380456 13.9204 0.059
53817.565128 13.853 0.062
53817.574092 13.8321 0.062
53817.583253 13.9128 0.062
53817.592283 13.8596 0.062
53863.461929 13.9061 0.063
53863.471137 13.8607 0.062
53863.480271 13.8883 0.062
53863.489452 13.9098 0.062
53877.496663 13.1855 0.057
53877.505978 13.1969 0.057
53877.515368 13.2352 0.058
53877.524730 13.2771 0.058
54210.543844 14.0277 0.063
54210.554868 14.0456 0.063
54210.565762 14.0716 0.063
54210.576646 14.0983 0.063
54336.362332 13.4831 0.061
54336.367466 13.5319 0.062
54336.372622 13.5738 0.062
54336.377782 13.5639 0.062
54129.693992 13.9986 0.066
54129.704093 13.9869 0.066
54129.714244 14.0326 0.067
54129.724382 14.0379 0.067
54273.468835 13.8851 0.064
54273.478656 13.8826 0.064
54273.488484 13.889 0.064
54273.498321 13.8609 0.064
54178.683807 13.5817 0.063
54178.692560 13.5953 0.063
54178.701370 13.6403 0.064
54178.710221 13.6427 0.064
54225.573876 13.4564 0.059
54225.584761 13.2856 0.058
54225.595636 13.1924 0.058
54225.617988 13.2155 0.057
54240.498877 13.995 0.063
54240.509995 13.8081 0.061
54240.521037 13.5578 0.059
54240.532351 13.3636 0.058
54510.679148 13.3894 0.060
54510.681988 13.3992 0.060
54510.684693 13.4025 0.060
54510.687375 13.3996 0.060
54594.530021 13.739 0.060
54594.538979 13.7439 0.060
54594.547962 13.7968 0.060
54594.556866 13.7981 0.061
54615.503568 14.0657 0.059
54615.507997 13.9531 0.059
54615.512468 13.9705 0.059
54615.517025 13.8478 0.058
54995.413895 13.8314 0.062
54995.421857 13.8624 0.063
54995.429868 13.8567 0.062
54995.437868 13.875 0.063
54911.682138 13.7253 0.061
54911.691794 13.7961 0.062
54911.701102 13.7907 0.062
54911.710028 13.8285 0.062
54954.454018 13.5999 0.061
54954.463536 13.4711 0.060
54954.473176 13.2663 0.058
54954.483010 13.1814 0.058
55303.657004 14.0423 0.060
55271.638742 13.214 0.059
55329.546598 13.1987 0.059
55664.601713 13.6626 0.059
55664.614726 13.7282 0.059
55664.627760 13.7399 0.059
55664.640972 13.8186 0.060
55634.658240 13.2632 0.055
55634.702671 13.4254 0.056
55701.508297 14.0028 0.059
56011.544053 13.6127 0.056
56011.556175 13.6161 0.056
56011.568238 13.6563 0.056
56011.580310 13.6658 0.056
56046.492066 13.5679 0.056
56046.501269 13.5751 0.056
56046.510486 13.6449 0.056
56046.519630 13.6409 0.056
56076.428154 13.8559 0.058
56076.440779 13.8803 0.058
56076.453512 13.912 0.058
56076.466152 13.8875 0.058
56117.408919 14.122 0.058
56117.418084 14.131 0.058
56117.427256 14.0153 0.059
56368.679360 13.2195 0.054
56368.692889 13.2327 0.054
56368.706461 13.3069 0.054
56368.720068 13.3485 0.054
56391.574565 13.8775 0.058
56391.584183 13.7066 0.057
56391.593774 13.537 0.056
56391.603244 13.3231 0.055
56418.544465 13.5371 0.054
56418.557568 13.3032 0.053
56418.570714 13.2299 0.053
56418.583935 13.1932 0.053
