53711.659351 14.551 0.067
53711.670233 14.5881 0.068
53711.692006 14.5671 0.068
53713.563479 14.6794 0.068
53713.575144 14.6817 0.068
53713.586814 14.7155 0.069
53713.598492 14.7388 0.069
53734.633510 14.6616 0.074
53734.642140 14.6757 0.075
53734.650774 14.656 0.074
53734.659389 14.6454 0.074
53676.674617 14.8034 0.081
53676.682751 14.793 0.081
53676.690819 14.7831 0.081
53676.698742 14.8075 0.082
53643.738915 14.6336 0.079
53643.747745 14.6288 0.079
53643.756739 14.6014 0.078
53643.765551 14.5913 0.078
53851.384942 14.6104 0.064
53851.395298 14.6135 0.064
53851.405631 14.6201 0.064
53851.415977 14.6395 0.065
53956.790891 14.852 0.076
53956.796976 14.8381 0.076
53956.803046 14.8615 0.076
53956.809167 14.8618 0.076
54077.703802 14.8146 0.072
54077.713694 14.8289 0.072
54086.643030 14.5736 0.073
54086.660470 14.584 0.073
54086.669159 14.5824 0.073
53745.532958 14.6043 0.074
53745.537242 14.5987 0.074
53745.541511 14.6353 0.075
53745.545765 14.6249 0.075
53762.520714 14.3553 0.081
53762.525035 15.8031 0.449
53762.529343 14.7389 0.080
53762.533668 15.4349 0.141
53825.444819 14.7671 0.066
53825.451395 14.7664 0.066
53825.457955 14.7696 0.066
53825.464517 14.7678 0.067
53876.355796 14.8083 0.073
53876.361072 14.8102 0.073
53876.366361 14.8154 0.073
53876.371662 14.7963 0.073
54055.637040 14.7141 0.074
54055.644015 14.6935 0.074
54055.651094 14.7064 0.074
54055.658113 14.7477 0.074
54005.705185 14.7477 0.074
54005.714415 14.7609 0.074
54005.723386 14.7453 0.074
54005.732254 14.7518 0.074
54210.412281 14.6622 0.069
54210.419841 14.6814 0.069
54210.427428 14.689 0.070
54210.435047 14.6734 0.069
54446.691517 14.7526 0.071
54446.700962 14.7489 0.071
54446.710599 14.7265 0.071
54446.719937 14.73 0.071
54153.511671 14.56 0.067
54153.519055 14.5916 0.068
54153.526453 14.5995 0.068
54153.533844 14.6058 0.068
54108.723143 14.6381 0.066
54108.729755 14.6755 0.066
54108.736384 14.623 0.066
54108.743027 14.6595 0.066
54119.616739 14.5721 0.073
54119.625530 14.5771 0.073
54119.634270 14.5491 0.073
54119.643008 14.5849 0.073
54130.521476 14.6536 0.068
54130.534755 14.623 0.068
54130.548010 14.6161 0.068
54130.561305 14.6248 0.068
54184.448439 14.7919 0.070
54184.459402 14.8033 0.071
54184.470369 14.4802 0.079
54185.454421 14.7167 0.069
54185.465916 14.7009 0.069
54185.477413 14.6845 0.069
54185.489679 14.6212 0.068
54227.352296 14.7239 0.131
54227.359148 14.6919 0.076
54227.366003 14.7112 0.077
54227.372858 14.6677 0.077
54242.388646 14.5504 0.107
54242.395532 14.6059 0.084
54242.402432 14.6012 0.097
54242.409362 14.5772 0.076
54416.705652 14.5361 0.065
54416.718213 14.5223 0.065
54416.730741 14.5536 0.066
54416.743352 14.5402 0.065
54382.673059 14.737 0.075
54382.682007 14.7138 0.074
54382.690963 14.7271 0.075
54382.700007 14.6718 0.074
54365.660426 14.8693 0.078
54365.671070 14.8539 0.077
54365.681734 14.8132 0.076
54365.692427 14.8452 0.077
54808.612844 14.5631 0.070
54808.621326 14.5877 0.071
54808.629786 14.5595 0.070
54808.638259 14.6149 0.071
54503.491858 14.7102 0.075
54503.500466 14.7337 0.075
54503.509243 14.7623 0.076
54503.517969 14.7935 0.077
54466.619889 14.8879 0.108
54466.629422 14.6467 0.080
54466.638940 14.4396 0.321
54472.672007 14.6034 0.068
54472.677526 14.6073 0.068
54472.683037 14.6228 0.069
54472.688544 14.5905 0.068
54531.517871 14.7836 0.070
54531.526150 14.7959 0.070
54531.534961 14.7824 0.070
54531.543231 14.806 0.070
54589.368102 14.5556 0.063
54589.373514 14.5506 0.063
54589.378936 14.5578 0.063
54589.386344 14.5641 0.063
54794.733292 14.7449 0.071
54794.735435 14.7394 0.072
54794.737575 14.768 0.072
54794.739703 14.7744 0.072
54761.638894 14.6891 0.072
54761.649063 14.7089 0.072
54761.659249 14.7165 0.072
54761.669421 14.7164 0.072
54769.684380 14.5213 0.070
54769.693383 14.5123 0.070
54769.702492 14.5119 0.070
54769.711637 14.5138 0.070
54735.747550 14.6058 0.068
54735.756380 14.5838 0.068
54735.765121 14.5883 0.068
54735.773957 14.5666 0.068
54938.429100 14.6782 0.065
54938.435586 14.6874 0.065
54938.442060 14.6789 0.065
54938.448609 14.6923 0.065
55174.705466 14.6911 0.066
55174.715186 14.6901 0.067
55174.724800 14.4387 0.078
55174.734460 14.7454 0.067
54889.515152 14.7727 0.071
54889.523584 14.7694 0.071
54889.532159 14.7431 0.071
54889.540606 14.733 0.071
54837.551586 14.656 0.064
54837.564682 14.6581 0.064
54837.577705 14.6411 0.064
54837.590715 14.6577 0.065
54857.588110 14.6584 0.065
54857.601067 14.6285 0.064
54857.614078 14.6374 0.064
54857.627073 14.6173 0.064
54917.458662 14.7872 0.066
54917.465107 14.7852 0.066
54917.471543 14.7837 0.067
54917.477989 14.7588 0.066
54966.371817 14.6796 0.071
54966.376855 14.6762 0.071
54966.381893 14.6941 0.071
54966.386939 14.694 0.071
55151.732380 14.6937 0.066
55151.737159 14.6824 0.066
55151.741943 14.7056 0.066
55151.746731 14.6462 0.065
55120.726205 14.7693 0.065
55120.734717 14.7675 0.065
55120.743318 14.7741 0.065
55120.751925 14.7615 0.065
55101.679080 14.6302 0.065
55101.691907 14.6423 0.065
55101.704826 14.6388 0.093
55101.717662 14.6348 0.065
55300.425382 14.5963 0.069
55542.605949 14.5435 0.070
55542.634810 14.5785 0.070
55560.615874 14.7262 0.066
55560.637076 14.7199 0.067
55236.550364 14.7422 0.068
55204.627894 14.6787 0.063
55204.672187 14.6164 0.062
55268.480407 14.5846 0.066
55331.378389 14.7739 0.075
55331.391163 14.7862 0.075
55679.394812 14.7058 0.068
55679.416142 14.7302 0.066
55590.585042 14.7472 0.064
55590.614923 14.6937 0.063
55626.426096 14.6333 0.071
55626.447657 14.5913 0.070
55837.759674 14.7175 0.066
55868.694525 14.6594 0.062
55868.707241 14.6815 0.062
55868.720098 14.6776 0.062
55868.732920 14.6695 0.062
55908.535950 14.764 0.064
55908.549830 14.741 0.063
55908.563722 14.7797 0.064
55908.577686 14.7719 0.064
55971.541510 14.6971 0.065
55971.552325 14.6945 0.065
55971.577218 14.6631 0.065
55971.587931 14.6707 0.065
56019.451531 14.7746 0.063
56019.464311 14.7368 0.063
56019.476999 14.7742 0.063
56019.489637 14.7812 0.063
56056.363158 14.6137 0.064
56056.368467 14.6062 0.065
56056.373855 14.5583 0.064
56056.379116 14.5996 0.065
56242.687581 14.5398 0.060
56242.700466 14.5793 0.061
56242.713362 14.5564 0.060
56242.726244 14.5628 0.061
56274.596436 14.655 0.065
56274.603700 14.643 0.063
56274.610883 14.6121 0.063
56274.618141 14.6069 0.063
56378.457727 14.8264 0.062
56378.466190 14.8485 0.062
56378.474677 14.8343 0.062
56378.483109 14.8241 0.062
56410.412234 14.6728 0.061
56410.418569 14.6708 0.061
56410.425345 14.6818 0.062
56410.431695 14.7358 0.062
