53591.498004 15.4414 0.094
53591.508795 15.3927 0.093
53591.519391 15.422 0.094
53591.530058 15.3979 0.093
53707.438882 15.6256 0.098
53707.444006 15.6176 0.098
53707.449086 15.5587 0.096
53707.454193 15.5812 0.097
53554.559464 15.4765 0.089
53554.567245 15.5355 0.091
53554.575071 15.5271 0.091
53554.582919 15.518 0.090
53578.603366 15.4022 0.081
53578.616505 15.416 0.082
53578.629634 15.4529 0.082
53578.642816 15.4637 0.083
53676.412239 15.4836 0.099
53676.421309 15.4829 0.099
53676.430417 15.4175 0.097
53676.439517 15.4191 0.097
53652.442916 15.5611 0.102
53652.452098 15.4717 0.099
53652.461240 15.4326 0.098
53652.470384 15.4323 0.098
53669.464389 15.432 0.089
53669.473055 15.4703 0.090
53669.482215 15.6434 0.622
53669.493196 15.4307 0.089
53620.452634 15.4851 0.097
53620.462581 15.5396 0.100
53620.472083 15.55 0.112
53620.481250 15.5318 0.100
53635.468496 15.5008 0.090
53635.480065 15.5006 0.090
53635.491522 15.4721 0.089
53635.502997 15.443 0.089
53831.741115 15.429 0.075
53831.750142 15.4145 0.074
53831.759156 15.4082 0.074
53831.768281 15.4119 0.074
53849.738142 15.4613 0.075
53849.749754 15.4186 0.074
53849.761483 15.422 0.074
53849.773238 15.3909 0.073
53959.639894 15.3518 0.076
53959.655740 15.37 0.077
53959.671575 15.4624 0.079
53959.687399 15.5018 0.079
53970.506430 15.4848 0.089
53970.516637 15.4122 0.087
53970.526783 15.4085 0.087
53970.536993 15.4004 0.087
53978.420369 15.4851 0.089
53978.429058 15.4215 0.087
53978.437893 15.4444 0.088
53978.446756 15.5194 0.089
53936.723484 15.4093 0.079
53936.736652 15.4967 0.079
53936.749820 15.5388 0.081
53936.763093 15.5497 0.082
53945.602287 15.4596 0.078
53945.616028 15.4411 0.078
53945.629722 15.5356 0.079
53945.643457 15.4781 0.078
53893.661250 15.5002 0.085
53893.669824 15.5037 0.085
53893.678605 15.5076 0.085
53893.687736 15.5 0.085
53913.649809 15.4407 0.086
53913.658554 15.4443 0.086
53913.667335 15.4061 0.085
53913.676002 15.5305 0.088
53879.682711 15.4385 0.083
53879.692774 15.4267 0.082
53879.703112 15.4822 0.084
53879.713863 15.4922 0.084
54014.425317 15.4364 0.088
54014.433982 15.4587 0.089
54014.442621 15.4461 0.088
54014.451254 15.4429 0.088
54019.414155 15.442 0.088
54019.424565 15.4169 0.087
54019.434924 15.3779 0.086
54019.445286 15.3543 0.086
54027.408318 15.5061 0.123
54027.416989 15.9056 0.223
54027.425621 15.4002 0.091
54027.434341 15.3767 0.089
54003.590086 15.4744 0.074
54003.600042 15.4532 0.073
54003.609988 15.4103 0.073
54003.619962 15.4361 0.074
54008.438195 15.4315 0.087
54008.448881 15.423 0.087
54008.459555 15.5189 0.089
54008.470214 15.5003 0.089
54197.752202 15.4659 0.095
54197.760222 15.4916 0.096
54197.768221 15.4294 0.094
54197.776261 15.46 0.095
54213.764623 15.5268 0.084
54213.778468 15.4962 0.083
54213.791815 15.4539 0.082
54213.805238 15.396 0.081
54320.563448 15.4753 0.078
54320.576861 15.4692 0.078
54320.590292 15.4779 0.078
54320.603648 15.4929 0.078
54321.518393 15.3938 0.076
54321.528475 15.3618 0.076
54321.538403 15.3605 0.076
54321.548247 15.3893 0.076
54291.614646 15.3969 0.090
54291.623864 15.3677 0.089
54291.632814 15.3438 0.087
54291.641732 15.3702 0.088
54303.598281 15.4902 0.088
54303.609313 15.4902 0.088
54303.620028 15.4657 0.087
54303.630635 15.4214 0.086
54260.693800 15.3895 0.081
54260.707587 15.3653 0.080
54260.721205 15.3575 0.080
54260.734907 15.4259 0.081
54385.479955 15.5085 0.091
54385.489073 15.4647 0.090
54385.498261 15.4615 0.090
54385.507401 15.4571 0.091
54402.426380 15.3905 0.079
54402.437315 15.4368 0.080
54402.448250 15.4797 0.081
54402.459162 15.4755 0.081
54346.447228 15.4719 0.079
54346.458104 15.444 0.079
54346.469050 15.4401 0.079
54346.480016 15.4879 0.192
54360.385090 15.4483 0.079
54360.393990 15.4559 0.079
54360.402740 15.4788 0.079
54360.411463 15.38 0.077
54686.455955 15.4217 0.077
54686.462469 15.4045 0.077
54686.468993 15.3953 0.077
54686.475496 15.4073 0.078
54687.455732 15.3937 0.073
54687.466408 15.3669 0.073
54687.477045 15.3582 0.072
54687.487655 15.3827 0.073
54705.559727 15.4801 0.073
54705.571544 15.5117 0.082
54705.583279 15.4633 0.082
54705.595035 15.414 0.073
54672.567750 15.5135 0.083
54672.578325 15.5114 0.083
54672.588989 15.5536 0.084
54672.599607 15.5654 0.084
54631.612552 15.4244 0.073
54631.619245 15.4311 0.073
54631.625983 15.4623 0.073
54631.632686 15.4485 0.073
54631.639389 15.4893 0.074
54642.679407 15.4793 0.081
54642.688974 15.4803 0.081
54642.698604 15.5124 0.082
54642.708323 15.5039 0.082
54589.781960 15.4107 0.073
54589.790945 15.3793 0.072
54589.799935 15.4097 0.073
54589.808979 15.4346 0.073
54617.636031 15.4363 0.072
54617.648826 15.4502 0.072
54617.661681 15.4381 0.072
54617.674507 15.4121 0.072
54763.463639 15.4991 0.078
54763.470177 15.541 0.079
54763.476699 15.5071 0.078
54763.483205 15.5603 0.079
54735.489782 15.4698 0.082
54735.498674 15.4636 0.082
54735.507781 15.44 0.081
54735.516686 15.4336 0.081
54942.760722 15.497 0.070
54942.774141 15.4871 0.070
54942.787534 15.4634 0.070
54942.800917 15.4799 0.070
55058.495307 15.4041 0.074
55058.500571 15.3762 0.073
55058.505868 15.3872 0.073
55058.511139 15.3326 0.072
55029.675556 15.4949 0.090
55029.683970 15.5148 0.092
55029.692416 15.549 0.092
55029.700869 15.4772 0.090
54915.756987 15.5088 0.077
54915.766751 15.5254 0.077
54915.776563 15.4691 0.076
54915.786354 15.4887 0.076
54980.697392 15.3662 0.083
54980.707636 15.3175 0.082
54980.718233 15.351 0.083
54980.728587 15.3921 0.084
55147.405384 15.4094 0.142
55147.409585 15.4413 0.081
55147.413795 15.5481 0.086
55147.427177 15.434 0.088
55120.397109 15.45 0.073
55120.403447 15.4842 0.074
55120.409791 15.4666 0.073
55120.416135 15.4931 0.074
55086.515453 15.3882 0.074
55086.523387 15.3985 0.074
55086.531335 15.3652 0.074
55086.539315 15.391 0.074
55414.562446 15.5126 0.072
55414.581921 15.4382 0.071
55439.508300 15.5264 0.079
55439.520426 15.5417 0.079
55439.532624 15.4867 0.078
55439.544817 15.4285 0.077
55381.673916 15.4457 0.072
55381.698782 15.5257 0.089
55359.699392 15.4946 0.076
55359.734964 15.4331 0.076
55501.452498 15.4679 0.075
55501.473699 15.5331 0.075
55474.436270 15.4204 0.090
55474.459132 15.5047 0.088
55681.729148 15.5888 0.073
55681.766318 15.6872 0.074
55707.727172 15.5924 0.073
55707.742073 15.6374 0.074
55707.757177 15.6392 0.074
55707.772247 15.5923 0.074
53578.661859 15.5027 0.084
53578.672016 15.5522 0.085
53578.682197 15.5906 0.086
53578.692370 15.4956 0.084
55414.595485 15.4334 0.071
55414.615231 15.4358 0.071
55738.601826 15.4247 0.071
55738.617045 15.4307 0.072
55738.632347 15.4414 0.072
55738.647482 15.5542 0.073
55766.518311 15.5479 0.073
55766.531176 15.5585 0.074
55766.544046 15.5549 0.073
55766.557041 15.5632 0.074
55803.470073 15.4749 0.069
55803.480717 15.4904 0.070
55803.491377 15.5005 0.070
55803.502024 15.4634 0.069
56033.689603 15.3917 0.065
56033.704661 15.3955 0.064
56033.719666 15.4094 0.065
56033.734757 15.444 0.065
56066.694642 15.4724 0.075
56066.703555 15.4942 0.075
56066.712549 15.5116 0.076
56066.721535 15.5378 0.076
56101.721077 15.5698 0.072
56101.731790 15.5698 0.072
56101.742484 15.5561 0.072
56101.753283 15.474 0.071
56173.530640 15.4214 0.072
56173.540234 15.4763 0.073
56173.549198 15.5275 0.073
56173.557051 15.5409 0.074
56220.417590 15.491 0.071
56220.431082 15.4824 0.070
56220.442355 15.5138 0.071
56220.453699 15.5189 0.071
56395.741544 15.4803 0.073
56395.753392 15.5064 0.073
56395.765690 15.5372 0.073
56395.777749 15.52 0.073
56441.805245 15.5504 0.070
56441.810912 15.5712 0.070
56441.816593 15.5689 0.070
56441.822313 15.5912 0.070
56476.636512 15.5054 0.080
56476.646181 15.5661 0.081
56476.655961 15.6076 0.082
56476.665741 15.5853 0.081
