53713.7238168516 16.797712 0.123620691057093
53713.7277553007 16.778002 0.122873078361753
53713.7316850694 16.777701 0.122936217593117
53713.7356345719 16.720299 0.120334313833491
53734.6745693401 17.068956 0.167424741955935
53734.6832124769 17.266962 0.184048762527448
53734.6918862962 17.343498 0.191146282663332
53734.700572604 17.094572 0.170783831790985
53683.6748684836 16.764909 0.136961185583188
53683.6843433678 16.750396 0.136064326887007
53683.6937280442 16.696075 0.133081747090047
53683.7029890162 16.695244 0.133236921039369
53847.4157058564 17.087135 0.122426956666117
53847.4288384491 16.920938 0.115478845150174
53847.4419585187 16.833852 0.111839026532213
53847.4550363775 16.851337 0.113416166382986
54086.6447707407 17.070885 0.168293846689553
54086.6534890162 16.998322 0.163246536285881
54086.6622145718 16.833645 0.152466310988544
54086.6709051851 16.743718 0.146777140949328
53769.5705706364 17.209707 0.130919029487649
53769.5805382178 16.971106 0.119744082769163
53769.5904979281 16.773768 0.11216738509365
53769.6004708683 16.752839 0.111189396884776
53754.6948313772 16.907772 0.11781807206042
53754.70480456 16.951313 0.120894813798166
53754.7147665162 17.032772 0.125172687024901
53754.7247190972 17.207045 0.135273619761803
53806.4879035881 16.689265 0.12612420272158
53806.4966006597 16.772799 0.130412554377325
53806.5052422799 16.839144 0.134052991743649
53806.5137881946 16.895326 0.137409972725639
53823.4633859373 16.985826 0.11835172405404
53823.4721060763 17.103124 0.123972834976852
53823.481435243 17.374817 0.142701057590409
53823.4901836803 17.334374 0.146569780390769
53861.4191952082 16.833587 0.114232830632463
53861.4257894442 16.792561 0.112704477504169
53861.4323342475 16.754007 0.111277731892853
53861.4389137849 16.775286 0.112682483794573
53879.3628089467 16.825834 0.134884767302329
53879.3791619559 16.929913 0.141816295227576
53879.387336088 17.064407 0.15078839214255
54049.7013993752 16.823565 0.124633693632316
54049.7079489352 16.778602 0.122786470882452
54049.714575347 16.75152 0.121131946547546
54049.7211710764 16.741078 0.120671771437366
54062.5822980669 17.167097 0.141816295227576
54062.5954512269 17.376734 0.154287746786611
54062.6085935184 17.141596 0.139519981502309
54062.6217539697 16.856212 0.123942882306194
54005.7447066784 16.793386 0.143310341273687
54005.7536486803 16.723405 0.138853875555359
54005.762625301 16.811866 0.14391484176412
54005.7717558566 16.788271 0.142439530796576
54199.4944698033 16.862032 0.130919029487649
54199.5059619099 16.807154 0.128504363657309
54199.5174584142 16.683215 0.122986298701797
54199.52890875 16.75805 0.127292291158616
54446.7073071758 16.861866 0.13595475335618
54446.7166795368 16.844603 0.13485823954687
54446.725982199 16.729633 0.12879791201447
54465.6669270718 16.626485 0.115989934176686
54465.6781884953 16.823866 0.125133068736996
54465.6894729515 16.828104 0.125537245763872
54465.7007708447 16.937314 0.131436667906314
54153.5448011807 16.832072 0.128338240959371
54153.5533228125 16.773123 0.125354437207511
54153.5618664236 16.741624 0.123855908541567
54153.5703874771 16.732272 0.123755654160759
54110.6871201736 16.988587 0.137174775958128
54120.5408115047 16.77826 0.12200520710966
54120.5539131714 16.735813 0.119988764638962
54120.56699978 16.680049 0.117560442583967
54120.5800927547 16.816031 0.123553431426504
54130.5871472918 17.297759 0.153297377382828
54130.6014127894 17.176923 0.145634572049302
54130.615696447 17.055821 0.138853875555359
54130.6299230326 16.744669 0.122520334072942
54170.5029406135 16.745303 0.147888972991812
54170.5133086109 16.705063 0.152508075896464
54170.523647315 17.482085 0.846671383629809
54185.497201574 17.118734 0.143939024584974
54185.5081001273 17.45433 0.167325448857372
54185.5189979975 17.413365 0.16469544694516
54185.5298580206 16.875943 0.131433237182927
54227.3816806483 16.952317 0.136892937801032
54227.3926417129 16.881181 0.136696954393446
54227.4035550812 16.724756 0.125967001488908
54227.4144765623 16.729376 0.126173856837577
54242.418393125 16.802743 0.15903405372489
54242.4252715164 16.89269 0.163292095430552
54415.6962156482 16.797528 0.11990300910613
54415.7072147918 16.727849 0.116711980061162
54415.7180915973 16.660405 0.113875932805637
54415.7289627199 16.73683 0.11715135735851
54415.7398323496 16.869229 0.12308935502325
54382.7045772338 16.804857 0.146585291556763
54382.7115835186 16.9069 0.152681553428688
54382.7185791551 16.781312 0.145811748642287
54382.7255526853 16.758042 0.143621014115034
54365.7073264003 17.456299 0.199180902171625
54365.7286642475 17.195438 0.174384513274713
54365.7393776157 17.068382 0.163765491088887
54808.6195878588 16.749661 0.136613280813471
54808.6280553124 16.666577 0.132000696693324
54808.6365204516 16.761134 0.13729623815798
54808.6455570256 16.786956 0.134680628802525
54505.5826063079 17.016376 0.158606612312532
54505.5901100693 16.968658 0.155588864534006
54505.5976120948 16.860969 0.148513445097887
54505.605094433 16.755116 0.142064374223646
54527.50373478 16.999723 0.13110202158087
54527.5135498494 16.938581 0.127946678880108
54527.5233719908 16.803188 0.121370990607268
54527.5331811574 16.748128 0.119084545919799
54589.4000804859 17.159447 0.150145714557823
54589.4065641781 16.996369 0.140018775390233
54589.4130350348 16.873169 0.133582236165539
54589.4194808795 16.836004 0.131594894723653
54600.3862268751 16.76897 0.0977969930186349
54600.3941744099 16.839824 0.100286855262953
54600.4020785301 16.777656 0.0985629407247034
54600.4099880903 16.693961 0.0962139099138669
54742.7386425232 16.627682 0.156653081206815
54742.7637976391 17.263573 0.482680809427983
54753.7405211111 16.860096 0.115828806495042
54753.7488922686 17.127391 0.127669853849215
54753.7572820601 17.262647 0.134171676691601
54753.7656319211 17.49538 0.148889476439624
54769.7241791204 17.237606 0.16827698572433
54769.7334320137 16.918664 0.14573571913646
54769.7426564467 16.870916 0.142388368746664
54769.7518714929 16.870294 0.142523401822893
54929.4824426738 17.530973 0.245875045642891
54929.4905053587 17.236968 0.212175411207121
54929.4986143517 17.274474 0.217062199790469
54929.506684213 17.153075 0.205513583870489
54944.4363742941 17.394451 0.141005331005676
54944.4444325925 17.195612 0.129222337257125
54944.4525054628 16.94409 0.117569214793038
54944.4605674539 16.829926 0.113003161746811
55184.5951995021 16.771603 0.111870962085951
55184.6084275576 16.732294 0.108679965429148
55184.6216247105 16.862538 0.113484060778801
55184.6345651387 16.9847 0.11865991952011
54868.5536637268 16.920367 0.105603164587888
54868.5610032406 16.917242 0.105867334255089
54868.5686187035 17.110802 0.11336536185016
54868.5761148262 17.265852 0.120153829896777
54884.5201660879 17.326872 0.135693922062775
54884.5282070255 17.503314 0.146224832430829
54884.5362670603 17.36613 0.138266141911061
54884.5443303357 17.110465 0.124882383791027
54889.5218169211 17.184406 0.153835870938474
54836.6783505785 16.886248 0.112980921001461
54836.6880552317 17.081082 0.122061440125053
54836.697853067 17.356316 0.136280537873545
54836.7075988078 17.326537 0.1401543788783
54857.6639129743 16.91653 0.1175648310328
54857.6746661691 16.703378 0.109251231799423
54857.6854406484 16.75835 0.111791188424067
54857.6961974306 16.776811 0.112469044315641
54908.443300463 17.396941 0.171157591990452
54908.4517484723 17.161656 0.154200717739125
54908.4602097917 16.915839 0.139049049047326
54908.4686837268 16.870199 0.136422765705412
54966.3945315393 16.812139 0.134722116636274
54966.3995820719 16.706826 0.129574294120496
54966.4046882872 16.650294 0.126802624368224
54966.4097355904 16.635639 0.126329152436181
55144.6946794099 17.23021 0.151709713701843
55144.7022889584 17.115301 0.144617363190003
55144.7098097454 16.928773 0.133813142950323
55144.7174013543 16.787468 0.126417394290471
55103.7243478933 17.097452 0.154138662232585
55103.7335040278 16.938392 0.143900342789986
55103.7426849307 16.932106 0.14343909183679
55103.7520202316 16.851794 0.138311981550612
55299.4568403703 16.913271 0.12410388005031
55542.643422743 16.767996 0.137626233089864
55542.6722577546 16.839288 0.141907988215133
55560.6549268868 16.93982 0.123333848820895
55560.6816708567 16.723897 0.1139642281039
55204.6905820257 17.178639 0.117619690532054
55204.7269349306 16.969812 0.111230925820792
55267.4994634837 16.875897 0.122569729260724
55330.3605584838 17.202219 0.15573013538107
55330.3923017127 16.865198 0.138153863060936
55679.42972875 17.295163 0.131040912436716
55679.4489371179 17.085691 0.122424367683753
55618.5467214584 17.191331 0.13746697375132
55618.567972743 16.950368 0.125311745069589
55592.5928785534 16.735351 0.101108661940174
55592.6291845947 17.34651 0.127123219657093
55648.5112405092 16.789496 0.105037983887948
55648.5302495718 16.910262 0.110324191856745
54170.5468020254 17.110878 0.183946244995634
54170.5905989582 16.960188 0.200013141135296
54170.5029406135 16.745303 0.147888972991812
54170.5133086109 16.705063 0.152508075896464
54170.5468020254 17.110878 0.183946244995634
54170.6113382868 16.728453 0.152323416227182
55883.7224399999 16.77624 0.139352329196492
55883.731177963 16.696086 0.134771209117197
55883.7400314353 16.693234 0.134646718804737
55883.7487110534 16.879804 0.144578005896116
55918.6787077198 17.304212 0.141288785204199
55918.6877393173 17.090273 0.130120881322466
55918.6968593402 16.896279 0.120862846398065
55918.7057963773 16.802964 0.116588913666469
55962.5732371526 16.77853 0.101015519258816
55962.5839906944 16.788781 0.101457872354934
55962.5947619442 16.751133 0.100312837974023
55962.605448935 16.977723 0.108427862041221
56019.4605399075 16.702056 0.096976239104755
56019.47347478 16.740403 0.0984101839698217
56019.4860864932 16.689779 0.0972243281149287
56019.4987460071 16.657747 0.0963212645353461
56056.3922980093 17.231458 0.13493788734145
56056.3977193981 17.350395 0.142078205903845
56056.4030815279 17.385142 0.144318229519663
56056.4083997915 17.374651 0.143881013340771
56251.7040255902 16.903578 0.0997421606823997
56251.7146959029 16.787872 0.0957419347277146
56251.7255325465 16.819977 0.096691297124927
56251.7363800694 16.791919 0.0959598830527322
56281.6129263081 16.794418 0.108963152211008
56281.6264763656 16.759758 0.107784640011172
56281.6398324422 16.773899 0.10831202151925
56281.6533195488 16.833016 0.110569358963359
56368.5381131829 16.804569 0.0853734374380495
56368.5521275928 16.756635 0.0843575774954139
56368.5662572915 16.845598 0.0866754864050875
56368.5804993748 16.900033 0.0884132629920327
56380.4819233216 16.882509 0.0983924033519721
56380.4960195835 16.792854 0.0958423539488946
56380.5102050927 16.753206 0.0948109283024013
56380.5243631712 16.777292 0.0958197999309073
56410.4365113888 16.87934 0.10032367399731
56410.446329132 17.28545 0.114339858911678
56410.4548210067 17.298462 0.115107211209078
56410.4632833682 17.306491 0.115754760702698
