53714.550296 15.726 0.088
53714.560173 15.7169 0.087
53714.570055 15.7624 0.088
53714.579937 15.745 0.088
53734.674139 16.0915 0.113
53734.682775 15.9429 0.107
53734.691451 15.9354 0.107
53734.700144 15.9614 0.108
53683.679727 15.9492 0.101
53683.689237 15.934 0.101
53683.698664 15.8258 0.097
53683.707962 15.7418 0.095
53847.416260 15.7759 0.081
53847.442514 15.6295 0.078
53847.455587 15.5965 0.077
54095.613225 15.6062 0.100
54095.622050 15.6224 0.105
53769.572559 16.0034 0.087
53769.582515 15.9323 0.086
53769.592493 15.8318 0.084
53769.602447 15.7858 0.083
53754.696803 15.6927 0.080
53754.706786 15.6891 0.081
53754.716760 15.7405 0.082
53754.726705 15.7916 0.084
53806.487475 15.8249 0.093
53806.496160 15.8213 0.093
53806.504807 15.8218 0.093
53806.513354 15.7307 0.091
53823.463923 15.6161 0.078
53823.472645 15.4428 0.085
53823.481974 15.6031 0.078
53823.490738 15.5926 0.081
53861.419749 15.8562 0.084
53861.426328 15.7956 0.083
53861.432886 15.8924 0.085
53861.439460 15.9645 0.087
53879.364571 15.6214 0.089
53879.372748 15.6774 0.090
53879.380931 15.5909 0.088
53879.389098 15.5973 0.089
54049.703012 15.6401 0.084
54049.709593 15.6972 0.086
54049.716197 15.6555 0.085
54049.722791 15.7562 0.087
54062.583928 15.6583 0.084
54062.597075 15.6414 0.084
54062.610214 15.5976 0.083
54062.623390 15.5848 0.082
54005.744273 15.6471 0.094
54005.753090 15.6014 0.093
54005.762182 15.6049 0.093
54005.771299 15.628 0.093
54199.496122 15.6285 0.086
54199.507590 15.6526 0.087
54199.519076 15.6064 0.086
54199.530524 15.5808 0.086
54464.662638 15.8835 0.115
54464.685251 15.757 0.110
54464.696613 15.7259 0.109
54465.669166 15.6224 0.084
54465.680428 15.6142 0.084
54465.691702 15.597 0.084
54465.703006 15.6135 0.084
54153.545882 15.6083 0.085
54153.554403 15.5918 0.085
54153.562947 15.609 0.085
54153.571468 15.625 0.086
54110.689842 15.5656 0.084
54110.703014 15.7593 0.089
54110.716325 15.7172 0.089
54110.729453 15.8394 0.093
54120.544599 15.6056 0.083
54120.557718 15.6139 0.084
54120.570798 15.6084 0.083
54120.583873 15.6408 0.084
54130.587697 15.7552 0.087
54130.601969 15.7976 0.089
54130.616235 15.7904 0.089
54130.630479 15.7897 0.089
54170.503370 15.6424 0.098
54170.513744 15.7355 0.111
54170.534415 16.1391 0.615
54185.498849 15.613 0.085
54185.509740 15.6308 0.086
54185.520614 15.7266 0.088
54185.531479 15.8182 0.091
54227.384393 15.7315 0.089
54227.395336 15.6468 0.093
54227.406250 15.7917 0.091
54227.417179 15.7079 0.090
54242.419674 15.7421 0.103
54242.426550 15.7841 0.105
54242.440351 15.6352 0.154
54420.726901 15.7368 0.104
54420.731351 15.8401 0.106
54420.736083 15.8972 0.104
54420.740519 16.0316 0.108
54382.743982 15.5998 0.094
54382.752085 15.6187 0.094
54382.760149 15.5936 0.094
54382.768288 15.6198 0.094
54365.709961 15.5246 0.092
54365.720693 15.5445 0.092
54365.731376 15.5075 0.091
54365.742080 15.524 0.092
54505.584800 15.6811 0.096
54505.592320 15.6166 0.094
54505.599807 15.6433 0.095
54505.607306 15.5846 0.093
54529.587484 15.7639 0.081
54529.598266 15.6405 0.079
54529.609034 15.6377 0.079
54529.619800 15.6011 0.078
54588.394679 15.7471 0.080
54588.404577 15.7975 0.081
54588.414435 15.9399 0.084
54588.424291 16.0061 0.086
54602.382141 15.6047 0.086
54602.389810 15.6409 0.087
54602.397472 15.57 0.085
54602.405118 15.5735 0.086
54742.739085 15.5518 0.099
54742.764223 15.5178 0.150
54753.743316 15.642 0.079
54753.751675 15.6067 0.078
54753.760058 15.5618 0.077
54753.768434 15.565 0.077
54769.727265 15.5414 0.089
54769.736471 15.5697 0.090
54769.745742 15.5572 0.089
54927.482636 15.7011 0.081
54927.492324 15.7126 0.081
54927.502020 15.7514 0.082
54927.511727 15.819 0.084
54929.482974 15.6117 0.106
54929.491039 15.6628 0.108
54929.499147 15.5607 0.105
54929.507217 15.5848 0.106
54944.436906 15.9401 0.085
54944.444969 15.9528 0.085
54944.453035 15.8755 0.083
54944.461102 15.8011 0.082
55184.596851 15.5621 0.078
55184.610031 15.5679 0.077
55184.623205 15.5989 0.078
55184.636223 15.6287 0.078
54888.438386 15.6152 0.089
54888.444827 15.637 0.089
54888.451298 15.6476 0.089
54888.457756 15.6753 0.090
54834.597347 15.5926 0.087
54834.605390 15.5958 0.087
54834.613512 15.5803 0.086
54834.621642 15.6135 0.087
54857.669268 15.5891 0.078
54857.680037 15.54 0.078
54857.690805 15.5757 0.078
54857.701581 15.6391 0.080
54908.444548 15.8076 0.093
54908.452999 15.7304 0.091
54908.461461 15.689 0.090
54908.469937 15.6331 0.088
54966.395778 15.7231 0.092
54966.400834 15.6797 0.091
54966.405939 15.666 0.090
54966.410986 15.661 0.090
54974.352960 15.5588 0.079
54974.359389 15.5484 0.079
54974.365818 15.622 0.080
54974.372247 15.6076 0.080
55144.697614 15.7234 0.088
55144.705201 15.8351 0.091
55144.712797 15.8634 0.092
55144.720350 16.0593 0.097
55103.728052 15.6037 0.090
55103.737243 15.5615 0.088
55103.746514 15.4954 0.087
55103.755811 15.517 0.087
55299.459786 15.7836 0.086
55542.646735 15.5748 0.090
55542.675654 15.6845 0.093
55560.656692 15.6598 0.081
55560.683458 15.6786 0.082
55250.522225 16.0587 0.084
55204.696626 15.6545 0.075
55204.733304 15.9445 0.081
55267.503584 15.5819 0.081
55330.361087 15.5894 0.086
55330.392830 15.8141 0.093
55679.431113 15.6654 0.078
55679.450336 15.7258 0.082
55618.548478 15.74 0.084
55618.569751 15.6571 0.082
55592.594978 15.8615 0.079
55592.631331 16.0094 0.082
55648.513341 16.0369 0.083
55648.532347 15.9677 0.082
55709.356864 15.6265 0.081
55709.362189 15.5665 0.080
55709.367515 15.6278 0.081
55709.372859 15.5981 0.081
54170.547226 16.033 0.116
54170.591036 15.6368 0.113
54170.601402 15.6657 0.106
54170.611775 15.6994 0.102
54170.622178 15.6612 0.101
54170.503370 15.6424 0.098
54170.547226 16.033 0.116
55883.722916 15.9593 0.102
55883.731667 16.0269 0.104
55883.740515 15.8644 0.099
55883.749198 15.9399 0.101
55919.654040 15.6701 0.075
55919.666801 15.7166 0.076
55919.679698 15.7683 0.078
55919.692697 15.7598 0.078
55962.611581 15.6451 0.074
55962.622958 15.5761 0.073
55962.634395 15.6578 0.075
55962.655815 15.6927 0.075
56019.461233 15.7217 0.074
56019.474172 15.778 0.076
56019.486779 15.9788 0.079
56019.499448 16.0605 0.081
56056.392885 15.5504 0.078
56056.398318 15.5693 0.079
56056.403672 15.5642 0.079
56056.408998 15.5554 0.079
56251.708950 16.0091 0.080
56251.719814 16.0605 0.078
56251.730530 15.9411 0.076
56251.741363 15.879 0.075
56281.669887 15.7434 0.079
56281.683333 15.8725 0.082
56281.696529 16.0066 0.086
56281.710027 15.9535 0.084
56368.539039 15.8345 0.068
56368.553056 16.4264 0.077
56368.567187 15.8024 0.068
56368.581432 15.7835 0.068
56380.482596 15.605 0.070
56380.496721 15.5998 0.071
56380.510905 15.6465 0.071
56380.525066 15.7727 0.074
56410.440018 15.6841 0.072
56410.448439 15.6474 0.071
56410.456924 15.6704 0.072
56410.465397 15.595 0.071
