53879.466837 14.4922 0.070
53879.475871 14.422 0.069
53879.484930 14.4864 0.070
53879.493906 14.4778 0.070
54129.623283 15.2395 0.089
54129.632536 15.207 0.088
54129.642021 15.2044 0.088
54129.651523 15.2116 0.088
54178.574871 13.0159 0.063
54178.580889 12.9908 0.061
54178.586911 13.0222 0.059
54189.546165 12.6866 0.057
54189.553871 12.6759 0.057
54189.561626 12.6955 0.057
54189.569322 12.6592 0.057
54197.545089 12.6116 0.057
54197.556698 12.5842 0.057
54197.568236 12.6041 0.057
54197.579777 12.5828 0.057
54476.610116 13.8206 0.065
54476.619554 13.8626 0.065
54476.629019 13.8423 0.065
54476.638642 13.8379 0.065
54595.497348 15.5911 0.087
54595.507677 15.5414 0.087
54595.518048 15.5757 0.091
54595.528401 15.6082 0.089
54816.620583 12.8096 0.057
54816.629849 12.8196 0.057
54816.639118 12.7951 0.057
54816.648394 12.8204 0.057
54858.721627 12.5443 0.053
54858.730810 12.5317 0.053
54858.740084 12.5286 0.053
54858.749355 12.5353 0.053
54888.578993 12.5519 0.053
54888.594131 12.5666 0.053
54888.609326 12.5723 0.053
54888.624448 12.5561 0.053
54909.556749 12.7764 0.056
54909.565555 12.7781 0.056
54909.574399 12.7817 0.056
54909.583230 12.7989 0.056
54923.524618 12.855 0.054
54923.537054 12.8465 0.054
54953.451385 12.7531 0.056
54953.460301 12.7501 0.056
54953.469279 12.7656 0.056
54953.478198 12.765 0.056
55248.563198 15.9209 0.107
55330.440545 15.388 0.090
55330.461983 15.3179 0.088
55586.684540 12.5163 0.055
55586.707744 12.5139 0.055
55627.587177 12.673 0.054
55627.631644 12.6655 0.054
55662.524600 12.8383 0.055
55662.554718 12.8715 0.055
55715.398547 13.2856 0.056
55715.412709 13.2951 0.057
55715.427006 13.2792 0.057
55945.688252 15.5824 0.076
55945.698808 15.535 0.079
55945.709437 15.4909 0.075
55945.720083 15.5102 0.075
55978.560516 15.396 0.075
55978.569518 15.3397 0.075
55978.578429 15.335 0.075
55978.587611 15.4064 0.077
56042.482580 14.164 0.059
56042.492458 14.1305 0.059
56042.502328 14.1503 0.059
56042.512204 14.1615 0.059
56074.368422 12.6011 0.054
56074.380241 12.626 0.054
56074.392395 12.6116 0.054
56074.404469 12.5964 0.054
56302.720646 12.6666 0.053
56302.728495 12.6376 0.053
56302.736388 12.6408 0.053
56302.744140 12.6475 0.053
56362.601899 13.2433 0.060
56362.614050 13.2745 0.064
56362.626302 13.1412 0.070
56362.638424 12.4589 0.104
56389.578716 13.603 0.055
56389.590753 13.5921 0.055
56389.603002 13.6109 0.055
56389.615175 13.5943 0.055
