53591.4993460185 18.773367 0.430977351523181
53591.5101284377 18.980177 0.485230944010022
53591.5208443633 18.954114 0.476555050639573
53591.5313889581 18.886303 0.502200426740133
53607.5246165046 18.832133 0.348439993132689
53607.5382809257 18.871075 0.35661347921498
53607.5519894329 18.616789 0.310728109653177
53607.5657128007 18.893561 0.36152117626386
53554.5586045717 18.909603 0.4125302429901
53554.5663916321 18.736408 0.373752499413791
53554.5742108796 18.85445 0.398740592513153
53554.582028391 18.906757 0.410140382102385
53578.6049914816 18.617763 0.301504728603592
53578.6181400693 18.443166 0.274914115358341
53578.6312680901 18.690001 0.31385157923075
53578.6468875231 18.633679 0.304096909494842
53676.4126653934 18.661238 0.426466321694757
53676.4217382061 18.725984 0.443624987232616
53676.4308403704 18.584459 0.409517801771789
53676.4399451275 18.611936 0.417821013446902
53694.4532727199 19.092146 0.385736298482047
53694.4598441436 18.430812 0.269910730931687
53694.4664065507 18.861642 0.341445780369605
53694.4729433796 19.194406 0.412403512172727
53652.4424843403 18.994558 0.527685075697676
53652.4516571413 18.663764 0.436359953522212
53652.4608120021 18.752724 0.458354656295976
53652.469951227 18.964096 0.518730107745889
53669.4660390625 18.937643 0.4261886793117
53669.4747353704 18.505356 0.332043932605113
53669.4948345716 18.684633 0.36436102927021
53620.4522063887 18.902662 0.478636940599932
53620.4621462502 18.708676 0.428987713570334
53620.4808270137 18.642152 0.419007622267993
53635.4712126274 19.037631 0.443161195431235
53635.4827600345 18.787303 0.383750921233574
53635.4942419445 19.24738 0.498976677922209
53635.5057078702 18.962356 0.423439279922487
53831.743376655 19.359933 0.369019455866274
53831.7523812847 18.574645 0.241761122950001
53831.7614305904 18.732338 0.26196908589822
53831.7705730787 18.604303 0.243847271075123
53959.6436939119 19.018778 0.335119025330578
53959.6595508796 18.755206 0.291081706765555
53959.675372303 18.832478 0.304043356691921
53959.6911997572 18.676936 0.281177221440758
53970.5068544095 18.658266 0.354353453776043
53970.5170622106 18.989812 0.426466321694757
53970.5272158335 18.674502 0.356697958936995
53970.5374137849 18.708727 0.363645186781593
53978.4208057524 18.615223 0.345934449839734
53978.42949081 19.024336 0.434740500953453
53978.4383225117 19.107731 0.45516927954123
53978.4471911343 18.74532 0.370140042338098
53936.7272738312 18.633711 0.28121983310994
53936.7404575581 18.737321 0.290096322538851
53936.7537188195 18.63741 0.27986570102506
53936.766909942 18.566673 0.278199781283717
53942.5609438658 18.672831 0.353856688652502
53942.5717960071 19.015207 0.429553615004593
53942.5831008448 19.107637 0.452369804644302
53942.5940319213 19.070936 0.442698727453779
53945.6060818173 18.638524 0.271972078020682
53945.6198307178 18.433299 0.24457364321003
53945.6335629514 18.932705 0.318833873837805
53945.647268449 18.738641 0.287197774520598
53893.6608222455 18.324076 0.26949648645039
53893.6694006134 18.56827 0.307029805108051
53893.6781817476 18.429807 0.284382577295018
53893.6872852544 18.49576 0.294097608421758
53903.646003588 18.5631 0.219290750891737
53903.6540579515 18.450222 0.207368031597991
53903.6622762385 18.759798 0.242141324838476
53903.6704273725 18.634034 0.226853948708502
53913.6502354747 18.664776 0.343555262987207
53913.658994896 18.538688 0.320441985134267
53913.6677594214 18.520177 0.31730929519388
53913.6764286688 18.711753 0.352214918590689
53861.7489969675 18.489855 0.227908417987539
53861.7558480324 18.386498 0.216213485521179
53861.7624502545 18.321684 0.209588866399196
53861.7690628818 18.649504 0.246160754334969
53862.812319942 19.434634 0.481322572934732
53862.8141668864 18.794209 0.334836115888517
53862.8159324654 18.74285 0.325084553051653
53862.8177015047 19.294757 0.443006884932586
53876.7128155438 18.774588 0.337046676569797
53876.7224394099 19.025149 0.417821013446902
53876.7321918287 18.631155 0.310614135655135
53876.7421479399 19.055665 0.393194398245896
53886.6285987501 18.603217 0.247808760097814
53886.6407035878 18.685701 0.258119309679769
53886.6528318171 18.878483 0.285001168660166
53886.6650525001 18.886719 0.285981286385996
54059.4418700696 18.741514 0.320691456105359
54059.4533634489 18.992845 0.370892426571605
54059.4649420022 18.779934 0.331013866287531
54059.4764253125 18.455252 0.279321057589105
54014.4248887153 19.225307 0.492899356744673
54014.4335520022 18.719928 0.370798138737177
54014.4508306712 18.961729 0.423031060689603
54019.4137331482 18.657586 0.35468571802182
54019.4241362039 18.558101 0.336329059332945
54019.4344905323 19.016648 0.434887051367986
54019.4448633796 18.572035 0.338786887791788
54027.4078962502 18.924024 0.576430200249644
54027.4165548032 18.784579 0.416773979054791
54027.4251972569 18.634057 0.362933297732419
54027.4339033795 18.487632 0.34640035844171
54003.5356112731 18.706643 0.24076500768455
54003.5489060994 18.974816 0.277952406983228
54003.5621623843 19.193679 0.313207968569044
54003.5754448263 19.012957 0.284426634435151
54008.4399749536 18.708454 0.360385146711459
54008.4506633218 18.619538 0.34279763340695
54008.4613280787 18.441964 0.311299762346314
54008.4719865855 18.557321 0.332181954687754
54197.764225301 18.325808 0.33441301452042
54197.7722632291 18.762229 0.432125694495351
54197.7802741781 18.334679 0.337262804436252
54215.7518187036 18.81594 0.446593430362523
54215.7604662615 19.106218 0.530679530049164
54215.7690318634 18.644863 0.408774134502854
54215.7777590511 18.753642 0.43532749449661
54320.5662263543 18.667142 0.272864368805057
54320.5795688774 18.777593 0.289630512204947
54320.5929987845 18.845316 0.29994900569062
54320.6063518403 18.786224 0.290376866336358
54321.6335481135 18.808181 0.293467811045901
54321.6466751159 18.61548 0.26559930759018
54321.6600193633 18.915701 0.312278568075435
54321.6733951042 18.710451 0.279991829489848
54291.6141631484 18.331802 0.316765562761035
54291.6233677777 18.771437 0.401890860468833
54291.632366609 18.503231 0.338058697139898
54291.6412893982 18.625132 0.360298183586487
54303.5978324885 18.277092 0.28233437810422
54303.6088261923 18.416911 0.304204081127237
54303.6196029863 18.410503 0.302819223104949
54303.6302044328 18.480716 0.314735400535378
54260.6943427199 18.762498 0.329654534801901
54260.7081366433 18.684816 0.312105197288143
54260.7217575349 19.00215 0.369858997857967
54260.7354463656 18.847425 0.339593076667125
54239.7344306945 18.803741 0.334694905578562
54240.7016385994 18.666152 0.306864719059391
54240.7148229051 18.474236 0.276036893169415
54240.7279749075 18.562852 0.288889747396232
54240.7412165045 18.733955 0.315984886631754
54385.4803787155 19.304787 0.521110018932746
54385.4895041782 18.534003 0.338203965968797
54385.4986838081 18.440883 0.323601068920951
54385.5078251275 19.486034 0.598510737479804
54402.4269206016 18.643029 0.287834566932962
54402.4378534146 18.505113 0.268339169320265
54402.448788553 18.599506 0.284206562292635
54402.4597062036 18.571406 0.281134628787902
54348.5437776041 18.551019 0.261075929664865
54348.5525156711 18.604895 0.268971995124656
54348.5612566206 18.675356 0.279488306105695
54348.5699726967 18.895052 0.314499017319598
54360.3867233796 18.51189 0.259955339927672
54360.395615845 19.14255 0.364900521121593
54360.4043544792 18.809459 0.303456107444931
54360.4130939352 18.669166 0.280413488208166
54686.4619114697 18.534955 0.257036196910607
54686.4684541896 18.456724 0.249520509668102
54686.4749444909 18.796542 0.303776018369796
54686.4814861692 18.753407 0.294927186879724
54687.4650639701 18.698728 0.248101350720965
54687.4756973609 18.585406 0.23464438538552
54687.4863199885 18.831332 0.265383712876033
54687.4969842825 18.555856 0.229854629863418
54705.5603339817 18.425714 0.210622028951032
54705.5720870951 18.49476 0.291934151495925
54705.5838201852 18.350203 0.250964520784153
54705.5955743403 18.293034 0.198534771196976
54672.5703834027 18.740853 0.319264550628533
54672.5809794098 18.667498 0.306097657862524
54672.5916486808 18.606785 0.296407938836242
54672.6022648263 18.774665 0.324566343309229
54622.795827419 19.419021 0.516145673555291
54622.8024146063 18.714256 0.33149341479582
54622.8090833798 18.974038 0.363288751915814
54622.8158080671 18.982095 0.355102293811402
54631.6505608102 19.204286 0.314853793156737
54631.6617524419 18.639848 0.233393821024418
54631.6729125925 18.763779 0.249222825218352
54631.6841233219 19.012 0.283549337335734
54642.6816046645 18.74747 0.310159478304665
54642.6912123148 18.594871 0.285534555477842
54642.700837338 18.946285 0.345702148973926
54642.7105499768 18.728469 0.307471305492683
54589.7836713772 18.914887 0.272942362609614
54589.7926243865 18.759457 0.251025241460155
54589.8016270488 18.849728 0.263361198439207
54589.8106637383 18.828267 0.26009040025184
54602.7243832639 18.374855 0.20775550051644
54602.7390145022 18.62197 0.235065828020967
54602.7528138659 18.863897 0.265887599629992
54602.7673740392 18.690524 0.236268501922769
54779.4578893981 18.465166 0.240045964929234
54779.4632090395 18.828038 0.291270508197625
54779.473871713 18.19227 0.211153602191901
54765.4878633334 19.078614 0.42262394278668
54765.4943826851 18.767448 0.315566799402831
54735.4915554744 18.600904 0.29308218328881
54735.5006515395 18.489583 0.276887919023909
54735.50955397 18.48548 0.27607723372911
54735.5184556946 18.271417 0.247255710391599
54942.7627175924 18.594868 0.204477371280351
54942.7761400927 18.513543 0.197305505482981
54942.789549514 18.567901 0.201989148894285
54942.8028911113 18.569507 0.201819514997568
55058.4989885646 18.572734 0.236016389173418
55058.5042636576 18.417297 0.217803682953105
55058.5095570255 18.368465 0.212574001346048
55058.5148338424 18.598694 0.238367464499312
55029.6768155672 18.776065 0.385631099593962
55029.6852229514 18.369078 0.313910281741312
55029.6936677198 18.468263 0.328980823677883
55029.702119433 18.433063 0.320504305301029
54980.7028793401 18.479573 0.303190262999491
54980.7133046181 18.515913 0.30919966079943
54980.723836736 18.442452 0.298315024664795
54980.7340988192 18.315657 0.279237537717353
55147.4080066318 18.687862 0.275393650251484
55147.4122183682 18.486569 0.281518622735223
55147.4298102548 18.857066 0.42047062252383
55120.4213123377 18.445299 0.212920141703165
55120.4276618748 18.81454 0.256224694282385
55120.4340184839 18.571205 0.226321296038689
55120.4403960416 18.6638 0.237362077457023
55086.515978565 18.723239 0.263747925015963
55086.5239137039 18.74675 0.266685214972598
55086.5318636573 18.828716 0.278654992058179
55086.5398433679 18.805244 0.273922983038181
55414.5645771528 18.565248 0.213507175678535
55414.5840833451 18.423304 0.198563995734768
55439.5499580323 18.735139 0.364181700727175
55439.5597718285 18.566992 0.332458532235017
55439.5697005672 18.71214 0.360211266488927
55439.579579537 18.662312 0.351402065347523
55381.6789730902 18.889477 0.256873278207201
55359.7046799883 18.864025 0.289537607083031
55359.7403728007 18.962032 0.308583159818612
55501.4574411342 18.482069 0.211046951696748
55501.4786459839 18.700414 0.23647078530094
55474.4395432409 18.271251 0.30942472276148
55474.4624905439 18.440658 0.304580086452916
55681.7879018057 18.511777 0.174824165696905
55684.7130278701 19.264306 0.321821044118079
55684.7388023495 18.960195 0.271318107286229
55707.7349793979 18.708565 0.232788249526419
55707.7499144677 19.240969 0.306919708184457
55707.765051389 18.93414 0.26049685676246
55707.7801074072 18.84481 0.24745903385596
55414.5976579397 18.711702 0.230063715451862
55414.6174232753 18.597395 0.221344532347632
55739.6032416898 18.503697 0.209017951559361
55739.6175329744 18.562091 0.214846903460689
55739.6318878125 18.702115 0.230507079201853
55739.6461620949 18.5836 0.217120458518128
55766.5190162732 19.294833 0.320941504351032
55766.5318597107 18.956884 0.267600316654075
55766.544778264 18.731774 0.238005057922051
55766.5577587386 18.610072 0.224100117846493
55803.47078 18.806181 0.224271893314569
55803.4814352662 18.910427 0.2360415572519
55803.4920855554 19.117438 0.262453816526824
55803.5027205789 18.856793 0.229092938292234
56037.6998933912 19.014863 0.303243381017006
56037.7094526738 18.825519 0.272591880870181
56037.7191430903 18.535818 0.233710638671429
56037.7286972799 18.623827 0.243652825715575
56072.7022655093 18.875754 0.243182573091348
56072.7141437385 18.43777 0.195264185059881
56072.7261598262 18.745123 0.228202769217439
56072.7381777548 18.641043 0.216501649230384
56173.5772496181 18.655527 0.199759310006725
56173.5857784258 19.124059 0.253085255145183
56173.5942891667 18.536763 0.189140868740519
56173.6028243288 18.569777 0.192465310446509
56220.4196863774 18.365827 0.187287389039721
56220.4331761341 18.393521 0.188200486759185
56220.4444607178 18.270662 0.178153233791382
56220.4560095485 18.459468 0.195070693520859
56395.7456269562 18.862824 0.256938412342501
56395.757873727 18.903021 0.261384063879356
56395.769922222 18.679002 0.233005703161012
56395.7820754629 18.925356 0.262976161679892
56441.8101942361 18.564721 0.195029314375321
56441.8158726966 18.434632 0.183256381217943
56441.8215994214 18.302146 0.172095220504376
56441.8272943058 18.062528 0.154531108508941
56478.5598016203 18.848477 0.213433523678533
56478.5710932639 18.808428 0.208777242910017
56478.5824950927 19.142413 0.247168731743924
56478.5939345372 18.9646 0.224811312125476
