53957.5871165392 14.640951 0.0622270116950216
53957.5950963541 14.663691 0.0624321284649923
53957.6030613539 14.711844 0.0628637713100429
53957.611017442 14.764644 0.0633936401937334
53978.3790928239 14.915365 0.0647597899655806
53978.387770822 14.956777 0.0651905384504068
53978.39651478 14.979578 0.0654107369391225
53978.4052683564 14.999959 0.0656161023092018
53913.6166394559 15.515113 0.0712570876608968
53913.6254230558 15.432776 0.0701028673987162
53913.6342258217 15.313907 0.0685404879931358
53913.6429644215 15.148422 0.0665438836623482
53865.6246884839 14.772913 0.0616898859567761
53865.634710903 14.796136 0.0618229609825402
53865.6448392129 14.822234 0.0620361572476627
53865.655080347 14.861781 0.0623229912964884
53882.6034429978 14.802329 0.0617738239248283
53882.6130369098 14.636219 0.0605068184849968
53882.6226758563 14.547655 0.0598625259517395
53882.6322456595 14.543535 0.0598248386520059
54012.4793400114 14.922964 0.0654381802302071
54012.4863265047 14.941436 0.0656869670763868
54012.4933545484 14.96097 0.0659711674615598
54012.5003582869 14.995074 0.0664446666426565
53993.4293600001 15.360882 0.0700427475709407
53993.4376591553 15.23593 0.0684189526829234
53993.4459695371 15.03961 0.0660932209987655
53993.4542317709 14.921071 0.0648372981953285
54001.5013290738 14.912334 0.0660962907784494
54001.5073506019 14.91164 0.0663972465054266
54001.5133990973 14.941159 0.0666451297921317
54001.5194164581 14.962734 0.0681127673265147
54316.4565300114 14.984382 0.0655035659012538
54316.4627110303 14.98241 0.0655497689868684
54316.4688662385 15.034568 0.066135862047123
54316.4750487732 15.022175 0.066076251381882
54275.5364141781 14.59482 0.0586930635119979
54275.5476353238 14.649664 0.0590478507690948
54275.558776713 14.69273 0.0593171908461181
54275.5699450811 14.718717 0.0595100484106971
54188.7325060532 15.267049 0.0710277038351006
54188.7411516436 15.303254 0.0713169904662111
54188.7497665511 15.303653 0.0712008229596688
54188.7585065855 15.298972 0.0721504333705796
54189.7453297802 14.893536 0.0657510846029165
54189.7527223147 14.941357 0.0662339027800956
54189.7601786225 14.953217 0.0663722911473212
54245.6725073957 14.592449 0.0629293522184733
54245.6823664468 14.618124 0.0632149728034567
54385.4435893518 15.246473 0.0695059314762592
54385.4525355209 15.24777 0.0696060029686088
54385.4615084377 15.294596 0.0702072847994443
54385.4703739352 15.30712 0.0704807600719733
54696.5512119906 14.983378 0.0633052315251874
54696.5591811572 14.985602 0.0633478764454499
54696.5671051854 15.011836 0.0636388237333789
54696.5750234259 15.051585 0.0640899328848451
54643.5910172686 15.055224 0.0595123691156963
54643.6026814929 15.076079 0.0597362119388418
54643.6142692128 15.080317 0.05974868533938
54643.6258346993 15.126908 0.0600597513613009
54533.7373447224 15.288544 0.0697870869011184
54533.7456459605 15.112373 0.0675276833989688
54533.7539439701 14.932595 0.0655389146517926
54533.7622344444 14.838392 0.0645462860133716
54599.5671712267 14.538775 0.0568339107185919
54599.5715797339 14.522931 0.0567482849000259
54599.5759823378 14.50586 0.0566544189211696
54599.5803879397 14.511709 0.0566800360356934
54762.3998199191 15.133417 0.066160906236085
54762.4050657178 15.147435 0.066313369194346
54762.4103303935 15.150488 0.0663917800789312
54762.4155945947 15.157186 0.0665122203286356
54727.4965854862 14.595524 0.0605430745935222
54727.5044947105 14.590067 0.0603980378218689
54736.4491859723 15.389068 0.0669848944420894
54736.4575527317 15.400631 0.0671666421870924
54736.4657274654 15.413491 0.0673296461391703
54736.4738853007 15.443787 0.0677523459567985
55029.4647580438 15.453116 0.070709685833279
55012.4792275 15.510589 0.0658428291083617
55012.48904581 15.447905 0.0649607610240519
55012.4988687616 15.351296 0.0640276607379984
55012.508743206 15.162939 0.0623181323437038
54911.7297193172 15.265899 0.0667568341546358
54911.737342986 15.274986 0.0668196653837711
54911.7449999998 15.258193 0.0665831378684384
54911.7526970484 15.285481 0.066839733280199
54977.6546126042 15.370203 0.0695978730607125
54977.6644527895 15.382025 0.0688214241223802
54977.6743643979 15.379924 0.0684789759043573
54977.6842190508 15.43997 0.0693170280791605
55104.4348959723 15.540339 0.0665107119162041
55104.4444998149 15.518394 0.0662727954378032
55104.4541146411 15.524758 0.0663821066273457
55104.4637229978 15.497766 0.0661212693741402
55439.457724861 15.519239 0.0719622472699656
55439.4674075233 15.55817 0.0726401510989559
55439.4772715626 15.536037 0.0723126131048047
55439.4871477547 15.532861 0.0722883008620513
55338.7441797106 15.270227 0.0614259293936263
55338.7891800579 15.336447 0.0636062992711104
55487.4005437847 15.333343 0.0641158622014422
55487.4217309374 15.35861 0.0643616943208872
55676.7410490623 15.187416 0.0602646263243683
55676.784013206 15.240681 0.0609191790088553
55029.5093305788 15.508325 0.0707888507190323
55029.5169554052 15.507746 0.0708441004659135
55029.5245846297 15.518232 0.0709658117632451
55029.5322145486 15.497558 0.0708065527338018
55012.4792275 15.506707 0.0657744246742466
55762.5559810186 15.023404 0.0612001293493727
55762.5653611226 15.044996 0.0613352329921275
55762.5748205092 15.074599 0.061565641978697
55762.5843748148 15.094617 0.0617018057119321
55805.4913066551 15.421008 0.0631351353737104
55805.5006688195 15.463818 0.0635570040220577
55805.5101667475 15.475505 0.0636878124069296
55805.5196542591 15.489351 0.0638654963078532
56064.683968646 15.056272 0.0604121545769378
56064.6934296526 15.072843 0.060525199217231
56064.7030119677 15.092624 0.0606949385463497
56064.7126229745 15.094234 0.0607283661416167
56101.6090545718 15.49583 0.0616488848554885
56101.621784699 15.405052 0.0614670354208617
56101.6347133101 15.157089 0.0606907430201853
56101.6476307058 14.942213 0.0584125813798172
56131.5384588077 14.586523 0.0560260285059717
56131.5476214353 14.608172 0.0562622752551405
56131.5575850116 14.652419 0.0567003084764751
56131.5668138427 14.678726 0.0568562385891596
56173.4793365048 15.557889 0.063475187314873
56173.49006978 15.517119 0.0631167211190714
56173.5008288771 15.442605 0.0624936446690837
56173.5116306711 15.282276 0.0612210883192231
