53605.558759 16.7721 0.132
53605.569435 16.7826 0.132
53605.580109 16.6907 0.128
53605.590872 16.7404 0.131
53567.488881 16.7698 0.146
53567.495976 16.7299 0.144
53567.503074 16.7978 0.148
53567.510201 16.8214 0.150
53645.436234 16.7356 0.169
53645.444871 16.7117 0.167
53645.453517 16.6703 0.163
53645.462196 16.6667 0.164
53669.397965 16.8875 0.145
53669.405716 16.8894 0.146
53669.413384 16.8549 0.144
53669.421036 16.8575 0.145
53622.395069 16.7067 0.159
53622.403347 16.6549 0.156
53622.411610 16.7625 0.163
53622.420026 16.6827 0.158
53834.672946 16.8269 0.113
53834.685060 16.777 0.111
53834.697180 16.8564 0.114
53834.709296 16.7923 0.111
53849.680580 16.919 0.116
53849.692098 16.9446 0.117
53849.703604 16.9439 0.117
53849.715149 16.853 0.113
53978.379958 16.7217 0.140
53978.388642 16.7414 0.141
53978.397377 16.8388 0.146
53978.406126 16.7315 0.140
53892.549486 16.7955 0.136
53892.558185 16.7622 0.136
53892.566825 16.887 0.142
53892.575508 16.8624 0.140
53913.615786 16.7808 0.140
53913.624545 16.7523 0.138
53913.633348 16.7687 0.139
53913.642076 16.7303 0.137
53805.716842 17.1108 0.162
53805.722008 17.0774 0.159
53805.727177 16.9452 0.149
53805.732344 16.8306 0.141
53865.625537 16.8803 0.138
53865.635568 16.9284 0.140
53865.645711 16.7213 0.129
53865.655950 16.8001 0.133
53882.602572 16.7793 0.132
53882.612191 16.7367 0.130
53882.621807 16.8351 0.135
53882.631385 16.803 0.133
54012.481944 16.7709 0.145
54012.488948 16.9098 0.154
54012.495983 16.7353 0.144
54012.502974 16.6717 0.140
53993.430254 16.7421 0.141
53993.438576 16.8188 0.146
53993.446821 16.7995 0.145
53993.455115 16.814 0.146
54001.506434 16.6765 0.146
54001.512483 16.7329 0.149
54001.518500 16.7845 0.153
54001.524516 16.7576 0.152
54212.657376 16.8477 0.131
54212.671700 16.7745 0.127
54212.686120 16.8555 0.131
54212.700499 16.8315 0.129
54321.433209 16.7886 0.119
54321.439848 16.7972 0.119
54321.446532 16.7509 0.117
54321.453195 16.7628 0.118
54297.533519 16.6994 0.115
54297.541142 16.7758 0.119
54297.548816 16.7617 0.118
54297.556482 16.8047 0.120
54303.491951 16.8119 0.145
54303.500481 16.8214 0.145
54303.509014 16.7105 0.138
54303.517549 16.7583 0.141
54272.711358 16.7451 0.335
54272.763293 16.7863 0.234
54272.773241 16.7163 0.208
54272.783178 16.7738 0.202
54188.731633 16.8923 0.159
54188.740285 16.9517 0.164
54189.747892 16.8309 0.155
54189.755299 16.7933 0.152
54189.762749 16.7834 0.151
54189.770245 16.7647 0.150
54246.580769 16.6472 0.147
54385.445773 17.4035 0.196
54385.454720 17.3154 0.188
54385.463690 17.3173 0.189
54385.472563 17.0488 0.167
54351.468529 16.6363 0.152
54351.472873 16.6606 0.150
54351.477265 16.6476 0.140
54351.481589 16.8555 0.152
54680.474696 16.5612 0.443
54680.480146 16.6162 0.199
54680.485737 16.7195 0.107
54680.491188 16.761 0.109
54705.432654 16.8149 0.108
54705.444205 16.7929 0.107
54705.455685 16.7886 0.107
54705.467150 16.7168 0.105
54658.454342 16.7602 0.101
54658.462323 16.7373 0.109
54658.470305 16.8871 0.125
54658.478343 16.7782 0.116
54623.590640 16.8013 0.108
54623.599940 16.7658 0.107
54623.609160 16.7732 0.107
54623.618432 16.774 0.107
54643.594954 17.3703 0.134
54643.606546 17.2941 0.131
54643.618125 17.0435 0.119
54643.629707 16.9046 0.112
54531.737411 16.7674 0.127
54531.748701 16.829 0.130
54531.759969 16.755 0.125
54531.771220 16.766 0.125
54590.622737 16.7807 0.109
54590.629465 16.8168 0.111
54590.636218 16.7269 0.107
54590.643047 16.7771 0.109
54600.597145 16.8228 0.099
54600.602398 16.8406 0.100
54600.607667 16.6502 0.094
54600.612945 16.7404 0.097
54614.724422 16.9605 0.102
54614.729759 17.106 0.107
54614.735099 17.101 0.107
54614.740607 17.3546 0.117
54762.424473 16.763 0.139
54762.432159 16.7577 0.139
54762.439894 16.7772 0.140
54762.447626 16.7351 0.138
54727.499190 16.8378 0.135
54736.482905 16.7153 0.126
54736.491666 16.7507 0.128
54736.500529 16.7882 0.130
54736.509246 16.7908 0.131
54944.620616 16.7913 0.101
54944.633623 16.7896 0.101
54944.646663 16.6881 0.097
54944.659702 16.7797 0.100
55056.547926 16.7696 0.100
55056.555743 16.7984 0.100
55056.563500 16.7096 0.097
55056.571260 16.7342 0.099
55029.468124 16.7197 0.158
55004.561010 16.7493 0.169
55004.570681 16.7158 0.169
54911.734761 16.7429 0.133
54911.742431 16.8466 0.138
54911.750090 16.7708 0.134
54911.757729 16.7161 0.130
54977.705920 16.6815 0.135
54977.715375 16.7098 0.132
54977.724902 16.1858 0.283
55124.394562 16.7575 0.135
55124.402463 16.8116 0.132
55124.410518 16.7227 0.128
55124.418461 16.7774 0.131
55087.377651 16.6925 0.092
55087.384569 16.6699 0.092
55087.391503 16.7069 0.092
55087.398429 16.7107 0.092
55421.514097 16.7263 0.115
55439.461080 16.6787 0.136
55439.470846 16.6676 0.136
55439.480724 16.7061 0.139
55439.490625 16.7378 0.140
55386.487285 16.8258 0.108
55386.517469 16.7434 0.120
55360.671243 16.8327 0.105
55338.750589 16.9482 0.116
55487.405256 16.7078 0.114
55487.426444 16.7861 0.118
55676.748124 16.7217 0.104
55676.791158 16.6783 0.103
55706.645693 16.7716 0.095
55706.657972 16.6887 0.093
55706.670446 16.7403 0.094
55706.682861 16.7707 0.095
54030.423281 16.7461 0.119
54030.433138 16.8499 0.125
54030.442996 16.7564 0.121
54030.452847 16.7977 0.123
55029.512712 16.768 0.138
55029.520337 16.7025 0.135
55029.527971 16.6627 0.133
55029.535619 16.7588 0.141
54977.774585 16.5858 0.144
54977.784033 16.7881 0.145
54977.705920 16.6732 0.137
54977.715375 16.7377 0.136
54977.774585 16.5953 0.147
54977.784033 16.839 0.151
55736.627716 16.7623 0.095
55736.634223 16.714 0.094
55736.640789 16.7181 0.094
55736.647388 16.7496 0.094
55762.561813 16.7816 0.117
55762.571283 16.8034 0.117
55762.580839 16.7631 0.116
55762.590392 16.7766 0.116
55805.497105 16.6417 0.105
55805.506570 16.6623 0.106
55805.516077 16.6884 0.107
55805.525551 16.729 0.109
56020.678058 16.7982 0.104
56020.691584 16.6822 0.100
56020.702851 16.6431 0.099
56020.714163 16.7298 0.098
56064.688689 16.6614 0.107
56064.698244 16.6754 0.108
56064.707822 16.7047 0.108
56064.717501 16.7524 0.111
56101.614698 17.2818 0.122
56101.627516 17.37 0.130
56101.640409 17.3441 0.135
56101.653319 17.0143 0.112
56131.544065 16.7468 0.100
56131.554049 16.7283 0.102
56131.563208 16.7444 0.102
56131.572485 16.7933 0.103
56173.485256 16.7705 0.106
56173.496037 16.7666 0.106
56173.506756 16.8244 0.108
56173.517633 16.7613 0.105
56389.654842 16.6773 0.121
56389.662991 16.6909 0.122
56389.671161 16.6095 0.117
56389.679371 16.7051 0.122
56431.715268 16.7576 0.094
56431.725929 16.6452 0.092
56431.736637 16.7245 0.093
56431.747284 16.7385 0.094
56464.515310 16.7985 0.098
56464.525241 16.7011 0.095
56464.535186 16.7813 0.097
56464.545145 16.7704 0.097
