53879.4723848497 16.61766 0.0920862610478224
53879.4814472568 16.673218 0.0937458723104625
53879.4904475693 16.700838 0.0947411712086534
53879.4994516318 16.739677 0.0959598830527322
54197.5476490163 17.099535 0.12301268999087
54197.5592458683 17.013989 0.11924220849308
54197.5707894793 17.073602 0.122043537231391
54197.5823329745 17.158272 0.125967001488908
54129.625895058 17.467921 0.139339462112294
54129.6351456364 17.508819 0.141871287937939
54129.6446499421 17.526995 0.142888956602671
54129.6541410416 17.501054 0.141068138380733
54178.6080387036 16.625547 0.104862831316507
54178.617989896 16.650594 0.106147190051188
54178.6279499998 16.689866 0.107659817348817
54178.6378846412 16.768216 0.110549118939521
54189.5744359723 17.240844 0.128731396838558
54189.5839490627 17.202843 0.126829467651604
54189.5933839122 17.287408 0.131122414503298
54189.6028493286 17.313342 0.132698606557143
54816.6626853358 16.824554 0.10409404624622
54816.672788391 16.889427 0.106230391018071
54816.6830407522 16.911609 0.106818244350619
54816.6932526041 16.905843 0.106451798979224
54506.6850528127 17.129934 0.120934203729661
54506.6937647105 16.979783 0.113690688189662
54506.7023966435 16.916814 0.120115467897729
54506.711154618 16.735564 0.115539919877068
54536.625776678 17.355076 0.126317408209808
54536.6361171181 17.30512 0.123975558798879
54536.6465675115 17.371572 0.127259011048095
54536.6569407062 17.34192 0.12619724725768
54593.4793055092 17.2876 0.108362924393349
54593.4882831715 17.329727 0.109937802696844
54593.4972880326 17.339684 0.110394475783926
54593.5062931251 17.32777 0.110002062754027
54888.6387722803 16.860452 0.0809518067588857
54888.653149919 16.886826 0.0810573372929004
54888.6675608795 16.921333 0.081983399054611
54888.682042118 17.008161 0.0842663278469772
55006.4136171873 17.274509 0.118263957781306
54909.5650907058 16.80441 0.0985340878877108
54909.5739295833 16.788449 0.0981373031029782
54909.5827536575 16.829848 0.0995042063747999
54909.5916390625 16.843597 0.0997611438784325
54953.4547144558 17.346822 0.117339929020638
54953.4636866783 17.413978 0.12036088088681
54953.4726131714 17.415474 0.120557233582423
54953.4815381599 17.376746 0.118716935747431
55271.5797123841 17.013735 0.114091430509521
55662.5316389697 16.963796 0.0913326902317851
55662.5618049307 16.982899 0.0918316965567681
55586.7199752314 16.613247 0.0975919343671775
55586.7476430788 16.762696 0.102568250998328
55714.4215228589 17.475798 0.10177336259244
55714.434986574 17.502388 0.102153616756384
55714.4484493517 17.503909 0.102254170894053
55714.4619116782 17.468908 0.100940627491282
55627.5983782178 16.889048 0.0914634628743327
55627.6430119909 16.95782 0.0938042007378168
55945.7292531598 17.309517 0.104507308694715
55945.7351912386 17.31769 0.104735320609812
55945.7411599886 17.304447 0.104428758179826
55945.7470907755 17.323471 0.105159093293122
55978.5985727896 17.379228 0.107290662858588
55978.6056663542 17.320736 0.0922499223743601
55978.6127626969 17.386805 0.096770337460629
55978.6199016318 17.39064 0.0979056127406673
56041.5062250233 17.550721 0.0953886174837447
56041.5182184259 17.434134 0.0920643166838344
56041.53031125 17.256503 0.0874605316880758
56041.5424111344 16.961343 0.0809087377353678
56070.4523708797 17.326977 0.10132000624407
56070.4612935647 17.44182 0.105601787990409
56070.4702612613 17.456743 0.106461782219689
56070.4791377545 17.464512 0.107305438838525
