53592.544560 13.9128 0.066
53592.556870 13.8454 0.065
53592.568867 13.8333 0.065
53592.581775 13.8585 0.065
53607.690885 13.8183 0.061
53607.704500 13.8537 0.061
53607.719169 13.9345 0.062
53607.732585 13.9996 0.063
53554.589931 13.8927 0.064
53554.597825 13.8579 0.063
53554.605621 13.839 0.063
53554.613454 13.8537 0.063
53579.675456 14.1672 0.064
53579.688577 14.3976 0.066
53579.701802 14.432 0.067
53579.714931 14.1603 0.064
53701.493785 13.8699 0.065
53701.500291 13.9139 0.065
53701.506810 13.9198 0.065
53701.513341 13.9586 0.066
53614.609230 14.2441 0.065
53614.624711 14.0211 0.063
53614.640200 13.9045 0.062
53614.655773 13.8125 0.061
53633.508232 14.2952 0.070
53633.515143 14.1541 0.068
53633.522216 14.0309 0.066
53633.529135 13.9814 0.066
53960.687590 14.0403 0.061
53960.704101 13.9211 0.060
53960.720650 13.8371 0.059
53960.737298 13.8479 0.059
53969.580643 13.8492 0.063
53969.589295 13.8361 0.062
53969.597937 13.8276 0.062
53969.606591 13.8113 0.062
53978.496781 13.8686 0.063
53978.507325 13.924 0.063
53978.517998 14.0088 0.064
53978.528758 14.1549 0.066
54087.456989 14.4212 0.073
54087.460084 14.423 0.073
54087.463194 14.4718 0.074
54087.466288 14.412 0.073
53943.575893 13.8307 0.063
53943.586340 13.7192 0.075
53943.596818 13.8542 0.071
53943.607269 14.0504 0.076
53892.692144 13.8282 0.062
53892.700174 13.8378 0.062
53892.708085 13.8836 0.063
53892.716032 13.9198 0.063
53913.759236 13.822 0.062
53913.768046 13.8151 0.062
53913.776876 13.8404 0.062
53913.785601 13.8547 0.062
53871.764265 13.8235 0.061
53871.774622 13.8579 0.061
53871.785096 13.9082 0.062
53871.795597 14.0141 0.063
53885.670835 14.0032 0.059
53885.681917 13.9284 0.059
53885.693018 13.8746 0.059
53885.704115 13.8585 0.058
54060.458571 13.9673 0.066
54060.465443 13.9259 0.066
54060.472193 13.8608 0.065
54060.478851 13.8591 0.066
54014.465675 14.4466 0.069
54014.474346 14.2641 0.067
54014.482973 14.199 0.066
54014.491593 14.0448 0.065
54029.474833 13.9674 0.060
54029.485793 13.8921 0.060
54029.496759 13.8579 0.059
54029.507741 13.8158 0.059
54008.479960 14.0842 0.065
54008.488638 14.2092 0.066
54008.497305 14.2987 0.067
54008.505968 14.319 0.068
54202.764951 14.2623 0.069
54202.772866 14.3064 0.070
54202.780955 14.2221 0.068
54202.788950 14.14 0.067
54326.636733 14.189 0.066
54326.646835 14.3001 0.068
54326.656922 14.2972 0.067
54326.667028 14.2032 0.066
54295.687629 14.3841 0.086
54295.692857 14.2466 0.082
54295.698274 14.1781 0.081
54295.703670 14.0807 0.079
54261.750583 13.8777 0.063
54261.764315 13.931 0.065
54261.777624 14.0569 0.072
54261.791037 14.2459 0.088
54240.802664 13.9118 0.078
54240.827007 13.8345 0.060
54240.840155 13.8611 0.061
54240.853255 13.8526 0.061
54423.438613 13.8347 0.070
54423.442962 13.8517 0.070
54423.457688 13.9173 0.071
54423.462026 13.9571 0.072
54385.529197 14.2342 0.068
54385.538395 14.4059 0.070
54385.547547 14.4458 0.070
54385.556893 14.3086 0.068
54348.587121 14.1426 0.062
54348.601317 14.3639 0.063
54348.615503 14.4089 0.064
54348.629689 14.1462 0.062
54360.515691 14.2176 0.062
54360.526804 14.4185 0.064
54360.537792 14.4111 0.064
54360.548775 14.2452 0.062
54688.498386 13.8481 0.058
54688.505950 13.9369 0.066
54688.513567 13.849 0.107
54815.437508 13.8122 0.061
54815.442543 13.8317 0.062
54815.447587 13.8578 0.062
54815.452625 13.8272 0.062
54661.620722 13.8803 0.058
54661.629043 13.931 0.058
54661.637306 13.9629 0.058
54661.645581 14.0768 0.059
54632.664831 13.8023 0.059
54632.681305 13.8552 0.060
54632.697888 13.9098 0.063
54632.714404 14.019 0.085
54596.694111 14.2323 0.063
54596.705290 14.0614 0.062
54596.716472 13.9874 0.061
54596.727737 13.9003 0.061
54616.727448 14.2761 0.060
54616.742940 14.479 0.061
54616.758683 14.2445 0.060
54616.774619 14.0338 0.058
54711.498528 13.8888 0.058
54711.507323 13.9606 0.058
54711.516092 14.034 0.059
54711.524898 14.132 0.059
54718.383275 14.2872 0.061
54718.387606 14.2776 0.061
54718.391948 14.1973 0.060
54718.396359 14.1553 0.060
54735.542708 14.3144 0.061
54735.553357 14.2095 0.060
54735.563976 14.0699 0.059
54735.574615 14.0016 0.059
54939.794981 13.89 0.058
54939.799397 13.9274 0.059
54939.803797 13.9755 0.059
54939.808201 13.9926 0.059
55171.461232 14.2008 0.061
55171.467582 14.2865 0.061
55171.473943 14.3273 0.062
55171.480338 14.3194 0.062
55029.718321 14.131 0.066
55029.728921 14.0042 0.064
55029.739587 13.9254 0.064
55029.750239 13.8989 0.063
55120.471592 13.9911 0.058
55120.480067 13.9318 0.058
55120.488542 13.8879 0.058
55120.497049 13.8623 0.058
55087.556347 14.2736 0.061
55087.564837 14.4414 0.063
55087.573335 14.4161 0.063
55087.581835 14.2881 0.062
55414.746582 14.343 0.062
55414.761159 14.105 0.061
55359.767900 14.4427 0.068
55359.796971 14.1061 0.064
55503.453851 14.2318 0.057
55445.621111 13.8833 0.057
55445.655965 13.912 0.058
55708.767762 14.2365 0.059
55708.782458 14.0621 0.058
55708.796987 13.9564 0.058
55708.811663 13.8952 0.057
55741.790031 14.0049 0.058
55741.806518 13.9091 0.058
55741.822986 13.8535 0.058
55741.839533 13.7661 0.057
55774.583281 14.0368 0.059
55774.593884 14.1203 0.059
55774.604690 14.276 0.060
55774.615531 14.3566 0.061
55806.499263 13.9756 0.057
55806.513345 13.9033 0.056
55806.527595 13.8662 0.056
55806.541865 13.8527 0.056
56075.671690 13.874 0.057
56075.684505 13.8536 0.057
56075.696711 13.8438 0.057
56075.708986 13.9173 0.057
56145.662065 13.9865 0.058
56145.673922 14.0853 0.058
56145.685903 14.2564 0.060
56145.697859 14.3134 0.060
56176.569656 13.9127 0.056
56176.582409 13.8735 0.056
56176.595162 13.8441 0.056
56176.607931 13.87 0.056
56220.465649 14.0966 0.058
56220.478320 13.977 0.057
56220.491032 13.9339 0.057
56220.503790 13.9148 0.057
56410.728239 13.8809 0.058
56410.737246 13.9376 0.058
56410.747280 14.0349 0.059
56410.756260 14.1493 0.059
