53592.6164978358 16.932223 0.163957730982259
53592.6306425116 17.009009 0.170228376912969
53592.644585 17.00617 0.170009660718947
53592.658579352 16.988322 0.169067156385348
53610.5822218169 16.947151 0.17056267312509
53610.5905410533 16.887662 0.166133404555911
53610.5988797337 16.962135 0.173013475817324
53610.6072032174 17.138785 0.18735990519223
53554.6730291435 17.294204 0.178102118446237
53554.6814683449 17.61295 0.207603603013562
53554.6899183101 17.420076 0.18897891369073
53554.6983954861 17.112435 0.164011704266594
53579.7297426388 16.972943 0.144128167485031
53579.7413427779 17.014817 0.154225566388154
53579.7529594558 16.892894 0.149318736926466
53579.7645451273 17.058489 0.160979999570752
53701.4950625465 17.298279 0.187106513258156
53701.5015889468 17.483764 0.204896319140481
53701.5081017014 17.723257 0.23211572609493
53701.514635509 17.438598 0.201958269775799
53646.4860048263 17.404144 0.22388598624558
53646.4947097801 17.607735 0.248807860775601
53646.5033859142 17.373988 0.220769147167506
53646.5141454629 17.042947 0.187602280743236
53633.5416350464 16.97016 0.162823412617098
53633.5502967245 16.866641 0.155358668649175
53633.5589754746 16.998984 0.164734593524104
53633.5676168517 16.880342 0.156143719025059
53960.6936927894 16.932421 0.123574936498506
53960.7267840859 17.418156 0.151774210856915
53960.7434040392 17.061215 0.130888626505194
53969.6204916781 17.673342 0.207536214274746
53969.6291859836 17.568526 0.197664497574763
53969.6378566899 17.225347 0.168100302457804
53969.6465374536 16.994638 0.151768338181709
53978.4954828934 16.988553 0.153370409706965
53978.5060190625 17.099858 0.160691754519482
53978.5166833565 17.35584 0.180366824926936
53978.5274519331 17.625462 0.205123037476234
54087.4715838308 17.228585 0.191262618511546
54087.4751081482 17.374839 0.206153306614734
54087.4786323613 17.438604 0.213987927368158
54087.4821660534 17.575553 0.229276882065464
53934.7476804629 16.918637 0.126796663877832
53934.7603014931 16.943431 0.129525636976206
53934.7728350693 16.998071 0.134023381053516
53934.7853756133 17.019383 0.137450677925813
53944.5378672108 17.048374 0.131791990177363
53944.5515531483 16.983007 0.128123229483142
53944.5652212617 16.959639 0.126722233127479
53944.5789325461 17.084785 0.166165671688094
53892.6934575696 17.563758 0.190811479183163
53892.7014930324 17.511072 0.187396194340209
53892.7093938078 17.227754 0.167823945162431
53892.717353264 17.043386 0.155929984675276
53913.7579471876 17.017035 0.150605384855229
53913.7666982293 16.879903 0.141894223571326
53913.7755435763 16.983094 0.148028110339511
53913.7843062963 17.018593 0.150794122479976
53871.7672339931 17.059743 0.145984622816308
53871.7776160069 17.013831 0.143286546048152
53871.788094294 17.046615 0.145187566682969
53871.7986429629 16.885887 0.135461949014688
53886.686193889 17.01203 0.120968714116901
53886.6978422687 17.032974 0.121959274232625
53886.7094718055 17.377864 0.139718698557189
53886.7210318055 17.571111 0.151377103694386
54050.4247441899 17.254524 0.180398812088103
54050.4324743516 17.138655 0.175734368663027
54050.44021353 16.977652 0.171633243192387
54050.4479877778 17.015716 0.159873004592708
54063.4490395488 17.217393 0.178718770222978
54063.4596759492 16.984932 0.160655850686779
54063.4703099189 16.947494 0.158319342018221
54063.4808566088 17.027788 0.164554791210944
54014.4995630786 16.975435 0.152359093059632
54014.5081878357 17.11531 0.162545940867742
54014.5167767016 17.045009 0.157495157337341
54014.5254616436 17.144189 0.164593822097539
54029.517191852 17.080363 0.131691571220526
54029.5281807059 17.054642 0.130939312048355
54029.5392067013 17.097627 0.222237355303886
54030.465337384 17.221864 0.140005676304575
54030.4772045021 17.706777 0.172800804436739
54030.488215683 17.47546 0.156306335967731
54030.4991676044 17.110309 0.133611474466512
54031.4621767939 17.043465 0.157891843592168
54031.4716967132 17.016373 0.156104781650526
54031.4812554053 16.914874 0.149070538140924
54031.4907610879 17.028021 0.156738543201347
54031.5002504514 16.946057 0.151441086659754
53986.5850639582 16.954802 0.149407352199631
53986.5936476157 17.02476 0.15454362235003
53986.6022390394 17.021619 0.154574930423465
53986.6108574189 17.132756 0.162366832682676
53993.5430110648 17.549102 0.19762130864261
53993.5516963542 17.238221 0.17045686243548
53993.5604109142 17.088598 0.159423642718794
53993.5691142591 17.089591 0.159865950744494
54008.518549815 17.049016 0.155981700220027
54008.5276551388 17.092292 0.159110321627712
54008.5368118521 17.126583 0.161393896516784
54008.5459045602 17.181883 0.165779853495685
54326.6380045369 17.518977 0.197996641537418
54326.6481119792 17.166268 0.178718770222978
54326.6582048379 17.019129 0.154014817906437
54326.6683539466 17.00528 0.152759551275078
54299.6134597571 17.009338 0.199595623192132
54299.622492963 16.925851 0.124972285921086
54299.6314543057 17.071285 0.133501964087002
54299.6404160997 17.039449 0.145438071875205
54261.7608788773 16.919806 0.154512336850295
54261.7742279978 16.961511 0.190402047764502
54261.7875900692 17.223443 0.283855477767638
54261.8010457987 17.622666 0.554402880134858
54244.7347515626 16.833964 0.12622065849943
54244.7479872569 16.883325 0.128576715292654
54244.7612296529 17.006274 0.135132069444422
54244.774389178 17.100096 0.140167530135107
54415.5238766782 17.56133 0.164406763761875
54415.5333859609 17.435074 0.155768750057942
54415.5428702314 17.156252 0.138782002789675
54415.5523642246 16.744056 0.118266201577611
54385.5279018173 17.032102 0.160634327096044
54385.5370822569 16.995338 0.158916451370971
54385.5462535533 16.926555 0.153522966937264
54344.6803336805 16.887301 0.121895596766627
54344.6934547802 17.189914 0.138141412195862
54344.706565347 17.444057 0.154350016636759
54344.7196642244 17.077968 0.132755631629207
54352.5662465046 17.002912 0.155697987670508
54352.5727895719 16.895775 0.148518868929205
54352.5793012848 16.947938 0.151874070522775
54352.5857727082 16.959588 0.152897888221197
54364.5474720253 17.033746 0.133538429227967
54364.556428148 16.993008 0.131691571220526
54364.5653654053 16.829724 0.123704297638546
54364.5742903934 16.923119 0.128630299624442
54691.5065145716 16.942033 0.114559132824197
54691.5131387846 16.944224 0.114472773064212
54691.519712639 16.978208 0.115814393479646
54691.5262968056 16.951527 0.114457105362213
54815.4589672803 17.617613 0.195388903325517
54815.4627530786 17.578538 0.192571062017054
54815.4665470949 17.364144 0.174005228992637
54815.4703459606 17.290493 0.168310708393025
54658.6359429979 17.025685 0.116033478092069
54658.649991794 17.126655 0.120329487656949
54658.6637410414 17.675044 0.150123144311235
54658.6775859026 17.300558 0.128222770434934
54643.8019447224 17.219384 0.122844179594947
54643.8120469675 16.998951 0.11310906604661
54643.8221804514 16.978379 0.112381980321996
54643.8322919561 16.937346 0.110339234759309
54596.7007869446 16.947552 0.13308534708866
54596.7119885303 17.044461 0.137827314455148
54596.7231991437 16.998461 0.134960676189146
54596.7344168287 17.133782 0.142318710491471
54769.4912630554 17.445656 0.183323853867549
54769.4995352432 17.152657 0.200102972821894
54769.5078748033 17.024158 0.151762473537496
54769.5161479168 16.945961 0.146668138071555
54716.5593591435 17.044292 0.118687272032771
54716.5660303473 17.05729 0.118996810863681
54716.5726856943 17.157074 0.12361530288955
54716.5794609492 17.214895 0.126411505323222
54737.4712285185 17.265328 0.129652291302017
54737.4813512382 17.040459 0.118794658004709
54737.4914444443 17.035371 0.118104863355093
54737.5017801505 17.063274 0.119431150235242
55055.6095051506 16.938103 0.143972909259137
55055.6188725114 16.973011 0.145974429312751
55055.6284142012 17.05959 0.151575189819721
55055.637352396 17.073933 0.152418623569758
55172.4756306135 17.435003 0.143201007469596
55172.4826127081 17.133716 0.126955033475089
55172.4895805786 16.939027 0.118259459710373
55172.4965085071 16.98862 0.12121638894956
55023.6707504049 16.996088 0.148383456040344
55023.6779612151 17.072454 0.153602514311286
55023.6851920371 17.062242 0.153012510642936
55023.6924847916 16.87693 0.141297816272579
54964.7484357292 16.836434 0.115434144577357
54964.7594722686 16.971264 0.121301072185238
54964.7704750002 17.119818 0.12813254980379
54964.7814331711 17.178108 0.130821164268224
55120.5248272571 17.307754 0.113262170054666
55120.5326280094 17.078729 0.104694294350173
55120.5404495949 17.051541 0.10366037840393
55120.5482665625 16.977547 0.101211247401787
55087.6151060187 16.870441 0.11535507728342
55087.6278604516 16.922551 0.11770107775131
55087.6406477429 16.863889 0.115011096670959
55087.6534747453 16.989596 0.12118655973283
55415.5647236919 16.930077 0.119445197248297
55415.5865626158 17.057781 0.12530036961982
55368.7392914932 16.874726 0.107674821981675
55505.503331493 16.920718 0.109152175441581
55505.5292835416 17.215913 0.1558589622026
55447.5874646873 17.00158 0.11057442253271
55447.6219498034 17.70319 0.174241953962338
55709.7426683333 16.97301 0.110893721845603
55709.7562632988 17.117339 0.116512799350582
55709.76989044 17.503935 0.135492788702918
55709.7835598265 17.358772 0.12898232755336
55738.6580323725 16.910039 0.107954101729843
55738.6637442823 16.953849 0.109387682757948
55738.6694413771 17.057771 0.11379174353511
55738.6751986573 17.004595 0.111408189764652
55774.5885438081 17.129678 0.122071676473587
55774.5992761576 17.329206 0.131861417087173
55774.6100849076 17.702487 0.154231778917021
55774.6209521066 17.237307 0.126844389908491
55806.5055944443 17.496999 0.124714510048754
55806.5197639813 17.000376 0.104152072048398
55806.5340162617 16.95374 0.102527392289919
55806.5483103239 17.041223 0.10545237261468
56076.7561939815 17.506616 0.158757820022055
56076.7651533564 17.217883 0.140942633249138
56076.7741600811 16.976914 0.129138936498593
56076.7830327661 16.867394 0.12613296062038
56145.7276630326 17.008623 0.100826003862759
56145.741860567 17.02584 0.10145215783529
56145.7561873843 16.887748 0.0972168768320876
56145.770480058 16.884265 0.0971991932453017
56167.5102866668 17.253802 0.110946757072892
56167.5208470257 16.940686 0.0996485407093202
56167.5314362038 16.968086 0.100518583706557
56167.5421523613 16.858243 0.0969128676402699
56220.4754840279 16.916599 0.102231652210193
56220.4881971295 17.118503 0.109575117691434
56220.5009070023 17.491389 0.126520653244488
56220.5137007868 17.627804 0.133611474466512
56271.4445695834 16.967126 0.10356080005284
56271.4558668866 16.978122 0.104751220331391
56271.4671451043 16.873441 0.101325685810653
56271.4789156945 17.059707 0.108386096863518
