53591.548106 15.8538 0.108
53591.558627 15.9042 0.112
53591.569629 15.9645 0.114
53591.580883 15.9949 0.130
53607.639112 15.8899 0.095
53607.652458 15.8943 0.095
53607.665806 15.8339 0.094
53607.679189 15.8574 0.094
53554.648598 16.0171 0.106
53554.654765 16.0008 0.106
53554.660995 16.069 0.108
53554.667146 16.0883 0.109
53579.641173 15.9019 0.094
53579.650505 15.9879 0.097
53579.660227 15.9299 0.095
53579.669562 15.9148 0.095
53701.463368 15.8465 0.104
53701.471706 15.7733 0.102
53701.479660 15.8591 0.105
53701.487595 15.8828 0.106
53647.485216 16.0156 0.120
53647.493880 16.0529 0.122
53647.502584 15.9742 0.119
53647.511481 15.9662 0.119
53615.433516 15.8641 0.095
53615.445974 15.9802 0.098
53615.458442 15.9797 0.098
53615.470916 15.9854 0.098
53633.477042 15.9758 0.110
53633.485718 16.0251 0.112
53633.494436 16.0392 0.113
53633.503123 16.0981 0.115
53962.486715 15.9435 0.089
53962.499937 15.9239 0.088
53962.513181 15.8521 0.087
53962.526361 15.8328 0.086
53968.544898 15.9285 0.102
53968.553616 15.9552 0.103
53968.562299 15.9457 0.102
53968.570995 15.9056 0.101
54087.438796 15.864 0.109
54087.443678 15.9455 0.113
54087.448563 15.8978 0.111
54087.453925 15.8995 0.112
53942.610675 16.0654 0.107
53942.620644 16.0429 0.106
53942.631266 16.0165 0.104
53942.641224 16.0312 0.105
53892.664500 15.8799 0.098
53892.671127 15.8283 0.096
53892.677709 15.8112 0.095
53892.684286 15.8465 0.096
53914.688735 16.0246 0.103
53914.698831 16.006 0.103
53914.709147 16.0635 0.104
53914.719309 15.99 0.102
53857.717861 15.9912 0.117
53857.726282 15.9363 0.116
53857.734762 15.8276 0.115
53857.743298 15.914 0.114
53878.668746 16.0068 0.099
53878.677528 15.9913 0.098
53878.686384 15.9701 0.097
53878.695226 15.8895 0.095
54057.419707 15.7245 0.098
54057.427137 15.8198 0.101
54057.434546 15.7585 0.101
54057.442061 15.8748 0.105
54014.467390 15.8875 0.101
54014.476051 16.048 0.106
54014.484693 16.0515 0.107
54014.493298 15.852 0.100
54027.448226 15.877 0.103
54029.469947 15.8027 0.085
54029.480914 15.8233 0.086
54029.491894 15.8391 0.086
54029.502855 15.8952 0.088
53979.452327 15.8043 0.098
53979.461215 15.829 0.099
53979.469993 15.8117 0.098
53979.478771 15.807 0.098
54008.481248 15.8053 0.097
54008.489941 15.839 0.099
54008.498602 15.805 0.097
54008.507264 15.8219 0.098
54198.776428 15.7831 0.103
54198.784538 15.9923 0.111
54198.792597 15.9327 0.108
54198.800674 15.9247 0.107
54215.759521 15.8166 0.109
54215.768074 15.784 0.108
54215.776806 15.8156 0.109
54215.785405 15.8245 0.109
54325.449824 15.8874 0.087
54325.461988 15.8662 0.087
54325.473054 15.8374 0.086
54325.484080 15.8521 0.086
54295.667697 15.766 0.368
54295.673130 15.9326 0.114
54295.678398 15.8669 0.157
54295.683678 15.8504 0.147
54306.616999 15.8282 0.099
54306.626824 15.8378 0.099
54306.636660 15.9107 0.102
54306.646548 15.9345 0.103
54261.651776 15.9996 0.097
54261.665032 16.0765 0.100
54261.678137 15.8856 0.096
54261.691293 15.8995 0.095
54240.796676 15.8445 0.091
54240.817549 16.1051 0.120
54240.834126 15.8272 0.091
54240.847274 15.8085 0.090
54423.439919 16.0457 0.137
54423.454648 16.0553 0.139
54423.458985 15.965 0.133
54423.463338 15.901 0.130
54385.530489 16.0575 0.110
54385.539694 16.0846 0.112
54385.548843 16.0276 0.109
54385.560548 16.0446 0.110
54348.582269 15.9951 0.091
54348.596457 16.0317 0.092
54348.610648 16.0202 0.092
54348.624815 16.0184 0.092
54360.428821 15.7892 0.086
54360.439855 15.8164 0.086
54360.450853 15.8453 0.087
54360.461878 15.7637 0.085
54686.694035 15.8383 0.082
54686.699082 15.8294 0.081
54686.704098 15.8196 0.081
54686.709140 15.8269 0.081
54661.615808 15.7929 0.079
54661.624132 15.799 0.080
54661.632385 15.7583 0.079
54661.640647 15.7646 0.079
54627.747672 15.8907 0.081
54627.761837 15.8847 0.150
54627.776001 15.9233 0.083
54627.790099 15.8967 0.116
54597.699754 15.7882 0.079
54597.711340 15.8271 0.080
54597.722920 15.8491 0.080
54597.734498 15.8793 0.080
54780.463675 15.8746 0.085
54780.471726 15.9446 0.087
54780.479782 15.8909 0.086
54780.487832 15.9787 0.088
54711.414149 15.8074 0.080
54711.422873 15.831 0.080
54711.431636 15.8397 0.081
54711.440379 15.8195 0.080
54718.381102 15.8712 0.081
54718.385437 15.8343 0.081
54718.389778 15.7917 0.080
54718.394113 15.8043 0.080
54735.538238 15.812 0.080
54735.548887 15.8015 0.080
54735.559507 15.7728 0.079
54735.570141 15.8008 0.080
54939.772824 16.0173 0.086
54939.779441 15.9747 0.085
54939.786070 15.9962 0.085
54939.792621 16.048 0.087
55057.628538 15.9138 0.084
55057.636547 15.9191 0.084
55057.644632 15.8972 0.083
55057.652685 15.8845 0.083
55057.660741 15.8746 0.083
55172.452378 15.826 0.083
55172.457161 15.843 0.085
55172.461957 15.846 0.084
55172.466746 15.8515 0.084
55029.714958 15.9091 0.102
55029.725580 15.8914 0.102
55029.736215 15.8779 0.101
55029.746842 15.8429 0.099
54980.748913 15.8477 0.097
54980.759379 15.9899 0.102
54980.769802 15.9545 0.100
54980.780330 15.9924 0.101
55120.466864 15.9955 0.083
55120.475312 16.0421 0.084
55120.483799 16.0041 0.083
55120.492300 16.0083 0.084
55087.520795 15.8951 0.084
55087.529269 15.8718 0.084
55087.537792 15.9813 0.087
55087.546289 16.0196 0.088
55414.744793 15.9511 0.087
55414.759346 15.9179 0.086
55439.558750 15.8748 0.099
55439.568674 15.8158 0.096
55439.578575 15.8049 0.097
55439.588572 15.8651 0.099
55359.766020 16.0555 0.101
55359.795059 15.9258 0.097
55502.472109 15.8991 0.079
55502.510463 15.9084 0.079
55474.487725 15.8151 0.096
55474.510635 15.8793 0.103
55707.794859 15.989 0.080
55707.803419 15.9848 0.080
55707.812031 15.9423 0.079
55707.820643 16.0223 0.081
55741.785795 15.9852 0.082
55741.802263 16.0377 0.083
55741.818703 16.0414 0.084
55741.835245 16.0145 0.083
55774.532396 15.9889 0.084
55774.544291 15.9721 0.083
55774.556257 15.9697 0.083
55774.568096 15.9071 0.082
55804.580762 15.8216 0.100
55804.589920 15.7751 0.101
55804.599039 15.7987 0.096
55804.608197 15.8285 0.100
56075.668842 15.8532 0.077
56075.681606 15.9493 0.079
56075.693834 16.0352 0.080
56075.706103 16.0388 0.080
56145.658556 15.8606 0.079
56145.670377 15.8356 0.078
56145.682326 15.8776 0.079
56145.694271 15.8184 0.078
56176.564486 15.8714 0.074
56176.577459 15.8443 0.073
56176.590242 15.9174 0.075
56176.603007 15.9203 0.075
56223.437707 15.8592 0.074
56223.449679 16.0093 0.078
56223.460971 15.9358 0.076
56223.472267 15.9351 0.076
56410.725864 16.0905 0.085
56410.734834 16.009 0.084
56410.743853 15.955 0.082
56410.753859 15.9984 0.083
56478.617191 15.8936 0.074
56478.632114 15.8611 0.073
56478.647046 15.88 0.073
56478.661956 15.7597 0.072
