53567.485671 13.6 0.062
53567.492889 13.5995 0.062
53567.499979 13.599 0.062
53567.507121 13.5872 0.062
53583.515739 13.5261 0.064
53583.523236 13.5395 0.063
53583.530775 13.5089 0.070
53583.538927 13.5765 0.066
53605.559302 13.5231 0.059
53605.569975 13.5304 0.059
53605.580654 13.5532 0.060
53605.591413 13.52 0.059
53622.395494 13.7289 0.066
53622.403772 13.7088 0.065
53622.412033 13.7041 0.065
53622.420449 13.6896 0.065
53645.436660 13.5067 0.064
53645.445294 13.4944 0.064
53645.453945 13.5016 0.064
53645.462620 13.4851 0.064
53669.398507 13.5912 0.061
53669.406255 13.5834 0.061
53669.413923 13.6004 0.061
53669.421579 13.6132 0.061
53805.717264 13.5558 0.061
53805.722431 13.5767 0.061
53805.727601 13.5531 0.061
53805.732771 13.5587 0.060
53834.672403 13.7809 0.058
53834.684513 13.7643 0.058
53834.696642 13.8046 0.058
53834.708751 13.7625 0.058
53849.681124 13.7363 0.058
53849.692654 13.7446 0.058
53849.704151 13.7369 0.058
53849.715687 13.7378 0.058
53865.623410 13.8103 0.062
53865.633425 13.8021 0.061
53865.643540 13.8242 0.062
53865.653777 13.8175 0.061
53882.600430 13.727 0.061
53882.610059 13.7427 0.061
53882.619671 13.7352 0.061
53882.629253 13.7237 0.061
53892.553353 13.7938 0.062
53892.562015 13.8268 0.062
53892.570690 13.8216 0.062
53892.579364 13.8134 0.062
53914.581091 13.656 0.061
53914.590792 13.6376 0.061
53914.600411 13.6525 0.061
53914.610006 13.6355 0.061
53936.556265 13.5108 0.056
53936.560021 13.5297 0.056
53936.563781 13.5241 0.056
53936.567543 13.5095 0.056
53936.571309 13.517 0.056
53947.457882 13.4921 0.058
53947.468259 13.5105 0.058
53947.478674 13.493 0.058
53947.489082 13.4938 0.058
53993.392743 13.7384 0.063
53993.401010 13.7267 0.063
53993.409264 13.7347 0.063
53993.417546 13.7407 0.063
54001.506004 13.4858 0.062
54001.512060 13.4908 0.062
54001.518077 13.4967 0.062
54001.524095 13.4947 0.062
54012.481529 13.5852 0.062
54012.488524 13.5756 0.062
54012.495559 13.5675 0.062
54012.502549 13.5942 0.062
54030.422738 13.7378 0.059
54030.432600 13.7389 0.059
54030.442452 13.7237 0.059
54030.452301 13.7405 0.060
54174.748223 13.564 0.059
54174.761978 13.5125 0.059
54174.775815 14.0098 0.064
54174.789653 13.5767 0.059
54212.656837 13.5136 0.059
54212.671148 13.436 0.058
54212.685582 13.531 0.059
54212.699960 13.2879 0.057
54244.578925 13.5201 0.055
54244.595041 13.517 0.055
54244.611172 13.501 0.055
54244.627280 13.5165 0.055
54244.643408 13.5038 0.055
54272.711903 13.627 0.115
54272.763834 13.672 0.074
54272.773781 13.6531 0.071
54272.783719 13.6941 0.070
54297.534065 13.5077 0.058
54297.541684 13.5032 0.058
54297.549361 13.5073 0.058
54297.557025 13.5071 0.058
54303.491522 13.5288 0.061
54303.500053 13.5216 0.061
54303.508588 13.5283 0.061
54303.517124 13.5426 0.061
54321.433749 13.6758 0.059
54321.440385 13.6709 0.059
54321.447079 13.6779 0.059
54321.453736 13.6745 0.059
54351.467238 13.472 0.066
54351.471587 13.5548 0.063
54351.475964 13.5125 0.065
54351.480307 13.5842 0.062
54385.445345 13.6284 0.062
54385.454298 13.6127 0.062
54385.463267 13.6281 0.062
54385.472139 13.6385 0.062
54531.736867 13.5944 0.059
54531.748160 13.5851 0.059
54531.759429 13.5785 0.059
54531.770682 13.5922 0.059
54590.618813 13.7069 0.058
54590.625552 13.6975 0.057
54590.632245 13.6864 0.057
54590.639024 13.6938 0.057
54600.597803 13.6495 0.056
54600.603053 13.6309 0.056
54600.608322 13.6464 0.056
54600.613606 13.6396 0.056
54616.655913 13.651 0.055
54616.668042 13.6556 0.055
54616.680229 13.651 0.055
54616.692400 13.6509 0.055
54623.591183 13.6735 0.057
54623.600478 13.6664 0.057
54623.609698 13.6659 0.057
54623.618971 13.658 0.057
54643.595499 13.6766 0.057
54643.607085 13.6627 0.057
54643.618664 13.6683 0.057
54643.630247 13.6768 0.057
54658.453683 13.6135 0.056
54658.461668 13.613 0.057
54658.469646 13.6342 0.058
54658.477680 13.6108 0.058
54680.475236 13.6681 0.058
54680.480685 13.6935 0.063
54680.486287 13.6457 0.057
54680.491733 13.6582 0.057
54705.433197 13.6196 0.057
54705.444747 13.625 0.057
54705.456224 13.6201 0.057
54705.467722 13.6216 0.057
54727.498767 13.7082 0.061
54736.482474 13.5584 0.059
54736.491245 13.5562 0.059
54736.500105 13.5563 0.059
54736.508812 13.5607 0.059
54762.424052 13.5358 0.060
54762.431736 13.5292 0.060
54762.439472 13.535 0.060
54762.447203 13.5381 0.061
54911.734337 13.6308 0.060
54911.742000 13.6337 0.061
54911.749664 13.6341 0.061
54911.757312 13.6372 0.060
54928.646703 13.6291 0.056
54928.658273 13.6348 0.056
54928.669864 13.6484 0.055
54928.681411 13.6649 0.055
54929.647322 13.7343 0.063
54944.621260 13.6461 0.056
54944.634273 13.6465 0.056
54944.647311 13.6447 0.056
54944.660354 13.6335 0.056
54977.705498 13.7051 0.061
54977.705498 13.7207 0.062
54977.714948 13.7155 0.061
54977.714948 13.7445 0.062
54977.724478 14.5732 0.121
54977.774170 13.9511 0.069
54977.774170 13.9707 0.070
54977.783614 13.7912 0.063
54977.783614 13.8016 0.063
55004.561545 13.7535 0.067
55004.571211 13.7504 0.067
55004.581449 13.7448 0.068
55004.591158 13.7315 0.068
55029.467706 13.6656 0.064
55029.512293 13.617 0.061
55029.519918 13.574 0.065
55029.527550 13.5947 0.061
55029.535198 13.6139 0.061
55056.548603 13.6939 0.056
55056.556391 13.6947 0.056
55056.564167 13.7031 0.056
55056.571903 13.7142 0.056
55087.378410 13.6552 0.055
55087.385338 13.6554 0.055
55087.392261 13.6438 0.055
55087.399187 13.6657 0.055
55124.394972 13.6709 0.061
55124.402875 13.6724 0.060
55124.410930 13.6823 0.060
55124.418873 13.6912 0.060
55338.749876 13.6787 0.057
55338.794918 13.6846 0.058
55360.671953 13.5583 0.056
55360.697588 13.5337 0.056
55386.487970 12.83 0.054
55386.518198 13.6106 0.058
55421.514700 13.8067 0.059
55421.552927 13.8213 0.059
55439.460604 13.597 0.061
55439.470367 13.6009 0.061
55439.480237 13.5935 0.061
55439.490136 13.5939 0.061
55487.404673 13.6122 0.058
55487.425865 13.6231 0.058
55676.747428 13.6637 0.057
55676.790449 13.6892 0.057
55706.646513 13.676 0.055
55706.658820 13.6985 0.055
55706.671274 13.7027 0.055
55706.683699 13.7039 0.055
55736.628540 13.541 0.055
55736.635051 13.5369 0.055
55736.641625 13.5456 0.055
55736.648212 13.53 0.055
55762.561230 13.6092 0.058
55762.570693 13.6068 0.058
55762.580238 13.5958 0.058
55762.589797 13.6021 0.058
55805.497696 13.5301 0.057
55805.507168 13.5121 0.057
55805.516677 13.5092 0.057
55805.526153 13.5243 0.057
56020.677364 13.6647 0.056
56020.690884 13.6426 0.056
56020.702154 13.6681 0.056
56020.713461 13.6543 0.056
56064.688092 13.5858 0.057
56064.697657 13.5652 0.057
56064.707223 13.5851 0.057
56064.716909 13.5936 0.057
56101.614001 13.5122 0.056
56101.626797 13.5366 0.056
56101.639701 13.5266 0.057
56101.652619 13.5802 0.056
56131.543365 13.624 0.056
56131.553338 13.6379 0.056
56131.562505 13.6705 0.056
56131.571781 13.6725 0.056
56173.485864 13.7096 0.057
56173.496651 13.7088 0.057
56173.507393 13.7154 0.057
56173.518199 13.7291 0.057
56389.654363 13.6543 0.059
56389.662498 13.6786 0.060
56389.670686 13.6666 0.059
56389.678894 13.657 0.059
56431.715982 13.6468 0.055
56431.726651 13.6495 0.055
56431.737354 13.6683 0.055
56431.747999 13.6596 0.055
56464.514616 13.7137 0.056
56464.524539 13.6999 0.056
56464.534483 13.7005 0.056
56464.544439 13.7179 0.056
