53714.684698 14.132 0.063
53714.693592 14.1359 0.063
53714.702511 14.1301 0.063
53714.711464 14.1461 0.063
53729.646387 14.1017 0.067
53729.655379 14.1126 0.067
53729.664372 14.109 0.067
53729.673330 14.1154 0.067
53833.454775 14.1868 0.061
53833.466382 14.2276 0.061
53833.478018 14.3369 0.062
53833.489662 14.3532 0.062
53848.421423 14.1211 0.060
53848.433574 14.1316 0.061
53848.445710 14.1052 0.060
53848.457906 14.1444 0.061
54095.616702 14.3806 0.072
54095.625514 14.4878 0.102
54095.634277 14.4053 0.073
54095.643057 14.3488 0.072
53772.539464 14.1676 0.068
53772.551701 14.1969 0.069
53772.563892 14.1947 0.069
53772.576099 14.1818 0.068
53757.679354 14.1354 0.061
53757.692804 14.1348 0.061
53757.706211 14.1932 0.062
53757.730638 14.1222 0.062
53813.479034 14.1246 0.060
53813.487215 14.1277 0.061
53813.495411 14.1127 0.060
53813.503609 14.1232 0.061
53876.383928 14.1647 0.065
53876.391058 14.1459 0.065
53876.398212 14.1383 0.065
53876.405371 14.158 0.065
54052.701213 14.1583 0.067
54052.711755 14.118 0.067
54052.722247 14.1466 0.067
54052.732676 14.1491 0.067
54062.590979 14.1133 0.063
54062.604134 14.1144 0.063
54062.617301 14.1201 0.062
54062.630597 14.1261 0.063
54014.742938 14.1969 0.071
54014.750389 14.1775 0.067
54014.757952 14.149 0.067
54014.765459 14.1936 0.068
54201.474318 14.1434 0.064
54201.482988 14.1485 0.064
54201.491691 14.167 0.064
54201.500367 14.1479 0.064
54464.664896 14.2173 0.073
54464.687497 14.157 0.072
54465.670256 14.2167 0.064
54465.681518 14.2662 0.064
54465.692784 14.3196 0.065
54465.704089 14.3484 0.065
54139.626951 14.1916 0.064
54139.633490 14.1673 0.064
54139.640080 14.1804 0.064
54139.646645 14.1603 0.064
54110.690925 14.1141 0.063
54110.704099 14.1394 0.064
54110.717404 14.1282 0.064
54110.730542 14.1444 0.064
54120.543524 14.1415 0.063
54120.556631 14.1255 0.063
54120.569713 14.1266 0.063
54120.582797 14.1016 0.063
54172.546180 14.1176 0.064
54172.556039 14.1252 0.064
54186.472988 14.1147 0.068
54186.481753 14.1254 0.068
54186.490475 14.1328 0.068
54186.499175 14.1388 0.068
54232.378248 14.1553 0.071
54232.383140 14.1418 0.073
54232.388017 14.1511 0.082
54232.392898 14.1432 0.074
54420.727751 14.3632 0.072
54420.732302 14.3894 0.073
54420.736935 14.3659 0.072
54420.741389 14.3766 0.070
54382.744837 14.1307 0.067
54382.752937 14.116 0.067
54382.761028 14.1294 0.067
54382.769140 14.1312 0.067
54365.710808 14.1929 0.068
54365.721539 14.1729 0.068
54365.732241 14.1484 0.068
54365.742938 14.1579 0.068
54505.585647 14.1086 0.067
54505.593166 14.1201 0.067
54505.600663 14.1315 0.067
54505.608170 14.1245 0.067
54529.588792 14.1043 0.060
54529.599573 14.1078 0.060
54529.610348 14.0993 0.060
54529.621120 14.1038 0.060
54588.398496 14.198 0.061
54588.408378 14.1514 0.060
54588.418233 14.1294 0.060
54588.428086 14.1158 0.060
54602.387701 14.1344 0.064
54602.395359 14.1343 0.064
54602.402992 14.1428 0.064
54602.410649 14.132 0.064
54615.355516 14.3412 0.062
54615.362546 14.3477 0.062
54615.369581 14.3121 0.061
54615.376787 14.2939 0.061
54753.744403 14.3014 0.062
54753.752766 14.2615 0.062
54753.761146 14.2294 0.061
54753.769518 14.2183 0.061
54769.728125 14.0714 0.065
54769.737331 14.0575 0.065
54769.746576 14.0797 0.065
54769.755810 14.0767 0.065
54927.483700 14.1383 0.061
54927.493389 14.1553 0.061
54927.503087 14.1836 0.062
54929.484039 14.1268 0.072
54929.492145 14.14 0.072
54929.500216 14.139 0.072
54929.508289 14.1279 0.072
54944.437969 14.1109 0.061
54944.446032 14.0887 0.060
54944.454100 14.0932 0.060
54944.462168 14.0933 0.060
55188.671748 14.0596 0.064
55188.680682 14.0898 0.064
55188.689610 14.0704 0.064
55188.698529 14.0938 0.064
54888.439218 14.0905 0.064
54888.445660 14.0968 0.065
54888.452132 14.1116 0.065
54888.458590 14.0944 0.064
54834.598179 14.1354 0.064
54834.606223 14.1247 0.064
54834.614348 14.1434 0.064
54834.622478 14.1116 0.064
54857.668198 14.0961 0.061
54857.678967 14.1015 0.061
54857.689716 14.0808 0.061
54857.700499 14.0998 0.061
54909.446695 14.0971 0.064
54909.454337 14.1003 0.064
54966.396609 14.129 0.065
54966.401711 14.1181 0.065
54966.406773 14.1324 0.065
54966.411823 14.1178 0.065
55144.696782 14.097 0.063
55144.704378 14.0986 0.063
55144.711969 14.0799 0.063
55144.719506 14.0849 0.063
55103.727232 14.0839 0.065
55103.736418 14.0844 0.065
55103.745692 14.0964 0.065
55103.754980 14.0796 0.065
55299.458599 14.0694 0.062
55542.645794 14.0931 0.065
55542.674689 14.1277 0.066
55544.667565 14.1129 0.064
55544.694377 14.1291 0.060
55560.657881 14.1291 0.062
55560.684669 14.1291 0.062
55250.525441 14.1299 0.060
55204.695313 14.1241 0.059
55204.731597 14.1391 0.059
55267.502393 14.087 0.062
55677.450903 14.0916 0.061
55677.472126 14.0424 0.063
55618.582284 14.1482 0.062
55618.603592 14.1072 0.062
55588.600894 14.1348 0.059
55588.634892 14.092 0.059
55647.509672 14.138 0.059
55647.541579 14.1297 0.060
55879.707423 14.2751 0.063
55879.719430 14.3015 0.063
55879.731449 14.3519 0.064
55879.743486 14.4067 0.064
55919.655460 14.1322 0.059
55919.668232 14.1203 0.059
55919.681155 14.1277 0.059
55919.694135 14.1391 0.059
55963.568036 14.2325 0.059
55963.580796 14.2323 0.059
55963.593581 14.208 0.059
55963.606453 14.2021 0.059
56019.507028 14.1384 0.059
56019.515404 14.1508 0.059
56019.523841 14.1277 0.059
56019.532219 14.1608 0.059
56056.394098 14.4239 0.063
56056.399519 14.3917 0.063
56056.404835 14.381 0.063
56056.410134 14.3364 0.063
56264.692513 14.1365 0.058
56264.703072 14.1654 0.058
56264.714060 14.157 0.059
56264.724761 14.1521 0.058
56298.666438 14.1086 0.059
56298.677927 14.1127 0.059
56298.689661 14.1079 0.059
56298.700957 14.1055 0.059
56374.514025 14.1469 0.061
56374.523500 14.1779 0.062
56374.533145 14.1754 0.065
56374.542811 14.142 0.070
56380.438511 14.2013 0.058
56380.449726 14.1657 0.058
56380.461012 14.2081 0.058
56380.472287 14.1845 0.058
56411.416310 14.147 0.063
56411.425048 14.1257 0.063
56411.433967 14.1726 0.066
56411.442829 14.0909 0.063
