53957.586694 12.8276 0.056
53957.594667 12.8081 0.056
53957.602639 12.7908 0.056
53957.610590 12.792 0.056
53914.581956 13.08 0.057
53914.591674 13.0779 0.057
53914.601271 13.0432 0.057
53914.610875 12.958 0.057
53865.624268 12.9832 0.056
53865.634287 13.0599 0.057
53865.644408 13.0923 0.057
53865.654642 13.0852 0.057
53882.599578 13.0726 0.057
53882.609197 13.0665 0.057
53882.618816 13.0081 0.056
53882.628406 12.9065 0.056
54012.478919 12.868 0.057
54012.485898 12.8561 0.057
54012.492932 12.8286 0.057
54012.499936 12.8296 0.057
53993.391900 12.9021 0.057
53993.400165 12.9277 0.057
53993.408418 12.9861 0.057
53993.416694 13.0441 0.058
54001.500907 13.092 0.059
54001.506927 13.0419 0.058
54001.512976 13.0011 0.058
54001.518993 12.9665 0.058
54316.456109 12.881 0.057
54316.462286 12.872 0.057
54316.468440 12.8606 0.057
54316.474628 12.8452 0.057
54275.534779 13.1099 0.056
54275.546010 13.0134 0.055
54275.557153 12.9536 0.055
54275.568300 12.9104 0.055
54189.745752 12.863 0.057
54189.753156 12.9281 0.058
54189.760602 12.9137 0.058
54189.768095 12.9107 0.057
54245.671583 12.8308 0.057
54245.681494 12.854 0.057
54245.691487 12.8618 0.057
54245.701304 12.8983 0.058
54385.443167 12.8787 0.057
54385.452112 12.9231 0.057
54385.461079 12.9342 0.057
54385.469951 12.9571 0.058
54696.550786 12.8502 0.056
54696.558748 12.8259 0.055
54696.566682 12.8204 0.055
54696.574600 12.8066 0.055
54643.590474 12.9928 0.054
54643.602142 13.093 0.054
54643.613724 13.1284 0.055
54643.625296 13.0921 0.054
54533.737788 12.7902 0.057
54533.746069 12.8083 0.057
54533.754364 12.825 0.057
54533.762660 12.8716 0.057
54599.566628 12.8546 0.054
54599.571041 12.8138 0.054
54599.575444 12.8234 0.054
54599.579849 12.8171 0.054
54762.399398 12.8509 0.056
54762.404643 12.8081 0.056
54762.409908 12.7725 0.056
54762.415166 12.7823 0.056
54727.496162 12.906 0.056
54736.448754 12.8478 0.055
54736.457121 12.8706 0.055
54736.465291 12.9003 0.056
54736.473460 12.9042 0.056
55029.464343 12.8111 0.056
55012.478695 12.8609 0.055
55012.488513 12.843 0.054
55012.498336 12.8375 0.054
55012.508205 12.809 0.054
54911.729301 12.8244 0.056
54911.736920 12.7986 0.056
54911.744583 12.7939 0.056
54911.752263 12.7616 0.055
54977.654192 12.8707 0.056
54977.664036 12.9452 0.057
54977.673947 13.0421 0.057
54977.683802 13.0259 0.057
55104.434371 13.1128 0.056
55104.443974 13.1225 0.056
55104.453588 13.1502 0.056
55104.463195 13.1466 0.056
55439.457246 12.8285 0.056
55439.466923 12.8506 0.056
55439.476783 12.8462 0.057
55439.486657 12.8734 0.057
55338.743487 12.8588 0.054
55338.788483 13.1318 0.055
55487.399960 12.9127 0.055
55487.421142 13.0554 0.055
55676.740348 12.8099 0.053
55676.783293 13.0384 0.054
55691.698625 13.1129 0.055
55691.712432 13.0983 0.055
55691.740069 12.9212 0.054
55029.508914 13.0767 0.057
55029.516537 13.0913 0.057
55029.524167 13.0982 0.057
55029.531796 13.102 0.057
55762.555399 12.9743 0.055
55762.564773 12.9308 0.055
55762.574226 12.929 0.055
55762.583790 12.8781 0.055
55805.491899 12.9265 0.054
55805.501267 12.8639 0.054
55805.510767 12.8341 0.054
55805.520253 12.844 0.054
56064.683384 12.8129 0.054
56064.692838 12.8525 0.054
56064.702425 12.8798 0.054
56064.712041 12.9163 0.054
56101.608358 12.8189 0.053
56101.621068 12.8209 0.053
56101.634014 12.8515 0.054
56101.646920 12.8724 0.054
56131.537764 12.9323 0.053
56131.546914 12.9057 0.053
56131.556881 12.8871 0.054
56131.566108 12.8947 0.054
56173.479931 12.8998 0.054
56173.490698 12.9116 0.054
56173.501434 12.9396 0.054
56173.512261 12.9572 0.054
