53591.4565510882 15.836223 0.108863668728806
53591.4778443749 15.789005 0.106815348843369
53591.4882546064 15.916563 0.111757581792584
53607.455302095 15.924772 0.0968049615417933
53607.4701464814 15.831011 0.0939378844666836
53607.4849093752 15.844146 0.0943873787831723
53607.5001287386 15.879496 0.0953657454833787
53578.5625646645 15.832273 0.0923639486794332
53578.5712606483 15.819565 0.0920282741791793
53578.5799280093 15.866959 0.0934363510955537
53578.5886218404 15.828351 0.0923373474546874
53579.6215455557 15.80944 0.0795246142343259
53579.625205185 15.859046 0.0802746614987426
53579.6288806714 15.804161 0.0791595857357807
53579.6325682292 15.768867 0.0784735806300502
53652.4049601272 15.818441 0.113327790956092
53652.4144358334 15.874099 0.115656337715636
53652.4237751734 16.012323 0.121783851434733
53652.432978993 15.923114 0.117736342223512
53669.4314587386 15.992615 0.103616206377471
53669.4386082292 15.972883 0.10329574076681
53669.4457471296 15.987545 0.104238741363752
53669.4530731021 15.927106 0.104032314812805
53618.50417228 15.810234 0.0953167043304334
53618.5148872105 15.845014 0.0974143350130391
53618.5253864816 15.81939 0.0967330500349221
53618.536169433 15.819685 0.0954183077843325
53636.5263601504 15.867072 0.101815155537252
53636.536739178 15.882163 0.102457869163407
53636.547117257 15.87648 0.102594727698002
53636.5574950925 15.880255 0.103065750162082
53834.7342030555 15.859221 0.0828980228962556
53834.748674456 15.829362 0.0820739494924944
53834.7631640164 15.837722 0.082241415039698
53834.7776378589 15.841836 0.082230486406983
53959.5393120833 15.784103 0.085698335405668
53959.5523917475 15.71706 0.0841968571692558
53959.56548206 15.779874 0.0856375655181608
53959.5785612501 15.77 0.0853898686357208
53969.5209365163 15.814638 0.0982713203820211
53969.5320034839 15.894038 0.101054746656891
53969.5430981132 15.87408 0.100351874784395
53969.5541847685 15.889297 0.10102671974996
53936.6721874885 15.859545 0.0879129400304529
53936.6797476159 15.861562 0.0880166645287403
53936.6872903705 15.896086 0.0891308931218623
53936.6948254975 15.849572 0.088480700016977
53947.5126982289 15.824371 0.0872353728036102
53947.5220283335 15.828346 0.0870238396236376
53947.5313781132 15.82332 0.0868786937324915
53947.5406974419 15.859124 0.0878186756530703
53892.5555129281 15.86038 0.097628974478045
53892.5641701391 15.878786 0.0984012905054943
53892.572844803 15.896185 0.0980584813487903
53892.5815230093 15.90479 0.0987721015960884
53914.6157709376 15.856739 0.098564931661632
53914.6245762614 15.872607 0.0991067681323308
53914.6333075926 15.908472 0.100223112693738
53914.64207397 15.831058 0.097883458158563
53804.7421751736 15.871386 0.0987560147937857
53804.7473640392 15.883615 0.0985988171472507
53804.7525407525 15.91456 0.0994698418086616
53804.7577090163 15.908529 0.0991364417637243
53861.6360666319 15.848579 0.0834651460562165
53861.6459229053 15.790079 0.0821381453647023
53861.6557769906 15.779937 0.0817876760368553
53861.6656360417 15.746699 0.081049057069373
53882.6492986229 15.78722 0.0933647248933644
53882.658997697 15.836854 0.0940962676555696
53882.6687542709 15.896904 0.0958388812355258
53882.6786678356 15.887273 0.0954531475188039
54011.4881587733 15.749852 0.0981314530077395
54011.4978218751 15.737343 0.0979123627522421
54011.5074914584 15.747105 0.098256603570692
54011.5171893981 15.837665 0.101263292918249
53979.3733705554 15.80081 0.0989783435341541
53979.3820487733 15.739402 0.0970066202051462
53979.3908645023 15.788625 0.0984765021308987
53979.3995547571 15.781971 0.0981704792874697
53993.4693568867 15.844173 0.100308506183772
53993.4780878817 15.913341 0.102549013579609
53993.4868212037 15.861214 0.100867107751541
53993.4955432985 15.93175 0.10325352022925
54000.4976677663 15.777555 0.0994396862291701
54000.5055634376 15.827661 0.10124630805675
54000.5134542479 15.827619 0.101733961937011
54000.5213223725 15.824997 0.102492604727169
54202.7130542244 15.825656 0.0912163711998208
54202.7271546414 15.733503 0.0885818094635548
54202.741338403 15.767979 0.0891876012270782
54202.7556964816 15.794843 0.0897829421743455
54215.6692548032 15.804821 0.0996432937042019
54215.6816997222 15.785173 0.0983342314897699
54215.6941359607 15.863739 0.100801601460137
54215.7065777547 15.849692 0.100157414772661
54321.4765061573 15.954934 0.0894030631971846
54321.4869075925 15.901955 0.0880467414664711
54321.4972672453 15.868015 0.0872136670711195
54321.5076159029 15.871224 0.087262942983194
54326.5164838542 15.88968 0.101424750318371
54326.5258375697 15.916433 0.102466250508778
54326.5352357292 15.894147 0.101706195080356
54326.5446107291 15.845257 0.100042662756871
54287.537065278 15.787223 0.0992473223576775
54287.5440830208 15.7495 0.0980759709804488
54287.5588861226 15.781603 0.0987128396386172
54287.5653789697 15.766753 0.0982046891846588
54299.58353581 15.965778 0.090804755360115
54299.5917900577 15.960875 0.0902440755249787
54299.6000372567 15.884237 0.0883756647627688
54299.6082485649 15.935413 0.0898636999642868
54306.4918670833 15.918942 0.103942591568254
54306.5014423264 16.032199 0.107734933981385
54306.5110319212 15.888959 0.102642949863034
54306.5207167824 15.984048 0.106359292015119
54260.6872798265 15.895016 0.0955888574126668
54260.700896088 15.850365 0.0931094743506187
54178.727429398 15.948462 0.115308555786941
54178.7341262965 15.90898 0.112331331024543
54178.7407972684 15.95083 0.11390469358904
54178.7474715972 15.919941 0.114772280309218
54243.6439551041 15.784448 0.0903123621195983
54243.6571925231 15.773736 0.0897322036791962
54243.6704354975 15.82524 0.0911786660466358
54243.6835986227 15.835743 0.0915305889831185
54386.4547517823 15.885127 0.102659851378863
54386.4601176043 15.951494 0.105087695699436
54386.4654660762 15.895252 0.103165616306908
54386.4708249654 15.958356 0.105616921556502
54402.419842558 15.789988 0.0888391181405534
54402.4308351041 15.787644 0.0889301107619702
54402.4417606248 15.838387 0.0903309161273429
54402.4526853357 15.726869 0.0877195041323867
54347.4998054863 15.811034 0.0880690574630973
54347.5085447105 15.792841 0.0875791985830456
54354.4404415741 15.797511 0.0995762496125148
54354.4470515392 15.774837 0.0987680793258062
54354.4536440393 15.807975 0.0999189672524767
54354.4602380438 15.839438 0.101078316001619
54680.5238493057 15.76674 0.0802691370206318
54680.5506259026 15.687353 0.134041883662242
54681.500304074 15.784047 0.0798599222362616
54681.5085146874 15.792013 0.080048514032067
54681.5167060881 15.793458 0.0800600149597964
54681.5248873034 15.835583 0.0808978214473375
54705.4893199192 15.907881 0.0819103598059086
54705.5015490856 15.949242 0.0828239030330327
54705.5137617132 15.888172 0.0815509827275789
54705.5259883334 15.852286 0.0808988454000968
54658.5585539234 15.926664 0.0942105726276372
54658.5667663887 15.947504 0.0874310034443256
54658.5749712153 15.917177 0.0830342779118764
54658.5832327548 15.890031 0.0821228151797263
54627.6469382756 15.730107 0.0784356567225944
54627.6601328817 15.739482 0.0787421257712376
54627.6733015627 15.779366 0.0798643274098705
54627.6864722106 15.636333 0.0910988158241201
54642.6364353473 15.819516 0.0900938009046235
54642.6474434027 15.831459 0.0904143417609136
54642.6583636111 15.842697 0.0906997716486508
54642.6692900697 15.896621 0.0920416922598549
54535.7444945021 15.747545 0.10173743600506
54535.7493173728 15.728791 0.100861548465611
54535.7540892015 15.785112 0.102509391248182
54535.7588992246 15.75087 0.101365484800898
54591.6311966665 15.793962 0.0810307899084554
54591.641063727 15.8291 0.081667544931852
54591.6509522917 15.789932 0.0807422435890321
54591.660815984 15.798293 0.0808175978794592
54600.6293017939 15.850363 0.0817665487439048
54600.6419606134 15.861885 0.0819538412738171
54600.6546468632 15.896353 0.0825984684354903
54600.6673444561 15.88762 0.0822041464409925
54615.786823831 15.837337 0.0798194009940257
54615.7952115391 15.865498 0.0803542068564842
54615.8036581599 15.82712 0.0795433173951395
54615.8120077895 15.780088 0.0787297644529081
54780.4315236923 15.860499 0.0866555669609406
54780.4379113196 15.88245 0.0874583828457645
54780.4443075117 15.838661 0.0864059459898084
54780.4507011576 15.869227 0.0872443797706398
54764.4021255439 15.758793 0.0837562136103739
54764.4070890392 15.752346 0.0836787085245125
54764.4120442132 15.741917 0.0834474598528598
54764.4171479978 15.699193 0.0825421003082778
54735.458891852 15.820697 0.0910854315664412
54735.4676608217 15.819168 0.0910566884613791
54735.4764139351 15.778797 0.0900182178163154
54735.4850411109 15.724302 0.088656318109144
54942.7039396412 15.823109 0.0766436982913159
54942.7157734259 15.772688 0.0754082885748326
54942.7276117246 15.785353 0.0753805342084546
54942.7394820949 15.766907 0.0749572389659822
55056.5819506481 15.833495 0.0761714562473245
55056.5870982985 15.83641 0.0762704810158099
55056.5922571759 15.853699 0.0766372003140195
55029.5501211343 16.097643 0.132570653416484
55029.571559109 15.806764 0.150100586254934
55004.6415629629 15.869291 0.121898140659465
55004.6480514119 15.882521 0.123397954065768
55004.6545139235 15.833966 0.122277126260877
55004.6609758679 15.828994 0.123416678526537
54913.7399900812 15.777105 0.0835850097715535
54913.7528114002 15.754811 0.0894376296803517
54913.7657524073 15.732256 0.0818971237854409
54978.6436206714 15.768038 0.0948430223844793
54978.6513919213 15.768936 0.0947493645187041
54978.6593388656 15.778529 0.094838904858232
54978.6670249306 15.855987 0.0971295397336467
55124.4329118865 15.818977 0.092542544536303
55124.4416437039 15.849908 0.093532036616313
55124.4503727431 15.850714 0.0936097181814738
55124.4590981944 15.853083 0.0938650592014029
55087.4140027085 15.851195 0.0779330216809134
55087.4243209258 15.865733 0.0781356593742816
55087.4346303473 15.885975 0.0785716071631934
55087.4449622225 15.876281 0.0783398337278867
55415.483254699 15.77674 0.0836115987773861
55415.5050788079 15.814469 0.0851897036747641
55439.501137523 15.884287 0.0879500269053663
55439.5131453937 15.859093 0.0874026021028125
55439.52534875 15.874991 0.0878930482353269
55439.5375518864 15.867437 0.0877610688679955
55385.6025173262 15.688052 0.11521978263405
55385.6351660302 15.776797 0.149562874443052
55353.6965906366 15.842613 0.11688475929418
55353.7328391435 15.95213 0.123105240111838
55365.6640913308 15.796271 0.077239654447473
55365.6987206366 15.864848 0.078778710088418
55474.4054054512 15.820826 0.097832494275956
55474.4281092246 15.863656 0.100243619999082
55679.7601685302 15.75432 0.0743120505693358
55706.7865204628 15.805972 0.0775180819864319
55706.7978411576 15.800765 0.0773789365144938
55706.809382581 15.801984 0.077458245163517
55706.8210380095 15.747956 0.0765294329578267
55029.6411926734 15.797607 0.0955187484358579
55029.6496485534 15.774337 0.0949943437271477
55029.6581015393 15.892594 0.0989590455953659
55029.6665415626 15.946919 0.102126486712519
55736.6670144095 15.858463 0.0744852753341259
55736.6793548033 15.832592 0.0740005876887687
55736.6917251853 15.784921 0.0732648429464688
55736.70410147 15.81831 0.0737819245589732
55766.5693794446 15.884876 0.080325460632465
55766.5799989466 15.847973 0.0794940139609062
55766.590660822 15.862363 0.0798071760450538
55766.601305324 15.7719 0.0780966004245493
55803.4017552547 15.866364 0.0696998757009455
55803.4158153935 15.819101 0.0690108815391609
55803.429901354 15.795514 0.0686875947832462
55803.4440254979 15.795254 0.0686271523292947
56033.6783179743 15.856135 0.0702967337826891
56033.6933751507 15.798044 0.0695054650810822
56033.708427581 15.753374 0.0688531280301772
56033.7234503818 15.788513 0.0692095211453471
56067.6351195141 15.905163 0.0849574798205086
56067.6434594211 15.879277 0.0842920289761631
56067.6518618404 15.876839 0.0841907926194618
56067.6601755787 15.850832 0.0835423223584152
56101.6733239469 15.833654 0.0776171830376517
56101.6841507525 15.801826 0.0761583031511117
56101.6948540507 15.7655 0.0755148028355474
56101.7055442825 15.764193 0.0754050575291728
56131.6255751158 15.769025 0.0779675000761806
56131.6368295139 15.801429 0.0793385005908102
56131.6482518058 15.837517 0.0813628283784683
56131.6596413658 15.905508 0.0923733025883732
56165.4269960765 15.796532 0.0793626723261706
56165.4360067244 15.808224 0.0798492298783804
56165.4448981481 15.759527 0.0999466274855456
56165.462065822 15.822715 0.0799290118455669
56389.6995071295 15.76202 0.0885076403113574
56389.7073571991 15.816875 0.0897087400721159
56389.7154138774 15.794071 0.088968419589482
56389.7232014585 15.787206 0.0886337566803186
56441.7575198494 15.840111 0.0751568035168606
56441.7691868519 15.903033 0.0763638085261812
56441.7805738774 15.807931 0.0746349195206776
56441.7921084607 15.77834 0.0741734449360098
56476.6307402548 15.817311 0.0881687398828427
56476.6403939814 15.842159 0.0888087032454266
56476.6501312732 15.87279 0.0896281092636135
56476.6599256365 15.897182 0.0901564118509172
