53717.5011762961 13.404272 0.0663448623375039
53717.5078462268 13.38318 0.0660278120947154
53717.5143486111 13.394002 0.0661917296154936
53717.5210563544 13.389912 0.0661393271458573
53718.4894717477 13.451583 0.0598992288990608
53718.5002629512 13.417204 0.0596636249227447
53718.5110089119 13.408309 0.0596156875141611
53718.5215171875 13.369447 0.0594085634018874
53679.6687891549 13.378114 0.0585917627523333
53679.6781755094 13.379909 0.0586495586960145
53679.6875380208 13.358573 0.0585030706906817
53679.696939074 13.364728 0.0585720909897707
53687.5035519328 13.497055 0.067708972882861
53687.5102401966 13.544233 0.0681870457532287
53687.5169259029 13.581936 0.0686917111630017
53687.5236031365 13.639157 0.0693761213621983
53690.5828302197 13.577161 0.061013189426361
53690.5880748613 13.552846 0.0608362749677742
53690.5934140623 13.496159 0.0604247946596747
53690.5986737499 13.487798 0.0603641802551763
53690.6039298379 13.470523 0.0602935801737205
53646.7051073841 13.662524 0.0646346230015468
53646.7145053588 13.744947 0.0655133328209827
53646.7238839699 13.770298 0.0657689220095329
53646.733234896 13.767998 0.0657591405621503
53664.6946572568 13.591662 0.0586159161463181
53664.7029022914 13.534349 0.0583240180773098
53664.711165891 13.500645 0.0581196745250625
53664.7194370139 13.478125 0.0580213438351431
53967.6941115164 13.385921 0.0591933995820061
53967.7036336341 13.435881 0.0595143686476357
53967.713129942 13.470275 0.0597285998816608
53967.7226127085 13.538267 0.060260306788607
54086.4989670256 13.450381 0.0603449777781348
54086.5076071645 13.400013 0.0600248458567183
54086.5162649072 13.362951 0.0597700560128652
54086.5248999537 13.326137 0.0595008711217595
53736.5700140974 13.727966 0.0636898322391235
53736.5792298146 13.625816 0.0628311942275549
53736.5884422918 13.56289 0.062335466240389
53736.5976404284 13.491079 0.0619215274625484
54056.5263769097 13.398739 0.0596371307549532
54056.5338859839 13.432867 0.0598389495491952
54056.5413981943 13.491544 0.0602540926801022
54056.5490409724 13.562052 0.0607698205473377
54068.5003602662 13.64432 0.0568031960845289
54068.5084003935 13.700924 0.0571780358000985
54068.5164283564 13.796976 0.0575734663329451
54068.5244200927 13.807857 0.0576183552821235
54014.6433059375 13.461862 0.0705908545183674
54014.6476908332 13.568013 0.0944937865271909
54014.6859578008 13.554207 0.0704435424452491
54014.6903481252 13.612207 0.0649954480064517
54032.620866331 13.383428 0.0595964336688398
54032.629479618 13.424545 0.0599091999794651
54032.6380971877 13.469248 0.0602325576350007
54032.6466813196 13.542509 0.0607248299925955
53979.703473889 13.785007 0.0622842350445296
53979.7127353471 13.787484 0.0622015401238386
53979.7220535303 13.757321 0.0622165044895528
53979.7312979746 13.683989 0.0614671400022641
53993.7251318867 13.361239 0.0589776559401424
53993.7319082987 13.341117 0.0588466103909
53993.7386400347 13.328442 0.0587814416555914
53993.7455161113 13.304984 0.0586509027304106
54337.599447766 13.79022 0.0630518659161536
54337.6069146066 13.688938 0.0621373914711739
54337.6143751966 13.604782 0.0614217920491894
54337.6218194674 13.544182 0.0609544386928384
54462.5257463196 13.345193 0.0592683538361332
54462.5344173728 13.337023 0.0592334858763204
54462.5430719905 13.316007 0.0591343039966598
54462.5517557754 13.34295 0.0592840767531355
54109.5002947801 13.41688 0.0607742065061773
54109.5090075002 13.45506 0.0611061071614905
54109.5177018169 13.510664 0.0616048822919607
54109.5264137268 13.584784 0.0622569207476842
54416.5780068054 13.367961 0.0566017809855915
54416.5911461921 13.406836 0.0568296366739882
54416.6041925233 13.490282 0.0572632363777517
54416.6172533101 13.606162 0.0579138881862137
54387.6567353706 13.343461 0.0593134159734538
54387.6667554166 13.325451 0.0591983919164695
54387.6767130901 13.32635 0.0591901165460501
54387.686677118 13.32772 0.0592295916720593
54358.6570896989 13.582506 0.056125685617603
54358.6751153822 13.777213 0.057057876267099
54358.6928063308 13.813994 0.0572923118889871
54358.7104484377 13.712289 0.056729621897244
54810.4831983564 13.343819 0.0564526537696255
54810.4958940973 13.38899 0.0566173359514887
54810.5087369443 13.439604 0.0568218789648043
54810.522830544 13.506246 0.0571786731675873
54525.418438588 13.564205 0.0606670364611001
54525.422534919 13.518454 0.0603421027414899
54525.4266383216 13.518782 0.0602643545435589
54525.4306444909 13.468066 0.0599925621736618
54775.5954723493 13.310405 0.0555406934538347
54775.6089601391 13.297098 0.0554694821211819
54775.6224522106 13.289686 0.0554492667028869
54775.6360247224 13.317658 0.0555642351439452
54757.6643127777 13.402118 0.0592257866805847
54757.6736711112 13.373521 0.0590544043174956
54757.6830844327 13.3868 0.0588217099693142
54757.6925021528 13.353917 0.0589702331382907
54718.704425544 13.437168 0.0556239165040611
54718.7087709606 13.470503 0.0558957278420624
54718.7132112845 13.50166 0.0559082186714689
54718.7193147685 13.546248 0.056108643959304
54718.7236702545 13.580171 0.0562630618790205
54739.6683736576 13.782228 0.057224260316906
54739.6825963079 13.739676 0.0558149803562365
54739.6967866553 13.575892 0.0559471920712876
54739.7111474999 13.451619 0.0553335121694358
55055.6482361342 13.406446 0.0589965677047442
55055.6587784376 13.445737 0.0592214693964853
55055.6693584609 13.505648 0.0595648960459073
55055.6800754281 13.557772 0.0598862775861687
54836.5132980322 13.431731 0.0547302450026505
54836.5171969099 13.423956 0.0547136224542491
54836.5210940511 13.406344 0.0546613072735741
54836.5249989469 13.406214 0.0546659809481139
54856.4695564234 13.326757 0.0559303629172564
54856.4759440511 13.319678 0.0558928797438057
54856.4823339931 13.320328 0.0560144180017225
54856.4887292706 13.343279 0.0560500694113025
55154.5982927894 13.282915 0.0557853417522179
55154.6126532988 13.30644 0.0558914773820432
55154.6270135762 13.335582 0.0560901279309482
55154.6414307985 13.413208 0.0564498730482581
55115.7043071067 13.485695 0.0547110271361155
55115.717248449 13.410766 0.0544386339851705
55115.7301785763 13.359254 0.0543045609773862
55115.7431735185 13.332634 0.0543862309708629
55092.6758674653 13.284083 0.0552270648755489
55092.6865056017 13.330969 0.0553957348267436
55092.6971543864 13.365068 0.0555503961564975
55092.7078088424 13.390764 0.0556437294414553
55504.6597811229 13.449833 0.0553845076775845
55504.6917381364 13.339959 0.0549954288658006
55473.6737095141 13.401419 0.0536307161662279
55473.7133433335 13.637473 0.0544732040270488
55497.6565511576 13.817071 0.0550489154868955
55497.7015576391 13.455984 0.0539961795093281
55467.6571044331 13.350406 0.0533573743162179
55467.7023011921 13.430081 0.0535419538423859
55469.6021959954 13.451376 0.0528499062262782
55469.6120095603 13.475911 0.0579418180038746
55567.5020993402 13.507913 0.0557111931975184
55567.5338783449 13.814568 0.0568896496944853
55801.7279577893 13.773962 0.057899979715477
55801.7398494445 13.811237 0.0578162123879521
55801.751920972 13.81782 0.057747694645148
55801.7640203936 13.756089 0.0573985946997937
55866.5506317359 13.339206 0.0563657877300141
55866.5612830673 13.342215 0.0559369504563467
55866.5719147222 13.32094 0.0559394065187242
55866.5826599305 13.328116 0.0560641609537785
56219.5987036921 13.605945 0.0553743315969869
56219.6094343172 13.502591 0.0549333719341933
56219.6201570717 13.440631 0.054710033749833
56219.6308517012 13.380911 0.0544668495451729
56272.5541076966 13.670883 0.0565307263676633
56272.5640820371 13.719047 0.0557959492010333
56272.5739798726 13.616079 0.0568453432536338
56272.5838679861 13.480555 0.0575228938421017
