53583.514004 17.2857 0.209
53583.521489 17.3487 0.208
53583.529030 17.3858 0.274
53605.615180 17.5903 0.189
53605.630497 17.4612 0.178
53605.646042 17.3653 0.172
53605.661068 17.9075 0.224
53567.536734 17.6768 0.221
53567.544229 17.7321 0.227
53567.553577 17.6209 0.215
53567.560742 17.5804 0.210
53645.438779 17.3341 0.221
53645.447432 17.3586 0.225
53645.456084 17.3344 0.222
53645.464751 17.4341 0.234
53669.403995 17.4507 0.185
53669.411684 17.366 0.179
53669.419341 17.4216 0.185
53669.427001 17.5204 0.194
53622.427354 17.5641 0.238
53622.433437 17.3397 0.213
53622.439622 17.4238 0.222
53622.446007 17.5356 0.235
53834.727674 17.4005 0.139
53834.742147 17.4163 0.140
53834.756633 17.3648 0.137
53834.771086 17.4374 0.141
53849.690377 17.5991 0.152
53849.701901 17.7238 0.161
53849.713443 17.5929 0.152
53849.724962 17.5173 0.147
53959.532792 17.4962 0.158
53959.545894 17.375 0.150
53959.558969 17.7259 0.176
53959.572064 18.0586 0.206
53936.528294 17.3685 0.150
53936.535342 17.3858 0.151
53936.542397 17.4995 0.159
53936.549451 17.4787 0.157
53947.464411 17.5152 0.163
53947.474816 17.4718 0.159
53947.485207 17.4047 0.154
53947.495635 17.4997 0.160
53892.554643 17.5998 0.195
53892.563303 17.6291 0.199
53892.571969 17.6128 0.195
53892.580658 17.5186 0.187
53908.511946 17.3425 0.241
53914.616643 17.584 0.198
53914.625457 17.7097 0.211
53914.634172 17.8219 0.223
53914.642940 17.573 0.198
53804.738750 17.3865 0.179
53804.743942 17.5918 0.195
53804.749133 17.5217 0.189
53804.754304 17.4874 0.184
53861.629555 17.5129 0.149
53861.639414 17.4408 0.143
53861.649268 17.4879 0.146
53861.659111 17.4066 0.141
53882.596921 17.6588 0.195
53882.606562 17.5582 0.185
53882.616165 17.5987 0.188
53882.625787 17.7659 0.204
54011.487260 17.3847 0.188
54011.496943 17.4898 0.199
54011.506622 17.36 0.187
54011.516306 17.3514 0.187
53979.374227 17.4361 0.190
53979.382906 17.2335 0.173
53979.391735 17.6654 0.212
53979.400403 17.6064 0.206
53993.470212 17.4012 0.187
53993.478948 17.321 0.180
53993.487669 17.4715 0.194
53993.496417 17.435 0.191
54001.530519 17.5638 0.234
54001.535629 17.4008 0.307
54001.540752 17.3 0.205
54001.545850 16.4741 0.397
54202.656432 17.6053 0.184
54202.670532 17.6493 0.186
54202.684561 17.584 0.180
54202.698613 17.5152 0.173
54213.643560 17.602 0.245
54213.654411 17.7372 0.265
54213.691084 17.392 0.215
54213.701974 17.5016 0.223
54321.469914 17.3445 0.147
54321.480325 17.4329 0.153
54321.490697 17.4281 0.153
54321.501057 17.413 0.151
54326.484404 17.4215 0.189
54326.493596 17.7238 0.219
54326.502993 17.6081 0.207
54326.512157 17.5951 0.205
54287.532482 17.3535 0.185
54287.539374 17.3712 0.192
54299.578124 17.5088 0.165
54299.586332 17.6439 0.172
54299.594591 17.7687 0.181
54299.602827 17.7199 0.177
54306.455675 17.3905 0.188
54306.463797 17.5391 0.202
54306.471929 17.4524 0.194
54306.480211 17.4211 0.191
54261.553902 17.5719 0.184
54261.563819 17.5622 0.183
54261.573777 17.6109 0.186
54261.583636 17.7913 0.206
54272.760424 17.5274 0.353
54272.770389 17.6155 0.335
54272.780313 17.3167 0.267
54272.790239 17.6292 0.292
54174.756377 17.5568 0.181
54174.770167 17.482 0.174
54174.784017 17.4367 0.164
54174.797807 17.459 0.166
54244.590492 17.5974 0.132
54244.606619 17.8325 0.144
54244.622740 17.5881 0.129
54244.638870 17.6291 0.131
54244.655029 17.4062 0.119
54386.452009 17.4982 0.201
54386.457454 17.5346 0.204
54386.462815 17.5728 0.208
54386.468162 17.591 0.210
54344.442659 17.5372 0.162
54344.452562 17.3802 0.151
54344.464001 17.5119 0.160
54344.473844 17.4304 0.153
54354.411885 17.4584 0.194
54354.418496 17.4766 0.196
54354.425095 17.5007 0.199
54354.431794 17.4971 0.198
54680.508823 17.4999 0.178
54680.526635 17.5518 0.341
54681.494871 17.321 0.132
54681.503095 17.3915 0.135
54681.511292 17.4092 0.137
54681.519485 17.4373 0.138
54705.441389 17.5656 0.143
54705.452863 17.5253 0.141
54705.464328 17.5965 0.145
54705.475853 17.9275 0.168
54658.561342 17.924 0.195
54658.569550 17.6085 0.154
54658.577754 17.6824 0.154
54627.640438 17.6023 0.154
54627.653621 17.4843 0.139
54627.666811 17.4007 0.136
54627.679977 17.4335 0.137
54642.632095 17.6405 0.181
54642.643136 17.6645 0.183
54642.654064 17.6248 0.179
54642.664983 17.5171 0.169
54535.741060 17.4656 0.206
54535.745845 17.456 0.204
54535.750674 17.4902 0.207
54535.755456 17.3788 0.195
54590.687471 17.5259 0.143
54590.697716 17.4324 0.138
54590.708001 17.4558 0.139
54590.718268 17.4486 0.139
54600.621706 17.47 0.141
54600.634367 17.475 0.141
54600.647033 17.4217 0.137
54600.659743 17.4319 0.138
54615.782919 17.5229 0.140
54615.791295 17.4904 0.138
54615.799729 17.4028 0.133
54615.808125 17.3692 0.131
54779.419793 17.5666 0.158
54779.427646 17.9908 0.194
54779.434040 17.7142 0.171
54779.440431 17.6771 0.169
54779.448302 17.4596 0.154
54763.432285 17.3739 0.148
54763.439871 17.3353 0.146
54763.447455 17.4282 0.152
54763.455054 17.4889 0.157
54721.455919 17.3329 0.135
54721.460272 17.4837 0.144
54721.464616 17.5801 0.150
54721.468964 17.3428 0.136
54735.455500 17.4343 0.167
54735.464115 17.3993 0.165
54735.473000 17.468 0.170
54735.481629 17.4801 0.171
54928.655165 17.4039 0.126
54928.666746 17.306 0.115
54928.689840 17.4599 0.124
54938.762307 17.4321 0.123
54938.774379 17.6863 0.136
54938.786563 17.7641 0.140
54938.798619 17.5841 0.130
55056.554434 17.3989 0.136
55056.562191 17.4937 0.128
55056.569951 17.412 0.124
55056.577722 17.4411 0.125
55029.545912 17.3038 0.205
55004.568479 17.2895 0.219
55004.578700 17.4557 0.243
55004.588412 17.6076 0.271
55004.598135 17.5976 0.273
54911.792200 17.5367 0.184
54911.794810 17.4996 0.181
54911.797402 17.443 0.175
54911.800005 17.4285 0.174
54978.568558 17.3421 0.176
54978.577935 17.3725 0.178
54978.587380 17.3292 0.173
54978.596726 17.4758 0.184
55124.427151 17.6502 0.191
55124.435876 17.5759 0.184
55124.444610 17.565 0.183
55124.453337 17.5185 0.180
55087.408864 17.4212 0.128
55087.419178 17.4937 0.132
55087.429493 17.5425 0.134
55087.439821 17.6608 0.141
55300.717434 17.3232 0.150
55421.521266 17.4402 0.153
55421.559553 17.5101 0.156
55439.463990 17.4084 0.187
55439.473797 17.5346 0.198
55439.483700 17.5663 0.203
55439.493586 17.7694 0.223
55386.587551 17.701 0.149
55386.626786 17.3222 0.127
55353.642794 17.4638 0.220
55353.682030 17.6885 0.215
55360.678300 17.4961 0.134
55474.401629 17.6023 0.202
55474.424329 17.3625 0.181
55654.744076 17.4028 0.131
55676.801759 17.3541 0.185
55676.809178 17.3199 0.184
55706.653873 17.7038 0.133
55706.666311 17.536 0.123
55706.678722 17.3662 0.116
55706.691150 17.5231 0.123
54030.428711 17.4252 0.156
54030.438576 17.4294 0.157
54030.448435 17.4635 0.160
54030.458265 17.3978 0.155
55029.637011 17.5258 0.190
55029.645437 17.3472 0.175
55736.658819 17.5568 0.125
55736.671147 17.698 0.132
55736.683509 17.7949 0.137
55736.695863 17.7 0.131
55762.607479 17.2901 0.142
55762.618262 17.4332 0.151
55762.629034 17.3425 0.146
55762.639794 17.4303 0.154
55805.537164 17.6686 0.156
55805.550708 17.4951 0.145
55805.564371 17.4445 0.142
55805.578085 17.3721 0.139
56020.682246 17.7973 0.156
56020.695833 17.5904 0.141
56020.707140 17.5775 0.138
56020.718428 17.3545 0.123
56065.642493 17.467 0.182
56065.652060 17.2549 0.187
56065.661423 17.492 0.182
56065.671074 17.4028 0.159
56101.666275 17.7962 0.148
56101.677009 17.742 0.148
56101.687753 17.7187 0.142
56101.698419 17.5579 0.133
56131.581273 17.6326 0.145
56131.591941 17.652 0.147
56131.602605 17.6726 0.144
56131.613279 17.6598 0.144
56165.419567 17.7993 0.158
56165.429995 17.7383 0.154
56165.438973 17.7169 0.153
56235.436513 17.6543 0.136
56235.442799 17.7363 0.142
56235.449131 17.8326 0.149
56235.455460 17.4874 0.129
56389.657684 17.4477 0.166
56389.665868 17.3789 0.162
56389.674064 17.5158 0.170
56389.682304 17.32 0.155
56431.722385 17.3137 0.115
56431.733041 17.3144 0.113
56431.743727 17.5176 0.122
56431.754482 17.5323 0.121
56464.519600 17.413 0.122
56464.529561 17.3766 0.120
56464.539473 17.442 0.123
56464.549448 17.6863 0.134
