53717.5081629053 14.373973 0.0808944121778283
53717.521375683 14.333068 0.0800437251641533
53718.4890103123 14.380832 0.0684977101723969
53718.5210794445 14.340893 0.0681541112550359
53735.5434116089 14.565918 0.0727291082888108
53735.5650725115 14.589392 0.0732945232628403
53735.5758825347 14.561385 0.0730536750638141
53679.6704326272 14.509691 0.0686333338975856
53679.6798163196 14.490246 0.0685783930006864
53679.6985823149 14.548544 0.0692504363788723
53687.5400133564 14.355376 0.0808831685386648
53690.5823948958 14.401268 0.0691467932499019
53690.5876427779 14.402234 0.0692136826149919
53690.5929787384 14.380869 0.0688649814021743
53690.5982459492 14.405976 0.0693021212827241
53690.6035066784 14.397017 0.0691889706173302
53646.7055402544 14.523597 0.0759905333876964
53646.7149473728 14.50479 0.0757161421009012
53646.7336562962 14.558114 0.076626857519185
53664.7225850578 14.327351 0.0643451455123823
53664.7330314354 14.334417 0.0644069492527085
53664.7434884259 14.339421 0.064528005763404
53967.6936718055 14.4722 0.0692840629849475
53967.7031855901 14.462609 0.0691026091332644
53967.7126942823 14.448169 0.0689542159643751
53967.7221729976 14.44399 0.0689539977193093
54086.5378026503 14.502084 0.0712265740389793
54086.5464278587 14.483527 0.0709570039347091
54086.5550508794 14.520186 0.0714967399883344
54086.5637644098 14.518428 0.071436240391125
53774.4778262616 14.362155 0.0698592729597595
53774.4843583216 14.36127 0.0698629165361754
53774.4908958796 14.360636 0.0699532838162035
54056.5581498841 14.524056 0.0705659337610634
54056.5675643633 14.53142 0.0706716307695817
54056.5770237615 14.540469 0.0707861511133601
54056.5865154398 14.533515 0.0706576513085607
54068.5618014932 14.3756 0.0642298796890921
54068.5684570717 14.400088 0.0644050890971702
54068.5750829051 14.403953 0.0646794339825701
54032.6221498262 14.498279 0.070493418950756
54032.630763692 14.4988 0.0705805604643641
54032.6393787266 14.469526 0.070127757793721
54032.6479715278 14.471825 0.0703000543504559
53979.7030406479 14.446188 0.069064734514605
53979.7123110301 14.447906 0.0690119793229418
53979.7216070948 14.443989 0.0688506519810943
53979.7308523494 14.449911 0.0690390305414811
53993.7255746063 14.469405 0.0691090493031943
53993.7323563543 14.462154 0.0690565629189999
53993.739092257 14.486543 0.069341209450565
53993.7459667015 14.47393 0.0692110958673345
54337.5990152314 14.360996 0.0691305172760608
54337.6064797572 14.357629 0.0690978378142269
54337.6139382638 14.383559 0.0693219268750276
54337.6213848495 14.377451 0.0692132322109887
54462.5261677431 14.46923 0.0698546602202906
54462.534853148 14.434634 0.0695262252477691
54462.5434950461 14.45967 0.0698172419747096
54462.5521799886 14.474234 0.0699887126389642
54109.5024291204 14.45885 0.0717073238777701
54109.5111330442 14.467732 0.0718362657827132
54109.5198383566 14.470826 0.0719574949865599
54109.528556632 14.461149 0.0718524713094345
54416.5785562499 14.488912 0.0644328219114604
54416.5916977199 14.481776 0.0644183571875626
54416.6047314238 14.474139 0.0643602510237379
54416.6178033333 14.487269 0.0644716533805606
54387.6585100812 14.426619 0.06942039906107
54387.6685630094 14.467265 0.0699339095904235
54387.6784902431 14.44372 0.0696134320901079
54387.6884948957 14.417567 0.0693848429586908
54358.6590666318 14.568399 0.0622907296047117
54358.6770917362 14.584244 0.0623509258445663
54358.6947775924 14.557355 0.0621598665950835
54358.7124314931 14.567457 0.06226108020162
54810.4869932872 14.449602 0.0638841305990389
54810.500590683 14.419025 0.0635383883660733
54810.512472847 14.428806 0.06362779182597
54810.5265772105 14.400463 0.0633254189612067
54525.4517502777 14.473041 0.0698917555050037
54525.4668493519 14.451562 0.0697455262315514
54775.6002680208 14.504421 0.0628835160529243
54775.6137680789 14.498087 0.062860217188336
54775.6272739237 14.503931 0.0628780998391338
54775.6408821992 14.526466 0.0631012715085417
54757.6669677316 14.380064 0.0678733708855449
54757.6763285069 14.357296 0.0675993910759712
54757.6951782984 14.359526 0.0676744670577785
54718.7060604398 14.443568 0.0614799864364674
54718.710415347 14.451591 0.0615803002500821
54718.7165942942 14.448468 0.0615246927334631
54718.720956956 14.478855 0.0617501237675136
54718.7253139466 14.439089 0.0614603642677452
54739.6707405208 14.54188 0.0623412019515715
54739.6849262502 14.507821 0.0600063878880156
54739.6991207755 14.481529 0.0614118757899285
54739.7134842823 14.4424 0.0611085036302738
55055.6867208217 14.432383 0.0679191141111998
55055.6950926736 14.444167 0.067969272470817
55055.7035285185 14.421213 0.0676642660775417
55055.7119627545 14.412857 0.0675324188777388
54837.4474048031 14.404614 0.0607307648456
54837.4547068173 14.443947 0.0609825583214595
54839.4761069212 14.438664 0.0619887803461989
54839.4793142243 14.426417 0.0619211859661229
54839.4825158566 14.435268 0.062002394982482
54839.4857165511 14.449625 0.0621388924670169
54856.4711559028 14.530421 0.0637756382106674
54856.477540521 14.499378 0.063579591838957
54856.4903263194 14.50783 0.0637073116560943
55154.5998766436 14.492694 0.0635191263663815
55154.6142351851 14.497933 0.063600274281982
55154.6285965047 14.516842 0.0638818855158729
55154.6430367595 14.506742 0.0638184439992369
55115.730826632 14.514021 0.0602806896282942
55115.7438160184 14.497564 0.0602087317811601
55094.6049376388 14.481777 0.0676551895101051
55094.6133072802 14.470592 0.0686911833578955
55094.6216369906 14.477285 0.0679566549006094
55094.630026898 14.488178 0.0678113465190386
55504.6604840396 14.468362 0.0610980843139105
55504.6924374768 14.479193 0.0613010919588231
55473.7246365971 14.439912 0.0580829444353132
55473.7473185994 14.435356 0.0581562587784744
55467.6636757525 14.429193 0.0576457438101191
55467.7089260994 14.440994 0.0576166249003362
55469.6038334375 14.464009 0.0566771840226751
55469.6136429632 14.455084 0.0668238071131418
55567.5041869211 14.505219 0.0612188029396476
55567.535975648 14.490526 0.0609659759889771
53687.5530015046 14.367057 0.0686520106403178
53687.5695771875 14.380755 0.0688798771901418
53687.5778281946 14.38043 0.0689171244378835
55769.7618779396 14.449279 0.0567715799303607
55769.7713002893 14.458058 0.0568251771096711
55769.7807924422 14.439878 0.0567260613571198
55769.7902594675 14.442667 0.0567206895937412
55801.7321079397 14.52528 0.0628319100053188
55801.7440654631 14.494803 0.0623134808141582
55801.7561680093 14.523344 0.0624807237412993
55801.7682507639 14.527748 0.0628765210767623
55866.5547906943 14.487954 0.0643397916974552
55866.5654224651 14.496982 0.0633177246071383
55866.576182141 14.478865 0.0632508044528744
55866.586859514 14.4889 0.0637199994507727
56223.601512928 14.441125 0.0566541421411478
56223.6165567013 14.447727 0.0568985012086274
56223.6319371644 14.489401 0.0567024356956004
56223.6470996528 14.486155 0.0567379562804938
56264.5950711342 14.445246 0.0614140435385706
56264.604558426 14.432189 0.0613425576483847
56264.6144941086 14.455179 0.0615151729166826
