53713.454080 14.7373 0.068
53713.462278 14.662 0.067
53713.470487 14.6228 0.067
53713.478692 14.5836 0.067
53735.585069 14.5142 0.072
53735.594192 14.5252 0.072
53735.603284 14.5297 0.072
53735.612569 14.5086 0.072
53687.630071 14.559 0.071
53687.638773 14.5405 0.071
53687.647467 14.5333 0.071
53687.656180 14.5383 0.071
53647.746265 14.7481 0.081
53647.756181 14.716 0.080
53647.765964 14.6427 0.078
53647.775818 14.5242 0.076
53634.693437 14.6768 0.069
53634.706602 14.5635 0.068
53634.719767 14.5485 0.068
53634.732913 14.5222 0.067
53974.713722 14.5954 0.071
53974.723338 14.6724 0.072
53974.733033 14.7604 0.073
53974.742693 14.8711 0.075
54086.571572 14.4681 0.070
54086.580207 14.4775 0.071
54086.588900 14.4769 0.071
54086.597600 14.4816 0.071
53757.497743 14.4589 0.065
53757.508699 14.4689 0.066
53757.519631 14.4428 0.065
53757.530573 14.4669 0.066
54052.630510 14.6938 0.072
54052.643900 14.826 0.074
54052.657277 14.8262 0.075
54052.670586 14.7152 0.073
54068.622166 14.6698 0.068
54068.633178 14.7531 0.070
54068.644255 14.7569 0.070
54068.655304 14.7131 0.068
54212.384447 14.5064 0.072
54212.389621 14.5046 0.072
54212.394806 14.4846 0.072
54212.400064 14.492 0.072
54447.604708 14.5481 0.071
54447.613807 14.5303 0.071
54447.622725 14.2301 0.146
54447.631614 14.547 0.072
54448.521547 14.7217 0.073
54448.530400 14.8063 0.075
54448.539361 14.9182 0.077
54448.548104 14.9105 0.076
54465.563811 14.5377 0.065
54465.576454 14.5405 0.065
54465.589073 14.5261 0.065
54465.601698 14.53 0.065
54108.567688 14.4174 0.070
54108.576255 14.4354 0.071
54108.584853 14.4132 0.070
54108.593479 14.4392 0.071
54119.527568 14.7056 0.074
54119.539372 14.5676 0.072
54119.551218 14.5066 0.071
54119.563029 14.4742 0.071
54186.402176 14.5935 0.073
54186.410925 14.5555 0.072
54186.419617 14.5232 0.072
54186.428313 14.5045 0.071
54418.593750 14.6965 0.067
54418.596893 14.7028 0.067
54418.600034 14.7161 0.067
54418.603211 14.7436 0.068
54418.606390 14.7302 0.068
54387.702744 14.4875 0.070
54387.713622 14.497 0.070
54387.724467 14.5154 0.071
54387.735360 14.528 0.071
54360.692813 14.5774 0.065
54360.709307 14.5938 0.066
54360.725766 14.6309 0.066
54360.742188 14.7934 0.068
54810.545464 14.6059 0.065
54810.556284 14.6151 0.065
54810.567052 14.592 0.065
54810.577832 14.5805 0.065
54503.529672 14.5502 0.072
54503.537491 14.5151 0.072
54503.545259 14.5509 0.073
54503.553042 14.5745 0.073
54530.484595 14.6218 0.067
54530.492257 14.6809 0.068
54530.499828 14.7808 0.069
54530.507405 14.888 0.070
54779.612766 14.7125 0.065
54779.619225 14.7395 0.065
54779.625700 14.7681 0.065
54779.632166 14.7495 0.065
54754.732827 14.5989 0.065
54754.744311 14.5643 0.064
54754.755871 14.5875 0.064
54754.767349 14.5297 0.064
54757.744686 14.6021 0.071
54757.752490 14.6166 0.071
54757.760447 14.6173 0.071
54757.768445 14.6136 0.071
54721.712818 14.5981 0.064
54721.725906 14.5934 0.064
54721.739079 14.6298 0.064
54721.752202 14.736 0.065
54939.381350 14.5164 0.067
54939.387654 14.4904 0.067
54939.394039 14.4839 0.067
54939.400551 14.5269 0.068
55188.591601 14.8 0.066
55188.600625 14.8324 0.066
55188.609734 14.7704 0.065
55188.618877 14.6714 0.064
54837.518178 14.5308 0.063
54837.524625 14.5401 0.063
54837.531071 14.5276 0.063
54837.537522 14.5445 0.063
54855.558329 14.5129 0.063
54855.567988 14.5139 0.063
54855.577657 14.5094 0.063
54855.587319 14.4846 0.063
54895.477319 14.5052 0.064
54895.484583 14.5242 0.064
54895.491840 14.5593 0.064
54895.499109 14.5668 0.064
54896.408612 14.5322 0.063
54896.413941 14.5284 0.063
54896.419274 14.5218 0.063
54896.426041 14.5436 0.063
54917.435223 14.6084 0.064
54917.440049 14.6062 0.064
54917.444890 14.5596 0.064
54917.449730 14.538 0.064
55153.640802 14.5078 0.068
55153.650722 14.4926 0.068
55153.660673 14.4977 0.068
55153.670728 14.553 0.088
55123.597516 14.5012 0.067
55123.605470 14.4922 0.067
55123.613424 14.5029 0.067
55123.621384 14.4869 0.067
55104.699765 14.5599 0.069
55104.709125 14.5581 0.069
55104.718411 14.5413 0.069
55104.727741 14.5829 0.070
55550.546600 14.5664 0.064
55550.571453 14.5734 0.064
55273.448495 14.6681 0.066
55475.740364 14.6142 0.065
55590.549662 14.562 0.061
55590.570896 14.6305 0.062
55821.727282 14.5831 0.059
55821.742434 14.563 0.059
55821.757563 14.5825 0.059
55821.772677 14.5691 0.059
55867.609480 14.9428 0.064
55867.622192 14.8673 0.063
55867.634953 14.7278 0.062
55867.647694 14.5894 0.061
56241.559350 14.576 0.060
56241.569664 14.5727 0.060
56241.579600 14.5497 0.060
56241.589566 14.5649 0.060
56279.573467 14.5489 0.062
56279.586159 14.5229 0.062
56279.598831 14.5292 0.062
56279.611282 14.5212 0.062
