53605.564319 15.4955 0.086
53605.575033 15.4944 0.085
53605.585679 15.6693 0.090
53605.596651 15.6485 0.089
53611.453011 15.4659 0.098
53611.462046 15.4485 0.098
53611.471161 15.4186 0.097
53611.480270 15.4617 0.098
53567.538566 15.5912 0.095
53567.545966 15.6531 0.097
53567.555322 15.7034 0.098
53567.562588 15.695 0.098
53582.496164 15.5538 0.098
53582.503626 15.5046 0.096
53582.511067 15.5585 0.098
53582.518468 15.4517 0.095
53645.440484 15.7411 0.112
53645.449144 15.7533 0.113
53645.457806 15.7144 0.111
53645.466469 15.6989 0.111
53622.398047 15.5598 0.103
53622.406324 15.5059 0.100
53622.414702 15.5542 0.102
53622.423061 15.6143 0.104
53834.676213 15.6764 0.080
53834.688331 15.6725 0.079
53834.700444 15.5764 0.077
53834.712550 15.5214 0.076
53849.686036 15.6152 0.078
53849.697559 15.7054 0.080
53849.709081 15.6819 0.079
53849.720617 15.6652 0.079
53960.533792 15.5678 0.081
53960.545456 15.4714 0.079
53960.557098 15.459 0.079
53960.568699 15.4397 0.079
53936.527158 15.6617 0.083
53936.534248 15.6331 0.082
53936.541300 15.5731 0.081
53936.548362 15.5593 0.081
53947.463320 15.5229 0.081
53947.473710 15.4818 0.080
53947.484107 15.4769 0.080
53947.494541 15.4589 0.080
53892.557257 15.5472 0.089
53892.565899 15.5234 0.088
53892.574579 15.5457 0.088
53892.583260 15.4717 0.086
53908.509780 15.5504 0.082
53908.516380 15.3689 0.491
53914.576280 15.5213 0.089
53914.585942 15.5018 0.089
53914.595619 15.495 0.089
53914.605242 15.4599 0.088
53805.718539 15.6881 0.094
53805.723714 15.6938 0.094
53805.728881 15.6895 0.094
53805.734069 15.6879 0.093
53865.618614 15.4939 0.086
53865.628668 15.4876 0.085
53865.638739 15.4751 0.085
53865.648845 15.4353 0.084
53882.596053 15.6705 0.090
53882.605704 15.6738 0.090
53882.615303 15.6914 0.090
53882.624926 15.6775 0.090
54011.485956 15.4601 0.090
54011.495663 15.4993 0.092
54011.505332 15.4835 0.091
54011.515007 15.4928 0.092
53993.397493 15.5985 0.093
53993.405760 15.5641 0.092
53993.414020 15.5408 0.092
53993.422290 15.5326 0.091
54001.527973 15.6999 0.128
54001.533073 15.5505 0.098
54001.538196 15.4404 0.107
54001.543312 15.8117 0.174
54202.652561 15.4486 0.083
54202.666632 15.4427 0.083
54202.680690 15.4156 0.082
54202.694696 15.3984 0.081
54213.639298 15.602 0.104
54213.650143 15.6247 0.103
54213.660985 15.599 0.160
54213.697678 15.6172 0.102
54321.555723 15.4296 0.078
54321.566668 15.4542 0.078
54321.577640 15.4573 0.079
54321.589048 15.4347 0.078
54326.478855 15.4959 0.090
54326.487897 15.4442 0.089
54326.497223 15.4255 0.088
54326.506487 15.4951 0.090
54285.663689 15.4841 0.080
54285.669688 15.5606 0.081
54285.675667 15.5453 0.081
54285.681666 15.337 0.077
54297.537856 15.5249 0.080
54297.545490 15.5043 0.080
54297.553159 15.4977 0.080
54297.560843 15.4729 0.079
54303.497058 15.4459 0.089
54303.505605 15.4388 0.089
54303.514144 15.3907 0.087
54303.522744 15.3939 0.087
54261.552812 15.4917 0.085
54261.562735 15.5018 0.085
54261.572691 15.5078 0.085
54261.582556 15.5603 0.087
54272.756629 15.6175 0.146
54272.766571 15.5661 0.128
54272.776501 15.4887 0.120
54272.786445 15.4984 0.114
54174.754210 15.4049 0.081
54174.767987 15.4077 0.085
54174.781824 15.4427 0.082
54174.795626 15.4411 0.081
54244.586944 15.6789 0.073
54244.603066 15.6524 0.073
54244.619186 15.6033 0.072
54244.635313 15.5526 0.071
54244.651422 15.4748 0.070
54386.451097 15.6156 0.095
54386.456542 15.5988 0.095
54386.461906 15.6597 0.096
54386.467257 15.6347 0.096
54344.439407 15.6259 0.082
54344.449313 15.6034 0.082
54344.460763 15.5859 0.082
54344.470599 15.6358 0.083
54354.413620 15.4667 0.090
54354.420225 15.4807 0.090
54354.426840 15.4542 0.090
54354.433540 15.488 0.091
54705.436997 15.6518 0.077
54705.448540 15.6349 0.077
54705.460010 15.561 0.076
54705.471515 15.6082 0.076
54658.456988 15.6074 0.075
54658.464951 15.5324 0.077
54658.473002 15.6594 0.084
54658.480977 15.721 0.088
54678.422999 15.4645 0.075
54678.428800 15.5066 0.076
54678.434229 15.4996 0.076
54678.439673 15.54 0.076
54627.616462 15.5149 0.070
54627.621169 15.4967 0.070
54627.625858 15.4261 0.069
54627.630602 15.4556 0.070
54643.597142 15.6121 0.077
54643.608724 15.6493 0.077
54643.620305 15.6746 0.078
54643.631879 15.5825 0.076
54531.739584 15.4956 0.083
54531.750873 15.4802 0.083
54531.762127 15.4861 0.083
54531.773402 15.467 0.082
54590.682197 15.5533 0.076
54590.692496 15.6013 0.077
54590.702750 15.6273 0.077
54590.713042 15.6482 0.078
54602.601044 15.6824 0.073
54602.609244 15.6539 0.073
54602.617436 15.609 0.072
54602.625637 15.667 0.073
54616.660526 15.6573 0.072
54616.672684 15.6381 0.071
54616.684837 15.5853 0.071
54616.697031 15.6355 0.071
54763.430108 15.4031 0.077
54763.437689 15.518 0.080
54763.445291 15.4896 0.079
54763.452871 15.5184 0.080
54721.452669 15.5269 0.076
54721.457023 15.5445 0.077
54721.461363 15.4983 0.076
54721.465714 15.6322 0.078
54736.485473 15.4807 0.083
54736.494226 15.4853 0.084
54736.503201 15.5144 0.085
54736.511802 15.6058 0.087
54928.652101 15.4831 0.070
54928.663641 15.4794 0.070
54928.675242 15.5287 0.070
54928.686779 15.5211 0.070
54929.651927 15.5447 0.095
54929.659840 15.5272 0.094
54929.667662 15.5985 0.096
54929.675481 15.5716 0.095
54944.625800 15.5881 0.073
54944.638825 15.512 0.072
54944.651862 15.4852 0.071
54944.664898 15.4399 0.070
55055.492753 15.5565 0.089
55055.501718 15.6046 0.090
55055.510400 15.6091 0.090
55055.518736 15.6604 0.092
55023.566698 15.5192 0.088
55023.574373 15.4671 0.087
55023.582072 15.4786 0.087
55023.589759 15.523 0.088
55004.564216 15.4905 0.103
55004.573885 15.5106 0.105
55004.584124 15.5318 0.107
55004.593839 15.6271 0.113
54911.764862 15.5275 0.087
54911.772630 15.4638 0.085
54911.780355 15.4034 0.084
54911.788071 15.4851 0.086
54978.565144 15.452 0.087
54978.574563 15.4517 0.087
54978.584022 15.4466 0.087
54978.593377 15.4905 0.087
55087.407576 15.6046 0.074
55087.417895 15.6089 0.074
55087.428209 15.6209 0.074
55087.438532 15.6549 0.075
55104.474746 15.6227 0.082
55104.482713 15.6558 0.083
55104.490681 15.6395 0.083
55104.498664 15.665 0.083
55300.716284 15.4869 0.080
55438.492136 15.6522 0.093
55438.514283 15.7013 0.095
55386.493003 15.4665 0.074
55386.523303 15.4549 0.079
55360.674072 15.6902 0.075
55360.699744 15.5507 0.074
55368.550220 15.6866 0.077
55368.576341 15.6548 0.076
55338.754877 15.4598 0.075
55338.799929 15.5386 0.081
55654.738215 15.5993 0.075
55654.760495 15.5128 0.074
55676.752448 15.5309 0.074
55676.795478 15.5562 0.075
55706.648979 15.5881 0.070
55706.661344 15.5807 0.070
55706.673764 15.5025 0.070
55706.686194 15.5286 0.070
54030.427624 15.7173 0.085
54030.437468 15.646 0.084
54030.447336 15.6219 0.083
54030.457175 15.6054 0.083
55736.630998 15.4877 0.069
55736.637524 15.4547 0.069
55736.644098 15.4855 0.069
55736.650699 15.5228 0.070
55762.599270 15.561 0.080
55762.609900 15.5682 0.080
55762.620713 15.6469 0.082
55762.631462 15.6365 0.082
55805.536000 15.5011 0.076
55805.549535 15.526 0.076
55805.563168 15.5217 0.076
55805.576887 15.4848 0.076
56038.656837 15.6525 0.079
56038.666327 15.7209 0.080
56038.675887 15.7523 0.080
56038.685432 15.6129 0.078
56074.653894 15.5352 0.078
56074.664375 15.5775 0.079
56074.674943 15.6308 0.080
56074.685574 15.7122 0.082
56106.489077 15.4879 0.073
56106.500294 15.4758 0.073
56106.530473 15.4694 0.073
56106.566814 15.608 0.075
56146.498964 15.4916 0.072
56146.507867 15.5039 0.072
56146.516915 15.4962 0.072
56146.525831 15.4875 0.072
56393.691955 15.7059 0.072
56393.706319 15.7104 0.072
56393.720628 15.6573 0.071
56393.734964 15.6615 0.071
56447.503802 15.4755 0.105
56447.513263 15.5003 0.104
56447.522711 15.4952 0.077
56447.532196 15.5213 0.076
56490.491947 15.458 0.074
56490.500873 15.4056 0.074
56490.509802 15.4995 0.075
56490.518803 15.4762 0.077
