53605.5643190742 14.394359 0.0668618551581532
53605.5750334491 14.360148 0.0665091247812571
53605.5856790161 14.408678 0.0670925495270378
53605.5966514354 14.315292 0.0660719973359805
53611.4530107753 14.452883 0.0744862633120617
53611.4620457293 14.438417 0.0743114679521359
53611.471161273 14.425084 0.0740755369240363
53611.4802696064 14.417552 0.0739336738213753
53567.5385659953 14.420095 0.0704837597079881
53567.54596581 14.392986 0.0701732208789328
53567.5553218286 14.379478 0.0699494795406156
53567.5625881945 14.388207 0.0700821576598927
53582.4961637153 14.318183 0.0709755918653529
53582.5036258331 14.313362 0.0709180256938082
53582.5110666553 14.307492 0.0707688931318277
53582.5184680556 14.308939 0.070744813667826
53645.4404835647 14.384982 0.0751637512474947
53645.4491437037 14.366425 0.0748970814694286
53645.4578059261 14.378168 0.0751202410850723
53645.4664685183 14.408474 0.0758149697907747
53622.3980472918 14.460631 0.0750854768577165
53622.406323692 14.410989 0.0742259279308574
53622.4147021642 14.431063 0.0745453150438392
53622.4230609608 14.49614 0.0756241248730061
53834.6762131248 14.30215 0.0616612886522225
53834.688331435 14.302376 0.0616148552930769
53834.7004437153 14.306635 0.0616138176553814
53834.7125497684 14.367974 0.0620561900808682
53849.6860361225 14.396834 0.0623607489222153
53849.6975586922 14.366838 0.0620852459959966
53849.7090807175 14.353773 0.0619556584840488
53849.7206169907 14.334802 0.0617972608654313
53960.5337920832 14.316612 0.0633490994120786
53960.545456192 14.328157 0.0635179180361981
53960.5570982872 14.331295 0.0635391460098381
53960.5686986111 14.361053 0.0638613931074946
53936.5271582059 14.307215 0.0632570136353888
53936.5342482985 14.329001 0.0634791866292434
53936.5412998498 14.315975 0.0633993116559115
53936.5483620372 14.350904 0.0636844478551548
53947.4633195023 14.307245 0.0636392340110881
53947.4737099423 14.3202 0.0637041441107664
53947.4841074422 14.312171 0.0635744578967322
53947.4945411803 14.336433 0.0637844169914674
53892.5572568981 14.33892 0.0673294685910311
53892.5658985299 14.325405 0.0671627379167238
53892.5745791087 14.30353 0.066636726311643
53892.5832604283 14.312055 0.0668760278441233
53908.5097799306 14.411973 0.0648392257602308
53908.5163803124 14.214142 0.244882943556481
53914.5762795719 14.385642 0.0684440951046738
53914.5859415742 14.379084 0.0683613010677448
53914.5956185299 14.363398 0.0681586522271129
53914.6052421873 14.341706 0.0678792759037973
53805.7185391552 14.439273 0.0692616305547083
53805.7237144906 14.441175 0.0691833644886408
53805.72888103 14.410736 0.0687230182033683
53805.7340689815 14.431246 0.0688014981086247
53865.6186140163 14.380334 0.0669434278877706
53865.6286675927 14.410077 0.0672197687053593
53865.6387385648 14.359695 0.0666111701436942
53865.6488453473 14.349934 0.066448363062022
53882.5960528009 14.332886 0.066334013409704
53882.6057036344 14.365188 0.0666558911886666
53882.6153030672 14.393014 0.0669318991705169
53882.6249256829 14.409833 0.0671564951534061
54011.4859556827 14.277168 0.068353200281103
54011.4956628822 14.335 0.0691881853128024
54011.5053315392 14.346539 0.0694175167856851
54011.5150069098 14.376486 0.0698191750479536
53993.3974931596 14.282628 0.0680983479306339
53993.4057601389 14.335511 0.0687063973022412
53993.4140197105 14.320157 0.0684668531947837
53993.4222895835 14.354665 0.0689291802449504
54001.5279729168 14.630723 0.0890156918041481
54001.5330728704 14.333196 0.0716099254542616
54001.5381955208 14.10466 0.0740279675626121
54001.5433116897 14.285542 0.0944026570261765
54202.6525614006 14.363085 0.065899964569221
54202.6666318518 14.321242 0.0653611609947215
54202.6806901391 14.291768 0.0648709611044685
54202.6946964585 14.282193 0.0646861730782231
54213.6392980904 14.312122 0.0727508933174917
54213.6501425925 14.326932 0.0724967017990777
54213.6609850229 14.173402 0.0932449605015495
54213.6976780902 14.395237 0.0729973517781429
54321.5557234027 14.298518 0.0629917790990795
54321.5666682641 14.317694 0.063171332978149
54321.5776397456 14.340131 0.0634071622105577
54321.5890480438 14.353188 0.0635573078134946
54326.4788552315 14.438273 0.0697678432908398
54326.4878966666 14.408645 0.0693990936086704
54326.4972230556 14.422534 0.0696102470548793
54326.5064870717 14.370334 0.0689449547328581
54285.6636889698 14.356344 0.0638097739342391
54285.6696880325 14.344165 0.0636838788564952
54285.6756665045 14.292819 0.0632265086482878
54285.6816655672 14.244465 0.0628861352013293
54297.5378562617 14.322382 0.0633735631060519
54297.5454896526 14.320624 0.0633860046288934
54297.5531586921 14.341611 0.0635543190552007
54297.560843125 14.345086 0.0636384636347678
54303.4970578357 14.3948 0.0691159396212067
54303.5056054976 14.364197 0.0687356391867094
54303.5141441321 14.454665 0.0698948032164027
54303.5227439931 14.461149 0.0699564769162517
54261.5528118401 14.371475 0.0664132793722818
54261.5627350113 14.41728 0.0668493724993291
54261.5726907174 14.454437 0.0672287763728224
54261.5825557872 14.458372 0.0674667528472863
54272.7566289469 14.232323 0.088870760956894
54272.7665709839 14.284897 0.0836945954108889
54272.7765014581 14.339053 0.0827099467859782
54272.7864446528 14.338767 0.0796840171358615
54174.7542101042 14.317725 0.0649794162752439
54174.767986794 14.197524 0.0656739191263725
54174.7818242475 14.394753 0.0659934161969961
54174.7956261691 14.286082 0.0642666257580307
54244.5869436343 14.414047 0.0597460423084474
54244.6030660072 14.370253 0.0593895827434966
54244.6191856018 14.318166 0.0589991917746452
54244.6353130671 14.08716 0.0574733248589354
54244.6514224769 14.319395 0.0587710182195521
54386.4510967826 14.281787 0.0684528010693442
54386.4565424767 14.284486 0.0684872052686901
54386.461905521 14.291612 0.0686342765880559
54386.4672574654 14.275115 0.0684528010693442
54344.4394070488 14.371547 0.0639265749502148
54344.4493133216 14.353762 0.0637532476768282
54344.460763067 14.350558 0.0637168770862136
54344.4705987386 14.298372 0.0631828786031225
54354.4136198262 14.334281 0.0688508674881824
54354.420224595 14.334248 0.0688841996412558
54354.4268397802 14.334004 0.0688966394217085
54354.4335396874 14.37431 0.0694350565321528
54705.4369970835 14.394647 0.061539235159252
54705.4485396529 14.375039 0.0613696057435703
54705.4600103474 14.365892 0.0613138974996839
54705.4715151852 14.310071 0.0608732564959916
54658.4569875578 14.379877 0.0608550996851262
54658.4649507174 14.39532 0.0623159690548684
54658.4730018287 14.361655 0.0640121895320576
54658.480977014 14.307978 0.0643526937548024
54678.4229986575 14.324972 0.0616327393817418
54678.4288003817 14.312124 0.0614898956159241
54678.434228831 14.302206 0.0613986500228356
54678.4396728934 14.297229 0.0613567269406883
54627.6164615279 14.413335 0.0595371197044921
54627.621168773 14.403922 0.0593537535165313
54627.6258580669 14.396233 0.0593474022082089
54627.6306024653 14.369273 0.0593856983696111
54643.5971417013 14.361959 0.0612431661665826
54643.6087242016 14.333787 0.0610758311554385
54643.6203045137 14.295519 0.060764381425042
54643.6318791434 14.289594 0.0607010154305082
54531.7395842942 14.307286 0.0650041811001757
54531.7508733794 14.285213 0.0646405919932271
54531.7621268169 14.291253 0.064584978559514
54531.7734020138 14.296281 0.0645437313595895
54590.6821968635 14.375621 0.061667646000185
54590.6924957521 14.34736 0.0614242050934261
54590.7027499653 14.328 0.0612370806922802
54590.7130422685 14.30088 0.0610149696455883
54602.6010440163 14.27975 0.0588153238660405
54602.6092442245 14.28558 0.0588487675011415
54602.6174357406 14.282541 0.0587746373995509
54602.625636991 14.338072 0.059115884937903
54616.6605260995 14.442934 0.0592865829958152
54616.6726839816 14.439833 0.0592793084325097
54616.6848373496 14.397167 0.0590031007798908
54616.6970312152 14.387531 0.0589416183642466
54763.430107743 14.350143 0.0632295761688509
54763.437689051 14.332823 0.0631244379070462
54763.4452907289 14.351994 0.0633152434421849
54763.4528709953 14.400319 0.0637990600095967
54721.452669479 14.283791 0.0613714476636072
54721.4570226506 14.289795 0.0614244461911666
54721.4613627545 14.253305 0.0611487649961903
54721.4657138428 14.286536 0.0614083345141667
54736.4854733564 14.317519 0.0653307464238111
54736.4942261229 14.306006 0.0652342410370106
54736.503200764 14.281651 0.0650428174540039
54736.5118017939 14.304252 0.0653005339897732
54928.6521011458 14.289553 0.0586472632934647
54928.663640822 14.304638 0.0586590334985433
54928.6752417359 14.302033 0.0586246804629811
54928.6867790974 14.347167 0.0589811194954782
54929.651927037 14.381541 0.0708184638965226
54929.6598404165 14.399991 0.0709366701776375
54929.6676617822 14.341741 0.0700340691968403
54929.6754811805 14.313254 0.0695884573663957
54944.6257997224 14.345189 0.0597473515503738
54944.6388254397 14.368821 0.0598502258854924
54944.651861817 14.382829 0.0598846015919348
54944.664897859 14.406362 0.0600034860808435
55055.492753484 14.391083 0.0680270353140989
55055.5017175927 14.369858 0.0677332469975801
55055.51040022 14.340538 0.067342783316379
55055.5187359491 14.325643 0.0671741955500488
55023.5666976042 14.403493 0.0681412911127198
55023.5743728934 14.393716 0.0680137419355144
55023.582072037 14.374103 0.0678196632266581
55023.5897589006 14.363504 0.0676896078150662
55004.5642159027 14.388975 0.0753893472342533
55004.5738847917 14.410631 0.0763071108257615
55004.5841243058 14.356612 0.0763302703789018
55004.5938392594 14.347113 0.0768046965548448
54911.7648619792 14.329908 0.0664906605358083
54911.7726297571 14.315543 0.0662890896167518
54911.7803552893 14.298225 0.0661135338946088
54911.7880713196 14.344229 0.0665768878153399
54978.5651440738 14.427439 0.0685179339604229
54978.5745627197 14.438086 0.0686438212519861
54978.5840219908 14.44719 0.0686577903437294
54978.5933772108 14.428177 0.0683128195628138
55087.407576192 14.392268 0.060453514878334
55087.4178946413 14.395831 0.0604590933835203
55087.4282086923 14.381311 0.0603496258506647
55087.4385315393 14.372385 0.0602942366985817
55104.4747464466 14.326766 0.0634360859023785
55104.4827128355 14.32243 0.0634066681707104
55104.4906808566 14.310366 0.0633064456797799
55104.4986643749 14.297786 0.063223204226009
55300.7162843286 14.352936 0.0638724839075731
55438.4921360069 14.348633 0.0681605291553606
55438.5142833797 14.422195 0.0692360985033666
55386.4930027084 14.359782 0.0610933031632549
55386.5233031943 14.419511 0.0644384296107805
55360.6740724075 14.379672 0.0605157274827047
55360.6997435301 14.429812 0.0609959344418426
55368.5502202547 14.314729 0.0605703771360825
55368.5763414352 14.379932 0.0610683714931285
55338.7548770023 14.29855 0.0612061038311595
55338.79992897 14.408112 0.0643631379475655
55654.7382150114 14.310972 0.0603914979567613
55654.7604954977 14.29291 0.0602203196561098
55676.7524481135 14.411091 0.0613907311096808
55676.7954775345 14.353959 0.0612151948917333
55706.648978912 14.409723 0.059141353191655
55706.6613440855 14.439343 0.0593198926712967
55706.6737643636 14.431385 0.0594398588535371
55706.6861941201 14.398631 0.0591385743419553
54030.4276243867 14.363424 0.0642629866423989
54030.4374682754 14.347815 0.0641056548185245
54030.4473356712 14.305711 0.0637878374692948
54030.4571753936 14.324259 0.0640020427231792
55736.630998206 14.450196 0.0593938950429152
55736.6375239237 14.420543 0.0591996305004018
55736.6440984837 14.393153 0.0590484484578628
55736.6506987383 14.37903 0.0589681521059365
55762.5992698264 14.42372 0.063932500791567
55762.6099004513 14.398878 0.0637798945943073
55762.6207133564 14.41618 0.0640221896076304
55762.6314623957 14.345804 0.0634879444954607
55805.5360003705 14.312979 0.0615990999613643
55805.5495346873 14.33435 0.0617711684891628
55805.5631676158 14.343067 0.0618909311143935
55805.5768866665 14.390473 0.0623364900352112
56038.6568367593 14.415278 0.0625462704334173
56038.6663268171 14.406773 0.0623527330903662
56038.6758871414 14.380721 0.0620968338682259
56038.6854323032 14.370238 0.0620156967373221
56074.6538941665 14.453847 0.0636887964470252
56074.6643747687 14.436221 0.0634941580595094
56074.6749432292 14.438671 0.063462058068765
56074.6855735071 14.435721 0.0634522928149478
56106.4890765276 14.301706 0.0603710432313147
56106.5002936226 14.306673 0.0604216731754131
56106.5304725579 14.329326 0.0605946000851505
56106.5668140048 14.400759 0.0609527439306596
56146.498963634 14.328866 0.060130375436441
56146.5078673265 14.336986 0.0601867916922626
56146.5169145488 14.350947 0.0602809080311263
56146.5258314465 14.398566 0.0606491928863498
56393.6919549423 14.426717 0.0590949435760094
56393.7063188076 14.422895 0.0590639234411517
56393.7206282754 14.459095 0.0592627360061556
56393.7349642593 14.453877 0.0592016597313475
56447.5038016089 14.431451 0.0781012375686334
56447.5132631944 14.466775 0.0772836052778806
56447.5227110186 14.440537 0.0630496349781792
56447.5321960994 14.440173 0.062645017448155
56490.491947338 14.30751 0.0612502916701213
56490.5008730325 14.324164 0.0614262743234161
56490.5098017361 14.382679 0.0619291186408419
56490.5188025464 14.399975 0.0632950907878806
