53605.618451 15.2395 0.080
53605.634088 15.2144 0.080
53605.649312 15.1495 0.078
53605.664423 15.182 0.079
53567.537593 15.2167 0.085
53567.545096 15.1836 0.084
53567.554451 15.1978 0.084
53567.561717 15.2112 0.085
53582.497069 15.2512 0.089
53582.504522 15.2198 0.088
53582.511959 15.2108 0.088
53582.519368 15.2355 0.088
53645.441355 15.3204 0.096
53645.450014 15.3592 0.098
53645.458675 15.1828 0.102
53645.467341 15.2745 0.096
53622.430868 15.2596 0.092
53622.436841 15.2583 0.092
53622.443224 15.335 0.094
53622.449513 15.4094 0.096
53834.728767 15.2678 0.072
53834.743240 15.2806 0.072
53834.757727 15.2759 0.072
53834.772178 15.2907 0.072
53960.537065 15.1952 0.074
53960.548729 15.1563 0.073
53960.560371 15.1773 0.074
53960.571998 15.1937 0.074
53936.671099 15.2589 0.075
53936.678651 15.2318 0.075
53936.686193 15.1856 0.074
53936.693731 15.1963 0.075
53947.511600 15.2991 0.076
53947.520921 15.2154 0.075
53947.530288 15.1998 0.074
53947.539606 15.1841 0.074
53892.556390 15.2701 0.082
53892.565027 15.2711 0.082
53892.573709 15.2009 0.080
53892.582381 15.2104 0.080
53804.739614 15.1866 0.081
53804.744808 15.2507 0.082
53804.749994 15.2262 0.081
53804.755168 15.214 0.081
53861.631726 15.2451 0.072
53861.641588 15.2783 0.073
53861.651437 15.3593 0.074
53861.661286 15.5083 0.076
53882.648432 15.2174 0.079
53882.658136 15.2034 0.079
53882.667899 15.2167 0.079
53882.677803 15.2353 0.079
54011.489026 15.236 0.084
54011.498688 15.1986 0.084
54011.508347 15.2323 0.084
54011.518050 15.2524 0.085
53979.375097 15.2723 0.084
53979.383762 15.2405 0.084
53979.392590 15.2357 0.083
53979.401259 15.247 0.084
53993.471061 15.218 0.083
53993.479806 15.2287 0.083
53993.488527 15.2151 0.083
53993.497276 15.2397 0.084
54000.499408 15.2147 0.084
54000.507276 15.1815 0.084
54000.515184 15.2226 0.085
54000.523059 15.2203 0.085
54202.704311 15.3395 0.080
54202.718460 15.3599 0.080
54202.732600 15.3044 0.079
54202.746756 15.2192 0.077
54215.669735 15.1783 0.082
54215.682181 15.2188 0.083
54215.694617 15.2833 0.085
54215.707071 15.3704 0.086
54321.561157 15.1421 0.073
54321.572115 15.1502 0.073
54321.583186 15.1539 0.073
54321.594487 15.1482 0.073
54326.483134 15.1344 0.081
54326.492210 15.1113 0.081
54326.501712 15.1259 0.081
54326.510876 15.1177 0.081
54287.534368 15.1494 0.082
54287.541225 15.2475 0.087
54287.556319 15.1699 0.082
54287.562799 15.1723 0.082
54299.580295 15.147 0.074
54299.588517 15.0985 0.073
54299.596772 15.1238 0.073
54299.604999 15.1356 0.074
54306.458218 15.1753 0.083
54306.466347 15.1982 0.083
54306.474623 15.1741 0.083
54306.482785 15.1786 0.083
54261.596885 15.1668 0.079
54261.607873 15.2009 0.079
54261.618823 15.2359 0.079
54261.629850 15.3202 0.080
54178.723065 15.2778 0.092
54178.729771 15.2077 0.089
54178.743134 15.2382 0.090
54247.614005 15.1901 0.087
54247.625558 15.2023 0.087
54247.637043 15.1928 0.086
54247.648506 15.2093 0.087
54386.453849 15.332 0.087
54386.459212 15.3212 0.086
54386.464565 15.2734 0.085
54386.469920 15.263 0.085
54344.445960 15.2891 0.076
54344.457392 15.1566 0.073
54344.467248 15.1787 0.074
54344.477087 15.1577 0.073
54354.412748 15.1885 0.083
54354.419356 15.1542 0.082
54354.425949 15.148 0.082
54354.432666 15.1532 0.082
54680.511004 15.1681 0.071
54680.547393 15.2061 0.078
54681.497035 15.1407 0.069
54681.505272 15.1734 0.070
54681.513461 15.2588 0.071
54681.521652 15.3522 0.072
54705.486063 15.1988 0.070
54705.498290 15.0824 0.068
54705.510511 15.0683 0.068
54705.522730 15.1709 0.069
54658.553665 15.1346 0.099
54658.563525 15.2053 0.072
54658.571729 15.3042 0.072
54658.579928 15.2918 0.072
54627.641530 15.2946 0.073
54627.654716 15.1736 0.070
54627.667906 15.1927 0.076
54627.681068 15.1702 0.070
54642.632964 15.1333 0.075
54642.643993 15.111 0.075
54642.654934 15.1237 0.075
54642.665841 15.1382 0.075
54591.623540 15.1023 0.069
54591.633446 15.113 0.070
54591.643298 15.1024 0.069
54591.653185 15.1202 0.070
54600.627137 15.2103 0.070
54600.639795 15.1927 0.070
54600.652481 15.1975 0.070
54600.665174 15.2102 0.070
54617.587144 15.1157 0.068
54617.595857 15.144 0.069
54617.604597 15.133 0.069
54617.613397 15.112 0.068
54779.421923 15.2409 0.074
54779.429775 15.2381 0.074
54779.436176 15.2688 0.074
54779.442561 15.2242 0.074
54779.450432 15.1994 0.073
54764.399955 15.1015 0.072
54764.404920 15.0937 0.072
54764.409873 15.1177 0.072
54764.414902 15.0913 0.072
54721.471241 15.2122 0.071
54721.477788 15.1677 0.071
54721.484318 15.207 0.071
54721.490836 15.1632 0.071
54737.428290 15.2402 0.072
54737.437228 15.3197 0.073
54737.446231 15.3357 0.073
54737.455098 15.3068 0.073
54938.764910 15.1005 0.065
54938.777103 15.1223 0.066
54938.789183 15.0899 0.065
54938.801247 15.128 0.066
55055.497166 15.2969 0.083
55055.506021 15.3422 0.084
55055.514532 15.3386 0.083
55055.522860 15.274 0.082
55023.597481 15.1703 0.080
55023.608168 15.1669 0.080
55023.618854 15.1707 0.084
55023.629584 15.1534 0.080
55004.639416 15.0475 0.092
55004.645894 15.1287 0.095
55004.652361 15.0887 0.094
55004.658825 15.1215 0.096
54913.736755 15.1264 0.071
54913.749611 15.1462 0.075
54913.762457 15.1273 0.071
54913.775544 15.1374 0.071
54978.609108 15.0405 0.078
54978.618521 15.0953 0.079
54978.628025 15.0457 0.078
54978.637543 15.0851 0.079
55105.402492 15.1531 0.074
55105.413110 15.182 0.074
55105.423715 15.1641 0.074
55105.434342 15.1353 0.073
55087.412711 15.0986 0.067
55087.423032 15.0995 0.067
55087.433348 15.1108 0.067
55087.443676 15.0939 0.067
55300.722162 15.0894 0.073
55413.608386 15.0484 0.076
55413.621520 15.0884 0.181
55438.521875 15.1025 0.086
55438.544099 15.1764 0.081
55386.591863 15.2244 0.069
55386.631110 15.0755 0.067
55353.647523 15.3276 0.091
55353.686833 15.1152 0.081
55365.661235 15.095 0.067
55678.775333 15.1162 0.069
55678.799094 15.175 0.075
55706.785119 15.3473 0.070
55706.796438 15.5398 0.073
55706.807964 15.632 0.074
55706.819618 15.5093 0.072
54032.439665 15.4175 0.089
55736.660449 15.1257 0.065
55736.672795 15.156 0.065
55736.685135 15.2277 0.066
55736.697512 15.3015 0.067
55766.566584 15.1678 0.069
55766.577159 15.2846 0.070
55766.587834 15.4211 0.072
55766.598483 15.6005 0.075
55803.399884 15.0987 0.062
55803.413937 15.167 0.062
55803.428018 15.279 0.063
55803.442138 15.3046 0.063
56038.661619 15.136 0.070
56038.671188 15.1211 0.070
56038.680688 15.1188 0.070
56038.690236 15.1278 0.070
56074.659566 15.1205 0.071
56074.670134 15.1541 0.072
56074.680751 15.2579 0.073
56074.691290 15.2955 0.074
56146.534618 15.1387 0.067
56146.543517 15.162 0.068
56146.552558 15.1614 0.068
56146.562776 15.1784 0.068
56393.744039 15.2189 0.069
56393.753516 15.2149 0.069
56393.763220 15.1738 0.069
56393.772816 15.2121 0.069
56490.497879 15.2004 0.070
56490.506856 15.2 0.070
56490.515828 15.2086 0.071
56490.524702 15.2342 0.078
