53605.523849 14.4791 0.068
53605.534533 14.5182 0.069
53605.545083 14.5578 0.069
53605.555344 14.6359 0.071
53567.539632 14.6453 0.074
53567.546841 14.5875 0.074
53567.556176 14.5556 0.073
53567.563449 14.5447 0.073
53582.500551 14.5251 0.075
53582.507976 14.5676 0.076
53582.515399 14.6443 0.077
53582.522842 14.6844 0.078
53646.418678 14.377 0.076
53646.425803 14.4019 0.076
53646.432955 14.423 0.077
53646.440037 14.4493 0.078
53647.438230 14.4157 0.080
53647.447000 14.3732 0.078
53647.455666 14.4248 0.078
53647.464393 14.3838 0.080
53622.396766 14.7177 0.081
53622.405045 14.671 0.080
53622.413298 14.6087 0.079
53622.421719 14.5458 0.077
53834.670783 14.6134 0.065
53834.682882 14.5575 0.064
53834.695014 14.4903 0.063
53834.707123 14.4676 0.063
53849.682748 14.6194 0.065
53849.694275 14.5615 0.064
53849.705765 14.4934 0.064
53849.717328 14.4719 0.063
53949.469544 14.7302 0.068
53949.478460 14.6505 0.068
53949.487319 14.5926 0.067
53949.496201 14.5613 0.067
53960.531609 14.5003 0.066
53960.543272 14.4825 0.065
53960.554903 14.502 0.066
53960.566531 14.56 0.066
53937.589257 14.5549 0.077
53937.598672 14.5273 0.077
53937.608123 14.5232 0.078
53937.617500 14.4419 0.091
53889.557489 14.4957 0.064
53889.568479 14.4653 0.064
53889.579447 14.4135 0.063
53889.590464 14.4259 0.063
53904.559832 14.653 0.067
53904.566504 14.6152 0.067
53904.573154 14.5864 0.066
53904.579816 14.5735 0.066
53914.575415 14.4231 0.069
53914.585065 14.4082 0.069
53914.594745 14.4486 0.070
53914.604370 14.4699 0.070
53813.752938 14.4572 0.064
53813.759620 14.444 0.063
53813.766233 14.4476 0.063
53813.772868 14.4669 0.064
53865.617728 14.569 0.070
53865.627807 14.5275 0.069
53865.637871 14.5127 0.069
53865.647990 14.5004 0.069
53881.710415 14.5149 0.076
53881.720388 14.4932 0.070
53881.730337 14.4667 0.080
53881.740253 14.5106 0.074
54011.450837 14.6162 0.073
54011.459502 14.6852 0.075
54011.468169 14.723 0.075
54011.476852 14.7405 0.076
53993.398358 14.4402 0.071
53993.406617 14.4379 0.071
53993.414880 14.4294 0.070
53993.423146 14.4706 0.071
53994.400805 14.6618 0.074
53994.405182 14.655 0.074
53994.409556 14.5892 0.073
53994.413983 14.5775 0.073
54001.504731 14.7707 0.078
54001.510790 14.7974 0.079
54001.516792 14.8196 0.079
54202.648672 14.5511 0.069
54202.662719 14.4828 0.068
54202.676812 14.4761 0.067
54202.690804 14.4629 0.067
54213.637592 14.5783 0.078
54213.648427 14.5862 0.078
54213.659277 14.5405 0.077
54213.695980 14.4831 0.075
54324.478316 14.4384 0.065
54324.486038 14.4134 0.065
54324.493680 14.4386 0.065
54324.501364 14.4504 0.065
54285.659867 14.5178 0.066
54285.665872 14.4705 0.065
54285.671868 14.4573 0.065
54285.677842 14.4594 0.065
54297.535684 14.5353 0.066
54297.543308 14.4978 0.066
54297.550983 14.4746 0.065
54297.558663 14.4302 0.065
54303.490235 14.4884 0.071
54303.498779 14.4787 0.071
54303.507319 14.4539 0.070
54303.515851 14.4066 0.070
54261.548463 14.4989 0.069
54261.558337 14.4812 0.068
54261.568333 14.4475 0.068
54261.578198 14.4536 0.068
54272.755537 14.5587 0.100
54272.765464 14.5911 0.093
54272.775409 14.575 0.090
54272.785343 14.6988 0.090
54160.731748 14.4982 0.075
54160.741012 14.4575 0.074
54160.750348 14.4803 0.074
54160.760185 14.4427 0.074
54174.749852 14.5325 0.068
54174.763601 14.6711 0.070
54174.777431 14.7189 0.074
54174.791282 14.7086 0.070
54185.763196 14.5472 0.069
54185.769830 14.5915 0.069
54185.776519 14.6335 0.069
54185.783197 14.6696 0.070
54244.581593 14.5779 0.061
54244.597713 14.49 0.061
54244.613831 14.4529 0.060
54244.629942 14.4626 0.060
54244.646068 14.4685 0.060
54386.424691 14.7005 0.075
54386.430065 14.7482 0.076
54386.435448 14.7417 0.076
54386.440811 14.7854 0.077
54353.417260 14.4441 0.096
54353.425078 14.7278 0.071
54353.455979 14.5498 0.068
54354.390087 14.449 0.072
54354.396591 14.4365 0.071
54354.403107 14.4537 0.071
54354.409684 14.4683 0.071
54355.429258 14.4376 0.071
54355.435885 14.4541 0.071
54355.442492 14.4461 0.071
54355.449099 14.4811 0.071
54705.434821 14.5459 0.063
54705.446374 14.5864 0.064
54705.457839 14.6538 0.064
54705.469338 14.7107 0.065
54660.463622 14.3747 0.064
54660.472465 14.4044 0.063
54660.479206 14.3935 0.063
54660.485827 14.4109 0.063
54678.418141 14.6506 0.065
54678.424215 14.5996 0.065
54678.429888 14.553 0.064
54678.435333 14.5539 0.064
54623.594983 14.4134 0.062
54623.604279 14.4158 0.062
54623.613510 14.4362 0.062
54623.622771 14.4912 0.064
54641.617178 14.5085 0.067
54641.625779 14.5608 0.068
54641.634452 14.5864 0.068
54641.643081 14.6462 0.069
54531.735246 14.5731 0.069
54531.746533 14.6428 0.069
54531.757802 14.6649 0.069
54531.769048 14.6834 0.069
54590.620452 14.5373 0.064
54590.627181 14.5707 0.064
54590.633878 14.6244 0.064
54590.640645 14.6443 0.065
54616.657885 14.6483 0.061
54616.670037 14.7178 0.062
54616.682195 14.7493 0.062
54616.694374 14.6823 0.062
54762.422783 14.603 0.072
54762.430466 14.6805 0.073
54762.438186 14.725 0.074
54762.445930 14.6937 0.073
54721.436893 14.538 0.069
54721.440317 14.5138 0.069
54721.443739 14.5203 0.069
54721.447153 14.4691 0.068
54736.481146 14.4716 0.068
54736.489840 14.4499 0.067
54736.498837 14.4473 0.067
54736.507533 14.4675 0.068
54928.648998 14.4628 0.060
54928.660566 14.443 0.060
54928.672159 14.4264 0.060
54928.683703 14.5243 0.060
54929.649273 14.5335 0.073
54929.657149 14.5258 0.073
54929.665047 14.524 0.073
54929.672869 14.4657 0.072
54944.623202 14.5983 0.062
54944.636222 14.673 0.063
54944.649260 14.6558 0.062
54944.662304 14.5921 0.062
55055.491903 14.4817 0.070
55055.500801 14.439 0.069
55055.509549 14.4326 0.069
55055.517912 14.4052 0.069
55023.563326 14.4557 0.069
55023.571002 14.5066 0.070
55023.578696 14.5189 0.070
55023.586389 14.589 0.071
55004.563148 14.6029 0.080
54911.733087 14.4676 0.069
54911.740742 14.5506 0.070
54911.748374 14.5956 0.070
54911.756057 14.6439 0.071
54977.704244 14.4577 0.070
54977.713674 14.4312 0.069
54977.723218 14.6379 0.113
55087.380680 14.4436 0.059
55087.387611 14.5037 0.060
55087.394535 14.5132 0.060
55087.401461 14.5556 0.060
55104.470538 14.4658 0.065
55104.478494 14.4978 0.066
55104.486450 14.5249 0.066
55104.494434 14.5578 0.066
55307.703802 14.8059 0.066
55416.505180 14.3549 0.063
55416.534351 14.4628 0.064
55438.488247 14.4089 0.069
55438.510338 14.4237 0.070
55386.490137 14.47 0.063
55386.520387 14.7062 0.068
55353.638075 14.5646 0.077
55353.677248 14.6075 0.073
55368.507948 14.6113 0.063
55368.531786 14.7399 0.064
55273.715019 14.4552 0.071
55679.711017 14.5072 0.061
55707.562570 14.3978 0.061
55707.571074 14.3453 0.061
55707.579671 14.3494 0.061
55707.588277 14.4257 0.062
54977.772898 14.5121 0.070
54977.782342 14.5153 0.071
54977.704244 14.463 0.071
54977.713674 14.4366 0.069
54977.772898 14.535 0.071
54977.782342 14.552 0.072
55737.637658 14.4305 0.060
55737.654191 14.4918 0.060
55737.671052 14.6222 0.061
55737.687756 14.6502 0.061
55768.493725 14.5815 0.063
55768.500703 14.5534 0.063
55768.507766 14.5092 0.062
55768.514844 14.5112 0.062
55809.447969 14.3968 0.069
55809.457670 14.3676 0.068
55809.467436 14.3999 0.069
55809.477159 14.4364 0.069
56038.655673 14.4215 0.063
56038.665128 14.4269 0.063
56038.674710 14.4261 0.063
56038.684265 14.4756 0.063
56074.652648 14.3683 0.063
56074.663143 14.399 0.064
56074.673741 14.4334 0.064
56074.684382 14.4845 0.064
56106.487674 14.4268 0.062
56106.498904 14.4622 0.062
56106.529056 14.5808 0.063
56106.565377 14.6208 0.063
56146.497805 14.4165 0.061
56146.506660 14.457 0.061
56146.515697 14.5077 0.062
56146.524666 14.5509 0.062
56393.687713 14.4471 0.059
56393.701988 14.4691 0.060
56393.716324 14.5365 0.060
56393.730688 14.6119 0.060
56447.502639 14.5565 0.079
56447.512082 14.3905 0.079
56447.521508 14.4048 0.063
56447.531012 14.4773 0.063
56490.418866 14.6957 0.065
56490.427883 14.7763 0.066
56490.437007 14.7536 0.066
56490.446036 14.7161 0.065
