53717.504393 13.0545 0.063
53717.511040 13.0741 0.063
53717.517595 13.0617 0.063
53717.524274 13.0743 0.063
53687.556924 13.1138 0.058
53687.565201 13.1309 0.058
53687.573463 13.1406 0.058
53687.581701 13.1468 0.058
53646.710331 13.0455 0.060
53646.738444 13.112 0.060
53665.741030 13.2038 0.059
53665.745369 13.217 0.059
53665.749721 13.212 0.059
53665.754393 13.2209 0.059
53967.707545 12.6555 0.055
53967.726572 12.7094 0.056
54087.526429 13.1329 0.059
54087.544200 13.1633 0.059
54087.553122 13.1794 0.059
53772.441694 12.7753 0.057
53772.450624 12.8113 0.057
53772.460309 12.8436 0.057
53736.580998 12.9937 0.058
53736.590229 13.0046 0.058
53736.599411 12.9964 0.058
54040.586633 13.1317 0.058
54040.608964 13.1382 0.058
54040.620055 13.1372 0.058
54056.580471 12.5981 0.055
54056.590003 12.5785 0.055
54015.660508 12.3591 0.055
54015.668798 12.3669 0.055
54015.676766 12.3934 0.055
54015.684681 12.4106 0.055
54015.692679 12.4424 0.055
53979.736007 12.7218 0.056
53979.743979 12.7345 0.056
53979.760046 12.7369 0.058
53993.730007 13.2128 0.058
53993.736740 13.2224 0.058
53993.750326 13.211 0.058
54337.673384 12.8555 0.057
54337.680381 12.8588 0.057
54337.694419 12.8834 0.057
54463.527684 13.0406 0.057
54463.537715 12.919 0.057
54463.547790 12.7639 0.056
54119.495274 12.9072 0.057
54417.735284 12.6449 0.054
54387.669429 13.2453 0.059
54387.679361 13.1846 0.058
54358.660394 13.1277 0.054
54358.713760 13.2057 0.055
54810.485923 13.182 0.056
54810.499525 13.1632 0.056
54810.511405 13.164 0.056
54810.525509 13.0584 0.055
54525.453082 12.9684 0.057
54525.458198 12.9654 0.057
54525.463204 12.9839 0.057
54525.468206 12.993 0.057
54780.496517 13.0643 0.055
54780.504546 13.0059 0.055
54780.512627 12.9484 0.055
54780.520697 12.9022 0.054
54912.399009 12.9927 0.055
55103.643552 12.6383 0.055
55103.672720 12.7333 0.056
55567.474583 12.8287 0.054
55567.491514 12.874 0.053
55822.693720 12.5519 0.053
55929.497267 12.9946 0.054
56224.636764 13.0988 0.053
56264.618040 12.6594 0.053
56264.627620 12.6695 0.053
