53714.691251 18.3846 0.286
53714.700161 18.2911 0.274
53714.709047 18.4856 0.302
53714.718009 18.5234 0.309
53729.649470 18.8182 0.458
53729.658449 18.6798 0.417
53729.667427 18.5809 0.393
53826.467203 18.3064 0.231
53826.480923 18.469 0.252
53826.494658 18.4374 0.247
53826.508378 18.344 0.237
54096.565440 18.7385 0.472
54096.574268 19.1268 0.586
54096.583071 18.9077 0.509
54096.591867 18.7708 0.469
53772.545617 18.1009 0.310
53772.557796 17.9948 0.292
53772.569996 18.1324 0.315
53772.582186 18.0369 0.301
53755.614476 18.413 0.293
53757.686029 18.5959 0.277
53757.699438 18.7705 0.305
53757.723835 18.8287 0.317
53757.737281 18.9256 0.337
53814.470040 19.1282 0.368
53814.476089 18.7994 0.309
53814.482106 18.7765 0.304
53814.488131 18.6167 0.279
53859.434554 18.7679 0.381
53859.439396 18.2719 0.290
53859.444300 18.5179 0.332
53859.449158 18.9824 0.432
53876.386970 18.7707 0.383
53876.394107 18.6766 0.365
53876.401256 18.6458 0.359
53876.408440 19.2742 0.514
53881.434126 18.5112 0.340
54052.705145 18.5084 0.367
54052.715720 18.695 0.406
54052.726182 18.2433 0.316
54052.736534 18.3728 0.339
54200.464288 18.3314 0.292
54200.473064 18.44 0.317
54200.481867 18.6987 0.356
54200.490654 17.8545 0.231
54464.671602 18.4117 0.427
54464.682937 18.3411 0.410
54464.694267 18.5365 0.459
54464.705767 18.5662 0.466
54140.655122 18.3458 0.378
54140.681757 18.9648 0.547
54140.686984 18.0101 0.318
54122.617330 18.1885 0.260
54122.627255 18.6746 0.338
54122.637209 18.5932 0.325
54122.647098 18.7272 0.348
54161.506346 18.642 0.429
54173.513668 18.4801 0.304
54173.520165 18.4516 0.299
54173.526720 18.5788 0.321
54173.533272 18.389 0.290
54185.546360 18.3243 0.283
54185.556260 18.1056 0.254
54185.566141 18.0471 0.248
54185.576071 18.1771 0.267
54227.427839 18.2873 0.285
54227.436063 18.8147 0.398
54227.444267 18.6096 0.340
54227.452504 18.0997 0.259
54234.445377 18.563 0.422
54234.452393 18.6895 0.454
54234.459388 18.3425 0.373
54234.466455 18.462 0.400
54392.685604 18.3904 0.378
54392.694440 18.2068 0.340
54392.703242 18.4021 0.376
54392.712054 18.0562 0.310
54817.544910 17.9664 0.273
54817.561149 17.8909 0.260
54817.568293 18.0511 0.271
54817.579683 18.1653 0.288
54501.598888 18.2321 0.270
54501.603252 18.2262 0.269
54501.607618 18.0756 0.250
54501.611974 18.2477 0.273
54510.590845 18.9793 0.372
54510.597678 18.6094 0.304
54510.604454 18.8337 0.345
54510.611261 18.8045 0.338
54527.542481 18.3151 0.265
54527.549093 18.5898 0.307
54527.555672 18.6915 0.324
54527.562300 18.514 0.296
54596.415045 18.0233 0.239
54596.424311 18.0814 0.248
54596.433601 18.0948 0.251
54596.442877 18.3342 0.284
54617.350035 18.7128 0.269
54617.356562 18.2839 0.217
54617.363152 19.0168 0.318
54617.369685 18.5788 0.252
54758.719706 18.6806 0.410
54758.727352 18.4669 0.364
54758.735021 18.7034 0.415
54758.742650 18.517 0.373
54926.499487 18.4272 0.213
54926.507275 17.8481 0.162
54926.515075 18.8604 0.267
54926.522876 18.5293 0.224
54927.485828 19.0328 0.352
54927.505222 18.5068 0.265
54927.514964 18.9995 0.347
54928.489430 18.3861 0.221
54928.497255 18.587 0.243
54928.505066 18.3538 0.215
54928.512955 18.8892 0.284
54929.512746 18.1368 0.373
54929.531974 18.5145 0.462
54889.571474 18.1783 0.275
54889.579635 18.1629 0.273
54889.587817 18.3332 0.299
54889.595997 18.2585 0.289
54837.622670 18.2766 0.224
54837.634323 18.3664 0.246
54837.645989 18.4146 0.242
54855.693757 18.5786 0.273
54855.700226 18.4093 0.257
54855.706714 18.3373 0.251
54855.713245 18.3686 0.242
54909.448396 18.0076 0.256
54909.456008 18.0207 0.258
54909.463636 18.1518 0.277
54909.471274 18.2211 0.288
54954.401105 18.2751 0.298
54954.410089 18.9069 0.426
54954.418943 18.4214 0.324
54975.362905 18.7385 0.313
54975.367165 18.5691 0.290
55160.631221 18.4329 0.341
55160.639460 18.3474 0.324
55160.647716 18.1116 0.284
55160.655970 18.3497 0.323
55124.712904 18.9398 0.415
55124.721394 18.778 0.378
55124.729836 18.2548 0.282
55124.738352 18.2863 0.288
55298.477983 18.6488 0.311
55553.684690 18.4255 0.179
55553.726926 18.0143 0.149
55559.708338 18.5035 0.280
55250.566395 18.3558 0.225
55270.516010 18.1352 0.235
55335.398045 18.23 0.249
55335.419316 17.9601 0.245
55338.360442 18.1476 0.241
55678.463710 17.9944 0.189
55678.480656 18.3567 0.246
55596.552719 18.3332 0.260
55596.582868 18.356 0.266
55588.609322 18.6735 0.256
55627.528112 18.3658 0.275
55627.570806 18.2093 0.240
55942.637062 18.6323 0.294
55942.648987 18.7398 0.310
55942.660994 18.6085 0.292
55942.673070 18.581 0.286
55980.580016 18.7552 0.242
55980.580724 18.6459 0.229
55980.581426 18.6406 0.229
55980.582119 18.719 0.239
56048.430716 18.7437 0.290
56048.437914 18.7455 0.289
56048.445078 18.6399 0.274
56048.452273 19.13 0.362
56366.478695 17.8589 0.182
56366.492399 17.8878 0.185
56366.506173 18.1562 0.213
56366.519928 18.258 0.222
56404.403143 18.6474 0.218
56404.411720 18.4477 0.198
56404.420214 18.9673 0.258
56404.428693 18.737 0.229
