53647.383699 14.9888 0.089
53647.391761 15.0016 0.089
53647.399942 15.0089 0.090
53647.407985 15.0324 0.094
53957.583626 14.9338 0.079
53957.591597 14.8891 0.078
53957.599572 14.9225 0.079
53957.607528 14.9486 0.079
53914.574070 14.999 0.079
53914.583745 14.9921 0.079
53914.593445 15.0114 0.079
53914.603047 14.9775 0.079
53865.616392 14.9551 0.076
53865.626497 14.9552 0.076
53865.636529 14.9832 0.076
53865.646676 15.0049 0.076
53880.583740 14.9116 0.081
53880.592683 14.9225 0.076
53880.601721 14.8973 0.075
53880.610667 15.0266 0.080
54012.428036 15.02 0.081
54012.434689 14.9678 0.081
54012.441344 15.0015 0.081
54012.447972 14.9948 0.081
53993.399672 15.0415 0.081
53993.407925 15.044 0.081
53993.416200 15.0711 0.082
53993.424443 15.0545 0.082
53994.399505 15.033 0.081
53994.403877 15.0654 0.082
53994.408252 15.0962 0.083
53994.412632 15.0403 0.082
54001.484447 14.9385 0.082
54001.488756 14.978 0.083
54001.493073 15.0267 0.084
54001.497404 15.0069 0.084
54316.453534 15.006 0.081
54316.459633 14.9732 0.080
54316.465827 14.9419 0.080
54316.471973 14.9829 0.080
54275.530314 14.9157 0.072
54275.541485 14.9481 0.072
54275.552687 14.9332 0.072
54275.563837 14.9379 0.072
54245.668033 14.9372 0.082
54245.677921 14.9083 0.081
54245.687942 14.8957 0.081
54245.697837 14.9011 0.081
54386.420689 14.9359 0.080
54386.426063 14.9085 0.080
54386.431419 14.9032 0.080
54386.436814 14.9984 0.082
54355.430581 15.0285 0.081
54355.437198 15.015 0.081
54355.443810 15.0374 0.081
54355.450424 15.035 0.081
54644.618741 14.9331 0.067
54644.631883 14.9006 0.067
54644.645092 14.8799 0.067
54644.658191 14.8776 0.067
54593.655569 14.8861 0.063
54593.667769 14.8845 0.063
54593.680006 14.8652 0.063
54593.692269 14.8745 0.063
54600.558015 14.8719 0.067
54600.566798 14.9008 0.068
54600.575584 14.8684 0.067
54600.584343 14.9102 0.068
54762.396379 14.8639 0.077
54762.401615 14.8684 0.077
54762.406861 14.8726 0.077
54762.412138 14.8727 0.077
54736.445241 14.9206 0.074
54736.453269 14.9189 0.074
54736.461678 14.914 0.074
54736.469926 14.9173 0.074
55022.612416 15.0487 0.073
55022.623794 15.0232 0.073
55022.635233 15.0874 0.074
55022.646652 15.0166 0.072
55012.473828 14.9003 0.070
55012.483640 14.8925 0.070
55012.493457 14.9021 0.070
55012.503332 14.8599 0.070
54977.650819 14.8714 0.076
54977.660648 14.9001 0.078
54977.670535 14.9059 0.076
54977.680433 14.9173 0.076
55104.429108 15.068 0.073
55104.438699 14.9858 0.072
55104.448316 15.0094 0.073
55104.457921 15.0546 0.073
55438.457654 15.0086 0.079
55438.478192 14.9526 0.078
55395.557984 15.077 0.079
55395.585292 15.0971 0.080
55359.642627 15.0667 0.067
55359.685193 15.1119 0.068
55273.706857 14.9825 0.080
55329.751800 14.8977 0.071
55691.689738 14.9725 0.070
55691.703453 14.9467 0.069
55691.731109 14.9356 0.069
55772.513945 14.8592 0.067
55772.526932 14.9445 0.068
55772.540028 14.8678 0.068
55772.553128 14.8935 0.068
55809.440846 14.9552 0.077
55809.450400 14.9619 0.077
55809.460161 14.9489 0.077
55809.469917 14.9526 0.077
56064.631447 14.9652 0.069
56064.640967 14.9214 0.069
56064.650661 14.9514 0.069
56064.660286 14.9516 0.069
56098.467349 15.0752 0.067
56098.478621 15.0328 0.066
56098.490018 15.013 0.066
56098.501382 14.9573 0.065
56148.485961 14.9634 0.063
56148.500067 14.9395 0.063
56148.514363 14.8992 0.063
56148.528534 14.9127 0.063
56175.392880 15.0558 0.066
56175.404143 15.0909 0.067
56175.415434 15.0827 0.067
56175.426724 15.0074 0.070
