53592.542343 11.5887 0.053
53592.554752 11.5662 0.053
53592.566745 11.5111 0.053
53592.579454 11.4837 0.052
53599.552704 11.6456 0.052
53599.561518 11.6577 0.052
53599.570221 11.6111 0.052
53599.578840 11.6024 0.052
53611.556794 11.4821 0.053
53611.566806 11.5147 0.053
53611.576744 11.5256 0.053
53611.586750 11.5553 0.053
53567.573615 11.6167 0.052
53567.580682 11.6372 0.053
53567.588047 11.6464 0.053
53567.595291 11.6466 0.053
53579.639492 11.5574 0.052
53579.648818 11.5952 0.052
53579.658185 11.5979 0.052
53579.667881 11.6424 0.052
53651.564440 11.5123 0.053
53651.572766 11.5244 0.053
53651.581151 11.5474 0.053
53651.589490 11.564 0.053
53634.577595 11.5727 0.052
53634.591516 11.5527 0.052
53634.605585 11.5291 0.052
53634.619547 11.5024 0.052
53962.605213 11.6485 0.051
53962.619480 11.6299 0.051
53962.633739 11.5977 0.051
53962.647986 11.5494 0.051
53967.550922 11.4901 0.052
53967.560717 11.5157 0.052
53967.570483 11.5267 0.052
53967.580270 11.5543 0.052
53917.651010 11.4986 0.055
53919.644068 11.5116 0.052
53919.654825 11.4936 0.052
53919.665658 11.4671 0.052
53919.676422 11.4529 0.052
53937.731202 11.5672 0.057
53937.741124 11.5275 0.057
53937.751086 11.4897 0.058
53937.760928 11.4833 0.057
53890.630795 11.6389 0.051
53890.642268 11.6492 0.051
53890.653766 11.6379 0.051
53890.665130 11.6147 0.051
53871.719036 11.5448 0.052
53871.727505 11.571 0.052
53871.735948 11.5825 0.052
53871.744324 11.6089 0.052
54057.453255 11.6675 0.053
54057.459073 11.6495 0.053
54057.464822 11.6441 0.053
54057.470556 11.6233 0.052
54009.439373 11.5619 0.052
54009.448793 11.5415 0.052
54009.458255 11.5132 0.052
54009.467681 11.5029 0.052
53995.504775 11.5544 0.052
53995.514600 11.5829 0.052
53995.524388 11.6111 0.052
53995.534215 11.6231 0.052
54198.774131 11.5374 0.053
54198.782199 11.5447 0.053
54198.790321 11.5584 0.053
54198.798384 11.586 0.053
54325.455901 11.5359 0.051
54325.467019 11.5107 0.051
54325.478086 11.4894 0.051
54325.489256 11.4782 0.051
54302.543043 11.5141 0.052
54302.548507 11.5489 0.051
54302.553986 11.5472 0.051
54302.559449 11.5371 0.051
54262.692785 11.5572 0.053
54262.704750 11.5939 0.053
54262.716810 11.6234 0.053
54262.728741 11.6566 0.053
54231.790358 11.6568 0.053
54231.801977 11.6753 0.053
54231.813656 11.6526 0.053
54231.825259 11.631 0.053
54387.495601 11.5978 0.052
54387.503675 11.6131 0.052
54387.511763 11.6334 0.052
54352.546427 11.6469 0.052
54352.550368 11.6573 0.052
54352.554338 11.6501 0.052
54352.558288 11.6617 0.052
54672.670585 11.4579 0.051
54672.680041 11.444 0.051
54672.689544 11.4505 0.051
54672.699093 11.4189 0.051
54627.744957 11.5616 0.051
54627.759117 11.5805 0.051
54627.773304 11.6153 0.051
54627.787392 11.6975 0.058
54641.723589 11.4859 0.052
54641.734075 11.4655 0.051
54641.744722 11.4401 0.052
54641.755351 11.6275 0.054
54642.720070 11.4975 0.051
54642.730628 11.4953 0.051
54642.741190 11.4734 0.051
54642.751719 11.4666 0.051
54597.671225 11.5293 0.052
54597.678692 11.5219 0.052
54597.686150 11.4998 0.052
54597.693559 11.4894 0.052
54769.452603 11.6564 0.052
54769.461485 11.6398 0.052
54769.470402 11.6043 0.053
54769.479337 11.6229 0.053
54711.458442 11.4309 0.051
54711.467228 11.4405 0.051
54711.475991 11.4339 0.051
54711.484758 11.4525 0.051
54736.526185 11.5533 0.052
54736.535559 11.5405 0.052
54736.545138 11.5073 0.052
54736.554273 11.4942 0.052
55055.570293 11.4769 0.052
55055.578619 11.4638 0.052
55055.586980 11.4461 0.052
55055.595360 11.4324 0.052
55022.716404 11.5178 0.051
55022.728214 11.5358 0.051
55022.756557 11.6021 0.051
55022.768361 11.6274 0.051
54964.745152 11.5115 0.051
54964.756128 11.4871 0.051
54964.767231 11.4611 0.051
54964.778171 11.4492 0.051
54980.746814 11.6318 0.052
54980.757221 11.6424 0.052
54980.767686 11.6598 0.052
54980.778098 11.6652 0.052
55105.502065 11.5155 0.051
55105.515053 11.5453 0.051
55105.528056 11.5791 0.051
55105.541069 11.6142 0.051
55089.559766 11.4849 0.051
55089.566183 11.4639 0.051
55089.572575 11.4883 0.051
55089.579002 11.4763 0.051
55412.595775 11.4782 0.052
55412.619578 11.4708 0.052
55437.590023 11.5359 0.052
55437.612196 11.595 0.052
55502.468627 11.4713 0.051
55502.506874 11.5262 0.051
55750.557914 11.5132 0.050
55750.577634 11.5476 0.050
55750.597542 11.6099 0.051
55750.617420 11.6483 0.051
55807.538435 11.5696 0.052
55807.548070 11.5297 0.052
55807.557805 11.5061 0.052
55807.567548 11.5124 0.052
56074.745061 11.516 0.051
56074.754047 11.4975 0.051
56074.763073 11.4937 0.051
56074.772122 11.4522 0.051
56146.639997 11.6596 0.051
56146.652286 11.6298 0.051
56146.664663 11.5887 0.051
56146.676973 11.5715 0.051
56177.561950 11.6225 0.050
56177.578794 11.6353 0.050
56177.595754 11.6294 0.050
56177.612695 11.5847 0.050
56233.428879 11.6371 0.051
56233.441516 11.621 0.051
56233.454235 11.5868 0.051
56233.466909 11.5408 0.051
56233.428879 11.6162 0.051
56233.441516 11.6119 0.051
56233.454235 11.5635 0.051
56233.466909 11.5105 0.051
56241.429797 11.5482 0.051
56241.442415 11.5512 0.051
56241.455198 11.6098 0.051
56241.467938 11.6351 0.051
