53605.632328 13.8565 0.062
53611.457671 13.7637 0.066
53611.466739 13.7984 0.066
53611.475892 13.8306 0.067
53611.484947 13.8501 0.067
53567.541960 13.7096 0.063
53567.549077 13.7416 0.063
53582.505820 13.7095 0.064
53646.477458 13.4959 0.065
53647.459564 13.4576 0.068
53622.432162 13.5736 0.064
53622.444728 13.5734 0.064
53836.728134 13.7896 0.059
53836.740876 13.8888 0.059
53836.753551 13.916 0.059
53847.760748 13.81 0.058
53847.774002 13.8684 0.058
53847.787375 13.8039 0.058
53949.482806 13.8044 0.060
53949.500573 13.7743 0.059
53960.547095 13.8103 0.060
53917.569625 13.5098 0.061
53937.619698 13.6063 0.070
53889.562397 13.4575 0.057
53904.563653 13.5456 0.058
53812.774335 13.7449 0.058
53812.779306 13.7284 0.058
53812.784260 13.6853 0.058
53812.789216 13.6515 0.058
53864.622698 13.6496 0.060
53881.731679 13.4466 0.066
54011.472924 13.604 0.062
53980.390252 13.8354 0.063
53980.398448 13.8044 0.063
53980.406597 13.9056 0.064
53980.414763 13.8833 0.064
54001.531783 13.9921 0.069
54001.536902 13.8367 0.069
54001.542022 13.9733 0.075
54202.654820 13.7714 0.061
54202.682945 13.8376 0.061
54213.653135 13.6287 0.065
54213.689807 13.745 0.066
54326.480142 13.7216 0.062
54326.489215 13.7491 0.063
54326.498505 13.7791 0.063
54326.507780 13.8115 0.063
54285.685991 13.7253 0.059
54285.722012 13.6146 0.059
54301.534025 13.8941 0.060
54306.454401 13.9052 0.064
54306.462526 13.8705 0.064
54306.470654 13.8332 0.064
54306.478936 13.7867 0.063
54261.575398 13.9091 0.062
54174.757998 13.8752 0.062
54174.785636 13.9295 0.063
54178.728846 13.8636 0.066
54178.735508 13.8534 0.066
54244.609287 13.8165 0.056
54244.625412 13.835 0.056
54244.657692 13.8889 0.057
54387.434319 13.6301 0.062
54387.439652 13.6094 0.062
54344.450945 13.901 0.060
54344.462393 13.9029 0.060
54354.415792 13.6717 0.062
54354.429019 13.7166 0.063
54687.381343 13.835 0.058
54687.386306 13.8306 0.058
54705.454491 13.6678 0.057
54705.477471 13.782 0.058
54660.498731 13.5108 0.057
54661.469194 13.5328 0.057
54661.474668 13.5105 0.056
54661.480121 13.5303 0.057
54627.619110 13.6072 0.055
54627.633231 13.563 0.055
54641.668085 13.5481 0.059
54590.709637 13.6517 0.057
54590.719903 13.6854 0.057
54600.623332 13.7482 0.058
54600.635990 13.6705 0.057
54600.648651 13.6026 0.057
54600.661362 13.5929 0.057
54617.580037 13.5454 0.056
54617.588777 13.5284 0.056
54617.606232 13.5102 0.056
54721.454299 13.883 0.059
54721.462991 13.8957 0.059
54721.467342 13.9024 0.059
54736.487651 13.7292 0.060
54928.669041 13.5457 0.055
54928.680595 13.5396 0.055
54928.692142 13.5164 0.055
54938.767585 13.5523 0.055
55055.495828 13.6832 0.061
55055.504753 13.7165 0.061
55055.521620 13.7648 0.062
55023.626593 13.6484 0.061
55004.604607 13.8649 0.070
55004.613226 13.8519 0.070
55004.621897 13.7692 0.069
55004.630581 13.691 0.068
54911.793463 13.5679 0.060
54911.796062 13.5562 0.060
54911.801274 13.5886 0.060
54978.569815 13.8791 0.063
55105.398817 13.6885 0.059
55105.430650 13.6102 0.058
55087.450443 13.9155 0.059
55087.456783 13.9016 0.059
55087.469483 13.9066 0.059
55416.572449 13.6372 0.058
55438.518447 13.8484 0.064
55438.540663 13.7883 0.071
55654.741897 13.5791 0.056
55654.764255 13.5597 0.056
55707.626665 13.8788 0.058
55707.635324 13.8731 0.058
55707.643852 13.8313 0.057
55737.658340 13.5788 0.055
55737.675204 13.6285 0.055
55737.691933 13.6724 0.055
55772.571817 13.9193 0.059
55772.581778 13.9279 0.059
55772.591901 13.927 0.059
55772.602025 13.9323 0.059
55807.450315 13.6534 0.060
55807.459873 13.6218 0.060
55807.469523 13.5654 0.059
55807.479191 13.6062 0.059
56038.669372 13.6581 0.057
56038.678914 13.6921 0.057
56038.688451 13.7132 0.057
56074.656854 13.5998 0.057
56074.667410 13.5676 0.057
56074.677953 13.5651 0.057
56074.688546 13.5394 0.057
56106.503844 13.6413 0.056
56106.534029 13.5878 0.056
56106.570376 13.7009 0.057
56146.503072 13.5457 0.056
56146.521098 13.5315 0.056
56146.529963 13.5377 0.056
56393.722803 13.9146 0.056
56393.737151 13.8977 0.056
56490.493754 13.8153 0.058
56490.502681 13.8261 0.058
56490.511661 13.8528 0.058
56490.520577 13.87 0.060
