53605.616805 13.8756 0.062
53605.632328 13.841 0.062
53605.647668 13.8626 0.062
53605.662789 13.8183 0.062
53611.457671 13.7818 0.066
53611.466739 13.784 0.066
53611.475892 13.7701 0.066
53611.484947 13.7734 0.066
53567.541960 13.7531 0.063
53567.549077 13.7425 0.063
53567.558378 13.6994 0.063
53567.565656 13.6807 0.063
53582.498384 13.6656 0.064
53582.505820 13.7055 0.064
53582.513246 13.6951 0.064
53582.520674 13.7051 0.064
53646.450763 13.8174 0.068
53646.459726 13.8302 0.068
53646.468600 13.7827 0.068
53646.477458 13.797 0.068
53647.442148 13.8275 0.071
53647.450866 13.8447 0.070
53647.459564 13.7456 0.072
53647.468248 13.8115 0.069
53622.426079 13.6815 0.065
53622.432162 13.6866 0.065
53622.438141 13.6761 0.065
53622.444728 13.6632 0.065
53836.728134 13.8331 0.059
53836.740876 13.8346 0.059
53836.753551 13.8394 0.059
53836.766380 13.8338 0.059
53847.760748 13.6235 0.057
53847.774002 13.6196 0.057
53847.787375 13.6258 0.057
53847.800714 13.6368 0.057
53949.473951 13.7308 0.059
53949.482806 13.738 0.059
53949.491682 13.688 0.059
53949.500573 13.6907 0.059
53960.535417 13.7776 0.059
53960.547095 13.8092 0.060
53960.558734 13.8036 0.060
53960.570345 13.7539 0.059
53917.560550 13.6583 0.062
53917.569625 13.5992 0.062
53917.578664 13.6282 0.061
53917.587711 13.6224 0.061
53937.591437 13.7465 0.066
53937.600853 13.7681 0.066
53937.610300 13.7884 0.067
53937.619698 13.7756 0.073
53889.562397 13.855 0.059
53889.573380 13.8221 0.059
53889.584395 13.8527 0.059
53889.595392 13.8611 0.059
53904.563653 13.8308 0.060
53904.570318 13.8555 0.060
53904.576993 13.8391 0.060
53904.583657 13.8393 0.060
53812.774335 13.8441 0.059
53812.779306 13.8158 0.059
53812.784260 13.8178 0.059
53812.789216 13.7919 0.058
53864.605416 13.7337 0.061
53864.613686 13.7756 0.061
53864.622698 13.7743 0.061
53864.630960 13.7555 0.061
53881.711802 13.8258 0.067
53881.721681 13.8135 0.062
53881.731679 13.8137 0.071
53881.741578 13.7788 0.063
54011.455546 13.6442 0.062
54011.464217 13.6474 0.062
54011.472924 13.6441 0.062
54011.481543 13.6344 0.062
53980.390252 13.6699 0.062
53980.398448 13.6899 0.062
53980.406597 13.6824 0.062
53980.414763 13.6898 0.062
53993.474112 13.8605 0.064
53993.482854 13.8665 0.064
53993.491563 13.8418 0.064
53993.500320 13.8309 0.063
54001.531783 13.6545 0.065
54001.536902 13.911 0.070
54001.542022 13.938 0.074
54001.547122 13.7049 0.065
54202.654820 13.8416 0.061
54202.668902 13.8756 0.061
54202.682945 13.8168 0.061
54202.696970 13.8064 0.061
54213.642284 13.6834 0.065
54213.653135 13.7008 0.065
54213.689807 13.6687 0.065
54213.700690 13.7024 0.065
54321.559525 13.6298 0.058
54321.570481 13.6367 0.058
54321.581555 13.6142 0.058
54321.592853 13.6371 0.058
54326.480142 13.8051 0.063
54326.489215 13.7954 0.063
54326.498505 13.7643 0.063
54326.507780 13.7288 0.062
54285.685991 13.8484 0.060
54285.698595 13.8296 0.060
54285.710378 13.8258 0.060
54285.722012 13.7649 0.060
54301.534025 13.8213 0.060
54301.544075 13.8321 0.060
54301.554129 13.8145 0.060
54301.564183 13.8063 0.060
54306.454401 13.7675 0.063
54306.462526 13.7724 0.063
54306.470654 13.7742 0.063
54306.478936 13.7703 0.063
54261.555532 13.7752 0.061
54261.565446 13.8122 0.061
54261.575398 13.8069 0.061
54261.585268 13.8325 0.062
54174.757998 13.8172 0.061
54174.771793 13.8343 0.061
54174.785636 13.985 0.064
54178.722123 13.9171 0.072
54178.728846 13.6573 0.064
54178.735508 13.6582 0.064
54178.742181 13.6558 0.064
54244.593167 13.8619 0.057
54244.609287 13.8612 0.057
54244.625412 13.8063 0.056
54244.641539 13.789 0.056
54244.657692 13.7352 0.056
54387.428980 13.754 0.063
54387.434319 13.7423 0.063
54387.439652 13.762 0.063
54387.444980 13.752 0.063
54344.441035 13.6055 0.058
54344.450945 13.6039 0.058
54344.462393 13.595 0.058
54344.472226 13.5983 0.058
54354.415792 13.7053 0.062
54354.422389 13.6909 0.062
54354.429019 13.656 0.062
54354.435704 13.6566 0.062
54687.371385 13.812 0.058
54687.376367 13.7647 0.058
54687.381343 13.7585 0.058
54687.386306 13.7689 0.058
54705.443010 13.7722 0.058
54705.454491 13.8015 0.058
54705.465947 13.8027 0.058
54705.477471 13.8213 0.058
54660.498731 13.7549 0.058
54661.469194 13.7169 0.058
54661.474668 13.7481 0.058
54661.480121 13.7513 0.058
54661.485580 13.7475 0.058
54627.619110 13.6734 0.056
54627.623805 13.7192 0.056
54627.628487 13.6751 0.056
54627.633231 13.678 0.056
54641.650388 13.6194 0.059
54641.659226 13.6226 0.059
54641.668085 13.6196 0.059
54641.676939 13.6305 0.059
54590.689108 13.7565 0.058
54590.699353 13.7683 0.058
54590.709637 13.7694 0.058
54590.719903 13.7744 0.058
54600.623332 13.6508 0.057
54600.635990 13.6754 0.057
54600.648651 13.6709 0.057
54600.661362 13.7381 0.058
54617.580037 13.7389 0.057
54617.588777 13.7151 0.057
54617.597493 13.6846 0.057
54617.606232 13.6742 0.057
54767.407618 13.859 0.060
54767.413067 13.9004 0.060
54767.418523 13.8715 0.060
54767.423993 13.905 0.060
54721.454299 13.7121 0.058
54721.458651 13.6806 0.057
54721.462991 13.6742 0.057
54721.467342 13.6682 0.057
54736.487651 13.7544 0.061
54736.496536 13.7559 0.061
54736.505344 13.766 0.061
54736.513947 13.7935 0.061
54928.657457 13.724 0.056
54928.669041 13.7445 0.056
54928.680595 13.788 0.056
54928.692142 13.7796 0.056
54938.767585 13.7844 0.056
54938.779787 13.7935 0.056
54938.791869 13.7457 0.056
54938.803943 13.7021 0.056
55055.495828 13.8453 0.063
55055.504753 13.8481 0.063
55055.513295 13.8262 0.062
55055.521620 13.8427 0.063
55023.594536 13.8022 0.062
55023.605186 13.7943 0.062
55023.615891 13.7311 0.062
55023.626593 13.7361 0.062
55004.604607 13.7068 0.068
55004.613226 13.6837 0.068
55004.621897 13.7321 0.068
55004.630581 13.7256 0.068
54911.793463 13.7983 0.062
54911.796062 13.7566 0.061
54911.798675 13.7565 0.061
54911.801274 13.8425 0.062
54978.569815 13.857 0.063
55105.398817 13.7922 0.059
55105.409418 13.8245 0.060
55105.420017 13.7935 0.060
55105.430650 13.8137 0.060
55087.450443 13.7458 0.058
55087.456783 13.7435 0.058
55087.463128 13.7443 0.058
55087.469483 13.7567 0.058
55416.543347 13.691 0.058
55416.572449 13.7738 0.059
55438.518447 13.7152 0.063
55438.540663 13.8895 0.073
55386.589733 13.6281 0.056
55386.628959 13.6676 0.056
55353.641042 13.7666 0.065
55353.680260 13.7138 0.062
55368.552412 13.8402 0.058
55368.578530 13.8596 0.058
55654.741897 13.6891 0.057
55654.764255 13.6965 0.057
55677.811984 13.8393 0.058
55677.816233 13.7422 0.057
55707.626665 13.766 0.057
55707.635324 13.7759 0.057
55707.643852 13.8181 0.057
55707.652418 13.8216 0.057
53980.438573 13.6746 0.062
53980.446807 13.6881 0.062
53980.455051 13.6563 0.062
53980.463283 13.6851 0.062
55737.641763 13.8782 0.056
55737.658340 13.8572 0.056
55737.675204 13.8215 0.056
55737.691933 13.7655 0.056
55772.571817 13.8468 0.058
55772.581778 13.8185 0.058
55772.591901 13.7942 0.058
55772.602025 13.7836 0.058
55807.450315 13.9166 0.062
55807.459873 13.8741 0.061
55807.469523 13.868 0.062
55807.479191 13.8771 0.061
56038.659834 13.8502 0.058
56038.669372 13.8751 0.059
56038.678914 13.8759 0.058
56038.688451 13.8733 0.058
56074.656854 13.7874 0.059
56074.667410 13.8276 0.059
56074.677953 13.8085 0.059
56074.688546 13.8554 0.059
56106.492575 13.7535 0.057
56106.503844 13.7422 0.057
56106.534029 13.7203 0.057
56106.570376 13.7123 0.057
56146.503072 13.7489 0.057
56146.512092 13.7509 0.057
56146.521098 13.7566 0.057
56146.529963 13.8026 0.057
56393.694095 13.8098 0.056
56393.708446 13.8266 0.056
56393.722803 13.8082 0.056
56393.737151 13.7598 0.056
56490.493754 13.7871 0.058
56490.502681 13.7716 0.058
56490.511661 13.7448 0.058
56490.520577 13.7575 0.059
