53708.6495971989 19.946917 0.79526528955731
53708.6572696759 19.553636 0.628833284755203
53735.6204253241 18.999267 0.469006493080463
53735.6384303008 18.898339 0.443934912445932
53735.6474537846 19.481287 0.61992233365131
53645.7181772801 19.729863 0.85536299819497
53645.7240851388 20.026862 1.0195156274329
53645.730041389 19.574876 0.774134051475507
53645.7360688077 19.766573 0.867013557113722
53833.4299325924 20.0935 0.554402880134858
53833.4413802428 19.753683 0.457679013255031
53974.7600772336 19.765841 0.676642353333396
53974.7711702428 19.771231 0.677121520432073
53974.7934778008 19.339498 0.522311019024571
54079.7143042708 19.021948 0.487617595474631
54087.6107386459 19.299065 0.578636206858109
54087.6220312153 18.733157 0.414572857692596
54087.6332640393 18.637922 0.393083425645762
54087.6444828703 18.900282 0.45434100459014
53765.5536334491 19.226914 0.41303830066135
53765.5624095951 19.63605 0.52279353269798
53765.5712074884 19.108349 0.386898899880673
53765.5800460302 19.332865 0.441319229603377
53860.3608897108 19.092149 0.275153573612937
53860.3708787382 19.027215 0.266032090636343
53860.3808434721 19.258691 0.301087568566628
53860.3908738311 18.927861 0.254150341417684
54056.6632599883 18.901491 0.420203581581768
54056.6712833333 18.980889 0.438895553387832
54056.6792670951 18.840538 0.404990530525643
54056.6871996873 19.233493 0.50658734263718
53995.7363173032 18.828388 0.408650564864123
53995.7465512614 18.848535 0.412023925780939
53995.7569162386 18.778539 0.395544961496645
53995.7672181364 19.648122 0.654640524420669
54448.5964591318 19.560616 0.612807849676705
54448.6053808911 19.306252 0.529426313044647
54448.6143228935 19.406637 0.564536772185196
54448.6235744098 19.669289 0.657288110761537
54464.6182189814 18.959024 0.524491689652036
54464.629309456 18.763904 0.4659705619313
54464.6404417131 19.263351 0.625695620331474
54464.6516007061 18.651384 0.439800160045136
54109.6591124535 19.558232 0.531940729862397
54384.7026656714 19.707318 0.702274027073302
54385.7489284954 18.804882 0.39241944639672
54385.7562066667 18.871589 0.406809163309167
54385.7633225696 19.385302 0.543932921632607
54810.6222351622 18.827746 0.301400277287319
54810.643895139 19.386589 0.409891040043571
54509.5148476041 19.502492 0.459203055309239
54509.5400016899 19.270227 0.399087247671253
54509.5520026274 19.592008 0.483266062146219
54530.5145906136 19.769073 0.548551042978482
54530.5227974076 18.887619 0.333222458412001
54530.531009641 19.441507 0.456001684035245
54530.5392276621 19.19095 0.396223758594221
54593.3724948033 19.483119 0.366715148478723
54593.3797693867 19.786987 0.435621796095188
54593.3870114465 19.61152 0.395206771676926
54736.7265366089 19.194452 0.416123247161797
54736.7347281367 19.396251 0.4659705619313
54736.7430636344 19.066757 0.38552596485853
54736.7513359377 19.398853 0.4659705619313
54864.5679273149 18.936774 0.295862480100085
54864.5775965625 19.147906 0.332666376308631
54864.587283507 19.191044 0.340775485629204
54864.5969548263 19.107255 0.327049108437238
54844.509476007 18.928174 0.290470548154776
54894.5122527778 19.794681 0.518730107745889
54894.5294409376 19.928104 0.576430200249644
55144.6288932986 18.698612 0.245391641124316
55144.6432400346 18.982826 0.284558913071538
55144.6576073729 19.126539 0.307416029883968
55144.6720330441 19.072726 0.298568626541688
55113.7554828587 20.023991 0.778933931644432
55550.6247512964 19.876817 0.527190362258268
55237.4833008912 19.802816 0.50658734263718
55271.4620501042 19.612293 0.64814250525271
55596.5372853239 19.249262 0.492899356744673
55627.5068148729 20.127371 0.632012806618782
55908.6056404396 19.160464 0.297106409403227
55908.6205213427 19.588942 0.375596123527686
55908.6353706367 19.012119 0.27455608787785
55942.5829360648 19.882882 0.524735472758008
55942.5937335878 19.32209 0.380774818163695
55942.6046609837 18.907584 0.302872136788619
55942.6154428818 19.093658 0.336400608167285
55979.5391573263 19.991046 0.517081451791045
55979.5654920256 19.836203 0.479018112747458
55979.5786587386 19.938793 0.51039842633849
56241.6669674305 20.106428 0.451880634156308
56241.6819788887 19.788199 0.376773708975596
56241.6970719442 20.057933 0.438445156850684
56241.7121942824 19.342367 0.294976186378092
56393.4367734259 19.714841 0.414958965500453
56393.4439423378 19.45101 0.360385146711459
56393.4511690047 18.864256 0.26360710378879
56393.4583242592 19.486351 0.368555344500845
