53609.809727153 18.045465 0.296856404376179
53609.8124337845 18.127325 0.308639061585549
53609.8151032754 18.154812 0.312047462948805
53609.8177937154 18.383004 0.352541545923284
53714.5055027776 17.268688 0.149374095773424
53714.5145631018 17.680734 0.179931542437509
53714.5236399886 17.750937 0.186115972904015
53714.5326498146 17.733491 0.183991786483209
53729.5354038427 17.881852 0.242005328581573
53729.5436021757 17.752501 0.22388598624558
53729.5517978702 18.108813 0.272903351595923
53729.5599943983 17.956503 0.249163413694721
53699.6870543403 17.949934 0.207890812324655
53699.692525683 17.926774 0.205890089524809
53699.7002519909 17.78201 0.192809707872746
53699.7056942247 17.896092 0.203552599621348
53647.7137578937 18.135317 0.332181954687754
53647.722885891 18.228974 0.345315984711239
53647.7319068403 17.967714 0.295516885910137
53973.7540044907 17.911129 0.242962224994199
53973.7626991553 17.860621 0.231520291059285
53973.771461528 17.870237 0.234520869586073
53973.7800709951 17.877673 0.237285280081835
54087.5691546646 18.07599 0.286340146799749
54087.5790029514 18.304027 0.324501730950057
53772.4997929282 17.587364 0.14994303581241
53772.5103565276 17.723118 0.159563594070803
53772.5209188427 17.85301 0.169878890970177
53772.531625382 17.919666 0.175636777472053
53737.6063623844 17.884711 0.253898520723712
53737.6135544909 17.851349 0.249163413694721
53737.6207402546 18.057675 0.279949776456455
53737.6279645601 17.960956 0.265779376720746
54053.6313988889 17.855917 0.2355896834364
54053.6367304629 18.244374 0.389361650086554
54053.6420533449 17.995989 0.310500299389052
54053.6474684837 18.083677 0.273529483390018
54017.7106646413 17.988209 0.248985445016205
54017.7176241667 18.047425 0.256095569428492
54017.7245916782 18.113673 0.265563346044435
54017.7316605902 17.586706 0.203236803808613
53995.6932314003 17.923922 0.246017774001542
53995.7046355323 18.057507 0.261900052661908
53995.716089213 18.010236 0.255934435890439
53995.7274762268 17.72526 0.221303275239172
54337.699781493 17.551692 0.204109045651211
54337.7070137152 17.800425 0.2303901500807
54337.7142621411 17.724948 0.220974105755401
54337.7216092941 17.709415 0.219330833328569
54463.5539450349 17.807211 0.22957674688822
54463.5630489701 17.936461 0.253490909122737
54463.5721569561 17.966626 0.258450239725005
54463.5812759373 17.885623 0.248306791917905
54131.5007330209 17.834156 0.244601713863205
54131.510253993 17.909311 0.254244975528888
54131.5198225232 17.990239 0.266394350383372
54131.5293687151 18.125488 0.290517429276422
54189.386513611 17.919684 0.255613081837961
54189.3956606134 17.83362 0.24457364321003
54189.409604537 17.80939 0.24279737287733
54190.3971276504 17.878962 0.248042754081151
54190.4060549537 17.479537 0.203063787775556
54190.4148710302 17.781376 0.237592927526437
54190.4237146645 17.716311 0.230086992802397
54386.6602792592 17.927739 0.24186956503505
54386.6707157639 18.113233 0.266903991088963
54386.6810977544 18.178979 0.276969380056713
54386.6914343752 17.934976 0.243210160469291
54815.5721176157 17.5823 0.192690264427839
54815.5790144211 17.835691 0.218118265679932
54815.5859350578 17.554317 0.190516906657868
54815.5928631017 17.692886 0.203631794567386
54525.4744451271 17.905557 0.239228438534256
54525.4796522685 18.11571 0.267086711775028
54525.484859294 17.999666 0.25148203878409
54525.4900719907 17.920894 0.241274958907159
54780.5384560186 17.935767 0.186021411786281
54780.550270706 18.257466 0.216945852776869
54780.5621282174 18.34665 0.225682839532245
54780.5740179052 18.153861 0.204654287199277
54756.6730904863 18.126926 0.208811578873545
54756.6844452084 18.142407 0.209328750146414
54756.6956540858 18.153573 0.209745423369149
54756.7068458335 18.235211 0.218197140305214
54730.7517448609 18.033422 0.236319011609296
54730.7606828126 18.143508 0.251757323881545
54730.7696756364 18.253455 0.266032090636343
54730.7786995947 17.823133 0.21430410485754
55188.5630104281 17.931025 0.179773166614219
55188.5689649419 18.28856 0.213691673930074
55188.5749315973 17.981418 0.183043249378367
55188.5808621529 18.020111 0.186045038964384
54845.5226217131 17.761784 0.165222708330403
54845.5339453011 17.783415 0.166109217178463
54845.5452846298 17.649757 0.157932380608692
54845.5566327544 17.856644 0.172022474342158
55155.6556459724 17.600299 0.136744851014384
55155.6649508447 17.572818 0.135315809741312
55155.6743226157 17.526956 0.133494677434378
55155.6836291089 17.452198 0.129737002451975
55123.5585742478 17.622452 0.185515844272723
55123.5668397221 17.61288 0.18423147693108
55123.5751408447 17.621909 0.18527057877671
55123.5834422108 17.571507 0.180005612238543
55084.6514270604 17.950192 0.188619281968149
55084.6631256598 17.868904 0.180859409834189
55084.6748890858 17.846808 0.178646463300967
55084.6866424307 17.948456 0.186914215026165
55553.5899203125 17.620854 0.141149044860409
55553.6195607407 17.490321 0.13505198353419
55491.6953587732 18.10145 0.14595406254495
55491.7403935995 17.640785 0.120985982911288
55600.4597033798 17.972068 0.193814521146581
55600.4810280092 17.923586 0.190223818154441
55822.7613050233 17.644523 0.143929352028465
55822.7683477661 17.684297 0.146342913864155
55822.7754405209 17.684577 0.146430411643652
55822.7825477313 17.801465 0.154089078855486
55884.58095919 17.622814 0.14315830599672
55884.5923492129 17.559233 0.13949844546573
55884.6037836805 17.55437 0.138964063958645
55884.6151870138 17.556197 0.139979497118134
56241.4927477896 17.77474 0.140001312707328
56241.5079469791 17.98118 0.152514051928962
56241.5228885299 17.783186 0.140211393841628
56241.5377357405 17.881373 0.145508499278913
56279.5360385184 18.104769 0.181869145726323
56279.5452665393 18.06458 0.178605183751712
56279.5543314815 18.120129 0.183413948084658
56279.5635289466 18.076708 0.179699415965075
