53584.5349116783 18.059574 0.296407938836242
53584.5428590045 18.282555 0.334977474893664
53584.5509573148 18.116339 0.305607481440012
53584.5589420601 18.034991 0.294438377469431
53569.583996053 18.782338 0.393305441290816
53569.5924800464 18.772337 0.390011302733033
53569.6097176389 19.396102 0.557248609670683
53651.5690511457 18.515797 0.403313279738641
53651.5857520021 18.410506 0.381793766964272
53651.5941364585 18.404913 0.38148729579868
53634.5841182177 19.318441 0.450099291730822
53634.5982253472 18.318142 0.260700789847932
53634.6121361228 18.101726 0.23402879847483
53634.626112801 18.288681 0.259115938236553
53962.6068995022 18.230726 0.220279656731512
53962.6211236459 18.481531 0.249074385667286
53962.6353809028 18.488538 0.251207652004504
53962.6496628239 18.68877 0.279530167553549
53967.5562425346 19.182757 0.473200728764134
53967.5758055441 19.134971 0.458354656295976
53967.585552442 19.22409 0.481709600387165
53919.6471832755 18.551248 0.335758075041603
53919.6579528127 18.920281 0.412911119576824
53919.6687603473 18.690488 0.367081118474412
53919.6795202779 19.152109 0.475616826681395
53937.7447923265 18.512431 0.810210136698561
53871.7216977083 18.614912 0.316284493511825
53871.730176273 18.14451 0.246504934258363
53871.7385726619 18.319021 0.269196408340217
53871.746986875 18.548482 0.303509360728066
54056.4105087152 18.518565 0.338058697139898
54056.4206399998 18.515462 0.339372654169329
54056.4303392132 18.534446 0.342873187578375
54056.4401528935 18.573212 0.351159251323476
54009.4821810649 18.569509 0.340701258784211
54009.4905904049 19.550466 0.597818894804744
54009.499002882 19.104461 0.459714156998164
54009.5073920951 19.182251 0.481709600387165
53980.5808246761 18.790152 0.379965116226805
53980.5898268634 18.431316 0.311414447364801
53980.5988875117 18.548416 0.332527758567812
53980.6079250115 18.1412 0.267637117739518
53995.5109315973 18.913889 0.414830146263623
53995.5207287382 19.026336 0.442698727453779
53995.5305447338 19.1686 0.481129403753669
53995.5403456946 18.531898 0.336043211098535
54302.5457621296 19.353176 0.434447827830032
54302.5567277083 19.194903 0.380876377619058
54302.562169699 19.021768 0.368370160771816
54262.7431748497 19.402573 0.667241957120138
54262.753836713 19.105417 0.527932862522568
54262.7644225347 18.660544 0.400716068455834
54262.775108935 18.366653 0.339887585299457
54387.5254006713 19.377062 0.551874642354795
54387.534420463 18.800895 0.396337194787969
54387.5434574882 18.972841 0.437399150923707
54387.5524606017 18.947213 0.431837821809539
54394.4873403126 19.435792 0.588020031941699
54394.4955292709 19.43042 0.586373311420922
54394.5118230671 19.197 0.515446802557313
54354.5169205439 19.044286 0.448177728611437
54354.5240092363 19.10216 0.464560253719837
54354.5310580094 19.083917 0.459203055309239
54354.538099942 18.349451 0.304257716078366
54817.4384865278 18.697326 0.34547031288805
54817.4418545949 19.670425 0.604478119403129
54817.4452247454 19.14102 0.444712334672381
54817.4485939701 19.129171 0.442698727453779
54672.7033616087 18.504127 0.287197774520598
54672.7124263078 18.838695 0.339079411287317
54672.7215651969 18.671144 0.30942472276148
54672.730634398 18.485461 0.279739739966942
54640.7635008795 19.378825 0.350916886845098
54640.7724390742 18.94483 0.277993592985522
54640.7813857175 18.824141 0.261110115374574
54640.7903423035 18.786839 0.255645164540459
54600.6971412152 19.054454 0.29448714034698
54600.7027371526 19.031723 0.289630512204947
54600.7083518286 18.804235 0.256873278207201
54600.714058646 18.955773 0.277377725730904
54762.506256736 18.747585 0.351726565005568
54762.5175285765 18.81908 0.366350187476912
54762.5286359491 19.116056 0.434887051367986
54762.5397283911 18.747788 0.354436443679992
54715.5527243749 19.043982 0.301452489803974
54715.5655506831 18.902589 0.279446463145011
54715.57838728 18.971203 0.290002979427234
54715.5912338425 18.997317 0.295270756649306
54738.5155110415 18.666161 0.240845304571962
54738.5261638775 18.691472 0.244321464356998
54738.5367174074 18.623815 0.235689861906738
54738.5474226736 18.505348 0.222341903540397
55021.7235711459 18.787485 0.356360352940779
54993.7719141205 19.483582 0.518493740935868
54993.7813961922 18.976111 0.387964316739384
54993.7906051159 18.723048 0.337407123453345
54993.7998156479 18.861513 0.364720445658218
55111.4769684837 18.568833 0.310785141964728
55111.4841244213 19.053638 0.405352460694166
55111.4913374304 18.84977 0.383336556213289
55092.4491629861 19.552772 0.41139342643562
55092.4571496295 18.988878 0.299846112549409
55092.465170301 19.431652 0.382717365447065
55092.4731794098 18.978219 0.298619425301301
55437.622555081 19.944138 0.742563135599546
55524.458937882 19.179996 0.357121243851164
55524.4785261573 19.399643 0.403910083854735
55524.487583912 18.637172 0.266576032588181
55524.5072994907 19.062336 0.34547031288805
55762.7044223727 19.317237 0.327115164221307
55762.7200602431 19.361796 0.335971878482379
55762.7358099305 18.931581 0.274159891759741
55762.7515645948 19.295644 0.335119025330578
55807.5808220484 18.476104 0.282593437714173
55807.5924587154 18.967181 0.370421686437075
55807.604224676 18.909194 0.357801457676861
55807.6160026734 19.249615 0.434594107814241
56074.7837986923 18.373908 0.220748676613821
56074.8029973381 18.532181 0.238263748456467
56074.8126032637 18.75079 0.267013585366586
56149.5434342707 19.134683 0.294243502941523
56149.5534185646 19.389593 0.337768669569914
56149.563552639 18.943217 0.26484698096311
56149.5736944559 19.166086 0.29760826488873
56180.56257522 19.171459 0.262141897101281
56180.5739614236 18.881236 0.224876311412194
56180.5853890626 19.196894 0.265383712876033
56180.5968065163 19.556288 0.321569044098063
56235.5072442129 18.563254 0.196820641510674
56235.5198278011 18.729034 0.213821124769847
56235.5325362849 18.622718 0.203822267770321
56235.5457727894 18.941953 0.245675644502832
