53707.665188912 17.563265 0.223141513700127
53707.6712862502 17.885142 0.272747484386885
53707.67744147 17.521601 0.221987061653057
53707.6835270139 17.864751 0.263291062587335
53722.6476056135 17.576346 0.221365163723417
53722.6533756248 17.463994 0.209641010831895
53722.6591257408 17.885304 0.26012420074538
53722.6648890624 17.607278 0.225792520532748
53833.5074147917 17.12371 0.129662055859342
53833.5151268286 17.188742 0.133302087536501
53833.5227557523 17.015826 0.124469920498362
53833.5304467245 17.482189 0.151127909889263
54096.6144289585 17.199122 0.1943165477885
54096.6255475461 17.230797 0.197248258840946
54096.6366652201 17.1456 0.189856363722952
54096.647925602 17.340822 0.207502540966254
53774.5254753471 17.432019 0.209919818657949
53774.5326073958 17.582861 0.226321296038689
53774.5397873844 17.788272 0.250239364526232
53774.5468888079 17.602918 0.227818078537746
53758.5690298841 18.069869 0.411016399740348
53758.5769219791 17.982827 0.386898899880673
53758.5849116549 17.946581 0.307250325781784
53758.5925863773 17.685344 0.333361904143323
53818.5256799075 17.914723 0.227840646223099
53818.5328545255 17.710774 0.20694946694069
53818.5472501737 17.384038 0.176939889174255
53859.415508391 17.909444 0.2289094641603
53859.4208032756 17.62283 0.198651743993548
53859.4260711807 17.861888 0.223438381244685
53859.4313492707 17.699418 0.206153306614734
53877.3635115741 17.211357 0.163390957259887
53877.3689009493 17.217355 0.163482409878636
53877.3795892826 17.924577 0.230040459333488
53877.3850053238 17.496474 0.186579251556016
54058.6738484373 17.440563 0.213433523678533
54058.6820890276 17.30916 0.200659845361016
54058.6905403819 17.306145 0.201130279205266
54058.698813264 17.082881 0.179594235004396
54017.7508651388 17.311467 0.191249683456202
54017.7576584492 17.220968 0.183662472085117
54210.4386342247 17.396731 0.170890337137978
54210.4475266896 17.212043 0.157128516819345
54210.456424132 17.489717 0.178358188496182
54462.6409367823 17.515299 0.253616117152598
54462.6512399536 17.550084 0.258450239725005
54462.6615646641 17.48733 0.250239364526232
54462.6718626275 17.408899 0.240152073793248
54122.6140590161 17.781524 0.205480945927945
54122.6240014122 17.793489 0.205955798157472
54122.6339410301 17.748529 0.200028101067984
54122.6438467363 17.787206 0.204557724307708
54161.5339729285 17.31172 0.201588926829127
54161.5586280438 17.432218 0.223565980209111
54161.5708172803 17.678169 0.243625093459719
54190.4565198498 17.42738 0.208060349742921
54190.4657423032 17.616628 0.228543876224114
54190.4749810879 17.482168 0.214025040500316
54190.4841975231 17.443644 0.210217351715833
54234.4133096064 17.423203 0.214099350030052
54234.4209625578 17.675343 0.244629785894291
54234.4285962965 17.058298 0.180548344948012
54234.4362585183 17.497903 0.22388598624558
54392.688751389 17.359744 0.208434888009341
54392.6975783335 17.312676 0.203032378447479
54392.7063839931 17.165856 0.188508124139167
54392.7151978702 16.988031 0.173366801308145
54815.6524485184 17.603002 0.207083112630381
54815.6602800695 17.307629 0.179984438131596
54815.6681018981 17.479764 0.195250347116477
54510.5511677777 17.381603 0.157201602067667
54510.5629625577 17.623519 0.175471290054856
54510.5747645139 17.283836 0.150622510140829
54510.5865339581 17.486155 0.165151541182453
54530.581757882 17.336668 0.140193841103505
54530.5878906365 17.646591 0.160591301502331
54530.5939860068 17.325851 0.140176296622999
54530.6000767479 17.349595 0.141533442267347
54590.4129959722 17.254132 0.13387939961531
54590.4185351851 17.337144 0.13878622549142
54590.4240378239 17.328008 0.138332837158969
54590.4295432409 17.334674 0.138891976748244
54617.3516576388 17.392353 0.137491428740538
54617.3581820717 17.450811 0.140830923214544
54617.3647656599 17.490922 0.144026209357045
54617.3713051505 17.587491 0.149937421310175
54780.6360529284 17.275864 0.146813536792151
54780.6496510184 16.933392 0.12712020933046
54780.6632907754 17.439116 0.156685933530339
54780.6768688541 17.281048 0.14540792867301
54758.6716394328 17.478197 0.210745685477999
54758.681928368 17.680575 0.231805514026018
54758.6922247109 17.51226 0.212211551021001
54758.702487257 17.310802 0.191821687384283
54926.5014320601 17.350511 0.126191398935541
54926.5092254168 17.466879 0.13260969909657
54926.5170227083 17.42814 0.1304925413413
54929.514343889 17.802196 0.289120639139222
54929.5207472569 17.401338 0.240178625407257
54929.5271623149 17.673364 0.276887919023909
54929.5335756363 17.654326 0.274715039354495
54943.4057214581 17.072687 0.127132252390351
54863.6582624883 17.437138 0.13443271423595
54863.6687032872 17.559505 0.142346557509493
54863.6792090161 17.608653 0.143784515329135
54863.6896851159 17.661362 0.147654586089342
54844.6207351852 17.70918 0.166848377565964
54844.6315115392 17.38033 0.144499397412917
54844.6423364929 17.622858 0.160177436295603
54844.6531451275 17.679394 0.165025288623029
54911.5629338889 17.188322 0.166343545179155
54911.5705973726 17.235823 0.17038644808726
54911.5782318056 17.287748 0.174441645317985
54911.5858905554 17.139662 0.162966544096535
54981.3571715625 17.346963 0.150061144317288
54981.3626892478 17.175117 0.139632169127707
54981.368267234 17.129371 0.137142457577311
54981.3740113312 17.30021 0.14772901794283
55160.6328640624 17.298396 0.186175155154881
55160.6411110299 17.294858 0.18071974192308
55160.6493645834 17.463567 0.195181188551277
55160.6576221992 17.243272 0.175920293408302
55124.7154277895 17.571489 0.19169119619465
55124.723892118 17.494962 0.184783254706031
55124.7323522802 17.835046 0.218118265679932
55124.7408842013 17.788269 0.21195899121152
55302.4406231595 17.421789 0.161401189257822
55553.7307109377 17.184396 0.10617958920566
55245.5392578243 17.374199 0.13328759502221
55250.5715867592 17.278104 0.131340718229486
55338.3639808218 17.731185 0.191730311527615
55338.3904032521 17.492478 0.17237811076883
55600.5962268173 16.808016 0.345779533461296
55602.498811435 17.380209 0.156699078133306
55602.5221432294 17.589353 0.173778992062325
55691.4033538424 17.624133 0.169601059771541
55691.4139682637 17.558273 0.164492404603233
55691.4352618982 17.536683 0.164946548881957
53877.3795892826 17.924577 0.230040459333488
53877.3850053238 17.496474 0.186579251556016
55980.5436650924 17.565529 0.152585756575327
55980.5550338193 17.29875 0.136201764714685
55980.5663214121 17.681656 0.160943869990247
55980.5777973146 17.634542 0.157649381737029
56046.4330492707 17.332882 0.12619724725768
56046.4435681946 17.54925 0.138083348879484
56046.4646598612 17.15681 0.119177186904103
56299.6538220025 18.009087 0.178946677577529
56299.6676372336 17.967292 0.175519907858153
56299.6952655092 18.019614 0.179815350793281
56366.4947931944 17.015122 0.124276728864599
56366.5085691898 17.12229 0.129396233231541
56366.5223423033 17.053055 0.125560169559628
56404.4331646295 17.315297 0.119452217572724
56404.4429808681 17.283063 0.118156303988523
56404.4528511575 17.39109 0.123424704013938
56404.4627662384 17.28148 0.118405867817143
