53569.708696 13.9407 0.064
53697.559717 14.059 0.062
53697.565166 14.1177 0.064
53697.570632 14.2028 0.069
53697.576078 13.9842 0.120
53648.566871 13.8937 0.072
53648.575737 13.9221 0.073
53648.584645 13.9483 0.072
53648.593650 13.9319 0.072
53635.675809 14.3234 0.066
53635.687450 14.3139 0.066
53635.699103 14.3022 0.066
53635.710791 14.2899 0.065
53957.725243 13.8838 0.063
53957.734160 13.8782 0.063
53957.743063 13.8617 0.063
53957.752013 13.9292 0.063
53968.663267 14.2246 0.067
53968.673004 14.2463 0.067
53968.682751 14.2725 0.067
53968.692477 14.2767 0.067
53919.746461 14.2895 0.077
53919.782338 14.238 0.078
54055.550795 13.9799 0.064
54055.555026 13.9304 0.064
54055.559164 13.9037 0.064
54055.563369 13.8964 0.064
53980.617966 13.8983 0.063
53980.628472 13.9072 0.063
53980.639096 13.9286 0.063
53980.649835 13.9223 0.063
53995.553061 13.8826 0.063
53995.561923 13.8992 0.064
53995.570816 13.9221 0.064
53995.579720 13.9386 0.064
54337.517571 13.9695 0.065
54337.539393 14.0271 0.065
54354.633434 13.9028 0.064
54354.640680 13.8834 0.064
54354.647980 13.8925 0.064
54354.655339 13.894 0.064
55526.479218 14.2974 0.067
55526.502234 14.3138 0.068
55822.629801 14.2761 0.060
55822.644000 14.3132 0.060
55822.658291 14.3341 0.060
55822.672585 14.3456 0.060
56173.640791 13.9082 0.056
56173.651667 13.9079 0.056
56173.662417 13.9146 0.056
56173.673155 13.9429 0.056
