53718.6720416552 18.93628 0.454010848546948
53718.6813555673 18.701792 0.398164691141682
53718.6907030094 18.568894 0.369858997857967
53834.4572846297 18.453858 0.203647641600118
53834.4650965048 18.838391 0.246246660338956
53834.4727259836 17.404846 0.135285118596757
54096.6162363195 17.957173 0.287197774520598
54096.6273653239 17.845304 0.270859272111913
54096.638475706 17.820522 0.268673648782899
54096.6497399073 18.205899 0.32731362043252
53774.5724934956 18.472828 0.36644133551321
53744.5821329515 18.174966 0.313207968569044
53744.5864926043 18.378763 0.349472664837183
53744.590844514 18.041814 0.291270508197625
53878.421824109 18.194623 0.266394350383372
53878.4267326507 18.369937 0.29308218328881
53878.4316437036 18.073901 0.250299547061806
53878.4365473494 18.062176 0.249431085963242
54058.7099709838 18.433559 0.360733630343374
54058.7166379049 18.4892 0.373945370627143
54058.7233190627 18.362019 0.348519126586423
54058.7298594794 18.454837 0.365080846651141
54017.7455091436 18.855662 0.43371849154209
53995.7913148842 18.122252 0.29655720292553
53995.7958321876 18.039833 0.282033034373412
54210.4408427547 18.470795 0.292506528723646
54210.4497488774 19.027326 0.397019778511224
54210.4586385647 18.254048 0.260768880714443
54210.4675319558 18.215514 0.255645164540459
54462.6418511688 18.053024 0.340330723673191
54462.652149595 18.497614 0.436064283847754
54462.6624784723 18.38628 0.409766516645934
54462.6727663657 18.32222 0.395432153561504
54111.7177336688 18.682669 0.42716261867272
54111.72211544 18.589758 0.403910083854735
54111.7265151387 18.354045 0.353526610608099
54111.7309327895 18.633003 0.41215035369657
54161.5394864582 17.971741 0.283331253533083
54161.551815509 18.503161 0.379763425915479
54161.5640291666 18.123809 0.31379290835495
54161.5763262847 18.297189 0.338058697139898
54190.4643111226 18.028199 0.283724157636479
54190.4735494327 17.933483 0.270213184975965
54190.4827642475 17.424601 0.208742924886454
54190.4920484029 17.659699 0.234792862755176
54246.3779853933 17.682474 0.245108633322446
54246.386307697 17.765165 0.256743168456453
54246.3946540856 18.16757 0.318895299502198
54246.4029946757 18.054252 0.300723943465106
54395.7224384259 18.301782 0.330672533160048
54395.7276998494 18.194772 0.320629050121398
54395.73295456 18.118542 0.322136847214645
54817.6438707869 18.207366 0.279237537717353
54817.6548518866 18.894526 0.406809163309167
54817.6603450348 18.300275 0.29337126157762
54512.5147485416 18.268854 0.307748182127433
54512.5258530206 18.321747 0.348677546228006
54512.5348904049 18.20553 0.326324828075765
54512.5439238544 18.409465 0.365804674110454
54590.4113581711 17.56959 0.152988352857628
54590.416896007 17.527074 0.150394784955176
54590.4224091782 17.682643 0.161001694481513
54590.4279089235 17.708143 0.163322495922506
54761.6914756714 18.604039 0.352214918590689
54761.6993683331 18.359961 0.30615226623509
54761.7072981598 18.362984 0.307692762386504
54761.7152668635 18.56183 0.341147399642125
54863.6967133911 18.437691 0.388285541295631
54863.7071789586 18.539501 0.270744928634006
54863.717667905 18.391785 0.259316655157676
54863.7282549998 18.434 0.214453418197327
54844.6260960419 18.288838 0.221489115480447
54844.6369010997 18.219127 0.213562470134808
54844.6477167942 18.224965 0.214922116744038
54844.6585350349 18.644808 0.265204441744183
54894.5872486923 18.048558 0.20584085686526
54894.5954042128 18.325981 0.235840397808846
54894.6039048843 18.362242 0.239702096325656
54894.6120904978 18.187533 0.219894553107323
54911.5671776851 18.502925 0.324050512758201
54911.5748240395 18.33931 0.296110051522509
54911.5824739814 18.404747 0.306864719059391
54911.5903209259 18.396335 0.30479554557343
54979.4142234374 18.360739 0.344623964961721
54979.4183100464 18.032409 0.357290965002222
54979.4224039583 18.563231 0.337913583944479
54979.4265865392 18.298112 0.292363119819113
55123.7465476158 18.305525 0.276319704471276
55123.7508044906 18.119351 0.250873532055116
55123.7550391435 18.185455 0.259955339927672
55123.759300301 18.052768 0.242715066321352
55302.4388626735 18.425535 0.264207153523987
55250.574270428 17.713839 0.158586028501925
55218.5896854396 18.493545 0.261624483770245
55218.6283676042 18.23809 0.229530531672536
55655.4651064004 18.355389 0.309255886142003
55655.4900713541 18.399473 0.318527273256821
55601.5655593981 17.53151 0.276198396474464
55601.5942670369 17.604427 0.255484881706172
55568.6423654165 17.255634 0.196100535322341
55568.6836105092 17.599806 0.173413474108101
55691.4069027081 17.668623 0.173357474097061
55691.4175448958 17.761719 0.180859409834189
55691.4388167826 18.095852 0.226254990372097
56001.4824679398 17.652155 0.197477559937583
56001.4911332062 17.498939 0.183764465722896
56001.5000098265 17.645944 0.197924282442819
56001.5088135187 17.517092 0.18624625309083
56065.3876954167 18.073604 0.174622991580923
56065.3961119562 17.972103 0.169032906248005
56065.404568646 18.078547 0.175257909236594
56065.4130237152 18.030689 0.171390366874798
56376.5032605091 17.573124 0.150287048227486
56376.5104007176 17.970629 0.179731009188809
56376.5176212383 18.082193 0.18970500000655
56376.5249038078 17.975378 0.180292257564181
56421.4009313774 18.245717 0.204236916743886
56421.4057126967 18.23246 0.20290690613682
56421.4153215163 18.256175 0.205187967136463
